20.937858	15.564457	29.258678	-84.964018	-16.298528	41.877340
-62.356183	35.122581	20.495705	48.373745	31.801733	92.105929
78.352601	17.139790	-28.621992	-56.634177	-66.325106	-71.871030
66.727581	-17.791790	61.326479	91.562083	-17.640194	3.744710
64.364239	90.755815	-62.148319	-92.293061	55.556941	90.373031
6.744053	57.890020	87.156015	39.147923	-50.509482	65.110156
-59.933668	9.772675	-43.817425	70.058679	-46.054252	33.657009
83.865982	-87.675239	-34.452681	52.305678	-44.814610	75.079410
69.411008	-98.941924	-71.682180	-18.278095	7.348992	52.252014
-74.197428	-37.501303	-35.244621	41.421079	28.171296	-97.675129
58.836296	-57.027105	97.999828	-90.887469	49.718841	-81.880540
14.087282	74.925959	62.906011	75.557524	8.833163	-50.854189
83.016923	-5.608120	74.592073	-8.953113	32.343029	35.635563
-43.087511	62.265661	-85.634584	56.211793	54.867016	-10.482981
16.879440	46.901882	59.295866	-9.856832	-38.542065	-63.745671
13.096446	-11.791638	94.081743	-53.087485	-61.894963	26.712272
-31.098168	-55.694652	-53.505732	94.264368	-65.697825	-55.360502
35.297006	82.826408	-10.454821	10.839311	-37.969312	-74.995685
18.636960	-89.271026	1.024383	-86.090632	21.544145	95.155089
13.424204	-72.713741	41.929340	52.022718	0.722153	-12.920950
91.840502	1.355357	-25.407887	48.188911	-28.083467	-80.383762
-43.795332	-69.491912	86.177309	5.512351	-14.484912	-53.447220
0.669356	-67.161947	-92.640389	95.778351	-3.671126	-90.317171
-72.277184	-56.910919	-73.152528	-89.015877	-69.121082	59.222556
-72.080855	-86.349220	84.307646	-87.700447	27.410141	36.440048
94.778895	42.123463	50.841040	-61.995955	63.128334	-89.513380
-82.814736	-61.971153	-36.171573	-49.059865	47.010491	9.893740
-46.274460	-42.490197	-95.090205	46.827523	46.316515	-82.290696
-90.153255	-3.354335	-12.038905	39.895357	-60.005276	-1.038986
-94.922302	54.153823	-35.751171	-91.958819	-10.789438	92.619320
-38.528629	18.428782	86.903064	95.495830	-94.104234	55.635059
33.594769	-5.102844	-91.916310	-60.585560	-87.264879	-76.532122
-86.336743	-41.879250	55.155097	-49.722882	57.200443	-72.528078
-53.542137	35.632521	-76.401773	29.907981	45.573854	47.413729
94.818385	-39.957494	51.215806	-80.904838	-61.288483	-42.850403
78.413340	-30.294226	-0.561686	-15.082590	-68.424974	1.822540
-39.691908	-81.008342	39.914639	-68.817446	-13.088453	47.611141
-4.667535	38.318170	64.969843	-98.462442	26.895449	-93.203396
31.512953	-58.622468	-26.834305	-77.023007	-15.779887	-87.174180
-64.308467	24.312878	-8.894175	-49.200360	-34.426080	-37.218098
-98.583853	30.847395	-63.004427	6.853439	72.074946	-58.348701
-90.545864	-59.419592	67.212663	89.037956	-17.160362	-33.158135
64.427076	48.655318	79.809662	89.818397	31.538604	-80.839993
-37.086704	9.147003	52.002636	20.070414	4.757560	-95.081942
46.215381	-47.361210	-15.112934	58.244666	-52.450775	-1.146305
-76.208175	-97.668885	-11.412591	-56.639220	61.517003	-67.862423
-20.651527	24.219532	33.093331	66.658990	18.466765	-8.451848
24.657328	24.477391	9.064876	23.298424	-86.472613	29.044105
-68.894993	8.439185	69.174165	4.172212	35.333210	17.173141
78.347315	13.119811	45.515292	-27.623692	-8.963369	67.981364
-41.548928	4.887464	43.357726	-76.503483	-7.562449	-45.590751
99.200487	-19.483806	-93.125431	53.632175	14.547106	98.183625
3.371870	-61.214180	-17.019294	69.745041	-81.110002	36.852303
-84.129037	-52.018288	-32.233884	-29.158976	77.186887	82.719279
-27.999102	-4.447011	85.077058	31.555609	75.518191	-58.974296
46.244556	-2.055268	-42.625512	-10.765289	-59.780297	-56.391864
35.911675	-54.461595	0.363064	-93.219070	-68.760402	52.122406
-52.882953	23.826672	71.904940	67.598070	-59.974550	-22.920785
-37.773474	-56.646744	35.670457	31.347336	-23.042635	-23.000006
-39.151388	20.495057	-28.658140	-26.475812	76.376903	-82.185514
26.565042	-23.982093	-98.759643	-99.182550	58.364125	53.364480
-35.681652	19.964145	-13.277054	-39.279616	2.769405	84.859750
-65.607505	6.699824	95.521782	75.613753	32.284771	95.469055
-48.030188	83.893655	29.367990	48.781703	-76.386174	96.841031
-86.014497	39.919721	100.751136	49.711055	-65.823237	-10.045854
-39.497671	88.512062	64.255513	-15.093685	-49.298084	18.308324
-96.569317	78.329064	43.425128	-21.310546	83.566298	-36.053418
0.513319	83.242188	-95.151731	76.083867	52.554958	-60.435741
31.024350	-46.637678	-42.414748	-97.254925	39.324075	78.879244
39.533258	-44.684856	21.841017	51.614654	-86.210857	-67.336143
-53.895676	61.769955	-68.555564	-50.403837	32.858131	-89.200517
66.369943	46.773879	43.638423	57.064371	-30.275615	-57.267738
23.490776	60.197302	-11.180251	98.889943	63.042600	52.946330
12.493182	-43.406191	-13.598753	52.447686	34.418305	31.114279
-98.197153	-32.777667	81.719018	-18.464272	96.489888	62.419096
38.932690	-82.991890	62.928185	-55.413259	98.970939	68.924584
-32.063896	98.132875	75.210590	-43.920958	-70.363339	82.248141
-8.915752	35.904818	5.485700	-18.105959	16.280231	-53.521178
18.565145	52.937686	94.541391	81.755738	36.452811	-50.952404
59.482543	55.351634	-92.368160	-85.155327	32.190017	-92.815976
50.837595	83.624609	-12.283413	-33.634008	98.143870	-18.293991
19.112466	71.745915	-47.331913	37.391308	-80.063883	68.697680
47.439473	9.299098	53.651394	-87.454733	47.926505	66.857227
67.831140	-89.147393	-18.197949	-99.481117	-31.749478	-67.279614
-92.294742	-84.946866	-7.724196	55.801031	23.893018	-60.131514
-14.292483	-55.238755	42.799901	-39.505420	40.202531	44.226154
33.159994	83.155870	-84.013209	71.523532	-29.416947	63.738942
97.413946	66.089147	-72.808703	35.531406	-18.692891	-91.950289
-99.017543	-95.893642	-70.005951	56.614058	-64.213008	-29.476709
25.859764	1.024924	88.439113	-26.372791	-41.325109	-7.510014
15.941499	-7.087115	-84.941817	88.264230	-76.105877	-90.377882
-15.396836	34.397318	-8.493831	-90.387064	-87.982706	86.563433
-12.831955	-61.513498	18.762400	-3.279065	-13.271727	85.494550
-61.962841	28.571150	55.880754	-5.224261	-71.214543	43.579275
-58.391453	-89.558513	-25.723265	-25.771959	28.160421	24.718881
-25.616951	-93.544163	-46.067727	-24.874219	45.030366	55.661354
-44.375570	-33.625542	74.198658	-51.815199	-51.780377	-42.858913
-59.072887	-38.163200	-89.286424	-87.534763	84.538295	-75.507862
-59.122260	-23.684314	60.458097	43.797260	-72.531286	-21.279069
33.228604	-67.145491	53.163405	-89.017631	91.746424	-79.974338
68.736984	-47.654491	51.288074	-93.014351	-9.146489	1.374145
-10.851753	57.645105	38.536350	16.051161	-89.327827	-18.945986
33.147225	55.877465	-91.760820	-0.054793	50.773341	-76.735491
-99.747815	-67.623384	-80.764554	-18.108098	21.405404	97.182649
19.089615	63.059687	86.136667	30.780098	45.143340	-42.933469
-96.462375	-78.015974	-20.416360	78.018819	63.617021	96.779396
-78.719300	38.213570	-18.246590	40.801326	-30.753728	-19.724380
-43.164483	-74.498035	84.852243	-73.282829	27.961706	56.764460
-49.159452	-42.193477	-12.219571	-66.973307	-8.074372	66.203514
66.356518	22.455830	-75.599164	-15.684621	-87.464441	-24.475646
30.135126	42.804990	-95.831709	-31.340950	17.943333	63.289613
-9.687245	67.564524	31.831119	74.991342	-33.697957	-80.610172
-40.165015	-22.096197	-37.315634	38.864741	-87.208882	-52.553547
-22.270078	92.953793	-4.924663	-26.381433	18.178270	-51.315997
-22.258367	-40.237368	64.264322	83.302232	86.782610	24.650961
35.084072	-88.288151	92.801065	95.444178	76.881329	-8.328256
-99.466101	35.541852	-50.091086	42.915096	-89.849761	-38.428143
-0.195694	43.507696	-80.056999	67.522999	-44.383444	-98.655407
-64.638249	16.062105	-92.010105	79.605860	-56.477073	100.776596
23.829873	-42.635281	10.416153	-79.285173	47.912343	-15.396920
54.652460	31.967086	64.478211	-88.307265	-35.056357	80.543597
-55.378040	92.091685	41.479522	52.592276	-14.652315	-61.002694
89.451010	54.626355	-79.792392	-66.547129	39.570605	82.346098
-6.550236	9.069160	-53.680452	42.546977	-27.510060	-97.234635
-8.284692	21.880702	-22.790665	-16.783732	92.434976	24.102889
-84.199251	-13.692621	-13.651505	25.259154	-14.701944	-19.292052
-27.139130	-8.133647	-69.665363	98.618918	13.289532	8.745707
-73.788790	83.342975	28.139593	80.089232	-56.694015	-26.261116
62.795627	34.115883	10.533640	-9.755812	-90.533136	49.414287
37.833293	-56.394987	88.013499	67.081279	-30.144334	-33.381763
90.428203	-46.342000	-32.211375	81.894637	62.585582	-10.594729
-60.665113	52.409369	84.021793	-35.335522	-70.045807	46.429161
67.547808	-30.420246	22.117236	-40.823163	-41.176937	89.469661
-21.307170	92.103813	-48.416207	-78.673130	-10.376875	-77.502017
89.392560	-88.338195	-79.176264	100.309963	-40.307519	62.282283
-39.341142	58.216547	-84.991646	-59.213563	-8.595626	-66.684326
-87.240554	-96.528401	70.428739	0.345692	81.569171	-81.548078
8.177729	-14.863761	76.786690	49.394132	-81.612975	-55.311524
-41.559280	94.425237	-84.070599	88.000974	-24.564668	-6.879807
-4.675469	-78.523264	-71.526524	6.488405	-99.269602	33.903021
-64.008875	5.007892	-18.316816	49.603143	48.122620	-80.689406
79.809067	-95.834923	47.003952	66.073877	94.481824	-67.258012
-46.712501	67.744681	64.418741	77.492501	24.420072	96.875762
-4.488091	32.520372	37.519370	21.382840	-80.986205	-7.690775
-13.607823	75.335740	-33.177532	-56.685861	83.404459	-55.489982
87.252143	-17.737617	61.693418	78.232100	14.716501	-12.084595
68.112781	82.359070	22.339008	-57.213689	29.691092	88.209317
-75.360955	-67.551666	-43.891533	87.931830	8.300385	62.195716
50.580569	-48.799897	22.735790	-87.587128	27.760272	4.608409
-49.936630	-68.906119	-26.372759	-45.117914	-59.874603	69.536233
80.167124	62.739224	-25.916049	27.055978	-68.979682	-38.286881
95.936476	72.751854	-8.670359	-28.808723	-31.616440	-57.940604
60.994787	-64.740980	29.161395	-28.074637	-28.177470	-20.370507
-4.583313	-64.433662	-7.472236	-83.644916	52.345466	-29.880065
87.724160	16.540955	62.125719	-28.857434	-92.825311	34.720709
-17.653626	56.211170	-44.878209	82.284428	-20.691056	55.579650
82.949083	-43.381458	-8.136635	76.632332	-93.731286	-15.102989
-6.166064	0.175988	73.440055	26.154657	55.303862	-43.068763
68.641448	19.649659	43.287654	11.103055	-44.867097	-92.157499
-77.417706	9.873520	49.494417	40.298688	-36.989417	-15.212233
76.778497	-9.445713	55.265398	56.069424	59.979827	-20.949104
76.707439	90.318146	-39.538522	91.391943	35.764097	29.188111
-72.285937	82.311309	-40.353096	91.545685	-78.383070	-21.053232
-83.804270	-49.366935	40.585264	-68.221217	94.045478	-73.675980
-48.074299	15.741586	-7.674751	-85.849227	96.220915	-78.887398
-28.363835	-50.215626	85.571582	-16.946804	67.218870	18.625395
53.609578	70.169798	-51.438599	91.550533	-25.024307	4.327815
-25.913821	86.885411	40.020065	-58.072721	32.509816	-40.818769
91.144831	89.229172	-52.456766	-61.120033	-72.412428	89.750451
-61.426794	90.785415	-38.413560	-81.081098	36.319988	19.102166
55.859581	85.915237	-45.108575	65.643198	84.419445	-98.011701
-25.863850	56.876511	69.262226	2.741021	-26.702450	-10.763108
46.224079	48.919849	20.484106	59.715777	38.158838	88.884526
98.878361	-93.828569	89.810253	-66.910833	-57.246847	-36.476856
84.456030	-65.835402	-66.491329	83.241550	6.633126	-53.107447
-78.807076	-12.586672	-17.061129	-59.216871	35.198655	-92.677870
30.565358	-62.674296	71.336019	44.897591	-58.356256	86.046963
86.338042	66.414145	35.894767	-96.478584	-34.716550	-1.687806
24.319527	-87.337294	-17.463182	-31.163798	-16.766870	-4.836967
20.812653	51.455456	-25.902887	-30.131766	73.470780	12.242881
-51.493056	79.921110	-95.293952	37.166069	29.582501	-55.969780
63.063248	-13.959063	55.758216	-85.017211	24.033117	-28.540132
51.951923	24.946060	95.260621	-24.944761	-38.015245	-74.732910
34.213908	17.084820	-9.773800	-29.734292	94.623402	-2.075277
85.685917	29.228096	-32.033050	-37.851125	61.029574	-91.831244
89.571995	-45.915865	51.803770	65.066067	2.151072	-46.551334
-63.096967	83.939616	58.694015	-46.561823	-99.159047	-91.475665
79.548415	15.933337	43.926298	-8.820521	-64.755071	-14.140486
81.944502	17.896849	47.279287	25.927286	55.582869	-52.379996
-51.772283	-96.357895	46.456500	-60.855798	-28.122958	37.596406
77.980525	55.052488	-82.105869	-28.679978	-69.887363	-49.276233
54.911963	-37.809524	83.807475	71.512118	-62.907696	-43.263181
14.473584	67.679075	52.827579	49.047960	-32.219383	44.432495
70.566493	-40.631321	93.751396	54.056779	69.532912	-9.143970
-45.847633	-24.090706	58.667681	47.443728	-38.139808	72.481935
-67.033014	-86.800330	-90.252876	38.049016	65.824499	-35.353143
-9.144367	42.817130	-79.097299	-82.158736	32.553933	10.096033
79.143381	-96.643199	-89.790466	-61.297446	21.952043	-9.374711
-43.103298	-8.172506	-17.373739	-96.059443	-47.067904	-81.912378
-19.618188	34.058784	-61.777876	-35.122541	17.469438	-52.899797
14.252910	-90.891164	56.044261	24.518711	16.601278	-29.979308
7.374331	-99.009187	75.494044	23.852602	42.077339	-34.741180
79.397158	22.384908	0.723719	-52.565195	-60.960960	-7.569894
3.224230	93.490391	-9.830179	-56.480476	-83.399079	-91.085037
-84.734217	-26.387255	45.776875	-52.648317	-73.579061	1.735299
52.451539	-8.625793	62.739361	-74.508686	18.463224	-2.171545
-20.576453	99.161425	-91.223746	35.656937	46.753938	-16.396138
-77.057519	-44.647023	-27.816640	-80.540235	-78.727711	-9.495003
-68.685129	92.964330	-75.168708	43.802646	4.935795	18.603862
62.026444	70.549773	60.076096	-15.894920	-91.013566	-69.153032
-50.561868	-75.611498	18.938004	49.460521	-54.175686	64.487716
37.712602	34.711246	25.669249	73.506378	-48.082870	70.750893
40.201396	-60.464492	47.658774	40.670779	-31.435084	-30.527262
-53.531607	71.733875	76.590696	28.520438	-1.302375	-51.189039
37.054441	77.729850	71.942372	48.623758	46.288432	-38.927900
32.252686	19.716802	-98.073696	47.901607	-63.999980	73.568003
-66.696940	-42.976720	51.783948	-65.237695	88.801203	-88.815330
53.868883	19.059251	49.347501	-84.050235	33.102277	-75.099660
14.187821	-20.472854	-17.389887	82.958966	61.345483	35.248289
15.418171	-26.502018	-21.246881	99.409656	-66.718226	20.859880
94.247560	40.225494	58.049176	83.596169	-20.849427	34.992571
42.140368	-41.583945	-2.614186	84.643431	55.717300	-70.576430
-97.320513	100.955945	-80.666392	41.163629	6.143624	-22.448407
-72.772075	25.972297	50.016595	-97.506398	-7.255471	-13.148733
75.505853	-16.639028	17.760751	27.388802	30.907423	-65.858431
51.509576	1.188688	-88.358296	94.397675	7.900145	44.384816
-10.565134	-14.474445	88.778970	72.585375	13.624248	43.487043
30.605662	29.947967	80.387737	77.986992	-74.187365	-75.465652
27.616666	-44.444642	90.355441	10.322342	-65.521860	-57.355534
23.015359	-75.569928	-50.372770	86.613104	48.746801	13.593943
57.143828	-58.062149	70.389698	-72.148171	-13.929104	79.072337
-73.493065	14.339908	-66.377742	-64.242494	48.612895	62.112118
59.368277	-35.969145	67.246798	10.859270	20.109005	-72.660888
67.694845	66.169351	-56.675057	-70.099919	-47.897833	-88.936345
47.810242	6.951167	-24.292855	-27.274910	-55.982089	-5.818471
-56.711976	61.944358	100.641264	85.995134	-87.030529	25.557122
45.863882	-94.501333	76.824980	-99.186913	-96.860601	-93.578634
10.611829	-27.437849	87.085967	-20.188579	84.387562	12.888392
-38.010788	14.923044	44.220546	-63.473536	-61.731592	93.758944
72.481595	-42.341196	-45.778391	-16.438703	43.817420	-57.613538
6.253539	22.775992	-4.570632	-29.500565	44.151460	46.647322
-80.047780	-55.811321	64.227806	69.275120	18.023789	96.769754
-17.509260	53.009148	-50.713830	56.796087	-57.350014	-47.271965
97.108279	53.761066	51.002582	96.313157	-97.662690	73.784407
46.332767	-72.209927	-9.050822	-36.113243	-3.981519	-77.307423
-82.714801	10.517152	-99.175608	-85.285718	38.935493	42.179130
-25.986574	82.768408	73.743398	16.885658	-65.268846	40.105779
-98.043193	35.737432	-73.352359	29.802468	-26.622187	-33.716371
-46.299569	-28.030006	-61.459475	-71.461850	-89.890644	85.765130
35.350413	-31.790513	-10.169680	-56.225160	-92.511142	42.209033
-40.261130	60.987349	2.496282	-47.474956	17.860802	14.097962
-85.985294	-66.359065	-92.640901	20.576203	-13.604655	-5.631638
34.333179	-98.176174	-81.599087	-14.126132	-99.993071	71.514002
61.905414	6.480150	86.270116	20.215954	31.292492	38.627466
-61.662378	86.733010	8.731833	-16.437569	83.003274	-75.824795
83.875431	7.503850	-98.747360	-31.720422	-4.290084	35.987321
67.246926	44.881912	71.770059	47.998963	21.175690	77.262955
-0.410305	37.804158	-23.910593	19.299295	-43.333174	92.994072
33.212316	-91.629894	14.929949	21.741182	18.328108	55.186913
-29.748530	-99.096232	65.811731	34.254143	-11.618598	11.370521
38.970575	77.788915	-0.726282	14.879724	-14.397949	10.200097
60.671294	18.831211	-93.150052	43.017554	34.626526	-56.364674
-97.832994	97.226053	-77.099018	93.474584	-0.304173	81.624636
-28.397406	-95.550332	-97.819883	13.416642	0.507342	92.876580
-72.838099	100.319079	-99.704574	13.471581	-81.678867	-26.137103
73.019642	-70.671232	92.036467	-84.610512	-74.601556	47.803110
-68.949799	-77.748478	92.540564	-11.692822	-69.610881	89.212588
-63.563534	-29.229622	-24.933125	82.965074	-83.040224	20.991659
-82.880646	-12.399208	87.810486	-1.818527	73.740377	3.159673
-55.568752	-51.609430	96.470799	24.325743	81.424613	-22.748595
71.253799	-37.769231	-92.339072	-15.990763	71.665617	34.646601
-59.608449	8.478093	37.320053	-52.578783	5.478801	41.159604
-10.225038	-48.965747	21.583672	-35.218399	-67.178997	3.703650
-35.691004	75.268151	0.889998	44.077420	-33.845082	35.291448
-77.649785	99.326208	-81.732289	-23.467516	-61.610583	-75.831895
99.421243	-36.273117	-16.035024	-17.544028	-23.091733	-43.504712
-49.680052	18.821891	-6.826488	62.853641	-86.562280	60.793130
76.699048	-50.672571	94.843733	78.978726	66.011763	-88.123031
-6.335454	-64.737247	46.429901	-25.872438	0.914713	66.802986
37.529002	61.011476	28.778322	76.371146	54.224520	72.855541
-82.632331	68.601807	68.079678	-85.767973	14.390927	-17.134844
-1.369429	-8.226707	77.493159	87.063799	-35.371275	-66.535428
-23.626201	16.364099	66.957362	-72.553389	-21.179704	8.689053
-55.015854	-59.585840	57.473724	-44.932265	53.261485	2.231238
7.503208	28.764518	9.828797	-47.076735	-4.990679	-89.849793
-93.739436	44.884052	97.480986	-58.038373	24.756197	-25.594971
62.271878	27.248261	40.782530	-92.891777	67.701910	63.426403
-84.884936	-27.635503	-83.571821	-24.337274	-54.436956	32.565735
73.675147	-25.399184	-95.099019	-81.370942	-96.635828	-97.805024
-24.580604	-9.107062	2.783530	-9.670586	38.304936	-27.405573
-30.881850	48.544723	5.022190	-30.518708	-31.807427	92.855899
-84.437652	78.548375	-61.531149	-75.501898	98.408452	9.099346
-18.962268	25.451969	-44.215352	-14.448958	85.221288	66.823217
100.076443	37.617280	-32.367438	79.796122	-44.971955	-98.706025
28.543556	8.934279	64.331598	63.097586	-86.641620	40.614165
-85.346318	-34.779237	49.902258	-57.853684	-89.184319	32.456478
-69.634345	-79.979378	-32.348023	43.482524	34.902651	-56.293565
36.074955	35.264083	69.744815	21.412233	68.600531	25.873680
49.124555	38.083656	-30.049290	-38.982283	56.601905	63.029632
-40.111352	89.181774	-10.535903	-93.048736	10.079748	-36.224218
40.782210	-87.131949	-49.167538	-42.322188	-47.657951	65.394957
-92.752427	-70.937979	-12.297425	-53.066604	-95.018707	66.932327
98.973605	96.264117	-82.104164	69.730901	19.886347	55.591853
-99.653981	-95.301672	59.061460	96.983956	-24.157018	45.957580
34.899822	33.476658	94.055043	-65.399404	-78.719252	11.978440
-85.127389	40.672707	40.918813	7.588607	98.993364	80.888168
54.318788	89.583194	-0.628424	-77.182400	-18.439409	85.727533
64.738888	48.158367	-70.743356	-73.026458	70.316697	29.956276
24.949826	77.982370	74.927864	-16.804804	0.468621	-43.407487
-2.427111	-55.049236	9.664264	-1.494309	84.380344	-47.729477
-51.453420	14.246521	-58.901951	-66.819026	30.576226	85.084500
59.448688	7.994233	2.945715	91.458172	43.859068	-17.542357
32.989229	33.316849	85.039301	-84.510048	63.083894	-86.943016
-24.574552	45.907157	-2.275559	-88.648153	18.343743	8.812632
-15.768109	-26.389475	-30.942271	-8.752625	43.389782	-30.705073
43.161023	-73.889400	28.382358	83.796241	-68.561972	-81.609444
100.978516	-87.294784	-24.451037	6.141576	44.381928	39.752028
47.951225	-37.550946	35.966240	84.433179	-35.327549	-64.304580
-86.989344	-17.353766	2.113247	18.723343	-96.575257	16.294988
57.420615	-5.043261	-14.215137	-42.970631	-32.765993	92.319945
83.263193	-56.712392	-52.099960	-56.824612	-35.957744	-5.362001
94.678518	52.486115	33.689865	60.200645	-9.352992	-38.244676
-84.003850	-70.158062	82.165375	-12.983840	-15.831710	-42.413680
-90.028345	50.717872	68.911504	1.845869	-65.074068	39.226524
-85.761530	-6.195872	-69.098566	-77.766308	-32.569207	-15.951804
-38.160495	-80.398712	-78.309931	51.355941	-33.962685	-45.135530
35.302493	-59.413835	54.491001	33.445550	-64.294809	-24.101279
32.886516	65.021864	98.945015	-61.016974	66.370191	-55.820172
-94.686237	-74.053355	59.700433	36.320736	14.744091	32.703882
95.140906	45.721591	59.935949	-12.079965	19.967595	-34.925661
18.401265	55.975055	2.801876	-33.219490	-71.916057	-48.255374
48.578158	-72.800539	-7.379733	72.971784	-13.417086	2.200718
-90.011541	-3.435964	-20.197172	41.397269	-25.550597	-30.800815
4.813987	98.900080	-24.985969	-44.430384	-17.954016	-1.027273
89.487464	35.385070	-91.600851	-54.454953	75.579811	61.432489
10.283904	-83.162938	88.617398	-59.981178	37.707137	-99.453481
-79.892973	-29.325208	-24.052922	80.219810	-28.049181	-92.721681
-31.348844	-62.208731	43.656429	3.185403	16.682860	76.692145
-9.028333	-70.515743	9.054930	71.191807	18.073295	0.577254
-28.547528	84.535287	-17.727173	15.674745	97.909908	65.048102
39.599975	-77.006890	-98.410374	58.194145	-15.629603	18.816040
-75.182985	53.083185	61.729583	-45.389426	-96.963188	22.653148
77.873040	12.630290	45.334495	74.426511	-36.646623	86.921942
-61.468878	16.290329	-9.893250	41.204026	-29.675075	78.756740
2.170115	84.501367	41.354648	29.413966	-39.244729	17.153489
3.531960	55.838783	-32.394209	78.447907	42.948440	-63.455664
-45.373406	-93.207298	73.162318	58.881000	-79.622773	51.531520
97.111103	-72.869117	-78.387918	34.440690	-86.240451	-61.663533
-89.365606	20.452675	-79.211583	-65.712245	-70.674497	-96.299864
-87.672226	-87.532104	-15.170574	37.289100	38.718746	-88.849815
74.087396	60.081158	-87.411393	54.486766	-34.732357	-42.078728
-61.585971	0.813175	-93.569710	96.330483	-76.472016	-94.329983
49.494448	46.805354	-55.766254	-85.083279	-28.174874	99.190629
-90.341505	24.331208	13.986999	86.237807	-93.459343	-60.953967
-5.346660	76.783304	-90.155439	-25.904686	-33.571241	-68.850771
-66.037043	-8.085865	-96.409869	92.829553	-98.339303	-45.595993
47.256972	28.184606	-23.444947	-73.768219	-57.871825	34.587863
-28.041394	72.665488	15.435388	-85.156500	82.484159	91.438713
-72.908762	-87.979575	-53.394209	77.313446	-63.971426	84.351039
-7.398491	-73.447706	-36.375133	32.431858	-35.481152	-12.350232
87.084541	-64.276888	-86.133940	-37.536389	70.021872	11.743026
42.489830	49.951772	18.400789	62.378887	66.688418	87.023996
-4.875285	-85.586130	96.227844	10.085770	-6.689201	-23.381340
32.728586	-91.933896	-37.274089	11.453731	3.818704	-64.045163
85.342515	98.098058	24.971058	-78.434180	-52.498631	90.364426
27.743415	7.690915	21.133693	29.894876	-67.475155	-59.660206
-58.369262	59.409516	9.803644	41.166311	33.063497	17.143178
88.811265	-42.799367	23.321543	-63.227508	-45.536003	-91.738458
-39.726080	87.648989	-81.405681	44.388888	8.715519	-25.591696
45.921945	50.874111	-60.825366	39.296066	-69.286876	-85.714956
47.890922	29.335732	-52.188315	69.869832	-85.711840	44.392668
-94.419123	22.882000	76.003194	55.781878	4.235422	-36.067864
-86.472963	-22.710895	-39.384544	83.480284	-90.030084	20.742790
-15.848577	46.462614	13.008419	31.016427	25.871721	-85.540495
22.050011	3.927754	17.751994	85.979090	86.105870	60.245752
49.005881	83.380448	-37.120238	-45.695770	65.831780	-52.185393
16.038770	89.127831	67.252175	34.313506	-25.737084	43.444288
42.830982	83.330353	-94.952262	73.645061	61.291655	-96.839146
90.020030	87.232441	61.150339	22.543595	16.221278	44.311604
61.548075	33.345306	-11.554275	35.075942	-7.168677	-47.778756
86.084730	-55.552247	56.116836	-83.438052	-24.328442	46.165311
-55.197007	-44.050858	-77.402421	87.266452	-47.402150	-95.816365
-30.885022	0.865493	17.330744	48.668662	-38.675614	6.423030
-52.307131	-78.060236	5.258415	-23.536498	65.443084	-50.969746
-90.472989	36.574213	77.293915	-84.245497	-32.301479	39.955578
93.705277	-92.833435	-62.208338	-58.144520	30.580404	78.447662
34.886250	3.458849	40.147198	26.796215	61.457083	-55.945395
33.002165	14.387404	98.499576	-61.503421	80.280517	-57.254714
-83.034680	79.643725	-90.657137	97.512750	-81.447597	56.548651
-79.488750	58.679997	-50.101108	48.383993	18.924217	14.846473
-80.804028	37.923811	13.784375	0.089782	85.372081	92.427500
3.217227	2.667410	81.320071	-94.611841	71.398957	-95.950482
-70.152124	-77.389280	-71.821899	30.822389	-67.454196	-24.823293
31.878267	-17.304609	-44.256084	-25.578018	-3.188869	99.101600
15.412012	-16.252532	-91.873040	-6.479539	48.384780	-69.917420
-51.492660	16.374433	92.411298	74.997307	-68.534477	59.746587
-23.001953	-56.856002	90.554046	12.297970	-22.811463	28.079479
62.945624	22.550410	6.933551	41.255111	39.231515	-53.799995
-29.112695	33.901467	-59.025500	68.287876	19.078064	-58.886085
77.394106	-33.823226	-50.828629	21.126695	86.018607	59.371485
69.993843	23.010462	-67.270303	49.888721	75.313330	-1.489260
-35.659451	-17.046778	35.460697	80.239650	41.709752	68.082699
90.201282	61.367473	98.763593	72.805022	37.568579	-61.469397
77.072533	-68.043225	47.579336	46.394496	-58.464932	57.004395
94.699361	55.636000	43.586239	-4.850503	69.876907	-52.755915
-16.960811	-41.122794	-41.615883	-70.604697	66.265260	86.317580
-81.545701	-59.870915	-2.269650	36.394686	34.044078	20.523403
94.806360	64.980831	69.125085	-7.452874	-84.038870	1.414593
23.818430	25.268181	-19.441505	2.449035	82.293215	-62.911885
-76.059781	-13.915909	-94.949320	10.002194	55.543340	15.839946
2.045473	63.284220	-5.435058	-3.824877	-29.084235	40.984773
92.796996	-41.591920	-89.726773	-53.948444	17.160276	43.016791
18.350355	-89.207685	11.997359	38.849990	13.556796	-62.826376
-9.439438	-95.328259	-6.296715	39.679606	-64.572906	70.783613
-51.018912	-73.378423	61.691601	-1.253052	-18.763883	54.728270
-88.431365	84.581324	-65.837157	95.856889	45.555300	-68.620806
-8.646385	-42.609337	-6.170128	-85.529632	-25.585594	64.023138
25.653848	50.855531	35.350766	10.111676	-18.014253	-18.911534
-58.511916	4.321377	27.487915	71.632646	94.965235	66.957741
57.470332	-56.752196	4.155816	50.074379	99.729375	75.678381
-11.600209	-84.573199	-2.303879	-74.274146	-80.896267	-4.943828
-76.131060	30.401392	71.640056	81.802612	-70.421063	21.204581
-67.175601	42.213940	-14.031225	67.862827	62.679512	-33.775540
-24.770989	-60.526138	-42.695084	-38.811216	-5.455737	-30.452736
-75.419489	-18.343229	74.040422	99.410946	96.926347	14.800677
-7.872176	-46.325514	-24.078325	75.305467	92.188904	5.520168
23.489986	30.327135	-6.222491	64.785032	-31.581481	45.276828
-80.410831	85.009912	0.228428	-58.515472	-66.970258	44.678676
73.322221	20.328456	56.086677	-76.392589	-46.789871	2.745061
67.065710	23.995825	-43.439776	-27.979030	-46.757373	-77.863892
-61.658960	-83.275404	-15.415399	81.949081	-33.170568	77.213204
-17.220670	-28.288285	41.829806	-54.008367	-44.431280	-64.501463
-51.994003	65.020617	36.668377	68.107989	-21.066012	-37.251514
80.933940	-51.461466	-78.305680	-89.736625	-58.838308	91.679056
59.966575	6.607322	-87.740688	-22.178749	54.095177	-3.407121
1.521366	6.015810	-75.708919	67.128005	-29.260626	-20.821567
-5.581901	-78.731879	-56.444061	10.901229	27.247921	12.763699
25.218186	-53.765574	-9.000477	-40.471927	-49.534310	-69.090373
-26.086926	36.854846	93.451878	-13.929846	45.654795	-46.259876
55.384554	-89.411652	17.123745	-4.293892	-3.493527	-79.406133
89.537907	-3.602945	0.688248	92.317588	26.124821	90.119903
54.716930	-95.892916	-8.950538	42.324032	68.954899	44.477939
-93.892458	14.921123	0.263095	18.969222	4.736994	-8.816926
-54.779399	32.009684	-59.780284	20.748766	-69.644561	31.061569
-23.996445	83.383642	-98.689016	-35.047113	-47.226097	97.083843
-82.624488	46.220471	40.059294	-56.235106	100.535249	99.449938
61.055859	-53.315408	68.108690	26.448173	-53.376125	55.609203
78.634946	100.371329	-75.082454	12.163892	53.679603	-46.858120
59.277186	74.666498	57.828277	-71.874253	63.619692	57.251651
-11.212259	-36.584382	-14.306881	16.067458	17.251833	61.327324
60.390012	23.696953	11.934093	43.962590	93.341628	14.187569
16.529701	65.306725	-50.263642	43.417876	-69.744810	10.190238
-95.197516	-55.061262	-90.328092	-44.205388	-51.868498	-58.771099
-22.154310	-49.108290	-92.676346	29.975563	-48.449171	-39.172097
-55.825869	-84.988016	36.139981	67.849292	-94.612946	76.221480
-67.739363	31.214025	27.628832	-31.163027	-71.930349	-33.441177
9.368160	34.453843	-0.141151	-49.888047	-93.752964	-55.467297
32.250049	-27.007803	100.618660	35.378856	96.480739	52.901172
-20.106244	-71.335044	-60.292871	77.216260	-97.440903	56.485405
-50.822740	-32.269419	-79.739325	-93.691508	41.665048	4.119933
-45.025296	-16.510440	-62.723953	-16.896968	-76.957268	-70.441173
6.558474	92.582864	82.750473	20.195132	-44.399668	34.288256
-40.478337	41.122654	84.396874	64.569396	77.633476	91.003499
54.747816	7.475558	-67.168823	43.841437	4.735932	-92.639363
-15.934143	-22.450905	-58.218106	35.132348	12.412899	28.128426
85.975965	51.481387	80.338479	-28.996386	60.428339	-17.658994
92.679867	-2.547771	58.417643	-87.755949	-11.107863	50.894580
-51.652732	40.806734	35.031315	-62.065516	-78.779704	90.300468
80.455361	-26.095986	96.376851	56.998425	50.156372	54.455830
-77.975916	-84.946582	-71.839589	-3.964190	-93.437550	-54.816880
-47.707084	-83.112011	-92.866752	100.991885	84.318664	67.790363
-37.827896	23.261688	-26.158115	27.436718	-6.091211	-82.886307
17.918620	67.566764	97.167347	-20.111078	-34.392354	28.235673
92.842086	-97.973505	-99.521619	-93.737377	-83.441603	41.259211
26.966371	100.084895	16.201075	23.135418	68.468233	22.274132
-3.198233	21.373575	-15.104156	69.096655	64.439083	-65.114987
-2.505698	-98.284056	53.636010	78.155671	-49.351069	-77.645014
-8.584607	-17.622612	-85.696208	34.238973	32.576489	-39.482258
83.341373	-20.749985	-91.692935	-35.475663	-44.783685	-25.641570
-19.409592	-85.914942	57.006647	63.084486	-41.814752	85.816142
-91.139173	-4.264160	18.667366	-51.753100	61.589700	58.311657
-4.367144	-21.074730	95.941345	11.121349	-14.135980	-70.126875
-57.334020	-77.801251	8.043856	-38.929543	-62.205354	1.130429
42.078286	18.649630	-21.116646	68.450560	-5.965802	9.180226
14.269426	-59.837838	-53.274109	25.703952	55.067061	81.310827
48.823922	84.343489	92.992808	11.218448	-92.086952	-35.857768
65.047669	59.383823	75.804912	-86.839623	81.450418	95.569075
90.638954	-15.942633	-40.575131	100.560030	-44.685091	-48.086621
22.890008	-78.397597	79.035754	17.018287	59.724533	30.462598
25.001854	74.570321	-84.327021	67.866551	58.028248	-16.425490
18.012519	82.695242	-31.069452	55.724548	-11.959971	38.607294
-65.838023	-28.647730	94.293448	26.475829	51.877292	69.852279
-11.564753	64.353602	-0.036732	-26.424781	25.734155	-18.215386
-25.715579	76.550962	65.006977	6.187645	63.673664	32.265681
14.265782	-45.706634	-7.365421	-40.226068	20.370667	40.205065
53.808128	28.539649	15.803205	15.820191	35.915062	-99.283213
57.222785	-76.075549	-47.145764	1.293203	-6.993692	32.323909
-11.340557	-57.531418	42.553305	-32.322215	-36.986772	79.364803
-47.731597	26.370139	-34.307616	-14.856593	-32.557411	-56.048413
52.936663	-5.646281	22.870763	-22.427164	-48.976345	75.477220
19.196642	85.634829	-82.362703	90.671219	24.188791	83.589144
-97.008783	26.053767	-81.383222	10.178189	40.676278	-87.801146
-87.824185	28.302696	-39.181816	-38.829843	32.133064	56.226072
-79.066605	-74.464272	-57.583032	-4.622219	-86.072012	-38.130452
70.913484	-52.181366	57.755026	52.938919	51.985781	26.042149
83.496252	-50.799759	10.396322	-88.317728	-46.671095	7.233535
-39.656654	89.742936	15.806125	74.883328	22.261084	64.874264
96.788697	16.680846	-26.827412	56.693737	-80.952979	40.137976
-43.994262	-50.477543	15.618786	61.447038	-60.259593	37.209300
-29.738200	-75.691183	-81.896593	-75.983411	-22.001945	86.875100
69.146300	31.203745	-31.401468	46.529227	-97.526803	-42.585792
63.999376	-9.485534	-57.114079	25.831849	-7.518616	-29.157597
20.736653	44.608130	67.496108	-31.726130	-89.413555	74.772558
54.234494	69.483130	93.177881	-36.261877	-74.963926	-64.159748
3.464709	28.671591	-96.492343	81.259992	-41.119431	14.353779
27.736547	43.972881	-84.352940	-59.840622	59.135584	24.700375
89.748085	-62.321239	22.301046	40.480426	69.181263	7.429271
-74.712091	50.617897	35.014461	72.448456	77.765832	56.587391
-45.971862	93.918103	-26.811412	-44.939825	-8.808875	-93.831166
78.885742	-86.494956	19.158038	17.177351	89.091539	-17.646777
-18.489077	55.506651	-68.337831	97.620407	92.105490	68.120784
74.224232	-63.326511	-53.739060	-95.133028	-5.094939	5.092525
53.531446	-84.406417	-6.632703	76.259008	81.833460	75.782435
-98.120370	0.892692	-25.571397	74.776888	-92.867822	96.516306
-32.041564	-85.623884	-29.313153	-16.136619	-77.811049	-68.987727
-89.813386	-77.625307	82.292207	-14.879875	-92.533630	9.448498
63.407291	-81.991561	-1.772422	-7.383932	63.170322	27.136612
40.813449	12.466031	29.772468	13.687708	-87.852668	100.107899
-85.818155	18.697277	65.342445	58.178699	95.774738	-31.271646
53.304931	-2.211415	-20.147905	77.183997	-76.216248	-40.293773
-84.133547	-45.842598	66.371986	0.327558	78.373024	62.976964
-31.720174	-21.058582	-7.041179	98.816833	-62.159016	-85.072090
-74.797960	-3.336259	-50.079840	-99.766103	-48.332516	-76.685939
70.243647	34.471757	-52.416330	26.040223	-48.147033	-78.921742
51.403514	-23.331516	14.635282	37.799947	17.427552	-28.392872
37.448097	16.254896	-70.622269	-5.617990	2.657750	69.023182
31.548346	-75.445889	11.641904	15.971771	-91.547420	52.276824
-38.467750	19.415405	67.803104	-61.251797	-41.651416	77.935177
28.169038	-66.569669	-94.996000	28.953667	-97.200165	-1.161273
-7.143072	32.013436	29.318590	8.926733	44.868577	-21.401751
-35.253641	-62.661061	-95.542688	-38.809391	12.918360	35.979787
67.482950	-67.950927	11.381340	-92.478622	49.556045	41.222448
95.412874	-14.046727	24.297432	-27.020724	2.292107	-2.859144
67.883896	-46.970689	97.727590	-64.528390	-89.922391	-68.064551
-18.601811	-50.030158	35.670999	-56.305044	36.639072	-86.002627
64.943555	-40.405322	34.594594	27.458380	-24.418721	-68.444873
-80.634832	11.494438	-74.094318	25.137071	-17.009331	56.377568
-32.125566	56.848556	-55.961924	-41.258632	61.302389	-7.215959
39.686838	21.800366	-7.911527	-32.071844	-25.658396	-8.518956
53.834471	6.470560	89.581216	89.918569	-11.800922	92.028860
31.906274	94.752478	84.920853	94.870656	68.453750	100.459070
84.543493	-14.521945	-82.992507	73.603331	48.053225	-45.189799
91.350164	-19.985528	14.654371	73.468552	-64.546027	98.676083
-77.740243	-47.497968	17.214723	45.415913	21.028961	-8.539708
-47.113085	-54.775962	-12.845382	27.880458	6.596987	-3.936553
63.629226	-65.399026	86.280991	-31.100174	-79.544975	-3.163921
11.062895	-83.746331	-40.637215	5.489712	49.523115	99.417306
-54.306825	-91.324475	29.864775	97.849457	71.242683	50.166042
-0.047099	77.017404	83.603743	-19.821566	-5.783933	2.495193
-45.587431	18.108871	-57.956717	-27.434308	-40.375171	28.428206
-2.833416	-13.298137	-96.365328	-51.159635	42.599421	86.563771
46.073282	80.558620	67.870331	67.860282	13.433313	-2.773534
72.646370	-19.634674	-23.851039	-12.616052	92.741909	-81.392551
-76.596022	83.051821	32.453308	98.541758	9.651213	25.982535
69.619260	-42.807215	-38.857776	62.209637	-84.329015	-33.125549
57.383968	83.703177	-51.703673	81.790682	86.091309	-34.569738
-83.067779	83.140199	-41.306292	93.307931	93.095030	-84.467992
0.113920	-81.192561	-5.745468	-39.346883	47.221465	-51.942208
-51.097423	27.547293	-81.270988	-81.875334	-79.699789	-67.210677
91.895596	97.117409	-80.270386	-66.458289	-96.218184	44.457350
20.889508	-8.351779	-35.204202	-21.350650	33.835545	-10.312128
-33.052988	69.881743	-30.994184	-51.083765	-7.390769	-52.346956
-15.913520	-13.409019	-78.607633	57.603101	14.393962	3.443684
-19.378014	59.283821	-44.048773	-19.148656	-96.205202	22.001790
12.357452	78.693824	-12.262852	21.464652	94.693332	-88.005027
69.439029	-91.858646	-27.916146	-62.545445	-28.302257	-86.365512
-76.108509	40.756476	41.689231	-70.347261	1.745604	-62.072826
-24.612701	-49.731256	-60.453090	35.533872	52.913335	-91.463100
55.025319	-74.480742	10.924557	-76.147737	-25.995412	-98.429261
41.112839	-78.935573	-25.960573	65.687188	-6.786147	26.618936
39.401998	-79.997268	69.655155	-65.208430	95.817004	21.441121
-10.647143	55.022023	-5.588686	40.029788	40.840377	-20.785729
-97.902824	27.574786	-6.224808	-94.254816	-19.581943	97.658762
58.052528	35.159639	46.188698	74.184214	47.762410	100.773727
-27.370106	-15.284232	55.245357	69.851134	96.056003	27.514795
-26.067420	-44.314267	73.135222	62.427076	-48.029842	15.800485
-56.236221	-70.043327	-28.771294	62.903923	74.783594	77.794226
-35.636926	-33.920554	-51.050424	25.905196	45.325919	87.138726
-86.125071	-15.717389	-44.911027	11.856144	5.875012	-78.203318
0.190061	-94.090356	24.262684	-83.299640	36.692770	-67.021340
76.028646	-8.961146	36.935333	24.846518	24.193763	50.233909
87.082475	100.939177	64.233237	70.566688	-69.156958	-96.447388
51.149858	-82.277759	-92.326368	98.623480	-6.700258	93.700277
5.674247	-61.596525	84.290802	-75.536106	-28.746647	25.722390
-50.331238	60.501346	-73.558369	-81.332829	98.124414	69.457819
13.921286	53.738239	38.642224	17.216559	-32.039623	96.896927
64.991130	-90.001326	-23.737686	43.267786	-94.569081	-66.447772
18.737841	32.923171	-77.537684	71.627637	70.762028	76.457269
-19.687600	-49.675160	50.485438	51.529931	-10.389691	23.263660
-31.531616	33.721991	6.839462	-90.177608	49.083596	-91.206018
-78.720515	-53.024158	-56.712466	87.774394	60.552151	35.423282
-93.399233	-43.178890	79.940798	-40.690164	96.673622	-55.162269
48.033321	-17.593499	23.843328	80.114100	57.976197	-41.748106
50.702153	-23.526548	-7.246734	-76.831656	-8.783871	21.249362
19.994600	1.505955	-59.976597	-22.369740	-98.641028	-56.957449
-47.109938	49.338338	13.231454	-3.870845	-28.233450	-70.556004
29.714100	-7.025389	-43.005955	-92.200491	-42.434186	40.479974
87.302345	-33.236900	22.894301	-84.627270	-97.486917	-38.971688
-0.009812	-20.398483	36.817455	-93.480758	-45.689698	-14.390541
-95.038821	60.675893	-41.093233	62.804108	-25.471834	83.895639
27.436339	6.778307	-62.327120	19.340270	-70.293207	-4.233678
-23.504625	55.796188	77.009490	50.234675	-69.401635	-9.324709
60.494368	82.956309	33.138407	-69.156771	12.538065	-86.408169
-96.780424	-11.871687	33.404164	45.760507	65.024748	-28.623030
-27.784176	-21.859681	51.263227	23.288700	-41.018269	-32.768850
70.256156	-51.388381	77.493402	-22.143634	-0.335970	47.718071
95.167910	31.222166	-44.241978	-13.619220	-20.277215	-82.205850
-41.453464	-48.426989	19.916810	41.065266	-8.478887	-16.417397
73.738016	-9.916522	-14.865016	-19.156871	31.495343	42.863423
10.507297	-65.311659	42.201579	-7.642426	93.656876	24.539904
-37.907196	89.963236	32.009076	-80.511397	84.324793	-92.966872
41.023938	-61.708276	-59.411586	15.202857	-28.101194	43.401198
9.798485	-71.292611	-26.821154	51.258662	36.657556	-21.366822
-98.928331	-31.747076	20.943330	-70.178289	-91.830700	87.861222
-68.383030	-7.427537	-57.562411	-64.103145	-78.419713	-89.609472
10.695036	19.976507	-53.041582	-50.884878	-0.707866	-11.117755
58.427920	-4.405812	-20.646230	0.202775	77.583110	51.132463
-71.923105	-63.697713	69.269536	-61.544706	-81.771729	-55.271330
74.411991	-87.671178	52.775110	-44.520117	-89.393156	55.708853
27.181111	-96.107887	-9.897511	41.663884	-50.958937	82.586258
-4.234602	8.140425	58.567201	17.030604	-60.076247	-25.942384
-27.638044	33.603164	0.026747	-62.534090	55.662853	7.443430
32.921082	87.965321	13.520897	-10.665379	-36.437545	55.346726
69.152284	-85.118697	79.818148	58.522425	43.662752	-32.623284
-30.958142	64.357776	76.698200	-86.052742	-37.249078	-77.763348
93.424310	-4.435013	9.978906	94.557518	93.727135	27.092626
-60.862529	20.795873	91.847176	-58.265715	-82.324986	-19.930808
-45.294626	11.797118	48.120907	49.181632	-78.714803	4.314367
96.702980	-82.495515	-30.551891	31.205382	9.097268	-88.536843
-86.940279	18.355703	45.904600	95.641118	-52.475319	21.764931
37.860455	84.771585	-93.523532	77.625982	23.482301	57.033176
5.140522	-8.173832	-61.423610	-99.450623	-16.115223	69.111528
46.468254	-4.871202	2.139023	8.527403	-34.844829	81.795019
-12.658759	-27.749427	84.754820	-35.134180	-89.477765	39.619726
2.548344	68.959103	-31.117905	95.979812	45.608403	46.740897
11.384994	-60.298033	62.533044	90.042582	85.885675	62.924783
69.946351	-21.868672	61.268618	-46.333437	-33.283624	92.466221
93.984259	-81.699419	-83.319592	6.246888	-95.757260	10.154061
-32.478194	-27.808993	10.082759	63.768877	30.252608	-27.034551
-29.990651	22.778775	99.019947	87.947445	-5.895538	-81.689003
-73.732537	1.299546	91.763141	95.808885	43.714451	-10.902426
-10.152875	-77.061834	-82.829216	-88.544887	-81.991602	-79.427454
5.696901	15.568930	-57.696067	90.744328	-72.542476	21.929718
39.586235	17.199552	-42.963045	-71.824080	83.464865	10.937451
58.850603	50.265758	-15.223047	-32.935038	-58.312994	-58.189387
-66.490184	65.547661	4.797220	-54.522641	10.845918	33.840181
-93.954166	-27.235911	-56.044053	54.325009	-93.142177	-9.307787
11.283524	-61.317044	-71.425070	-54.535366	-63.508363	12.706913
27.516945	93.173995	43.966087	51.729223	48.979495	-10.941461
-72.874894	-87.030303	-61.941991	-21.120001	-35.758951	-72.160389
-70.889160	-92.192336	-15.210062	-7.369617	-71.750954	-9.607739
46.499398	-29.105705	-2.565909	3.554764	68.357720	33.160678
58.005224	39.229650	40.136571	-11.212846	-85.370173	-72.403577
-37.066981	85.704948	78.026110	-41.712020	25.106762	-17.278954
-6.543661	35.721113	-11.543241	70.973172	-37.143131	-98.041390
-79.577987	-86.982698	-76.012512	9.725888	71.490602	75.866042
-55.809817	97.444925	42.403908	19.820053	18.976958	16.608149
-40.762885	50.140434	-32.712615	-29.898870	35.344775	-21.737853
-52.104133	43.048422	11.398682	-36.891127	-89.870409	16.774191
-46.170241	99.036208	77.048411	-24.401223	-48.260796	85.423467
61.177754	-73.379901	-86.028221	87.233201	-45.827613	89.609737
-79.806260	56.190611	-48.805121	-92.786466	-60.175332	4.807414
6.490550	28.580041	95.339583	53.709384	-53.227146	96.226320
38.015762	-99.905065	28.830141	-15.375697	-76.111065	-97.387786
-95.470489	-68.848058	8.093906	31.493136	-25.828463	27.117512
-56.060908	-17.654230	-5.262931	52.276459	-34.248787	45.298594
11.355260	-69.959164	93.699252	-89.100915	-93.297117	66.262022
-36.744501	-92.170661	-65.926496	98.234984	-71.098611	22.741144
51.259276	-65.261995	45.282451	-0.308716	-83.462488	-74.547093
45.863111	28.354858	-83.962547	-39.392287	-53.912333	-84.348569
91.295134	22.642859	-81.017813	-7.614814	-53.299353	16.776042
64.593400	16.231066	-99.100668	-56.205641	91.187432	34.632688
-51.943874	91.537187	65.151670	-6.213853	-5.947123	-16.894704
-58.154410	70.480612	-63.779626	84.501042	-80.537609	38.105026
-4.939032	70.435531	-42.657148	43.869332	-57.333284	83.734744
-24.902525	-33.021502	55.176886	16.197465	21.725872	-95.287463
-89.122781	-94.027678	-8.055879	24.589702	-71.437532	-55.367190
-94.367872	18.598052	-53.170733	89.009961	13.048700	-77.607566
-25.298210	50.362376	-8.546702	-68.975761	-83.104644	69.071921
-13.736962	80.031915	25.069146	-55.088885	-80.359131	6.144447
98.934819	56.086651	17.128809	-62.485664	-92.762807	36.065337
42.365315	-44.673945	-8.928307	-64.364606	41.876032	-46.338955
-62.772535	83.955736	-15.112892	-77.105479	86.957527	41.884673
-92.225393	-61.221087	-74.696044	36.107875	27.465992	30.151536
0.418691	91.736056	-51.401379	82.523755	-25.364759	72.571450
-55.949495	38.925411	25.615777	73.697022	24.598633	-40.559570
-54.085241	-35.153921	-82.908724	57.888571	12.494559	-80.782241
-35.730247	12.226993	30.905004	25.182498	-39.705284	1.842914
-67.447764	92.935040	1.672684	75.445055	75.391839	35.353389
58.186021	-33.350982	-83.000475	35.130503	-57.491642	-35.137869
9.830419	90.908939	99.951785	16.259712	4.636864	94.849779
-13.615545	-44.894047	-81.466244	-37.716039	36.707375	81.400157
-2.075845	-1.088571	-60.323457	69.910065	-68.921806	34.529612
10.926889	42.630408	-20.019023	30.100803	58.036287	-63.651454
4.174609	-58.870119	-48.665629	-94.577372	-31.550106	-29.467419
67.742367	-28.594978	-19.403270	-70.334350	88.485309	-71.900396
63.100377	96.137185	-22.218609	46.213851	-76.329331	-40.286591
-7.722008	-16.255519	80.910883	79.541499	-60.273894	-6.552247
94.270233	-0.787581	8.368608	86.046344	81.944215	76.555218
-38.927194	-90.281882	-5.679039	-0.520017	-31.659020	-52.742185
53.563929	93.607176	27.357583	-27.081322	49.020020	8.357691
10.544907	41.696296	-8.559589	47.915590	-7.779053	90.639783
-66.159864	-3.641836	-44.772659	-35.149091	-54.614220	78.227742
33.223235	-46.637802	-9.152432	-78.513343	-36.137136	65.304265
74.349336	65.087380	-68.166635	-72.010083	82.740329	-8.551333
44.943655	-62.564736	44.904724	95.210942	-5.077566	2.281620
-75.259218	-26.256236	-92.142350	53.190814	-89.433996	11.015033
74.494324	-20.396140	53.702927	-82.062573	54.630717	-80.312308
-78.659186	-25.179214	-17.949542	29.177808	46.262917	-74.552457
83.630004	-12.142421	-77.978125	-63.085134	100.523653	-14.136013
81.128660	82.149496	63.105225	22.026392	95.261819	-8.162771
-91.611611	78.918608	-50.431848	70.181656	-50.829759	81.620549
-18.606375	22.325229	-48.603421	99.486428	24.402421	-88.645326
-21.082384	-32.618688	-70.666530	31.389216	-17.606253	-7.794249
-26.241303	-22.456837	-84.677078	28.527017	40.464147	59.941714
75.030655	5.617416	-85.054421	-99.771067	48.348114	41.388335
0.882782	95.507393	-59.629576	-33.948312	66.519269	64.007010
92.327472	-56.750079	-59.289431	24.370920	29.742804	-69.464158
-50.520254	81.843522	63.796528	14.689690	-55.003696	59.674997
60.083660	78.523653	58.291747	-75.385563	-60.198663	20.463508
96.385778	44.153860	-20.014373	41.597196	-58.994604	-96.416639
61.422449	-15.630466	23.518804	-98.073366	74.892055	68.300318
91.275749	-76.330556	-56.959841	-71.787928	93.249972	89.284943
44.520050	45.999724	32.827424	-60.238271	-19.206910	-51.928023
-36.469369	22.755442	89.881357	34.381378	100.133026	90.884829
-29.639168	-96.645595	39.105814	64.797569	-40.385174	-64.168487
60.283532	59.575741	86.622187	32.944854	-30.913102	12.753757
27.379305	-5.052018	-44.280115	80.320669	60.016484	64.256510
-79.160694	19.678878	-74.253787	58.154157	-84.380508	-78.458420
99.569318	-41.100567	25.863141	71.979268	-86.550208	48.532677
-97.791052	-60.654853	55.759230	-9.995145	86.477938	-53.965712
-92.480487	55.338726	-10.769652	28.435920	-42.809773	24.689058
-38.466398	-45.083823	-88.318201	-24.035158	77.449569	-88.958243
91.014803	22.146665	48.257310	86.139450	-47.125169	-68.964663
79.236723	-61.237934	-67.602991	-51.648687	-78.153648	74.107194
-35.874582	63.985467	16.254849	-72.247844	97.705609	94.902311
-10.623338	-70.093014	15.117476	32.949996	-49.432925	51.840247
-72.981641	90.241137	96.166901	-41.727041	-75.856768	-85.274004
46.483063	-86.462932	3.656782	-90.863080	-81.299222	62.599924
-29.829222	-70.481009	43.847596	78.953033	-38.870649	-78.922704
13.071175	45.913951	46.201425	35.505616	32.976689	77.146645
66.379981	64.727375	50.970287	48.543013	61.032823	-20.732803
19.678700	-50.085961	-23.488752	-42.758581	22.626021	53.770305
-75.570047	-71.936887	33.992384	-92.716879	2.262168	-11.760529
-5.404639	10.476689	-2.049943	93.402047	-8.495649	-14.855931
67.394682	-64.247094	19.215181	-33.259493	54.253001	24.333847
79.080529	33.624052	-36.305324	72.617441	-1.925549	-55.751372
-88.108595	90.700877	-33.412593	47.497041	57.642676	38.054581
66.287464	84.587101	-81.091151	92.409096	-68.371658	94.048949
-34.694021	-23.554315	16.183912	72.554157	-60.294117	40.777119
-78.003485	89.628643	-29.549483	-62.340721	6.486820	20.622107
-53.606772	-15.542759	-97.529133	-28.068008	-4.424262	21.513750
-45.406868	-42.615211	73.288918	72.588077	-83.624163	-6.692979
-68.268582	-38.587463	3.507243	57.977431	17.894374	-73.020527
3.996332	-7.566612	-95.383152	80.753755	14.883341	-2.512416
78.976864	-97.494917	-55.063101	-79.880044	73.242267	-28.613617
63.513793	57.845398	-46.309832	73.468356	10.230936	16.783094
-51.422137	-73.721936	-48.102562	45.818105	-24.099592	35.203869
73.944188	87.908672	-27.322924	-39.890675	24.631007	73.809922
-55.214485	-8.702408	-40.898489	39.165331	-57.063356	77.513941
29.523984	-88.276616	-76.581499	-42.597758	18.256376	-18.688716
49.371112	16.015921	-18.768959	-53.476821	63.029741	97.214629
78.881622	26.067884	37.349124	-61.128081	-20.071545	-70.462473
-82.988010	-88.757221	46.473963	85.874523	83.996902	23.852462
83.335983	9.284102	26.817596	-8.433505	55.356062	8.239296
54.362562	-85.605165	37.246997	-78.658961	54.992617	38.378339
61.398751	0.319356	-73.428496	-45.131033	-53.974872	48.736285
-65.098687	-10.901244	2.323131	-65.803388	67.538850	-30.842545
-73.653206	-74.559395	31.778358	33.218999	-63.370846	-75.890273
29.266469	36.001154	-5.804606	77.606806	-79.914049	-23.438905
37.514211	46.307234	2.283199	-98.537510	-32.071363	-67.548131
54.639069	-69.742459	-58.583234	-86.062882	-87.651346	-68.912880
48.301529	-2.948837	-8.802880	37.921259	-5.232296	18.631504
76.002862	-98.322159	-68.769893	91.493764	45.018881	59.064873
98.420154	83.496594	1.592741	-55.461985	-45.585197	49.379532
0.285364	-4.591216	65.308414	27.215812	14.116887	96.591245
44.753414	34.301690	-3.355698	87.686386	36.809697	-96.850695
55.513672	-67.568587	-77.916373	-57.159485	-96.190348	-17.791364
-87.834454	17.688645	11.681867	74.283097	79.051594	91.565992
-17.869349	-72.976191	-70.805005	-13.089796	-71.165113	-41.017422
47.263404	-65.243344	-62.369078	-14.228148	99.061203	18.918114
38.353680	32.725624	-58.313355	67.773666	-52.369534	71.278884
69.366323	-85.393341	-51.012403	-53.572707	86.809804	-1.966272
11.657835	6.550076	-99.744156	70.264113	-77.496613	55.728725
-44.417858	90.167119	38.403127	-71.243166	50.448579	-1.545689
44.096531	-39.836090	-84.181670	-95.485196	74.128516	-34.692800
75.754085	-97.585935	36.631736	3.625386	77.333002	43.830320
-61.503003	-63.679133	-82.527362	-64.018789	46.385535	97.652519
-1.371247	77.636286	-1.587577	-48.808959	89.030272	68.466023
12.338935	6.782233	-3.438866	70.263504	-84.460283	-48.970304
2.298317	-66.222117	90.367928	4.258859	-80.687813	-12.181471
69.335204	12.732371	56.497269	-61.916423	-24.295328	-1.352423
61.474238	-71.204324	60.875635	-57.867980	26.874915	-39.985762
95.701858	-17.000451	75.744024	1.872227	43.355409	94.141573
-1.960131	21.539723	21.224961	54.218417	19.612066	-51.328738
64.577284	-23.503689	-97.637523	-40.798485	-62.812180	34.790154
-36.016025	-82.538402	59.772052	17.639967	85.258205	-14.439565
76.437317	47.436248	-64.708937	63.977251	-24.564922	-4.663989
97.304615	77.543079	-94.338391	-25.557381	-75.621017	-25.610079
7.428318	80.078298	-64.691446	-9.151966	-70.113182	-81.039197
78.924637	12.632331	70.318173	64.524630	44.433872	-69.628710
-97.779579	-0.966456	-49.616296	-20.664248	-53.679189	0.289257
-65.155603	28.868752	36.756579	-81.340179	-40.845595	-85.062832
-7.719338	-54.170200	-48.828467	23.676113	68.849203	8.295080
41.545905	87.901032	-16.985605	95.033929	92.583890	-89.788850
-94.755448	51.638694	-63.516680	-59.126532	-36.485652	44.525226
24.641759	23.200748	30.734784	-71.134405	-41.762744	2.916766
39.601077	66.457595	27.242671	-16.805795	-12.117390	83.178041
-37.964289	50.462733	-11.475068	31.361474	38.602522	-47.631840
66.113007	70.924183	98.594101	79.128789	48.055131	-63.929109
88.870506	-47.436188	97.139591	-66.080360	-3.691520	-53.449965
-96.115611	-75.996337	93.524072	-88.714514	-81.340185	-13.128086
50.129420	-69.068062	-10.059751	-98.457008	42.639752	99.013843
-20.294621	-13.985397	3.208311	36.421904	-80.136608	-52.629442
-16.601807	-25.102673	94.466887	23.014519	-70.245420	-11.175342
-32.717517	77.862801	16.917746	-9.702687	13.963180	-75.520318
44.887454	81.705359	-32.565980	72.465647	59.344120	26.653811
-63.975615	99.533124	-42.718435	-39.037282	66.182675	46.169838
5.421379	64.794899	-37.404021	10.710885	-1.395905	1.219541
-39.869480	45.228075	-89.194740	-36.985013	35.872021	-41.180884
45.244440	-23.517954	90.840030	4.631373	89.532325	28.645092
-24.593165	-10.704468	71.287583	-3.052278	-93.644728	76.834819
93.983598	-29.187352	40.868147	-79.848553	68.850910	18.065579
-85.934559	-3.446229	57.597920	80.622175	23.772896	79.068483
53.384045	-66.751053	95.079231	-85.164218	27.258725	-31.686439
50.925557	-72.255855	-93.587878	-42.899323	-87.329611	13.633357
-17.659944	4.622871	-44.105535	25.581348	18.199620	20.581656
92.130105	-57.379479	28.775612	-16.688645	86.730825	75.454342
2.933136	67.926885	-71.150664	61.188732	22.641047	64.153462
-31.366117	11.648362	-20.268077	-48.297036	-2.770988	-75.115782
12.293116	-37.867725	65.982226	-65.820076	32.328135	78.295967
-9.215064	39.066334	-98.223205	54.820129	-51.842200	-52.736149
-87.103259	99.659268	-15.180596	-90.861823	12.328221	-7.709473
-91.927227	-39.500289	13.992607	37.086380	-30.806212	67.306618
-80.525132	-74.307671	-36.758389	99.653103	-25.549527	-94.158343
-41.681447	-79.369116	26.833410	-62.945241	64.727689	27.066971
-52.935695	22.702091	8.216529	-50.806808	-43.310231	-36.564825
-11.754323	0.198154	36.682557	14.800301	-33.616513	23.691184
25.032113	-99.602638	-16.679813	-0.727635	-86.099391	-70.996897
-11.064854	80.973370	-11.978221	4.084094	70.956191	27.339915
76.062389	21.624769	-73.781812	83.896913	55.882941	-71.999711
-17.136478	-59.415573	-56.717210	9.524071	87.989422	37.652545
46.229733	-32.784241	8.487082	74.845962	6.159596	-99.732236
-75.269632	-62.755892	90.373112	33.145700	-89.163039	-1.340231
15.937103	79.919743	35.553496	-60.053805	62.289991	81.989338
35.962809	-16.823092	-44.091136	-90.884585	-83.833798	-12.614712
50.441712	57.000669	-75.073614	80.334187	-55.029397	-23.350430
33.334548	64.586237	-55.813272	-57.525685	-98.133888	-12.512782
4.876035	25.843049	98.581312	-50.347639	-62.639767	-78.383405
0.738127	53.152233	79.753225	67.503784	-19.249743	53.598017
95.165547	-64.191386	30.469920	97.217862	-67.043672	64.049723
49.365736	37.519990	24.742583	-99.256823	17.018953	42.815290
-59.334315	68.126631	-7.471605	9.768257	-42.493572	82.083905
-38.078991	25.468877	95.854481	35.295921	-56.644767	-1.483804
65.130693	-67.043502	-81.092235	-93.277613	30.048537	3.824826
95.428226	51.848494	-94.348223	-41.042228	78.300113	97.449786
-18.201595	83.882206	16.595188	44.249705	44.724050	84.234908
52.533809	86.988213	-19.491053	-75.247479	-25.570999	-95.321613
-63.986209	90.079519	76.838827	11.687586	-13.978346	41.383553
-39.342722	41.729661	0.596225	-30.228334	-34.271762	-10.159553
-0.909847	-81.434179	-43.284429	36.394685	49.446604	-65.116738
-85.662401	74.768737	36.773417	-35.795156	36.933219	36.827757
11.234033	-74.666098	-50.702406	12.563293	42.209667	-11.764888
-80.043186	-24.071360	60.899385	-91.398203	3.169429	76.241709
-50.503487	59.740130	78.604757	40.667983	-31.697362	75.113725
-50.103969	53.951221	-87.723687	67.954510	18.100857	36.227768
96.455076	78.787168	46.640111	37.230931	-90.469972	-59.599007
-95.679166	48.580740	86.917167	-76.195525	1.096780	63.207891
77.279032	-15.407652	-94.738613	25.634379	-56.985630	-57.564496
-25.095799	-58.774057	-88.578057	-81.860005	-27.181333	62.035117
10.714444	55.142828	-50.797445	0.067179	-52.590518	40.292703
27.005247	39.703134	42.551941	26.645164	69.160360	9.896517
49.324281	-90.363355	84.651430	-20.659541	73.134461	63.640271
-11.970121	-40.306231	-24.874431	89.987149	10.751040	-54.102573
23.757225	36.830519	36.746160	29.207255	99.956356	-42.497981
-93.728494	59.589299	-4.170258	-60.373550	-6.730608	78.519282
-68.863987	-65.566961	64.264706	-85.767645	-93.197812	-61.018062
14.683636	16.855049	-88.617988	-97.818659	95.153113	-42.317773
36.996976	67.843766	-33.650230	-34.884062	-82.221427	20.063092
-72.529007	25.819204	51.477222	30.524544	19.188615	54.535073
-74.332853	-87.108605	1.530140	-45.663625	-7.449771	-88.846143
-45.846390	16.891989	21.575099	57.566928	-19.994093	-25.257886
-82.495006	99.975262	-19.728869	81.203405	-68.416338	16.667086
-3.464325	51.109645	64.798015	-27.143700	96.428693	65.514892
42.089531	85.115676	83.948027	85.186418	-48.479602	-36.944823
4.410241	50.118881	39.187847	44.249840	97.514583	-96.036246
90.760029	90.955343	55.517500	2.327844	15.778194	59.127448
-27.126592	-87.648422	54.038375	-48.602498	62.837987	-34.298399
63.144516	30.068967	-32.402747	-60.932475	-51.200165	-71.309496
-7.961709	46.664199	79.217700	-98.547456	-82.170835	-24.554522
40.068423	-52.806729	21.961717	100.329601	-58.145756	-33.710008
68.806931	40.970708	13.841310	-24.974009	52.517637	-2.661430
88.235792	-77.063661	64.980485	-43.327263	-96.310935	-39.290314
-72.752444	49.828192	-34.216990	51.335983	17.294619	-58.874963
-32.389541	64.504565	-48.161445	-64.946153	28.733511	-25.084298
-50.696784	-44.430983	86.250692	10.321886	77.100954	-43.203758
-29.625581	68.532001	14.162628	-28.040083	80.620628	-80.926008
89.077968	96.086371	-36.686610	-15.672551	48.066173	-94.456364
-78.654687	25.613270	99.199594	38.729258	-86.128974	-97.672373
-28.333256	66.895986	70.257476	-27.769220	34.146773	61.722297
-58.653810	97.502172	-2.569378	83.297085	-67.453845	14.179879
54.621823	20.609192	-87.582055	-58.621137	42.184856	66.914674
28.171011	-41.010825	-42.534802	87.466312	59.009752	95.064025
-51.699342	-8.456336	-12.954075	-84.198020	46.325276	-75.492421
-98.328917	-98.138629	-37.984263	100.106070	85.640915	43.466511
46.395457	-90.722259	-16.966179	20.758592	77.792113	-95.199609
-27.613934	-57.219335	87.930944	46.713968	14.757133	-91.503215
69.922881	-86.735038	24.958168	-51.105562	83.921685	-74.356061
80.890158	-80.305565	-57.499990	3.953364	-78.154628	-34.638620
-94.466824	21.431687	-6.199653	-32.683132	43.226430	43.120080
84.860904	-60.946468	61.829981	-51.304756	-98.904162	20.596500
35.012149	18.468991	96.744604	96.505265	-27.514183	-90.501292
-71.631311	86.173568	56.005428	65.120631	-79.509500	66.392429
-14.756879	94.479821	-48.307710	88.023445	85.028398	-3.806389
-49.746967	78.853104	8.246566	-58.399788	56.358821	-51.767616
35.034575	-31.481548	-83.106087	49.616450	-64.637716	28.193164
91.863392	31.696283	-31.131855	55.806385	55.459342	3.454566
8.537513	-84.534906	14.792750	-99.731055	81.690446	-8.744576
-28.325267	92.571060	-65.248421	65.331387	-36.753931	-54.743105
88.547532	-26.705835	-40.877149	18.584095	-0.001070	-86.409005
-40.860467	-18.809604	34.741871	70.116434	-25.436216	63.420105
-75.920124	79.796687	-85.865711	84.051706	-8.547798	-59.847964
-76.358380	57.625132	-99.992115	82.670799	-23.589813	-16.955678
-20.219076	18.078367	-68.379649	-25.576408	22.344906	79.161431
-77.956320	91.641469	-8.844664	-20.953150	-12.478730	-5.161654
44.577296	-11.912357	2.834320	75.387079	-68.723364	-59.905670
-69.433443	36.847127	-29.705348	82.254948	61.593492	-57.538983
-80.537640	73.914884	40.694326	24.427206	-97.907236	38.690373
63.834809	15.557565	-19.597935	61.982747	69.085647	-46.673334
-9.815396	-47.621686	41.301935	-12.970966	59.386197	-86.892346
-97.038271	27.282969	-15.677141	86.642427	-4.216891	69.743501
-29.029273	20.738747	84.486035	36.670768	32.231793	81.473284
58.549191	11.549746	71.266528	-10.202877	-91.572292	-32.464625
28.377622	4.230850	50.271247	39.502120	-39.938044	76.525569
-89.719842	-53.934244	-87.522080	-10.464694	15.454786	48.313176
-50.912406	53.135352	-76.181912	-82.792324	-61.186142	-59.061511
-7.594356	34.995244	92.890867	27.324947	-99.946304	9.482549
68.120481	-78.133828	99.774668	-35.321176	-13.087774	18.879023
17.683802	30.352986	7.882970	32.384105	63.491360	12.267392
52.940355	-43.512272	-98.210058	-84.417287	-76.630991	43.414969
-30.593798	-14.676261	87.713279	-4.202361	-43.047317	-39.072895
-78.426932	0.144823	74.492367	40.208323	97.018394	62.712326
-58.831861	58.162997	-32.723815	4.199768	65.012969	-43.935034
-49.278616	59.573669	-54.669996	-28.641510	-99.384539	-49.275093
90.855090	-98.297260	41.489386	2.599194	-32.676171	-37.521656
-25.078686	26.041980	-47.717685	15.759978	-54.471635	5.196284
-69.858761	61.470725	88.365331	8.728437	9.524739	-31.142591
6.028710	75.810670	-85.724042	42.822751	63.917223	-71.941292
-36.730714	-76.576926	25.541623	-41.026485	-67.836216	17.614361
91.815301	8.256791	-53.197856	98.945393	78.466190	-28.494357
78.569782	75.851230	-69.273201	6.253877	-2.056048	-75.215216
-77.320938	-12.573069	18.646757	98.645141	-60.709258	-55.290696
72.366151	2.711596	-99.952143	77.840627	34.079115	54.529457
66.038261	-42.440578	26.433554	100.296107	44.814141	-18.568003
96.941781	70.828094	-30.644426	-58.967786	-98.603116	68.784252
-51.743393	94.900881	63.956364	71.313412	-55.684739	-76.812553
42.989108	52.170854	-67.959819	100.613384	20.311526	73.886555
-0.186529	-83.313857	28.298316	30.218888	-26.595058	-39.545074
-75.438907	82.465168	5.417253	-25.858508	67.711204	-32.621451
57.385040	-23.895086	29.698159	-33.486302	86.555707	65.487848
-83.718858	-29.833716	-16.540514	-6.072589	-96.720323	-48.589189
77.377897	82.399833	38.597522	33.591467	49.074801	71.530646
-93.082211	51.705953	-89.651188	83.513692	-56.901564	-26.751802
-82.357455	-59.494112	-84.089359	-33.043709	1.614097	67.395022
67.258533	40.782733	79.252809	-62.351044	83.707292	-3.911442
-19.854610	91.787024	-24.554700	29.198394	-29.521376	34.339472
7.011557	80.348952	64.414127	-63.266895	-15.836600	-33.766373
-73.056746	5.411044	85.672264	-88.943752	-32.105067	-52.349824
41.878006	31.509271	-74.633361	92.347783	84.730780	-27.960106
-25.777944	15.629880	57.175757	-48.383061	-64.747999	-96.546473
69.678665	29.275279	60.385373	-24.082619	47.294876	-9.113566
58.566389	36.645762	-50.110401	31.101527	80.693650	-80.342465
-35.302275	69.936487	96.500833	33.398378	35.675655	96.027001
50.108094	-82.663724	-25.025340	42.938195	-29.348163	-14.245779
-34.752450	89.484663	41.852505	-52.411851	-34.974006	-35.220702
67.083526	89.553707	81.684422	-51.647499	-57.218599	-23.269839
60.130946	11.349936	-41.611037	58.404051	3.346205	70.944986
-90.752610	-57.296386	87.071440	35.508536	-36.104764	32.980302
98.487078	16.973016	-40.903701	-78.600374	-10.746817	61.891260
-23.875055	-4.162611	19.923837	-65.954031	-6.433290	5.682785
76.449799	-12.387262	-65.234875	19.621637	1.889641	-37.274179
-37.123770	34.771957	-65.245510	76.066484	-58.423782	35.585759
-20.967073	49.855271	81.961220	-65.680395	97.198841	10.199511
-90.156502	-0.610927	21.673872	56.457991	36.192055	37.130458
69.842202	-53.341146	60.965722	-49.941567	-53.040884	-2.149322
74.627346	61.343012	19.875721	-18.834462	7.549695	57.082400
-19.631222	10.917261	-16.134449	66.206589	31.944844	97.000365
-68.234627	-56.179024	83.307476	62.816716	-48.474743	-61.575532
-46.360487	-92.107963	29.512788	57.650484	-44.354356	22.745458
97.913570	-5.540042	9.907948	-32.233010	-64.446536	72.799212
