63.371144	65.640597	90.817089	100.091044	32.986796	20.249652
49.723296	-92.819552	45.839460	37.324889	76.587786	77.902437
-86.769491	-88.680195	-15.121362	75.773257	-83.316555	-85.137337
72.409374	36.506813	92.524771	-81.715887	19.367733	-61.088198
-81.782095	-41.469630	85.024851	22.136008	-82.390813	28.913180
96.471961	13.945603	31.199431	15.991180	41.918548	40.005432
-34.210783	60.681767	-50.664641	3.178631	12.742815	5.601625
7.532604	-20.473929	-7.918885	-88.978069	-79.930798	-12.802711
11.148011	27.023745	-81.130070	-18.549110	61.828817	23.338922
-58.247956	11.777885	56.840030	21.810381	24.933126	-35.423459
53.366435	-67.650768	38.199571	-28.249506	65.789986	-98.678734
73.161212	5.580148	-79.029594	-95.673459	65.558175	84.002592
53.629190	-86.686939	17.346515	-96.998398	9.120829	-6.813858
-60.839918	-98.308685	-86.840254	78.215073	4.387688	12.045532
18.724496	-50.753290	-58.934390	51.539834	91.789222	24.099027
84.125674	54.951391	-71.805022	-86.332511	14.928840	72.725028
31.648639	68.861925	-1.360822	-74.627456	5.129249	-59.028136
31.400025	-43.308227	99.675104	-21.290589	-20.703289	75.796945
27.088135	-64.196967	-34.844439	-19.741258	41.380567	-38.152793
89.477755	33.265726	48.886836	-28.867318	-94.240428	62.814934
18.907014	-94.005592	-59.634045	97.852121	-99.029101	81.181583
-56.288212	38.764851	84.709517	6.670229	12.325221	-91.463025
-98.098660	-0.110605	-15.832865	-83.457194	-31.526798	12.615459
56.333559	-69.386486	-47.221825	-67.583776	90.718293	19.193661
30.642560	-12.125958	-26.909082	-60.758816	-65.033083	-99.276033
46.705852	-33.767075	45.639326	-91.329818	-29.871983	35.205596
94.180449	-38.336743	59.627623	52.814347	27.027770	-46.545594
-0.823084	88.905621	54.915385	34.450318	39.566945	-28.126538
1.740792	-5.515295	-67.856818	-50.597133	65.276602	-76.957176
70.316395	57.139108	-34.006479	97.775013	42.209021	-46.917842
22.910890	98.115579	93.301277	-19.733225	-65.655311	86.940534
-19.948359	65.794505	56.078323	-32.471672	94.840019	12.398955
86.290499	-13.281880	53.453195	72.101782	55.356058	41.100318
98.668819	-93.997268	-23.241495	41.594095	-62.097191	-98.382815
-40.914485	-65.835111	-79.990978	32.270708	-73.757207	3.765283
-22.210295	-97.314877	51.947613	-17.248920	55.377975	35.203778
67.914965	31.941413	45.736370	-12.203300	-18.967895	65.329514
-8.970608	-53.237764	17.836518	-65.998444	93.658589	43.748635
46.722965	-32.418925	-91.684474	88.503189	-79.627151	37.998924
43.040802	-2.717282	-58.595460	97.273954	-87.132078	-0.739401
47.244741	-98.049242	-34.292567	28.691408	-47.904987	-48.980717
-64.922790	64.001536	75.264223	-21.840880	-86.647188	74.006190
93.703870	93.805491	-78.118214	54.726949	80.461022	-36.812534
60.829838	-13.928046	-42.719307	70.769413	58.072970	32.979973
-92.071730	50.331892	26.719879	-54.807000	-19.408815	-46.407242
28.467791	78.832533	-74.193965	81.768646	78.207769	-5.725651
89.494487	-77.110593	-79.305173	-56.257850	-69.634617	-28.644686
49.521583	64.824357	65.846406	-24.383578	-31.486107	-26.753708
55.179103	-57.710416	-56.185085	-90.665392	-86.382899	41.583264
66.588767	30.668634	-54.825577	-98.471751	-62.806297	32.335171
-71.439040	-62.744521	85.644518	-70.008779	45.374515	72.491614
91.484181	-73.503232	98.629655	45.484079	-25.141913	-82.924802
-45.183569	27.393383	-47.692445	37.617015	-96.432538	-22.909902
61.142950	-32.083088	7.294296	90.749010	56.238883	-56.587722
34.995197	-51.221575	-8.549676	41.166697	-44.075183	-87.335453
63.683217	-86.622045	-42.350787	67.531213	-57.384130	13.298872
-99.230399	-53.505365	-86.359237	24.209579	-7.324251	-80.273765
96.529660	-92.309126	-68.641237	-45.561958	19.379755	76.089587
59.352169	51.654531	97.763773	19.018149	61.944700	26.051748
-81.549806	54.489295	-62.228915	-9.816300	8.083295	59.485199
41.230837	-46.755083	78.931660	-58.277626	34.450655	60.476617
-36.381546	-25.667961	31.769216	2.774389	20.006571	1.075664
-40.105105	-65.230365	-20.071804	94.068048	-53.468525	26.489160
11.307598	56.620168	-57.350161	44.798565	88.761296	-80.452905
-46.815059	76.452895	54.874836	-43.747412	39.682126	6.682239
-83.495942	-14.474132	70.460789	-0.233347	-57.440365	28.319248
-6.108437	90.772875	62.980546	78.948007	89.531033	14.956881
57.071390	80.339881	-67.736856	-48.117142	37.918295	-67.575261
69.307311	-21.048791	42.054828	-6.473429	39.901948	-20.111953
-84.192513	77.542323	-30.748733	-13.364968	94.019314	62.376601
8.914135	-81.618146	87.227981	-92.289397	14.380700	41.430528
17.162089	79.782656	-37.619019	-10.841670	-46.412202	96.256015
-92.277000	-89.863999	26.236995	-18.407153	-43.985373	61.079073
-32.817643	62.118240	98.097397	52.756131	90.249418	39.973664
50.989091	-0.828692	47.167817	-9.346750	-25.632553	69.661044
80.261270	-15.593229	30.343748	20.767462	-64.129497	58.579429
-52.555396	65.472377	59.353935	-1.729597	44.594775	-88.659514
-34.132057	-54.824233	91.606275	-90.674973	17.515246	77.029706
13.374288	15.425335	78.319214	85.414440	-64.095009	-82.981418
-87.723289	-23.403125	-93.382368	63.353971	-63.342139	-39.711063
49.805521	92.784389	-30.034868	-88.170106	0.720744	-18.392717
5.358584	-70.735610	17.509397	-74.348140	-52.739674	67.952904
84.120963	92.160955	12.686252	48.814812	-54.550234	56.214018
66.296627	-54.672248	-9.132202	-35.500785	-30.849308	-71.044124
-37.928779	21.864605	-55.681350	-7.453875	-18.990774	-26.172352
100.602676	89.331439	-12.140289	64.766405	95.031207	-19.193358
82.484065	43.399802	-86.732280	81.679740	-64.434227	-0.949577
-97.740828	47.006914	-60.722912	-9.272691	9.488155	-47.568023
-93.129673	95.385686	-82.028540	-59.562421	22.927686	64.645875
70.911087	-80.503186	-85.373291	-27.510474	-48.981780	78.496989
37.761973	-90.245180	52.814187	-50.811776	59.984970	-40.781411
-14.529017	94.833468	-30.416632	33.388394	71.291551	3.732129
65.885635	78.307362	41.927784	71.337509	-83.780987	-68.460526
50.937725	-46.653591	-72.625984	-37.421776	-79.699865	-54.895142
80.053742	-54.639804	-65.613467	-92.406215	-13.544507	-67.951637
-81.450887	-77.629822	-36.709028	70.899301	81.889550	-27.956270
-50.789952	29.498789	4.827118	-52.403050	-12.776239	-66.841376
90.770667	-76.438024	-55.863133	45.388860	62.811831	88.503572
-88.996780	42.933152	-62.731343	-24.407499	-5.797889	-79.769109
-28.474756	76.718165	96.208208	-3.392766	-24.615562	-50.819196
-77.356935	56.250757	-41.546609	-11.286857	-17.111101	10.887750
81.103127	83.938172	-24.658313	52.320349	3.433443	25.791976
43.535828	69.657157	-19.090759	52.599424	-23.729412	49.130099
87.633086	-26.807897	-21.888291	51.825098	-29.385243	77.130934
-90.625060	-62.987310	81.702045	38.718118	82.100555	-64.364787
28.034105	-43.338491	56.640912	-64.806905	-94.932463	-15.235859
-85.451722	-35.015344	99.735119	18.676576	68.506718	42.706442
24.722008	40.547648	80.211246	-50.253722	-71.272158	-16.055279
-98.743727	46.930132	-27.090310	50.313171	35.234271	45.166557
-78.411934	16.470521	84.202900	-39.948724	20.585329	-39.465178
-76.173806	-64.714329	-46.870853	16.460347	99.505008	94.488354
100.643710	-42.604446	-11.816014	81.730435	-67.857646	24.211031
-71.960245	52.621038	-52.415128	15.393993	-28.945275	33.270726
-16.276543	73.850964	23.611515	-81.109986	-8.936697	44.462742
-60.201907	97.686305	43.680850	14.468559	-85.416729	60.337008
22.257232	-7.939085	47.697117	6.628752	36.410750	-73.046198
89.939121	-2.924331	-56.143915	70.271393	-94.936291	56.274890
-0.500034	11.540382	35.352037	-50.355545	74.530926	-12.657407
-90.149812	13.865374	74.845099	-75.587706	22.702939	69.812178
-15.950789	-12.438164	-57.292181	12.402811	-30.632296	85.002701
-81.749176	-25.052401	92.988570	-76.921569	-53.340016	-29.922277
-82.940175	64.167479	-1.708863	-40.451977	46.864813	20.618456
-43.655078	-30.940746	51.950442	48.865820	-11.715410	60.204767
-13.151427	-77.322954	18.238778	-44.523756	-18.154023	50.850852
-24.301219	-31.017886	43.130849	-57.549319	4.420744	33.860029
-96.718212	-26.079919	-3.653940	2.642819	25.800824	39.881111
-31.530390	39.594331	-17.897615	-30.544712	-58.796732	39.034267
53.293105	-19.677609	14.518530	65.945762	99.973352	25.701587
-78.571379	85.367251	-49.776595	41.416488	44.140109	68.452075
58.169075	-8.792948	-0.132486	-87.336674	40.538578	-75.235970
88.344102	74.663781	-21.858741	-90.350280	-53.495296	99.840828
-33.182800	-5.762006	-69.112591	-23.126497	40.311082	52.479283
60.085218	85.044729	68.300684	-25.427906	-97.914685	-52.053293
0.527569	-97.331852	-89.126189	-15.117356	-99.569125	-8.019856
93.693337	-25.564781	-65.391470	72.915905	18.781402	-98.528319
-66.492278	89.193414	-10.204173	-74.832221	3.585354	-87.157178
-73.880883	72.904452	-17.498314	25.176085	-72.476133	-24.616234
91.740837	36.101958	-65.785756	-42.812915	79.823388	-62.168282
45.576929	21.861120	-22.398827	-1.401525	83.959105	-29.274643
53.885227	3.507935	-10.198034	46.111889	-7.255920	60.944852
94.591272	-64.478393	9.506031	10.256674	-62.063140	-32.905976
24.464267	15.121916	60.846028	80.971150	-19.745919	-15.928793
-35.661858	-1.074916	-83.509586	-65.043853	55.471246	-60.292045
70.228530	25.919817	16.922266	54.565454	11.327604	-10.201219
-18.697393	2.624845	47.620421	22.892607	-5.829038	-16.004339
33.083673	67.699790	-19.879646	12.998684	10.608711	-86.987665
53.279511	15.426866	18.022458	-38.998981	-56.382105	98.101088
-78.315661	52.410796	-43.638407	-57.655997	77.499928	17.153371
-98.206632	62.585747	98.492633	51.282716	-77.408829	43.526994
40.535536	-17.256326	19.573432	18.840291	-38.369193	8.189539
-18.963020	-37.311078	-55.901739	-91.794310	25.058326	-70.531070
-25.370432	-81.990827	-15.175160	-19.328428	75.726519	-70.364256
-92.486157	77.179790	-2.275025	-87.619178	99.505273	60.272292
-32.382134	-94.933414	16.836275	5.923524	37.511346	66.488912
68.825044	-98.921931	-9.842743	-28.150728	75.072704	-16.677184
63.458815	50.398013	77.755682	71.386588	36.616191	51.408809
-65.020613	42.648900	90.445309	29.937758	-4.504659	99.304904
12.225889	91.355287	-64.736931	-86.338871	-1.008441	-61.846746
76.016664	-21.021424	-4.563674	93.507752	-84.083016	-96.463520
88.883421	-77.668925	43.804868	11.246392	-31.996427	75.104326
50.349386	-16.686892	29.348881	-16.618339	40.341982	83.135222
22.932499	72.016848	-52.907439	40.362038	-96.266695	38.826899
15.773112	71.370137	24.784390	-20.822739	97.561879	-37.602288
26.300465	66.712974	-16.031120	18.250245	71.414835	-1.939684
12.734390	39.836170	-41.960655	67.964435	-58.407286	64.547573
9.110415	-6.902549	32.465444	26.403808	-25.434636	42.375645
-0.914002	83.185974	-4.202429	58.428889	27.372388	73.526049
94.784855	-68.501903	26.219460	66.319005	74.069041	97.846499
48.606605	12.914469	-29.484689	84.277893	-38.830919	89.404043
-51.932637	23.512024	81.800354	-98.446979	6.782371	-30.870886
-84.352518	-81.022841	86.802369	-68.919697	70.911536	-21.227913
-97.096030	-82.647409	-48.398713	39.822075	68.083193	51.570186
36.450079	-79.743403	-90.646490	7.355799	-17.773132	-70.735744
-57.211340	-6.276966	-51.379017	88.532947	-15.125187	-72.766611
-32.445481	-68.003709	57.895310	62.434871	19.051481	-53.822274
-66.028730	-74.353526	16.446620	45.363470	-8.810928	81.650725
81.458122	-81.354040	70.984884	54.399447	-17.091209	-31.405096
-90.174958	32.650133	50.028549	-5.931653	68.030205	26.405660
-68.808717	97.456718	-67.208670	15.662871	61.225734	22.640957
74.320157	55.989952	3.287768	-67.364091	34.906522	-62.739782
46.420558	25.739454	-98.607687	27.335008	95.595671	70.956957
-92.728735	-29.779676	30.944841	-80.734307	-42.654379	-79.588193
-78.010168	-66.494642	28.801416	92.168370	63.606536	94.078080
88.478137	-3.590300	67.119400	-15.431846	-18.850058	37.242420
-65.177530	-2.226901	40.099336	12.301066	65.249480	-55.786211
13.282292	-92.197308	78.450471	75.874079	-10.329930	1.026472
38.095041	21.840986	7.688047	43.604822	-28.393500	60.020276
-14.135716	44.897276	-34.433231	-71.418614	-92.420868	77.649499
-3.270678	-90.483833	-4.676717	57.524587	93.406050	1.916588
53.059679	81.432813	-38.204972	-19.277478	81.760006	52.554889
-9.538911	-2.084225	14.803509	96.765650	54.359590	23.655798
70.355947	72.010893	68.302139	-17.285895	-64.761403	-3.917262
67.732583	-53.988195	75.861904	-92.133063	-94.334761	-71.904922
92.442779	-26.877872	-15.764880	-67.321806	51.630440	-97.511101
-46.862803	-6.825108	-5.214670	65.195662	37.594890	-40.322010
-85.831419	-11.055269	42.577952	49.320558	1.803087	14.142909
51.724493	41.993262	57.763984	-66.402580	-67.798120	-21.993256
-2.647966	24.535137	7.867686	92.262678	-20.139654	-69.195268
58.475103	-59.605314	-63.773405	96.617875	-97.814830	-25.106792
-18.978327	-62.438455	59.697686	-62.272943	87.491372	9.018102
-31.043172	-92.298023	-87.665679	-79.471828	-34.177361	-28.730425
-47.675856	67.908543	-49.978453	-8.798348	-88.319653	71.465896
45.950469	-95.701988	-20.060855	79.453560	-92.981059	-48.192607
-48.220888	91.943522	72.235463	10.988470	-65.100172	42.076384
-99.934991	-5.702963	-46.987014	12.228195	-3.054665	-1.566068
-0.459622	-92.070219	-86.015002	66.761215	-65.938119	34.419824
-29.410669	-59.336308	-22.033890	-65.954451	-94.516840	-5.917950
47.046467	-43.274184	-14.633503	53.000219	-44.436126	-82.862349
-74.689764	-28.592904	23.937234	-44.469939	-75.388868	-31.184553
-36.297052	-93.595734	44.238725	89.986374	-4.480954	-38.995509
-30.729562	-24.319508	10.517738	77.662518	-97.767949	31.615129
-76.312556	-87.543977	69.959648	-55.423844	-72.861406	79.007558
-18.570000	97.188207	-12.224229	49.174415	-91.438240	-60.018079
63.875869	16.863203	-43.764261	-72.859009	56.525850	61.657833
87.832107	-76.979166	94.361137	5.821808	28.677646	-96.071332
-48.629172	12.419794	-23.530174	54.660711	-16.436121	-80.783584
69.951317	-65.823809	-90.155409	-71.673840	24.369117	46.323772
78.945293	-0.556488	-38.692556	-2.834038	-87.622436	-12.995937
-74.824736	24.851861	-57.762058	-26.107277	91.389536	19.427084
-68.025691	48.589165	-75.226519	19.618571	65.493821	18.250098
20.055758	-79.062342	-84.587015	66.176551	-31.515159	7.926833
-27.680089	60.131977	91.345647	-70.450715	-56.302524	-33.081350
-17.790618	66.316929	35.383476	-16.614779	46.155506	18.248023
43.789020	-38.852529	14.358345	-94.582686	-19.506582	-41.976857
4.240087	34.740213	37.055796	-22.351876	88.529111	36.601695
52.850307	-83.934806	-40.159147	-15.371100	-8.515190	-59.229763
34.704173	-48.504537	11.255447	74.394263	84.313952	-66.610014
-44.587891	15.378818	82.297616	-97.973666	-12.917734	44.019938
58.360131	99.364915	-22.244620	-6.895261	18.930088	78.955630
-7.033200	38.142580	3.549159	-87.216022	80.082724	-67.481578
-41.180158	19.278509	24.163591	-11.056091	-15.368749	6.320263
-5.508373	-40.222405	99.746404	-49.810468	11.574564	67.806302
-34.810200	-35.153995	-17.955535	100.041886	-65.097957	-8.853615
96.736492	-51.898218	93.267248	-97.941311	92.686744	88.626336
-79.115080	-22.123146	19.874137	84.734218	10.756146	-70.289593
-5.124010	-89.261494	-15.063059	100.630200	8.588267	8.989175
-13.225569	-35.241308	-22.836734	-29.397236	97.346452	-29.544792
35.521939	-94.183535	86.248725	97.764533	-48.179737	-96.123417
-46.520383	1.452130	83.260541	37.106967	27.685162	0.787524
64.716995	-85.391218	-90.075665	-27.223986	13.396127	-45.232647
-31.610124	23.496091	40.355420	85.308998	-53.010004	70.500630
-8.076926	97.081256	60.522565	-65.122290	-3.417369	-67.298839
100.087782	-23.452287	35.164340	-25.478187	32.536197	9.402443
-36.529877	9.755843	89.505159	-45.182232	77.122989	-44.910614
10.064165	-1.875451	-13.994745	-17.699295	-3.949922	-87.802041
-39.780637	51.612792	33.793167	-26.080666	99.521541	-98.148540
-32.671683	-33.883779	38.968841	-55.202152	-0.623598	19.877843
-33.241198	76.632318	31.307163	-70.571821	50.634767	-18.432133
51.610022	-46.792737	67.193620	-53.639365	64.086389	-58.828043
-54.510905	-30.453107	66.758601	-49.055525	100.459690	-92.494573
-2.823051	20.572056	89.845769	78.489027	-72.695892	-93.513519
60.173096	8.572915	-66.324984	-32.218110	-6.919127	19.306963
19.192591	-52.645919	11.526831	31.424309	-19.279629	-48.408710
-0.284926	-1.362377	-98.179859	-9.283493	13.136109	82.347773
3.274868	45.288012	70.124697	-46.033463	4.261706	56.335318
-33.617160	-80.657873	-59.960873	56.196015	97.001363	-25.388036
60.060173	-84.297999	-32.468104	-16.961524	-75.651278	-45.656871
-97.086312	-24.790976	-12.728508	-44.950383	-76.889305	-93.356052
-38.157592	37.921399	-55.387136	92.309459	-86.939015	18.898856
75.258282	5.125958	-7.468992	9.522959	46.617249	13.424023
79.447491	83.917734	-34.129371	-86.819702	-99.044876	6.806019
-27.555333	-87.343077	46.753887	-75.078971	-11.930478	-63.277236
40.459319	54.054898	-76.217785	21.635502	-45.161669	92.645598
-72.103219	-25.346098	74.337643	-50.640544	48.001310	45.930089
-69.824072	96.414294	-5.273827	19.613364	-66.721167	19.764031
-40.801208	39.536952	100.816829	-90.571859	35.127235	-61.611854
35.420880	15.583953	95.190270	71.241960	-56.158839	-47.875790
88.595447	84.089436	-92.226955	5.959185	-35.172443	-15.757354
35.344138	-5.074212	52.784774	-89.464550	96.015232	-79.870514
33.026510	-0.037409	-16.852632	-25.251981	-84.763857	-11.053926
-0.699391	16.497811	-5.892040	-25.527818	37.320271	-15.757650
-26.503293	-66.206341	-37.814640	77.769567	-62.476225	65.407118
92.098941	-17.149182	-11.597215	-70.818233	69.306403	45.415737
34.231695	42.595650	87.966824	19.903283	14.668564	-28.867947
89.636160	53.547909	51.196566	-45.775424	29.954480	-97.871033
55.867310	-63.892086	39.008920	-58.490918	-96.725575	-60.364267
-96.852414	-40.733936	-58.066797	11.087305	-58.152695	38.775648
82.521650	-90.662798	-73.491590	-97.251558	-27.296244	-25.232584
-29.622779	-16.274071	-40.855181	-4.011234	-5.518742	67.316299
-25.220689	51.981566	89.490523	25.222028	-99.185081	-85.373084
49.602734	-77.409676	-4.129680	-19.034076	20.925771	58.260218
-54.466037	58.500831	-58.518120	-94.139320	100.711522	67.583762
-68.554907	-30.162870	-39.754691	-74.389754	81.353124	19.823502
7.543457	-36.794384	-80.629191	-95.990508	15.975365	-0.168889
48.629963	-41.795018	59.130650	96.793767	32.538961	-49.886878
-6.380427	-44.504526	48.143441	66.833637	-29.094507	-17.771411
-46.473622	79.786271	65.716301	-35.467483	71.904098	92.150326
74.637666	-12.279868	-38.242819	-56.708310	29.215367	-34.512147
-49.947877	-80.219940	-37.999070	96.264375	43.598554	63.930709
-26.662378	78.281130	-61.549289	39.706423	-32.548196	76.793153
-6.816136	93.649115	14.950875	0.949634	-13.120801	-84.034902
13.821821	-52.906725	-21.657156	-67.169523	17.595762	-86.101264
34.787650	99.680895	-61.329149	69.029523	-11.370839	8.549647
-49.862119	-11.529387	32.959053	-54.118683	78.753203	-51.322112
-48.544024	72.658524	9.686370	4.137294	-76.881351	55.390423
-45.391741	99.031161	18.436327	-16.704803	7.612871	78.380486
4.358208	9.342821	-29.760256	-13.806613	-83.924302	-62.157148
-34.408101	-86.259757	98.034903	-89.334370	5.251767	-57.162549
79.295221	63.655228	84.241426	79.527787	-96.698542	80.794018
1.323338	-93.080629	37.536308	-44.524493	-3.492029	87.184530
-24.054651	99.209699	-89.853803	-79.235316	48.628269	-64.236789
56.043391	-64.128852	15.915812	53.954693	11.678032	-64.499656
-77.572596	88.297018	-0.940552	28.872867	26.680290	-68.734190
-46.911593	37.678869	51.515528	-75.784642	-69.150293	84.409449
-44.582375	-68.715268	24.388786	-38.134559	53.509507	-84.411284
69.978561	-18.555052	-39.264956	0.969315	-97.218966	-48.436157
21.182908	-88.894552	-82.145964	-87.289560	5.294190	68.660019
-15.513354	87.592094	47.581680	-90.418159	-68.355363	32.371395
73.029952	-70.534702	-65.842976	66.914577	98.810160	-1.884364
56.595332	-48.468830	-42.627090	100.662615	5.113106	-92.865993
74.510413	24.904648	-22.672651	-34.382390	-58.045792	-8.734094
19.140164	21.067091	-91.755434	-53.426366	13.283569	-6.143284
67.578797	-7.791516	36.847274	56.725051	97.323710	87.269188
46.309296	-81.406043	-86.812642	-44.549100	-54.244307	39.675329
-6.019106	60.358326	-61.006475	-92.261683	-50.744092	98.778233
-91.328501	-77.266930	30.942826	56.264485	95.503012	81.476138
7.429169	-28.193604	93.900459	28.345763	-28.125405	-10.637702
56.790359	-71.870259	92.517463	-57.606070	-54.435236	90.492916
64.884450	-12.000773	81.733976	31.557025	98.238529	32.352583
76.383274	-54.483107	-81.579771	38.088281	71.071212	-25.014980
-70.992185	-52.593742	-61.699027	52.071463	-48.187807	-65.983686
-59.825849	-15.914928	-84.426494	-84.058814	-23.749659	-86.531482
-53.527979	-24.553725	-35.186886	-55.916049	37.662913	6.001466
-23.227503	52.175388	73.306032	-44.235191	75.230840	68.790603
60.924054	-43.100943	-9.085573	7.940259	-5.736398	-72.173209
29.961690	-74.685959	-32.364590	75.137197	-73.250402	16.093383
36.036634	-66.916398	-47.404198	-59.478924	37.451833	-7.792428
-15.403804	3.919776	16.964418	59.311720	81.234748	97.034490
-18.816880	69.367600	79.749797	-11.811794	8.991837	59.341161
46.597810	-22.181388	-24.156404	-95.621924	78.777174	-30.235707
44.138848	-61.314126	-22.220724	25.990154	-6.581787	-95.600402
-7.286622	41.797640	-61.658905	-95.657284	7.869990	95.151450
17.737370	-60.975615	-82.142236	-31.070607	-37.116798	21.733320
-88.801264	8.509934	7.350236	-86.404735	3.753961	45.515356
71.176129	-18.117879	24.258605	48.343268	60.438424	90.321899
-98.272342	-37.495804	97.125812	51.358357	-18.977908	-33.683831
-0.830316	-61.507328	-62.973116	47.644266	-23.464073	59.839811
6.236047	-65.278858	-68.733359	94.396747	-11.936932	56.842625
41.238530	43.747026	-30.534917	83.709575	-50.052633	-30.888816
-79.721034	-25.878893	35.798875	-4.678535	-28.854654	82.176596
75.588529	-27.961807	98.692191	54.510512	-6.539189	14.357902
-95.724791	-83.094258	57.059626	-68.622346	47.820500	73.623150
61.187387	-94.257195	-27.536155	-19.319237	-40.441740	16.421237
13.080636	65.995265	2.498921	96.613978	38.593337	-17.445291
20.021997	28.916650	62.725523	32.833448	63.197076	97.541439
48.163461	-44.757855	-19.773352	56.933418	62.270182	4.782374
17.146506	53.072374	3.589102	39.603734	90.797584	-42.455719
30.424237	-50.932431	-61.341512	9.734804	-0.094170	43.502346
40.995955	-4.819132	87.363518	-15.245313	-62.659348	6.682793
54.723688	-71.171419	-1.099618	-18.684821	35.829239	53.440603
46.576570	-44.216057	48.648621	89.808797	35.580584	22.302410
43.331194	-81.756072	32.925727	13.684519	4.764890	57.039189
-51.579568	-73.849399	18.733622	-17.355276	-64.800397	63.420889
-84.949326	-6.739027	-12.431324	12.041968	-91.138297	-69.571039
-23.864032	-14.634143	-51.086774	-19.896476	-9.531465	86.887598
39.933459	60.974844	-28.030586	8.698896	-40.076716	-90.152226
85.442781	-87.940634	90.933691	99.010629	-58.117857	-70.397271
-11.823536	98.012464	100.250184	-49.019689	-26.771715	-16.790908
78.088277	-1.767967	69.468574	-21.700524	97.097957	-43.899200
-80.330535	-26.750070	-42.709507	1.028689	38.525364	-59.478598
-21.906413	55.915872	-51.160260	-68.965219	40.297845	-46.031706
100.843421	49.349835	-41.283684	-26.678947	-56.862280	-79.970860
3.917892	19.540506	98.777183	-31.828881	34.981039	74.246631
32.857466	-36.043803	23.893564	34.504034	-78.411603	97.398959
19.093974	34.086555	-12.638655	-73.311100	66.474044	10.447322
-16.016557	43.450609	-62.003353	-4.932620	3.024907	42.906310
56.159805	-63.655263	17.682896	48.889858	-61.686656	-5.640626
-86.766972	-62.766651	-20.781407	92.133713	23.780320	-43.699640
23.172872	-71.847978	-43.959682	-78.274664	23.197877	-70.547773
50.207171	-20.331054	-16.999429	92.268679	95.105715	-68.819381
40.456080	-13.119473	47.237517	56.498326	-58.095206	68.932729
-43.278930	-59.730146	-73.879995	-61.084420	73.979176	77.386474
-21.914361	83.389663	-65.105916	2.465646	-8.417160	66.779850
75.925546	91.224982	-43.758337	14.320238	-65.479176	-22.160868
35.834670	-33.116373	60.625844	58.957278	52.489555	-81.076107
-59.943258	-97.405082	0.560119	-17.186008	-27.255762	-73.414917
29.273427	-4.935182	65.967678	50.662654	-35.823615	13.644778
95.985007	-48.417094	-12.968736	-79.259433	-74.793920	-37.605669
3.937621	-90.285939	-82.304160	21.363445	34.278232	99.198940
-19.786174	-14.473371	59.182123	88.669727	-84.360456	73.041571
86.486339	-51.633011	79.480353	24.705354	0.029028	-89.052855
-37.922767	-51.010248	-52.762155	95.121434	-18.703911	56.577605
-25.167949	30.629941	-64.618580	-91.233165	-30.978124	-52.514525
-10.328971	10.185476	16.219430	-98.534517	56.741722	87.604893
-41.238281	-26.369461	13.793940	6.771158	5.116695	-4.341773
-88.397293	58.089212	47.798286	93.419185	1.016685	-96.428923
33.999688	62.902953	-11.258357	65.943608	-87.402554	-97.541896
68.566710	28.414520	4.516011	81.698061	-80.945086	50.832002
95.384327	98.897240	-28.532409	-97.043278	-63.093710	-55.946074
75.222089	7.769208	18.430035	55.847535	-36.789784	-35.522120
52.126302	-96.193005	50.617878	40.466105	-19.376962	36.293075
16.909368	98.311411	51.748725	-43.771317	93.791219	-79.294428
9.310319	22.112386	4.028555	80.578758	-78.852984	-32.018165
-50.416741	-20.807858	45.519433	92.457614	-80.079882	47.310857
31.903601	18.291175	-14.953255	-94.941611	-84.237678	27.512175
-22.516904	72.830899	52.413858	-55.843448	-54.677729	-15.767630
-46.684971	60.206431	-60.056904	-31.932043	-84.809160	-0.904884
-90.469975	55.501407	7.823074	50.377765	-91.075242	-32.637499
-98.044863	-57.987869	79.119475	-90.506951	-78.102106	91.709671
36.375149	14.392702	-81.040367	71.028345	2.688019	-18.254361
90.175575	-53.017015	-76.882546	14.162634	69.545842	0.850569
-94.006810	-77.800180	-21.444643	61.438470	71.400797	-53.647563
95.906084	19.496378	36.871057	4.898986	-80.539913	20.825073
-79.564820	60.409386	-25.041211	-93.208277	99.528466	-49.313294
64.928865	25.118432	44.334147	-23.666725	-76.626977	-9.652353
-60.844129	95.573869	-15.944122	74.889983	-86.986850	63.082770
30.234912	-70.373238	-62.984573	-4.443903	90.106457	62.244190
-63.081193	45.410904	51.240733	-7.776559	37.381604	80.370594
-38.121170	87.562175	-69.626947	6.287511	-69.830540	-26.111265
55.380337	0.046648	80.694992	-3.519289	31.622988	-38.624806
25.309574	70.562447	-28.215434	92.706573	-82.554317	53.911687
-11.578179	-65.049296	-48.823550	-6.264706	87.183573	64.146821
-50.453091	4.334499	50.905578	-57.772923	86.721879	-52.951383
18.370199	100.211940	-88.370914	95.146990	11.797384	-24.243465
-36.016471	41.784333	-62.193366	-98.284290	29.406360	90.494693
-76.494435	58.559485	34.006215	4.692751	3.787017	34.845915
88.785947	-97.044150	73.360805	-20.473035	-46.782497	-8.170696
-77.496731	50.860497	-52.128416	96.330011	31.415070	-28.706293
73.165003	34.956610	-18.862696	-99.986170	2.499717	-31.010555
-6.646058	-26.236052	85.745710	85.836808	68.789581	85.391298
65.433174	2.678197	-19.790821	-63.384952	41.138640	-58.320502
60.328222	83.493477	26.660390	56.426716	-16.984924	-16.585468
-95.150438	98.239154	15.519107	-72.747119	-33.371956	49.124597
67.318724	-87.274789	18.874417	89.446012	73.073921	-21.113229
-65.405421	87.795520	86.646315	69.364475	-47.074931	91.486026
-0.619149	48.433019	-57.763093	7.550782	60.174404	-90.269886
-8.820446	-66.802478	-62.493714	66.839339	26.932601	16.088026
75.945505	-15.049054	74.575070	22.262604	-96.526339	75.714249
-84.968105	-68.435451	23.399021	68.763983	98.304085	100.832022
-39.871158	2.003881	19.474877	79.030508	-53.147993	20.018896
-10.858724	-37.276199	-75.560175	-63.538947	-35.871964	7.677084
19.343067	-65.605216	-13.474347	-79.542713	-47.123505	33.553182
56.255325	69.874340	51.003008	5.375922	-76.945768	48.954804
-26.319612	33.036136	-15.176709	28.741960	-3.007135	88.023399
75.142255	40.733367	53.343221	-17.257386	-67.374622	-36.003958
56.648110	87.906295	40.455394	90.939065	52.661944	91.127982
45.637226	-26.258900	71.951979	-97.106909	17.615258	-77.237013
-37.505047	-4.013205	13.606223	-31.419263	76.056815	24.538182
8.380649	10.671632	65.717412	-73.490756	82.339328	27.265332
64.037392	-29.245364	67.768108	-84.482998	41.463095	-51.739281
68.245646	78.422663	-80.180984	26.470716	95.790017	-92.521519
66.475777	37.869482	-95.941863	-47.993078	100.882117	29.075821
37.096231	-57.886846	21.567387	-25.730605	-63.157232	83.403044
-99.946728	87.777892	37.479617	-81.682153	-24.497169	64.105813
47.172685	36.250780	24.050177	-43.919308	62.294192	-35.115750
-95.932313	64.261725	-24.040061	-12.837686	-52.596765	70.202864
-43.900104	78.747991	94.733202	-73.152264	0.582146	53.894121
-2.042251	59.791963	75.212703	-96.425954	32.263081	35.197822
56.434454	-74.099886	64.441517	-77.572037	-18.469714	69.830394
44.264240	2.721792	-39.138051	-0.135956	-72.539467	-98.871156
26.712982	2.147055	-34.678557	-54.680651	-38.829985	-31.324157
-42.681406	50.989921	-86.716994	52.870262	22.641609	-54.258788
-5.639494	-76.278675	46.581753	79.855813	-43.035414	67.209198
10.151327	48.646335	-71.092542	-13.379745	11.051024	84.725322
67.354586	-66.847846	39.624011	53.240006	-88.987856	-19.407669
-12.259092	92.671451	81.756890	59.014981	8.950832	-45.288469
77.075584	85.143944	-43.748502	-43.654360	-23.456709	-15.665580
6.939206	3.110694	55.916521	-91.668767	24.891661	-3.134874
38.403549	-46.714117	43.501039	-65.407356	95.534175	-94.383976
52.318136	80.895113	56.773212	-80.331866	87.420321	-89.332650
-90.312691	-42.992598	-76.000283	75.808994	-25.555041	92.622486
0.997125	75.196969	31.434775	-80.032331	91.052995	80.816968
-4.610094	91.837938	65.275681	89.374737	50.175285	-23.246577
43.628524	32.368130	1.207790	73.689353	35.879981	-10.701940
-39.943666	88.688794	-97.394899	-22.845318	-17.189690	2.044288
-55.311813	-63.656964	-8.890866	66.497716	19.841757	82.103788
-93.079272	-49.027395	-3.632829	-92.140193	16.413420	25.061571
53.175581	41.985617	-48.239310	-86.116858	18.806031	-92.779390
99.412244	83.187623	91.909937	-3.932194	33.188462	-76.262803
-72.769074	-66.438682	4.334685	72.553479	95.747657	-24.401584
39.257897	-52.260284	2.220265	-32.966421	-22.313694	-25.310816
-61.779144	72.657940	-71.779598	78.194944	67.316925	85.608146
-89.367158	-80.252648	-92.624921	-0.732334	-8.978712	-50.994219
78.019979	-28.413215	-57.138634	71.895432	51.754043	41.387137
82.214086	-68.061935	25.497330	-29.500443	-80.059673	62.588287
11.892089	-89.113365	-68.642438	-21.936785	9.995088	-20.967900
81.047106	-35.201396	-4.135736	76.630353	-56.212537	36.071363
-84.702067	-96.658722	82.166635	-73.318812	97.667335	38.906205
6.459066	-29.017658	50.094328	49.156522	55.892126	44.367412
-36.117346	-88.518984	-45.791104	-55.004924	60.385850	93.008808
-47.431164	2.352670	-88.882838	-71.430549	24.586206	-57.924599
-22.956685	69.778430	-31.357277	93.068938	95.936933	17.945589
-72.666207	-13.751363	38.527164	78.948941	53.285127	-96.300201
-5.372643	-45.374951	11.529784	44.907568	-32.025161	54.217505
-96.425517	1.462680	-48.612959	-52.453124	-50.029545	62.282275
-86.217654	68.612539	6.709667	-56.702104	-40.672808	-0.969485
72.238020	-72.376215	54.331526	-12.089877	-67.857148	42.832966
-26.530789	-24.268389	46.681221	68.189148	57.548061	-4.931644
-1.527033	-61.079202	-48.366339	23.289517	-60.022485	43.715682
0.668139	32.408219	-98.900373	-83.378853	64.917555	21.918432
76.650215	8.782169	-5.779895	-32.803594	40.642982	-9.583725
80.455491	-61.331212	-96.790794	-90.357739	-6.136700	15.888913
-39.099579	98.194994	62.067341	13.381875	-48.799587	-63.473091
-36.274631	94.175277	94.550556	-88.569926	-30.954420	71.663089
92.961664	38.256634	82.990266	51.369275	62.515705	-10.229966
25.431771	-27.106185	-21.058787	-59.653459	54.453276	-78.733671
-2.780971	58.581643	18.783535	1.086898	-50.289902	-24.164742
-4.804948	52.730740	24.757112	-10.090641	15.452679	-8.145531
-0.078758	-57.115312	-28.081364	-73.226017	0.553087	-71.619225
32.815936	-14.284277	28.577407	61.831738	-85.216312	13.583152
62.388006	-22.709613	52.894746	-33.484893	-48.480163	-29.808591
-11.887191	29.533585	-77.785422	-63.652437	82.890188	70.941363
-24.900505	-7.400479	47.691503	68.088254	72.293363	19.373564
44.682992	3.225997	28.861080	16.676630	-28.420435	-20.255130
-11.098329	-79.216110	88.848598	83.945888	11.856806	64.836919
-10.838645	-44.145136	30.750797	64.835431	14.861359	-36.124919
-81.190689	-95.433097	21.385386	35.428001	-18.526614	-85.220663
23.979975	98.551715	21.779051	-55.925686	-89.209151	20.431242
-33.956245	-34.201920	93.383799	-2.066457	40.617334	91.462737
-65.433084	-95.145640	91.688134	-30.419470	77.898764	77.530918
35.126479	26.139168	33.754067	-0.758024	-45.488240	-62.456525
-41.896940	-42.297436	-33.981835	21.982324	83.812029	98.331775
-49.312854	59.301057	-85.017497	-55.362236	-46.933684	13.056728
89.991065	-5.689719	-13.013596	52.900351	50.405398	93.374403
34.431523	-74.367704	-41.606795	89.391725	-2.472612	87.748603
6.898638	69.633013	-48.376236	35.275619	-25.640024	-33.318575
-7.064175	-99.383556	-91.255418	-74.680123	23.816719	-99.695351
-3.993628	23.141096	-35.371016	-52.781397	-54.584766	-81.360731
33.639495	91.849944	-79.851032	-4.529036	91.146486	63.992319
73.199904	46.923559	72.280932	22.602537	-40.615580	51.017003
-55.338982	-34.044252	-57.145172	-2.657665	53.519675	-8.015817
-34.902771	36.541432	-98.358768	-69.128700	98.739446	-90.855056
-47.648660	57.362985	65.983091	42.389796	-92.407923	-50.644672
27.519116	23.848764	-55.255218	-84.865711	25.753857	-40.374793
-86.553468	-92.476596	-86.553917	-57.351862	-14.070964	49.763382
-11.139142	-1.719769	78.558420	72.379390	-72.318493	-84.403863
31.018365	56.038175	-20.750934	-69.920499	-8.698340	95.388738
72.210395	75.562567	99.055590	65.201147	-55.282961	40.354061
51.456260	79.886691	-23.671402	41.660932	-36.944773	-9.774477
-78.612096	57.129391	66.134101	-89.445884	-70.208643	1.429564
-68.985172	-38.201521	-66.123168	68.967612	0.991020	-46.753529
87.007475	-24.390529	-1.978049	36.456284	-15.196430	-45.028777
18.880951	11.076421	-38.297285	60.853002	-68.746252	-7.089716
-41.198156	46.026150	41.930659	14.410532	16.672764	-55.176067
58.242481	-44.490500	97.745445	-55.345821	4.011890	75.157712
25.261206	-94.466363	-55.096068	-42.664662	-16.585454	52.341867
66.095361	-93.047970	48.618068	46.584740	96.356198	-95.370779
-76.454899	22.851462	-78.314454	-54.169443	-94.547650	-86.406622
-57.344778	78.030595	-88.796878	-7.419139	32.687414	-13.729808
72.811527	-8.936691	18.388984	65.540386	88.216332	-11.764018
22.706882	-43.791731	89.817545	-41.534183	40.975737	98.893496
60.288183	75.815708	96.514976	-75.863241	3.230237	-2.038373
-0.529059	-25.458718	-99.245144	34.257759	-95.194352	25.378141
-15.490280	-7.725881	-67.723135	80.608079	-37.390494	40.445451
-3.583841	-42.595563	-40.966706	-77.696155	46.701115	-27.737729
-57.276870	24.061549	-62.496214	91.272248	89.162383	-74.986181
-75.973855	4.300730	37.504915	-50.037867	75.123445	-21.385968
27.100057	-64.106036	56.078348	-36.826394	14.534742	26.417051
-14.663507	77.706636	34.780222	-84.623099	-68.945062	42.043367
1.238079	-8.150201	83.920121	37.773547	-37.306361	24.103108
-32.389939	-3.241085	97.052539	-52.905190	-88.961251	-87.453149
-54.543038	12.050011	35.977445	80.471054	38.214157	-62.171468
-41.703974	-39.888452	32.797803	-90.791530	88.305466	-58.895615
47.487339	87.928581	29.599594	-16.815970	-3.627135	-41.745732
-46.102760	27.541159	31.565093	-64.321956	-63.068816	-67.597524
98.828378	-86.732826	-57.914355	-77.348379	-68.169181	-30.897004
-30.459082	-62.841314	75.965118	95.404948	-66.174861	-98.841124
59.072805	-23.044458	30.725917	-83.026359	64.369923	12.549812
52.561886	30.511062	37.528408	-18.086675	-55.685673	32.878135
-41.637825	83.947760	80.858310	-97.616840	77.173793	-23.764406
51.219171	-21.536635	39.167283	47.095041	16.133036	31.364845
-14.535760	100.819641	54.851827	-6.200067	65.994115	-92.293467
-11.527169	-4.298788	29.348906	-52.905577	-58.142275	52.810522
-39.983625	55.157548	37.420384	19.104948	-70.000091	24.453091
66.111900	7.793929	-94.710261	32.134203	97.322968	-97.643344
-59.837372	-92.380265	-19.776039	-53.287619	51.009799	-78.734363
38.823135	-99.661634	62.268006	-10.550534	-85.274473	-11.752847
18.798588	10.646701	55.602929	79.697158	94.564952	-42.157901
-34.659384	66.980926	-27.203646	-75.199376	-17.763294	-93.531236
23.335644	21.316802	-50.870765	48.710062	11.459844	-38.877417
-34.863321	-56.945710	94.672780	46.761232	65.424653	70.393645
-43.480193	-2.031383	-98.444809	-7.955328	19.564156	-2.095528
-86.995904	-70.311756	2.903400	-10.416542	51.982038	36.854860
5.610591	94.478525	51.752952	-45.746798	68.839958	35.690512
1.480443	-45.341513	39.131058	27.950783	-14.949672	-82.092623
55.902831	-90.340061	85.886495	29.100808	-80.606968	67.008247
62.086618	-35.670464	23.184441	100.063095	9.413521	95.442776
58.528290	-21.037371	51.726303	81.723111	-24.695164	-54.341798
-2.492793	94.236683	33.484304	56.865112	-9.929042	54.517239
-76.126569	-5.665378	18.342109	-47.175372	7.997666	87.841546
48.291863	-79.398434	-4.526104	1.664950	-16.930869	75.713858
91.161152	-74.727855	-92.075133	54.032639	23.211916	-79.510453
-68.391226	3.992341	55.188950	-99.535079	-69.385287	21.475737
-46.145809	-80.351801	-41.991075	-14.388466	-39.844545	-31.660209
-92.537227	92.683374	94.529637	2.125818	-4.332977	-9.760460
96.839802	-80.036903	84.097185	-1.698752	11.532456	84.623880
-52.931284	48.780016	-68.347215	91.138299	31.516549	27.715948
-32.902820	63.307688	-63.479788	22.132756	-93.933752	-79.273558
26.183545	-96.204454	-85.806716	14.186331	35.757981	-91.836342
-27.072409	9.034601	16.123270	-15.718806	-17.394899	-38.988334
-4.473009	69.879002	17.488922	35.392606	81.173676	-88.237212
97.091054	-87.853528	55.020609	-93.288828	69.318568	-15.522848
-73.443818	-64.240349	-73.916027	-98.665486	84.360187	-80.317223
80.762762	-98.221528	-91.205802	-96.276573	-25.332154	49.299784
43.836611	43.615030	-58.355063	68.387000	-11.921512	-36.706928
22.763619	6.037264	-29.724374	40.822752	-68.960999	85.520842
-64.868571	49.722267	-72.900978	-23.140176	-27.736787	76.917656
-10.239680	-63.853275	-0.906805	-98.968865	-52.508024	18.547764
-27.239245	68.455495	-84.296418	-86.255158	-67.340410	-88.967434
-49.362029	-58.530359	-56.443743	-69.674003	74.494295	62.962716
68.270460	53.303808	-95.126813	56.306597	-14.889710	13.226517
83.973081	-64.398598	-44.370062	-29.261453	13.297836	97.161741
-62.561473	3.167053	19.018138	-46.965652	14.589054	-80.020254
-27.817168	-21.612324	-14.806016	-56.572709	-74.760581	11.522199
17.258081	74.028958	86.955288	-76.219361	98.295819	-72.719514
32.634250	70.085960	-34.018131	85.824842	15.955178	-33.400202
37.293278	-47.222045	3.438409	-16.516571	20.210740	-17.343881
30.385601	99.518336	-11.196609	-20.379855	-38.741845	70.542191
-71.562629	-65.550280	34.661659	92.719695	99.494950	-14.948913
-46.314479	-41.282567	66.946863	21.515938	-99.108778	-81.645750
-99.490562	91.217705	48.423504	-89.697037	-80.164017	-20.297975
-38.722344	-16.782819	-42.411149	-54.170445	78.818072	-86.157553
75.483308	-15.196191	-11.619391	-95.635772	-14.621881	11.188383
91.487924	62.781430	32.562437	14.311763	70.027094	30.551265
79.111042	-5.330262	15.996818	-79.286350	93.743274	-53.788666
-22.924115	25.869615	91.219231	-79.884517	25.252645	-78.600609
-82.625080	-67.682361	-72.720417	-36.038510	-57.099099	-26.619234
-23.589497	37.295637	79.911939	27.857273	-83.405300	78.817792
-58.027327	-70.285871	-60.262039	69.783433	-75.994479	20.240845
44.437948	-83.498452	-34.745799	78.336231	-56.639401	84.714894
5.663812	-61.781723	-52.966531	86.111372	54.885915	-40.659989
-97.672641	68.837139	-83.838015	-81.274608	-71.380575	-85.651530
-24.361890	6.641616	27.468516	-21.503501	94.155224	-40.661322
-56.197607	-42.640811	-83.942845	8.082728	-0.274747	-62.360510
85.916956	-11.357195	20.869858	-94.332571	48.506013	19.409033
86.044385	56.071825	30.905750	50.942949	-90.975709	-6.969291
58.673870	46.435970	68.504465	-4.356119	-30.338739	93.373844
-16.427807	-18.107037	-59.013552	-80.824968	45.325064	76.614849
6.495805	-72.396365	-49.550658	89.286267	-19.652746	-92.767426
57.128374	29.415882	34.058510	12.946887	97.100031	-35.465324
-1.603479	-85.841427	-97.446772	100.244440	13.935003	59.381167
-76.178964	46.465922	24.341757	38.730039	-50.966169	15.288854
42.819985	99.265064	-73.956721	99.581141	78.020260	-49.301639
-42.251451	37.036600	85.852169	19.931394	77.982137	52.498205
-41.751246	52.134381	-86.687622	89.692241	88.775486	71.422582
13.117736	-25.129346	49.457129	26.544264	-27.288988	19.398963
19.252940	-21.087820	26.668634	91.062453	49.523277	68.474528
-61.885493	-49.480525	-80.126417	-81.455860	70.905250	-32.399841
-28.487259	35.471238	28.672761	34.456080	1.293759	-26.049218
70.258033	88.520887	-94.460769	-94.125635	67.459044	-84.704879
-35.645836	27.379647	-61.344166	-66.307129	-35.093133	94.832832
86.746030	60.173536	-71.436146	99.177237	10.605195	88.941816
-84.625479	71.654584	-36.791384	-83.656316	-49.979612	-8.741001
-19.124852	-97.274129	-55.847155	76.340507	-67.538620	46.982506
78.288489	10.971059	31.364088	-69.671671	-50.070630	96.706439
-3.666014	-36.076146	92.725900	48.824039	-22.440248	55.931270
10.533141	-26.286759	-49.469778	-47.760176	71.900932	39.661716
6.635873	-2.392561	56.386798	91.945384	-79.837896	-96.530145
58.393238	-67.713837	-45.459698	54.497781	-39.176233	-31.116232
-21.166338	-7.566073	-97.084422	-9.449923	62.157020	-78.238434
-44.650848	-78.306874	-98.441329	-19.837137	69.845787	39.222468
-16.614196	-9.188033	-45.132739	-94.516907	-33.147149	-5.731866
47.595675	-5.090389	18.698721	-66.561993	73.677173	0.523219
67.994277	-97.715095	-67.196771	-81.212979	-55.299533	-5.247819
61.882000	23.458099	-8.560516	-34.556363	-68.193444	100.291356
-87.217115	25.832274	38.523391	-23.543570	71.224147	35.178525
-11.173833	24.784489	-19.261067	-5.974424	94.622429	10.735095
2.857459	-1.057043	-51.103101	72.344161	68.687394	71.721835
69.359943	80.423291	12.589693	-20.708515	32.982819	-17.923231
-21.789349	98.360476	48.078670	-76.867213	-85.493332	-84.402641
-20.860805	-97.324633	-18.921386	-40.048619	-98.348017	79.913723
67.363891	83.367915	-93.343948	71.384454	-34.589993	-53.963059
-96.756533	92.910994	97.947555	-53.530232	-52.355587	35.266375
8.504637	-91.172688	30.037861	-79.696061	10.483669	-88.710331
-31.541285	29.667286	34.856160	76.067092	7.115834	23.814669
11.937934	-10.428922	-79.470821	93.166301	35.006901	-23.918355
36.940290	82.495271	-21.579909	74.562415	-0.643347	-49.750391
-67.647698	19.073202	-88.153978	-67.541253	48.089325	26.018671
37.642081	-96.868450	99.251241	51.871860	-51.565814	20.227842
91.547272	-47.025740	22.037235	-94.180991	73.568811	-8.497032
-14.728491	14.817156	-11.554291	-4.168983	-58.104072	52.462839
4.983477	-48.215467	53.634885	-33.459094	1.214468	-17.056049
89.451549	-33.124684	73.055220	-99.407487	68.900227	45.692637
62.792833	54.963035	97.791492	48.127856	11.955064	18.134630
-90.672981	-12.703990	-74.577339	-45.512559	2.634205	98.156085
74.308138	60.217239	-58.440758	35.820930	65.660769	-90.695552
81.488915	79.333096	56.623671	-92.516383	29.130112	-47.287293
-34.531888	43.569673	-12.955948	70.078201	42.392519	-4.364552
42.804598	8.023509	-47.436151	1.647548	-50.027055	-42.475922
24.252833	-39.994469	26.731512	-76.592625	98.230589	19.385083
6.267956	-86.570022	88.272083	34.240931	25.450566	2.298503
11.109377	55.409008	16.490001	65.711034	-63.954512	-32.845383
-35.356541	20.074537	-90.766249	100.360708	2.909986	40.676165
-81.418896	88.881718	-82.610989	27.972428	42.382547	87.842298
-80.182421	51.094367	-80.815709	60.640109	-43.236126	2.491678
69.242867	77.252948	71.872679	-72.221462	-12.253498	-65.928058
43.231180	94.255293	24.783716	71.239059	44.644069	-81.664359
11.950091	-67.801749	79.502224	-91.750071	-8.903811	-8.677369
1.376927	91.269204	-29.593013	53.086544	22.412018	63.635635
65.511051	-32.749155	-80.948360	-40.134150	2.592904	-59.603214
19.661266	78.040360	33.198864	-63.524645	3.348482	-52.821170
-60.000176	89.277306	39.107480	29.581767	-8.592872	6.381394
4.224719	-78.620563	76.368496	5.374887	-94.665514	-72.128030
-13.477797	-31.523196	-46.928670	88.580360	-92.429833	20.619693
90.161002	-49.437261	21.188107	49.662617	-17.016909	-7.720627
5.789357	41.075488	86.817124	-33.847221	64.816081	49.787517
30.415515	-84.748976	-24.113064	-98.683755	-11.717989	-68.499813
-93.614863	-50.323570	88.268636	50.840527	-71.256230	50.099414
-88.834265	-21.067282	-78.621363	9.104166	-93.928561	-23.920043
-13.922276	-18.842455	75.768505	-66.148411	-34.187828	74.946902
-69.430676	47.625572	-93.040651	-74.378056	21.575841	-36.752307
-54.331503	64.171155	75.399845	-96.423348	13.839522	82.548385
13.800831	-74.078955	73.113454	-2.224480	7.321232	-70.256686
20.278246	63.697203	13.235604	51.789612	39.837417	95.676143
96.185992	90.121713	-3.055785	96.000360	-13.077019	89.568548
-44.448952	24.538415	73.557866	56.925289	-74.607076	-35.619820
-66.230672	65.583056	-22.389837	-95.823679	26.615604	39.442674
34.175338	-21.824651	-12.475328	-25.605276	63.455685	-21.281155
-18.688213	-40.732594	50.812565	-72.120090	-87.196802	87.628838
93.579435	-96.684476	-69.954930	-59.496929	-33.014256	-94.735658
46.338472	71.984657	52.022198	-88.749446	91.540678	76.351141
27.342972	-48.797698	-89.893250	-63.457530	36.419223	47.176045
-57.084641	20.177402	22.460830	-99.058621	-83.165066	-37.025589
12.315698	-16.904643	12.016346	-85.532894	-67.505645	-48.143754
-20.451734	-83.528003	-63.198577	90.404487	88.416360	-10.222496
-75.673723	59.272952	-10.632269	76.859222	16.120005	-44.407598
-54.824908	-72.399152	-77.734555	13.002642	4.123948	43.119641
-45.399270	-9.434709	54.777462	-46.847065	1.151731	53.894601
75.824921	37.168684	89.305228	98.092330	12.838211	94.051092
37.429989	3.450438	-48.080101	-87.482038	-19.509573	56.232585
99.327853	61.231700	78.035282	-66.194880	-95.613609	-73.634149
-3.339808	-38.809824	-47.260971	-80.944722	23.400951	23.684977
-92.043976	-66.410139	62.149168	37.455312	50.188217	8.454572
2.275726	-77.581188	69.979006	-52.161984	30.361511	2.843016
9.411107	-4.431732	77.006850	-31.021471	74.258142	-29.167384
-64.705132	90.944537	89.796457	-62.365464	-63.359831	100.966167
36.705810	-88.941647	18.042918	98.187166	40.474569	-53.953265
-78.345661	64.877662	-71.712339	-41.958124	-62.525815	-71.419903
-21.772798	76.360265	-50.057141	4.228456	-16.558220	-94.594535
49.711286	-51.602752	-12.689365	14.245857	97.885249	6.976228
18.530397	79.260240	39.862160	30.678648	9.529606	56.785246
84.711041	89.354776	27.825538	-51.968864	-38.579533	96.561066
-18.904118	-50.596374	35.617241	-49.474934	90.587409	-93.132574
-30.314107	-30.532199	-81.805578	36.044096	67.465081	-19.153745
-13.810778	85.515821	-14.140633	-89.126174	80.821557	-35.469592
-3.527509	75.126906	-24.823465	27.381513	58.964649	75.725151
37.724920	71.486802	12.430409	48.829585	-2.311902	-78.098828
-90.525638	24.007599	60.443680	-27.332073	42.922620	-91.748964
65.625127	35.265533	-56.187131	-39.759531	6.499482	-8.988009
65.422886	22.062338	2.713998	-45.848403	-50.875246	-43.717424
-95.192387	20.559847	3.863600	71.562436	57.414338	-5.156467
29.756938	-30.560355	-84.761963	14.200993	-70.443646	2.451492
-53.642753	21.050100	64.033805	-36.241993	28.590585	44.284395
-18.642303	77.339516	-10.513733	-41.272233	41.372402	-33.799496
93.846673	80.267109	55.320637	-20.036801	81.240698	52.099158
51.426302	-89.499575	-63.610508	33.895042	-31.223472	50.191230
94.754677	-98.642765	61.478324	-47.024557	98.618414	93.191216
57.738927	60.595483	71.520855	-79.087472	0.293383	-27.100441
-7.820402	-22.129482	-72.666450	45.784594	56.555707	-52.009450
60.801245	-1.487839	-17.481527	-28.906296	26.972175	19.661279
-25.869721	25.125197	-16.023456	43.374717	-38.801361	-19.604920
-77.046420	-0.324212	52.814643	29.351545	28.099959	44.572348
-77.142600	-27.487972	76.861375	-38.003177	-98.979324	53.165414
3.058761	-17.793771	4.754936	-71.959013	46.211962	-18.152811
38.202731	83.883043	12.625978	-10.689356	32.114003	29.985620
6.934596	46.217508	63.249536	-5.600714	-40.711366	70.580490
-27.883134	96.082577	66.723467	-86.875264	32.871785	-53.697942
11.712118	60.021320	96.248654	20.760085	85.143188	72.620088
80.388714	-55.214561	76.095140	45.321745	49.302097	9.490005
39.976911	-40.525306	18.768187	22.191356	43.690575	67.958197
-53.207385	-15.220522	44.420234	-61.685123	29.584951	-95.315512
20.178836	-12.217246	83.481544	-43.223915	-94.359150	7.625472
0.772756	71.700055	20.071360	18.035487	86.684032	91.769557
4.211219	-74.068418	-5.079600	-2.896866	75.526804	27.774774
-24.659705	-49.803444	-75.182257	51.335067	-86.991733	-55.747684
44.726861	-30.726538	50.705608	71.771044	71.731164	32.519889
-51.693296	96.012857	78.450553	-85.569348	14.247327	60.203983
95.920628	76.712678	9.050971	66.712344	19.408579	44.938089
6.965289	-4.670356	20.662904	-70.823245	67.202682	-57.135800
-94.559750	44.776403	40.911126	-65.650356	46.826992	-54.941588
-80.138103	-76.365656	-12.396356	79.497801	-36.625055	74.509403
-51.441416	79.684881	-97.074862	-94.149905	-59.025348	23.025421
-65.948393	97.063455	30.660741	77.433972	74.308394	-82.456937
-95.477788	50.303640	12.691360	0.780077	-36.480256	-71.107472
21.359580	-58.137923	-96.943223	24.417947	43.814968	94.698234
91.718829	-0.715710	-12.896234	46.080592	30.271811	51.204509
16.871686	-60.303916	89.376561	27.799783	-98.550056	29.522624
-37.321919	-37.162386	21.038649	-8.993837	12.282902	100.042360
76.428878	94.530294	89.301999	24.660149	-39.954912	43.778784
-84.830819	14.751408	-64.833359	-65.115394	-5.945076	5.344487
-76.857511	87.584247	35.171668	-78.729741	79.180583	38.527926
-75.668441	-35.906917	81.452164	50.647989	-41.657405	2.456383
97.418254	-6.769127	71.985826	65.848791	-88.411887	2.085644
5.446715	-46.186824	-58.822365	-84.168447	-78.246588	35.994427
51.581316	53.802296	44.007720	5.790810	-9.489043	-78.881309
5.369257	-20.605352	-22.293207	33.050487	69.733394	-56.769111
32.895028	-60.487833	30.136616	5.456928	-54.214781	-50.306655
20.288429	-28.189905	-47.083317	53.543427	34.855186	4.171740
-19.745786	-47.495769	-22.509987	42.427077	31.942308	-51.982783
56.294920	-48.703999	-36.910773	-78.040505	7.687693	-21.219714
-27.324571	9.014595	76.071590	-0.859701	-96.221819	-76.398813
12.189764	33.418388	52.706721	100.421052	28.320498	-96.990764
-90.410356	-8.988333	59.903520	16.378633	27.096161	87.247192
-6.738228	5.881361	-43.732331	25.650295	-9.062351	4.530427
98.489426	85.842352	-9.646132	-47.341156	-9.588000	-16.725446
57.503870	83.518659	-85.194946	-21.681987	41.666801	3.028678
88.025351	-52.734828	15.432453	-81.192790	80.741720	-81.365092
-21.870130	-95.205841	33.668955	-22.028249	-25.789408	47.712287
-21.469897	34.903750	44.708896	-97.296002	-87.196833	41.543265
-83.289494	90.046540	-21.355912	-18.631336	55.605532	-83.896502
-19.441557	12.472478	-24.174316	-85.970771	36.181030	79.744310
86.457912	54.908933	-67.668999	45.614456	85.432274	-46.965048
-48.630989	-5.136961	-57.813613	43.165880	-50.139987	-83.269394
-30.581043	51.416412	76.229639	47.400141	-42.707252	-62.197999
57.425642	-86.412699	44.239748	-12.801288	-42.387343	-86.678527
-32.136758	-84.905729	94.042593	-74.967919	4.218564	98.273943
-72.924547	44.917371	-1.502583	-89.548849	-1.916562	43.095427
-84.782429	49.141285	26.398126	72.658800	-22.567365	-25.834259
78.432859	-39.035870	80.720725	90.037483	-55.427255	-63.032147
0.517535	-80.540642	13.263901	-33.325398	95.116233	-23.380028
6.724208	-24.713132	29.497721	34.538000	-73.488630	-87.442463
-63.788253	-5.652408	35.865062	67.781076	91.592525	46.013672
58.800466	-47.349689	-11.493895	62.004105	-84.099364	-27.994213
92.158842	29.117933	28.432624	28.378350	65.951394	-53.363253
72.547977	94.344332	-97.507579	20.276289	67.477632	-8.649921
58.658014	-18.814959	-20.246428	100.850498	67.243636	-26.955366
-85.692866	44.619812	-42.064414	-1.576421	74.423178	52.780927
71.827925	63.901129	-74.587922	68.852550	15.259323	14.947694
43.315895	0.736260	-62.954769	-78.577746	42.882905	14.476589
-23.894972	100.661645	15.426755	82.763677	49.112830	13.994298
-6.443632	70.755233	-73.408763	6.395865	54.390826	42.597180
-65.514184	37.090925	-12.804073	98.771819	-98.020930	86.747740
29.743433	99.757140	-65.288835	-70.986200	-59.546668	-24.807000
2.989867	-39.417874	63.842320	93.680593	78.772501	-80.205020
100.219365	95.419187	-66.600868	73.397092	8.672473	-32.863443
-91.398924	20.856458	33.840364	-14.751310	97.659705	-3.090595
45.802020	26.401332	-60.958876	76.894261	-44.291060	-40.960745
69.490391	-52.563344	12.724119	92.669905	-47.827611	-18.075951
17.498449	-76.794484	37.864906	75.652646	57.011848	-27.104878
30.983429	-83.548800	-26.609174	87.639552	-59.316145	-9.665969
-16.491865	22.196239	-21.946527	10.208540	16.620791	-92.674371
83.517085	24.194261	47.495923	64.922834	-54.484290	-98.399670
95.923063	-2.924419	-13.582619	23.299092	-53.952638	-19.801202
20.336889	91.126230	52.805028	44.796200	-11.962975	-99.030805
89.617450	8.617178	42.402400	74.756089	-54.246456	-68.226628
-4.274247	-84.228041	-47.252797	67.751691	30.397927	-46.623412
-90.517594	-79.006640	-72.744062	-45.595248	4.951171	-36.024616
-89.765702	-84.618173	-66.488895	4.479326	-23.582804	-54.172118
9.927152	-80.313120	50.184345	74.995850	-18.283777	-13.730236
-86.706397	-46.090894	-87.249983	22.950492	-68.303713	14.565535
21.464898	22.721335	47.061108	-74.338819	-29.021178	-2.384929
-55.898203	-35.236623	-2.751869	-84.024489	-97.159821	48.997506
58.499799	-39.337329	-91.032583	-82.340531	44.891683	77.801016
100.423509	88.117202	33.389284	18.869681	84.137277	13.960754
100.658848	-57.019825	-33.124716	69.271456	-7.467530	-82.181759
-60.521653	19.209823	13.080673	6.245589	48.122050	-86.860727
7.025380	12.267943	-33.907238	93.753133	-93.318189	47.008383
53.845153	41.156588	-70.058697	75.222061	70.180986	81.167309
77.350984	-97.561239	-85.570520	95.547533	49.821912	7.598422
90.567137	88.950532	17.385100	-24.960479	-64.492740	43.744756
85.949146	-78.841874	-42.714689	-74.661527	41.335169	-35.816997
89.880084	-7.626076	60.402222	-90.198646	71.966698	44.960700
-68.384282	-2.251341	-0.695695	68.085653	-17.474035	-80.060563
-74.227138	-76.190213	22.650229	-99.895827	-10.450851	34.057710
-49.261643	43.365514	-29.788977	-61.924450	19.511575	78.107902
71.599002	0.192812	-1.014465	-33.109091	99.714230	-43.062472
-17.827722	72.720736	75.643367	-54.732386	-40.309169	-45.087004
31.066369	-62.501528	62.744828	-38.384654	70.306523	16.123313
-70.143987	-72.666072	-87.817418	-55.806460	-76.855504	63.538255
-4.848601	0.026393	50.279095	-97.197560	-75.848442	11.161314
14.697461	-57.537995	-24.899618	50.084899	35.065554	-84.032733
-18.838246	-86.927482	-79.660009	-67.176957	89.525435	-70.571127
-52.027170	-45.508719	84.813807	-51.083259	78.940080	50.208139
-35.852478	-50.229430	-60.292069	27.614020	-5.883788	3.334324
-46.729251	-96.724977	-68.391809	26.937046	84.501713	-65.251991
29.467784	-51.409065	31.294212	-7.516502	87.717330	-34.917712
-58.483535	-93.109720	12.766586	48.498136	-91.036249	-7.238000
-23.377780	-82.499231	-34.858815	50.835904	-27.974753	-80.636862
-98.812316	-2.294873	-98.508257	8.690823	-63.026390	65.695017
-75.563574	23.245698	14.561423	-37.186326	31.882293	-51.159801
-87.120398	18.862271	-97.582305	7.446022	69.999964	-49.572408
69.246365	-75.787654	88.488673	3.354816	54.452126	-99.292390
-33.848357	21.349550	41.316212	81.694537	-23.579242	66.566155
63.423769	53.029769	-1.257956	49.134158	-48.345196	73.552909
39.679849	72.413113	-47.995497	78.475770	-70.797873	92.814817
-87.461529	45.455325	85.719004	56.499065	77.192950	-72.893834
-54.401856	81.797506	-96.316456	-38.320059	-21.002345	-16.334527
75.056298	-64.276963	-90.432660	17.423608	26.644136	22.386687
-72.964175	9.820249	-90.540511	-72.837395	-19.589658	82.840532
65.081959	67.191931	-74.963378	-10.523215	-69.830873	29.212340
27.385508	43.890533	-2.666027	41.984668	-99.616344	73.321689
29.715989	-33.830643	-15.862615	-51.939583	44.441464	16.113471
1.200358	-30.924991	-61.902570	5.449835	23.607179	-82.068460
-36.872158	-31.733639	42.795272	99.617295	-68.363081	52.145105
-8.983710	-34.426422	-75.076100	92.507070	99.833329	-79.599349
19.888689	80.206612	-5.774077	-98.296832	-8.443583	-15.190187
-14.526856	71.071741	-71.750180	-0.251105	-86.564277	47.400121
-83.936778	-18.385438	68.592624	82.172272	63.958082	-1.777041
71.930117	-64.340810	-14.983258	16.780252	-52.040477	33.460408
28.135636	-48.664424	-11.328641	44.305890	44.637969	38.543500
-47.380045	100.862330	-76.418703	68.927226	66.530477	-23.092346
-74.953192	33.697911	-26.296533	-36.473596	74.700472	-78.161244
-37.393649	-92.270441	61.760380	51.367339	-73.044729	60.219740
99.646434	21.672509	-82.844659	-5.534590	71.325226	84.927538
31.853233	49.113545	-79.047646	12.402593	-79.126966	-40.406640
34.979073	-63.772423	13.153375	56.930590	-12.508607	-62.533319
78.865417	-66.716535	-37.034563	1.807409	-41.723765	-56.678420
78.627470	-52.315463	-44.840669	58.271893	82.464308	84.444718
35.752464	20.568230	22.232309	52.780702	-86.610705	48.579098
-6.074857	-77.257174	-55.247945	-73.590654	74.590884	-41.515777
-2.128585	94.042795	-27.384948	64.135081	45.126533	-61.271439
98.434465	3.591410	10.471421	57.720191	49.646539	-72.491504
-98.276313	-51.835792	14.168209	77.200989	-3.246197	-11.532820
-66.458229	-28.592816	-62.747346	-66.394517	12.509537	-43.291078
-4.935467	63.522628	83.599285	63.449111	-8.458139	67.864865
93.283059	13.786017	-0.322895	-86.540366	-11.570883	86.712650
-9.977905	54.493544	42.203009	61.438441	47.126981	-68.297464
-79.363474	-84.070389	-50.423320	-61.698526	5.811356	32.425948
-76.334643	-17.528820	39.430072	-80.652269	-29.851164	-45.430935
-63.160805	-88.469470	57.557815	17.749005	48.991732	-11.287666
98.332009	-93.814421	-2.102909	-32.027702	18.294702	-0.576183
84.435192	58.708251	-7.868742	-40.463615	-93.032122	85.041315
-50.036433	40.573887	-3.533986	91.798788	65.039748	54.969331
74.642633	-40.129016	87.779625	66.433978	46.865604	-49.376072
-37.312587	-58.899586	-76.517190	64.722076	54.325832	-29.839991
1.396269	-28.972130	56.351000	-85.473017	63.244020	-10.074251
-53.062249	30.900696	100.605379	32.663313	-27.569180	68.612058
-30.714058	-46.547942	19.046196	-93.519546	-69.280986	-5.423251
81.045176	-3.212055	-79.424245	12.085980	75.459718	-80.930095
15.785375	-85.681551	-69.346085	46.378993	-64.993743	1.421694
-35.603461	-46.096183	-56.518299	46.789300	20.521469	30.738408
53.756271	92.570057	-49.576202	57.650861	-30.414218	-4.516485
34.605265	-29.596061	69.752134	7.236532	-88.935299	18.541834
97.503604	-56.036325	-68.737870	-25.592592	8.248462	72.291535
-51.543294	5.635319	-8.426673	-7.670209	94.134553	40.285716
-42.099906	-12.439855	-43.751354	85.667876	-85.787308	-68.784434
31.457132	2.753955	-92.473946	-64.034393	-14.940455	26.522534
3.678704	-80.244780	51.965120	-4.061093	-19.165147	-87.498495
-33.681188	51.919672	-26.334381	100.050444	45.559079	31.506100
-90.900806	-79.455657	-68.999068	-24.868997	36.342023	-12.123686
4.218637	41.595896	-55.516086	47.376302	-90.611435	-50.748421
-21.977644	36.475155	75.637063	48.770103	92.625695	-51.147592
-78.606339	34.832013	31.474385	22.129274	-15.153475	-90.360195
-2.700725	-46.175436	72.522506	98.755632	-6.485242	-96.101372
78.045159	35.498201	-90.522434	20.170281	-94.274538	34.238936
-29.632898	-84.738893	20.824326	74.947605	52.584400	2.674187
-59.395459	-53.511285	-66.916623	70.741763	50.004755	-25.585304
-57.442503	92.669353	69.780500	10.393639	-55.747473	-24.940914
27.269683	-80.622345	43.617539	81.296184	47.616208	53.723553
29.896424	5.503609	45.343245	-75.999243	-37.300775	-75.875534
-45.522225	-82.277874	21.697370	-94.823752	87.495379	-6.319524
26.557745	10.235079	39.859488	54.135173	79.272559	25.617179
5.215953	28.398476	-14.980652	-23.742016	28.941833	-62.412920
83.475689	-40.206312	66.203021	58.379126	-42.638166	39.711941
64.516697	24.094216	-39.133717	86.912621	-7.398538	92.459407
87.852128	-89.630491	77.517725	40.640435	100.632359	-14.465874
43.528094	51.985928	58.068140	-98.574363	53.153728	-53.365071
6.137456	48.737045	8.934237	-83.473119	38.801369	-62.475528
-78.493156	60.331296	60.571852	71.304154	-52.753567	14.003390
-71.838648	-95.198760	68.577218	19.477988	-26.184329	-62.948285
-31.562451	37.348441	34.822509	13.940365	-12.025551	-19.152587
89.612768	-51.662667	11.129681	100.691235	-84.921217	99.175460
24.139092	-0.001282	-37.250546	18.272917	35.360958	-29.310292
91.564488	59.983316	-89.125588	64.707750	-5.668007	76.291637
-31.083278	38.595627	-5.091992	-24.809441	-58.756140	95.750964
67.523481	2.754376	-73.741436	36.497811	49.941861	-76.413033
-85.821900	61.225623	-47.693032	13.046760	-63.991844	10.776937
-94.582237	-99.007982	-73.450518	-47.945335	76.375387	8.978192
42.831473	17.560643	-31.162975	-78.629125	87.495320	99.109529
75.550484	16.324006	55.794079	-29.851742	99.988404	-37.806704
-7.784007	93.154393	17.174774	87.848731	-65.229868	-82.392182
37.650650	90.876875	64.467137	-7.849296	-33.872336	75.662455
61.944471	-96.150014	49.391361	25.995560	-20.875646	-29.386100
-24.526513	-25.580481	56.922277	87.153057	26.695995	-74.527479
2.367843	-60.386883	22.838031	-99.698168	38.036871	54.182557
-5.700184	39.124724	-82.939881	-27.688891	99.180557	76.424511
-56.063956	23.153803	56.329988	-30.147794	-37.731405	36.065427
18.874487	54.672006	-6.201923	9.810900	-57.634037	-33.494006
66.601790	-66.739186	-79.196671	-14.327193	-94.254516	-24.794289
-90.509754	-94.879228	62.430004	94.938977	38.682333	71.763575
1.196527	-90.483131	-87.968859	58.974932	-73.524693	-25.659603
30.374847	42.057065	80.306921	-51.407142	64.173122	-7.344891
-28.575058	87.545455	-3.086348	-83.647060	73.921330	-28.265178
17.561962	7.686006	78.003693	-43.950437	81.940307	61.241526
54.274096	9.712711	-56.627369	-24.505458	-85.030279	-90.830777
-63.159201	98.993707	-92.171995	-11.889071	83.826703	-87.736465
8.625718	-32.986221	52.096093	57.212210	-59.056256	15.922912
96.220142	-34.115559	95.440489	-22.883637	-77.156252	-30.875572
-88.228078	60.918415	-65.451640	55.232022	36.112027	-57.339787
-29.496900	56.255020	91.442621	-62.583749	29.482250	-23.475513
-23.031827	13.401764	-95.907902	-39.009307	32.712093	20.402556
-54.682076	-83.672646	-43.692931	72.320496	64.946937	-81.275640
95.074784	-19.772387	-66.868574	89.489248	-36.921010	-65.115378
-2.340742	27.522715	71.451541	4.011653	75.747437	-52.827358
-51.302336	-7.964488	78.819335	97.396864	33.121681	80.598931
-63.577512	97.796674	-97.087997	-43.966084	-21.647945	-99.542326
85.784948	-6.507259	-94.897516	27.595816	-1.417508	-14.935645
-88.849580	-47.045794	87.357648	-19.386094	51.674899	83.558760
-92.229360	80.926957	19.300146	-1.681633	68.564820	94.165443
-38.548025	33.402757	-33.048906	-66.702804	-86.282001	-50.173958
56.318859	-56.394301	-50.153860	13.418920	55.075367	38.423314
-39.194094	40.907593	5.405522	48.320331	40.889094	-90.586751
94.961039	45.650291	29.722859	76.882400	32.197120	55.816982
51.181672	-21.334396	22.470435	51.333508	35.768954	-59.050583
61.924696	-50.288632	-99.644214	-82.373276	-48.632664	-41.738158
61.116213	60.433995	-82.055009	-7.048274	55.531302	-3.986247
26.004976	-90.611869	-23.496956	85.259352	-99.317660	69.531817
81.138030	-21.082755	-50.485705	25.072146	9.969975	-9.187913
89.297438	-61.716411	92.495526	-95.634626	-86.242655	-96.174077
-9.766603	83.544190	29.242527	56.426775	-31.179978	23.743919
