100.000000	100.000000	-99.930149	100.000000	100.000000	99.946747
100.000000	100.000000	-100.000000	100.000000	99.929116	100.000000
-99.861859	-100.000000	99.986159	-100.000000	-99.932782	-99.811374
100.000000	100.000000	-100.000000	100.000000	99.790405	99.853401
100.000000	100.000000	-99.925679	100.000000	100.000000	99.936078
100.000000	100.000000	-100.000000	100.000000	99.940607	100.000000
99.910029	100.000000	-100.000000	100.000000	100.000000	100.000000
99.916639	100.000000	-99.916639	100.000000	99.941957	100.000000
100.000000	100.000000	-99.818489	100.000000	100.000000	100.000000
99.885689	100.000000	-100.000000	100.000000	99.964027	99.980188
99.885302	100.000000	-99.881108	100.000000	99.952972	99.960458
100.000000	100.000000	-99.966299	100.000000	100.000000	100.000000
99.947301	100.000000	-100.000000	100.000000	99.878573	99.921180
100.000000	100.000000	-99.886117	100.000000	100.000000	100.000000
100.000000	100.000000	-100.000000	100.000000	100.000000	100.000000
100.000000	100.000000	-100.000000	100.000000	100.000000	100.000000
100.000000	100.000000	-99.988404	100.000000	100.000000	99.987854
100.000000	100.000000	-100.000000	100.000000	100.000000	100.000000
100.000000	100.000000	-100.000000	100.000000	99.952739	99.808594
99.981634	100.000000	-100.000000	100.000000	99.911048	100.000000
99.826031	100.000000	-100.000000	100.000000	100.000000	99.972093
100.000000	100.000000	-100.000000	100.000000	99.657807	99.957353
100.000000	100.000000	-99.737161	100.000000	99.869293	99.865520
99.923997	100.000000	-100.000000	100.000000	99.995124	100.000000
99.899188	100.000000	-99.784276	100.000000	100.000000	100.000000
99.995577	100.000000	-100.000000	100.000000	100.000000	100.000000
100.000000	100.000000	-100.000000	100.000000	99.984248	99.967803
100.000000	100.000000	-99.950519	100.000000	99.970860	99.926799
100.000000	100.000000	-100.000000	100.000000	99.986485	99.998210
99.961247	100.000000	-99.949047	100.000000	100.000000	99.830506
100.000000	100.000000	-99.807599	100.000000	99.989378	99.987534
100.000000	100.000000	-99.886604	100.000000	100.000000	100.000000
99.924782	100.000000	-99.865092	100.000000	100.000000	99.778564
100.000000	100.000000	-99.894559	100.000000	99.975620	100.000000
100.000000	100.000000	-99.956142	100.000000	99.987114	99.904502
100.000000	100.000000	-99.932496	100.000000	99.941570	100.000000
99.992782	100.000000	-100.000000	100.000000	100.000000	99.862041
100.000000	100.000000	-99.889187	100.000000	99.996859	100.000000
100.000000	100.000000	-100.000000	100.000000	100.000000	99.847481
99.994326	100.000000	-100.000000	100.000000	99.933000	100.000000
99.977255	100.000000	-99.885948	100.000000	99.993277	99.981733
99.980826	100.000000	-99.835452	100.000000	99.719744	100.000000
99.931390	100.000000	-100.000000	100.000000	99.940186	99.963005
99.924719	100.000000	-100.000000	100.000000	99.890263	99.927398
99.903554	100.000000	-99.934511	100.000000	99.928952	100.000000
100.000000	100.000000	-100.000000	100.000000	99.985792	99.887945
100.000000	100.000000	-99.978801	100.000000	100.000000	99.934934
100.000000	100.000000	-99.934194	100.000000	100.000000	99.902130
100.000000	100.000000	-100.000000	100.000000	100.000000	100.000000
99.878715	100.000000	-100.000000	100.000000	99.882546	100.000000
99.772582	100.000000	-100.000000	100.000000	100.000000	99.927429
99.928613	100.000000	-100.000000	100.000000	99.844257	100.000000
100.000000	100.000000	-99.900377	100.000000	99.963187	100.000000
99.999935	100.000000	-99.848275	100.000000	99.855622	100.000000
99.914096	100.000000	-99.965739	100.000000	99.959314	99.891561
99.945961	100.000000	-99.925820	100.000000	100.000000	100.000000
99.991701	100.000000	-99.874608	100.000000	99.865432	99.974409
100.000000	100.000000	-99.944313	100.000000	100.000000	99.986358
100.000000	100.000000	-99.983628	100.000000	100.000000	99.926605
100.000000	100.000000	-100.000000	100.000000	99.901248	99.954119
99.876927	100.000000	-100.000000	100.000000	100.000000	99.900433
100.000000	100.000000	-99.872858	100.000000	99.817394	99.722473
100.000000	100.000000	-99.957559	100.000000	100.000000	100.000000
-100.000000	-100.000000	100.000000	-100.000000	-100.000000	-100.000000
100.000000	100.000000	-100.000000	100.000000	99.890326	100.000000
99.906586	100.000000	-100.000000	100.000000	99.951403	100.000000
99.971939	100.000000	-100.000000	100.000000	99.984780	100.000000
100.000000	100.000000	-100.000000	100.000000	99.975544	99.894768
100.000000	100.000000	-99.912891	100.000000	100.000000	99.993344
100.000000	100.000000	-100.000000	100.000000	100.000000	100.000000
99.844745	100.000000	-100.000000	100.000000	100.000000	100.000000
99.761164	100.000000	-100.000000	100.000000	100.000000	99.843228
99.991555	100.000000	-100.000000	100.000000	99.793570	99.991259
99.918827	100.000000	-99.988633	100.000000	99.976461	99.832236
100.000000	100.000000	-99.877942	100.000000	100.000000	99.934063
100.000000	100.000000	-100.000000	100.000000	100.000000	99.986767
99.991449	100.000000	-99.957837	100.000000	99.839452	99.989371
99.958167	100.000000	-100.000000	100.000000	100.000000	100.000000
100.000000	100.000000	-99.976121	100.000000	99.785361	100.000000
100.000000	100.000000	-99.968751	100.000000	99.993204	99.930633
99.898939	100.000000	-99.835410	100.000000	100.000000	100.000000
100.000000	100.000000	-100.000000	100.000000	100.000000	100.000000
99.898698	100.000000	-100.000000	100.000000	100.000000	99.955757
100.000000	100.000000	-100.000000	100.000000	100.000000	100.000000
99.834193	100.000000	-99.900767	100.000000	100.000000	99.830266
99.943046	100.000000	-100.000000	100.000000	99.980487	100.000000
100.000000	100.000000	-100.000000	100.000000	99.896015	100.000000
99.803496	100.000000	-99.917782	100.000000	99.822172	100.000000
100.000000	100.000000	-99.890540	100.000000	100.000000	100.000000
100.000000	100.000000	-100.000000	100.000000	99.872397	100.000000
100.000000	100.000000	-99.952993	100.000000	100.000000	100.000000
100.000000	100.000000	-100.000000	100.000000	100.000000	99.948634
99.941050	100.000000	-99.974367	100.000000	99.945299	100.000000
100.000000	100.000000	-99.974652	100.000000	99.898242	100.000000
99.832951	100.000000	-99.996546	100.000000	99.892188	100.000000
100.000000	100.000000	-100.000000	100.000000	99.984575	99.987179
99.969732	100.000000	-100.000000	100.000000	100.000000	99.711038
99.974761	100.000000	-100.000000	100.000000	100.000000	100.000000
100.000000	100.000000	-100.000000	100.000000	99.950224	99.979159
100.000000	100.000000	-100.000000	100.000000	99.780057	100.000000
100.000000	100.000000	-100.000000	100.000000	100.000000	99.921847
99.816754	100.000000	-99.970028	100.000000	99.774683	100.000000
99.999569	100.000000	-100.000000	100.000000	99.867353	100.000000
100.000000	100.000000	-99.872533	100.000000	100.000000	100.000000
99.904914	100.000000	-99.982891	100.000000	100.000000	100.000000
99.996892	100.000000	-100.000000	100.000000	99.822267	99.909012
99.973522	100.000000	-100.000000	100.000000	99.989399	100.000000
100.000000	100.000000	-99.937341	100.000000	100.000000	100.000000
99.801201	100.000000	-99.845278	100.000000	99.931460	99.969765
99.862953	100.000000	-100.000000	100.000000	99.924804	100.000000
99.880381	100.000000	-99.798977	100.000000	100.000000	100.000000
99.987337	100.000000	-99.781636	100.000000	100.000000	100.000000
99.887365	100.000000	-100.000000	100.000000	100.000000	100.000000
99.983697	100.000000	-100.000000	100.000000	99.834572	100.000000
99.977795	100.000000	-100.000000	100.000000	99.718181	100.000000
100.000000	100.000000	-99.995963	100.000000	100.000000	99.871803
100.000000	100.000000	-100.000000	100.000000	99.880033	99.806543
99.992080	100.000000	-99.987198	100.000000	99.640982	99.802454
99.861695	100.000000	-99.810216	100.000000	99.943734	100.000000
99.936319	100.000000	-100.000000	100.000000	100.000000	100.000000
100.000000	100.000000	-99.972209	100.000000	100.000000	100.000000
100.000000	100.000000	-100.000000	100.000000	100.000000	99.921446
99.915466	100.000000	-99.996342	100.000000	99.953096	99.977392
99.948318	100.000000	-100.000000	100.000000	99.945445	100.000000
99.951934	100.000000	-99.887059	100.000000	99.863232	99.955917
100.000000	100.000000	-99.990195	100.000000	99.984676	99.966833
100.000000	100.000000	-99.903035	100.000000	99.814471	100.000000
100.000000	100.000000	-99.952969	100.000000	99.755236	99.901833
100.000000	100.000000	-99.903085	100.000000	100.000000	100.000000
100.000000	100.000000	-99.977774	100.000000	100.000000	99.908289
100.000000	100.000000	-99.972461	100.000000	100.000000	100.000000
99.968669	100.000000	-99.976173	100.000000	100.000000	100.000000
99.822896	100.000000	-99.914964	100.000000	100.000000	100.000000
99.786015	100.000000	-99.963625	100.000000	99.997573	100.000000
100.000000	100.000000	-100.000000	100.000000	99.990428	100.000000
100.000000	100.000000	-100.000000	100.000000	99.963746	100.000000
100.000000	100.000000	-100.000000	100.000000	100.000000	100.000000
99.989564	100.000000	-99.899469	100.000000	99.942004	99.957083
100.000000	100.000000	-99.848558	100.000000	99.845255	99.919895
100.000000	100.000000	-100.000000	100.000000	99.708915	99.834139
100.000000	100.000000	-99.940591	100.000000	99.816497	99.718220
99.930553	100.000000	-100.000000	100.000000	99.807983	100.000000
99.958275	100.000000	-99.963515	100.000000	99.843616	99.857094
99.982335	100.000000	-99.852965	100.000000	99.927254	100.000000
100.000000	100.000000	-100.000000	100.000000	100.000000	99.848795
99.965522	100.000000	-99.998389	100.000000	100.000000	99.982036
100.000000	100.000000	-100.000000	100.000000	100.000000	100.000000
100.000000	100.000000	-99.879691	100.000000	99.954898	99.869961
99.974924	100.000000	-100.000000	100.000000	99.982279	100.000000
100.000000	100.000000	-99.986487	100.000000	100.000000	99.897341
100.000000	100.000000	-99.923929	100.000000	99.918542	100.000000
100.000000	100.000000	-100.000000	100.000000	99.822299	100.000000
99.954161	100.000000	-100.000000	100.000000	100.000000	99.972175
100.000000	100.000000	-100.000000	100.000000	100.000000	99.920001
99.954615	100.000000	-99.994981	100.000000	100.000000	100.000000
100.000000	100.000000	-99.935945	100.000000	100.000000	99.909032
99.886335	100.000000	-99.902873	100.000000	99.918924	100.000000
99.895340	100.000000	-99.977209	100.000000	99.984094	100.000000
99.931864	100.000000	-100.000000	100.000000	99.998244	100.000000
100.000000	100.000000	-100.000000	100.000000	100.000000	99.907474
99.905639	100.000000	-100.000000	100.000000	100.000000	100.000000
100.000000	100.000000	-99.876310	100.000000	99.952570	99.909245
100.000000	100.000000	-99.877606	100.000000	100.000000	99.814619
99.965185	100.000000	-100.000000	100.000000	99.847824	100.000000
100.000000	100.000000	-99.881289	100.000000	99.953149	99.926342
99.969266	100.000000	-99.945358	100.000000	99.906983	99.988307
99.986062	100.000000	-100.000000	100.000000	100.000000	100.000000
99.985417	100.000000	-99.942845	100.000000	99.731203	100.000000
99.892746	100.000000	-100.000000	100.000000	99.993029	100.000000
100.000000	100.000000	-100.000000	100.000000	99.980161	100.000000
99.998306	100.000000	-100.000000	100.000000	100.000000	100.000000
99.959916	100.000000	-99.944359	100.000000	100.000000	99.957004
100.000000	100.000000	-99.959471	100.000000	99.831229	99.959782
99.963725	100.000000	-100.000000	100.000000	99.935126	100.000000
99.971632	100.000000	-100.000000	100.000000	99.776560	100.000000
100.000000	100.000000	-100.000000	100.000000	99.791463	99.973489
100.000000	100.000000	-100.000000	100.000000	99.882776	99.873000
100.000000	100.000000	-99.816771	100.000000	99.922108	99.935556
100.000000	100.000000	-100.000000	100.000000	99.977174	100.000000
100.000000	100.000000	-100.000000	100.000000	100.000000	100.000000
99.987320	100.000000	-100.000000	100.000000	99.871449	99.976477
99.953402	100.000000	-100.000000	100.000000	100.000000	100.000000
100.000000	100.000000	-100.000000	100.000000	99.915952	100.000000
99.983002	100.000000	-99.892713	100.000000	99.932954	99.834672
100.000000	100.000000	-100.000000	100.000000	99.827148	100.000000
99.909542	100.000000	-100.000000	100.000000	100.000000	99.998282
99.864278	100.000000	-99.956375	100.000000	100.000000	100.000000
99.771757	100.000000	-99.820412	100.000000	99.930000	100.000000
100.000000	100.000000	-100.000000	100.000000	99.928088	100.000000
99.934439	100.000000	-99.735235	100.000000	100.000000	99.955412
100.000000	100.000000	-100.000000	100.000000	99.914119	100.000000
99.991959	100.000000	-100.000000	100.000000	100.000000	100.000000
99.974777	100.000000	-99.891512	100.000000	99.886714	100.000000
99.990690	100.000000	-99.840806	100.000000	100.000000	99.855532
100.000000	100.000000	-99.859485	100.000000	100.000000	99.836760
99.895890	100.000000	-100.000000	100.000000	100.000000	99.938630
99.927146	100.000000	-100.000000	100.000000	99.948508	99.911004
99.932988	100.000000	-100.000000	100.000000	99.898562	99.948042
100.000000	100.000000	-100.000000	100.000000	99.968593	99.858693
100.000000	100.000000	-99.912022	100.000000	100.000000	100.000000
100.000000	100.000000	-99.892484	100.000000	100.000000	100.000000
99.937573	100.000000	-100.000000	100.000000	100.000000	100.000000
100.000000	100.000000	-100.000000	100.000000	99.724234	99.924006
100.000000	100.000000	-100.000000	100.000000	99.865788	100.000000
100.000000	100.000000	-100.000000	100.000000	99.969568	99.914419
100.000000	100.000000	-100.000000	100.000000	100.000000	100.000000
100.000000	100.000000	-100.000000	100.000000	99.964282	100.000000
99.760656	100.000000	-99.896666	100.000000	99.941449	100.000000
99.948461	100.000000	-100.000000	100.000000	99.944170	100.000000
100.000000	100.000000	-99.962913	100.000000	100.000000	100.000000
100.000000	100.000000	-100.000000	100.000000	100.000000	99.888474
100.000000	100.000000	-100.000000	100.000000	99.907242	99.962603
100.000000	100.000000	-99.974600	100.000000	99.818732	100.000000
100.000000	100.000000	-99.926918	100.000000	99.812814	99.937253
100.000000	100.000000	-100.000000	100.000000	100.000000	99.772749
99.849991	100.000000	-100.000000	100.000000	100.000000	99.832989
99.986507	100.000000	-99.937230	100.000000	99.938106	99.969373
100.000000	100.000000	-100.000000	100.000000	100.000000	99.896191
99.876756	100.000000	-99.937344	100.000000	99.970889	99.875245
99.919985	100.000000	-99.993666	100.000000	100.000000	99.946374
100.000000	100.000000	-99.970210	100.000000	100.000000	99.969947
99.988134	100.000000	-100.000000	100.000000	99.945574	99.945087
100.000000	100.000000	-100.000000	100.000000	100.000000	100.000000
100.000000	100.000000	-100.000000	100.000000	100.000000	100.000000
99.921061	100.000000	-99.953831	100.000000	99.847222	100.000000
99.970855	100.000000	-99.860779	100.000000	99.978762	99.901054
99.846653	100.000000	-99.914934	100.000000	99.961992	100.000000
99.955950	100.000000	-100.000000	100.000000	99.975646	100.000000
99.939762	100.000000	-99.884894	100.000000	99.934309	99.897774
100.000000	100.000000	-100.000000	100.000000	100.000000	100.000000
99.961818	100.000000	-99.947038	100.000000	100.000000	99.935922
100.000000	100.000000	-99.834263	100.000000	100.000000	99.973924
100.000000	100.000000	-99.844479	100.000000	99.727515	99.970560
99.917126	100.000000	-100.000000	100.000000	100.000000	100.000000
100.000000	100.000000	-100.000000	100.000000	99.995407	100.000000
100.000000	100.000000	-99.852722	100.000000	100.000000	99.859654
100.000000	100.000000	-100.000000	100.000000	99.904767	99.941878
100.000000	100.000000	-99.789966	100.000000	99.911923	100.000000
99.941084	100.000000	-100.000000	100.000000	99.929739	100.000000
99.984214	100.000000	-100.000000	100.000000	99.964820	99.984836
99.939824	100.000000	-99.976885	100.000000	99.942223	99.982774
100.000000	100.000000	-100.000000	100.000000	99.998473	99.946541
99.958297	100.000000	-100.000000	100.000000	99.874076	100.000000
99.963831	100.000000	-100.000000	100.000000	100.000000	100.000000
100.000000	100.000000	-100.000000	100.000000	99.788287	100.000000
100.000000	100.000000	-100.000000	100.000000	99.978312	99.976453
99.917888	100.000000	-100.000000	100.000000	99.895564	99.917064
99.865452	100.000000	-99.952588	100.000000	100.000000	100.000000
100.000000	100.000000	-99.939994	100.000000	99.900211	100.000000
99.955219	100.000000	-99.957453	100.000000	100.000000	99.905953
99.875054	100.000000	-100.000000	100.000000	99.939498	100.000000
99.910566	100.000000	-100.000000	100.000000	100.000000	99.932275
100.000000	100.000000	-100.000000	100.000000	99.877621	100.000000
99.954711	100.000000	-100.000000	100.000000	99.987799	99.966719
100.000000	100.000000	-99.915134	100.000000	99.944584	99.933081
100.000000	100.000000	-99.986421	100.000000	100.000000	99.931143
100.000000	100.000000	-100.000000	100.000000	100.000000	99.862299
99.884460	100.000000	-100.000000	100.000000	99.908793	100.000000
99.965972	100.000000	-99.923362	100.000000	99.926196	99.990535
99.988205	100.000000	-99.993626	100.000000	99.894775	100.000000
100.000000	100.000000	-99.938032	100.000000	99.929390	99.952111
99.854887	100.000000	-99.982379	100.000000	100.000000	99.999379
100.000000	100.000000	-99.994341	100.000000	100.000000	100.000000
99.963872	100.000000	-99.874972	100.000000	100.000000	100.000000
100.000000	100.000000	-99.957662	100.000000	99.923990	99.895644
99.947389	100.000000	-99.950280	100.000000	100.000000	99.851991
99.928912	100.000000	-100.000000	100.000000	99.905317	99.940012
100.000000	100.000000	-100.000000	100.000000	100.000000	100.000000
99.959679	100.000000	-100.000000	100.000000	100.000000	99.977254
100.000000	100.000000	-100.000000	100.000000	99.990615	100.000000
99.945540	100.000000	-100.000000	100.000000	100.000000	100.000000
99.975935	100.000000	-100.000000	100.000000	100.000000	100.000000
99.942996	100.000000	-99.903097	100.000000	100.000000	100.000000
99.932864	100.000000	-100.000000	100.000000	100.000000	100.000000
100.000000	100.000000	-99.840832	100.000000	99.862835	99.960513
99.962200	100.000000	-100.000000	100.000000	99.880906	99.989472
100.000000	100.000000	-99.940337	100.000000	99.893831	99.964017
100.000000	100.000000	-99.883580	100.000000	99.892627	100.000000
99.925059	100.000000	-100.000000	100.000000	99.899758	99.946481
100.000000	100.000000	-99.898061	100.000000	100.000000	100.000000
99.939869	100.000000	-99.923528	100.000000	100.000000	99.884578
100.000000	100.000000	-99.970997	100.000000	99.864905	99.959475
100.000000	100.000000	-99.892994	100.000000	100.000000	99.825728
100.000000	100.000000	-99.938728	100.000000	100.000000	100.000000
99.908079	100.000000	-100.000000	100.000000	100.000000	99.883518
99.876712	100.000000	-100.000000	100.000000	100.000000	99.904963
100.000000	100.000000	-100.000000	100.000000	99.843608	100.000000
99.979299	100.000000	-100.000000	100.000000	100.000000	99.766670
99.875446	100.000000	-99.956972	100.000000	99.919834	100.000000
99.911557	100.000000	-99.946613	100.000000	99.834946	99.891198
99.831788	100.000000	-99.992458	100.000000	99.979182	99.988254
99.767524	100.000000	-100.000000	100.000000	100.000000	100.000000
99.881591	100.000000	-99.826573	100.000000	100.000000	100.000000
100.000000	100.000000	-99.950942	100.000000	99.922324	99.790937
100.000000	100.000000	-99.977678	100.000000	99.726574	100.000000
99.860065	100.000000	-100.000000	100.000000	99.737438	99.728951
99.923990	100.000000	-100.000000	100.000000	100.000000	99.997289
99.917528	100.000000	-100.000000	100.000000	99.916850	99.858447
99.927094	100.000000	-99.791340	100.000000	100.000000	99.970042
99.915721	100.000000	-99.844780	100.000000	100.000000	100.000000
100.000000	100.000000	-100.000000	100.000000	99.978940	100.000000
99.967560	100.000000	-99.971643	100.000000	99.893969	100.000000
99.930687	100.000000	-100.000000	100.000000	99.958393	99.973146
99.829190	100.000000	-100.000000	100.000000	100.000000	99.953081
99.998111	100.000000	-99.860361	100.000000	99.847879	100.000000
100.000000	100.000000	-99.892961	100.000000	100.000000	100.000000
100.000000	100.000000	-99.961292	100.000000	99.954813	99.967229
100.000000	100.000000	-99.943563	100.000000	99.958246	99.924439
99.931524	100.000000	-100.000000	100.000000	99.910459	100.000000
100.000000	100.000000	-99.964018	100.000000	99.895522	99.818986
99.946604	100.000000	-100.000000	100.000000	99.950680	99.780937
99.791072	100.000000	-99.928916	100.000000	99.915536	99.929288
99.949462	100.000000	-100.000000	100.000000	100.000000	100.000000
100.000000	100.000000	-99.850677	100.000000	100.000000	99.842167
99.940828	100.000000	-100.000000	100.000000	99.970708	99.898012
99.896581	100.000000	-99.862441	100.000000	100.000000	100.000000
99.928712	100.000000	-99.857962	100.000000	99.666392	100.000000
99.881060	100.000000	-100.000000	100.000000	100.000000	99.869261
100.000000	100.000000	-100.000000	100.000000	100.000000	99.970122
99.997378	100.000000	-99.999799	100.000000	100.000000	100.000000
100.000000	100.000000	-100.000000	100.000000	99.924322	99.817608
99.934827	100.000000	-100.000000	100.000000	99.995089	100.000000
100.000000	100.000000	-99.968673	100.000000	99.759106	99.962716
100.000000	100.000000	-99.976038	100.000000	99.789776	100.000000
100.000000	100.000000	-99.838124	100.000000	100.000000	100.000000
99.897020	100.000000	-99.851431	100.000000	99.959384	100.000000
99.937889	100.000000	-99.930687	100.000000	99.935276	99.821159
99.897726	100.000000	-100.000000	100.000000	99.978770	100.000000
99.984520	100.000000	-99.916394	100.000000	99.972774	99.943478
99.841629	100.000000	-100.000000	100.000000	100.000000	100.000000
99.892278	100.000000	-99.949685	100.000000	100.000000	99.913136
100.000000	100.000000	-100.000000	100.000000	99.834378	100.000000
99.957013	100.000000	-99.901954	100.000000	99.990451	100.000000
99.958957	100.000000	-99.993584	100.000000	99.965099	99.989994
99.892277	100.000000	-100.000000	100.000000	100.000000	100.000000
99.896332	100.000000	-100.000000	100.000000	99.969685	100.000000
100.000000	100.000000	-100.000000	100.000000	99.812450	99.693873
99.810359	100.000000	-99.908140	100.000000	99.999383	100.000000
99.961239	100.000000	-99.925181	100.000000	99.844651	99.875842
100.000000	100.000000	-100.000000	100.000000	100.000000	99.844419
100.000000	100.000000	-99.926076	100.000000	100.000000	100.000000
99.921536	100.000000	-99.899491	100.000000	99.891597	99.975023
100.000000	100.000000	-99.955496	100.000000	99.954792	99.871202
100.000000	100.000000	-99.943980	100.000000	99.802697	100.000000
100.000000	100.000000	-100.000000	100.000000	100.000000	100.000000
99.896144	100.000000	-99.918623	100.000000	99.794778	100.000000
100.000000	100.000000	-99.964158	100.000000	99.895616	100.000000
99.891176	100.000000	-99.998949	100.000000	99.976093	99.823250
100.000000	100.000000	-100.000000	100.000000	99.820124	99.946265
99.871880	100.000000	-100.000000	100.000000	99.919559	100.000000
99.867542	100.000000	-99.951229	100.000000	99.918532	99.860500
100.000000	100.000000	-99.933786	100.000000	100.000000	100.000000
100.000000	100.000000	-99.878104	100.000000	99.938905	100.000000
100.000000	100.000000	-100.000000	100.000000	100.000000	99.985026
99.994133	100.000000	-99.960212	100.000000	99.877298	100.000000
99.896505	100.000000	-99.942413	100.000000	100.000000	99.973040
99.927427	100.000000	-100.000000	100.000000	99.884505	100.000000
99.909365	100.000000	-100.000000	100.000000	99.937659	99.946203
99.857957	100.000000	-99.930414	100.000000	99.954534	99.944956
99.963125	100.000000	-99.978816	100.000000	100.000000	99.940787
100.000000	100.000000	-100.000000	100.000000	99.918138	100.000000
99.951545	100.000000	-100.000000	100.000000	99.743093	99.954352
100.000000	100.000000	-99.901358	100.000000	99.941562	99.979294
99.985611	100.000000	-100.000000	100.000000	99.875170	99.924449
100.000000	100.000000	-99.842229	100.000000	100.000000	100.000000
100.000000	100.000000	-99.866551	100.000000	99.905843	100.000000
99.879742	100.000000	-100.000000	100.000000	100.000000	100.000000
99.881144	100.000000	-99.792692	100.000000	100.000000	99.721942
99.908295	100.000000	-100.000000	100.000000	100.000000	99.782414
100.000000	100.000000	-100.000000	100.000000	100.000000	99.880288
99.853655	100.000000	-100.000000	100.000000	100.000000	100.000000
100.000000	100.000000	-100.000000	100.000000	99.930393	99.855066
100.000000	100.000000	-100.000000	100.000000	99.846370	99.864771
99.921272	100.000000	-100.000000	100.000000	100.000000	99.801087
99.838018	100.000000	-100.000000	100.000000	99.964143	99.926040
100.000000	100.000000	-99.854293	100.000000	99.936812	99.973230
100.000000	100.000000	-99.918607	100.000000	100.000000	99.824153
100.000000	100.000000	-99.977924	100.000000	99.871084	99.939364
99.979674	100.000000	-99.997594	100.000000	99.861858	99.782596
100.000000	100.000000	-100.000000	100.000000	100.000000	100.000000
100.000000	100.000000	-100.000000	100.000000	99.803148	99.900139
100.000000	100.000000	-99.929699	100.000000	100.000000	100.000000
99.976267	100.000000	-100.000000	100.000000	99.918137	99.944628
100.000000	100.000000	-99.930619	100.000000	99.881299	100.000000
100.000000	100.000000	-100.000000	100.000000	99.780399	99.913515
99.997621	100.000000	-100.000000	100.000000	100.000000	99.911819
100.000000	100.000000	-100.000000	100.000000	99.856580	100.000000
100.000000	100.000000	-99.939580	100.000000	99.970376	99.911857
100.000000	100.000000	-100.000000	100.000000	99.920025	100.000000
100.000000	100.000000	-100.000000	100.000000	99.897971	100.000000
100.000000	100.000000	-99.856023	100.000000	99.981646	99.989216
-99.984383	-100.000000	99.977841	-100.000000	-99.959034	-100.000000
100.000000	100.000000	-100.000000	100.000000	99.936452	99.850159
99.954589	100.000000	-100.000000	100.000000	99.917154	99.983781
100.000000	100.000000	-100.000000	100.000000	99.910758	100.000000
99.909260	100.000000	-99.786585	100.000000	99.862539	99.992644
100.000000	100.000000	-100.000000	100.000000	99.942913	100.000000
99.958269	100.000000	-100.000000	100.000000	99.961209	100.000000
100.000000	100.000000	-99.837838	100.000000	99.794499	99.949633
100.000000	100.000000	-100.000000	100.000000	100.000000	100.000000
99.919889	100.000000	-100.000000	100.000000	99.947393	100.000000
99.800534	100.000000	-99.892292	100.000000	100.000000	99.840571
100.000000	100.000000	-100.000000	100.000000	99.892524	100.000000
100.000000	100.000000	-100.000000	100.000000	99.834717	99.867912
100.000000	100.000000	-99.676574	100.000000	99.802011	99.999944
99.974924	100.000000	-99.952230	100.000000	99.919895	99.931090
100.000000	100.000000	-99.959007	100.000000	99.968605	100.000000
99.892461	100.000000	-100.000000	100.000000	99.955445	100.000000
99.843937	100.000000	-100.000000	100.000000	100.000000	100.000000
100.000000	100.000000	-100.000000	100.000000	100.000000	100.000000
100.000000	100.000000	-100.000000	100.000000	100.000000	99.973078
100.000000	100.000000	-100.000000	100.000000	100.000000	99.931692
100.000000	100.000000	-100.000000	100.000000	99.963655	100.000000
99.946499	100.000000	-99.893175	100.000000	99.794842	100.000000
100.000000	100.000000	-99.789280	100.000000	99.950198	99.938550
99.995796	100.000000	-100.000000	100.000000	99.797818	99.850563
99.912685	100.000000	-100.000000	100.000000	99.954482	99.861558
100.000000	100.000000	-100.000000	100.000000	100.000000	99.948816
100.000000	100.000000	-99.944342	100.000000	99.943138	100.000000
99.936488	100.000000	-100.000000	100.000000	99.673111	99.957890
99.851378	100.000000	-99.977559	100.000000	100.000000	99.944557
100.000000	100.000000	-99.952291	100.000000	99.903579	100.000000
99.969899	100.000000	-100.000000	100.000000	100.000000	100.000000
99.933440	100.000000	-99.978326	100.000000	99.946060	100.000000
100.000000	100.000000	-99.946292	100.000000	99.939846	99.937299
100.000000	100.000000	-99.893625	100.000000	99.900601	100.000000
99.985185	100.000000	-100.000000	100.000000	99.882542	99.880076
99.953827	100.000000	-100.000000	100.000000	99.999707	99.908120
100.000000	100.000000	-100.000000	100.000000	100.000000	100.000000
99.943282	100.000000	-99.860666	100.000000	100.000000	99.988641
100.000000	100.000000	-100.000000	100.000000	99.989954	100.000000
100.000000	100.000000	-99.784643	100.000000	100.000000	100.000000
99.831720	100.000000	-100.000000	100.000000	100.000000	100.000000
99.939124	100.000000	-100.000000	100.000000	100.000000	100.000000
100.000000	100.000000	-99.906758	100.000000	99.662342	99.892583
99.972958	100.000000	-100.000000	100.000000	99.903053	99.969956
99.956741	100.000000	-100.000000	100.000000	100.000000	99.840543
99.848046	100.000000	-100.000000	100.000000	99.968844	100.000000
99.962532	100.000000	-99.938133	100.000000	100.000000	100.000000
100.000000	100.000000	-99.980590	100.000000	99.935301	100.000000
100.000000	100.000000	-100.000000	100.000000	99.856420	100.000000
99.883123	100.000000	-100.000000	100.000000	100.000000	99.982924
99.971702	100.000000	-100.000000	100.000000	99.868525	99.986784
99.971313	100.000000	-99.990261	100.000000	100.000000	99.716785
99.971432	100.000000	-100.000000	100.000000	99.964885	100.000000
100.000000	100.000000	-100.000000	100.000000	99.929792	100.000000
99.856367	100.000000	-99.954810	100.000000	100.000000	100.000000
100.000000	100.000000	-100.000000	100.000000	99.843545	100.000000
99.929787	100.000000	-99.894888	100.000000	100.000000	99.976097
100.000000	100.000000	-99.820418	100.000000	100.000000	100.000000
100.000000	100.000000	-100.000000	100.000000	99.948984	99.908512
100.000000	100.000000	-99.964607	100.000000	99.996982	99.989282
99.991242	100.000000	-100.000000	100.000000	99.980979	100.000000
99.951113	100.000000	-100.000000	100.000000	99.853388	99.829664
100.000000	100.000000	-100.000000	100.000000	100.000000	100.000000
100.000000	100.000000	-100.000000	100.000000	99.963127	99.914225
100.000000	100.000000	-100.000000	100.000000	99.839224	100.000000
100.000000	100.000000	-99.778487	100.000000	99.959747	99.953027
100.000000	100.000000	-100.000000	100.000000	99.749212	100.000000
99.890328	100.000000	-100.000000	100.000000	100.000000	100.000000
100.000000	100.000000	-100.000000	100.000000	100.000000	99.853169
99.982127	100.000000	-99.998313	100.000000	99.920631	99.967259
99.963480	100.000000	-99.934423	100.000000	99.965722	99.927606
99.918518	100.000000	-99.932445	100.000000	99.916867	100.000000
99.806139	100.000000	-99.912003	100.000000	99.675724	99.789347
100.000000	100.000000	-100.000000	100.000000	99.937709	100.000000
100.000000	100.000000	-100.000000	100.000000	99.996175	99.786448
100.000000	100.000000	-100.000000	100.000000	99.699836	100.000000
100.000000	100.000000	-100.000000	100.000000	99.982433	99.998776
99.962073	100.000000	-99.742556	100.000000	99.960109	99.992194
100.000000	100.000000	-100.000000	100.000000	99.889640	100.000000
99.976932	100.000000	-100.000000	100.000000	99.855591	99.944837
100.000000	100.000000	-99.860757	100.000000	99.753060	100.000000
100.000000	100.000000	-100.000000	100.000000	100.000000	100.000000
99.803615	100.000000	-100.000000	100.000000	100.000000	99.776717
99.843531	100.000000	-99.911415	100.000000	99.999695	99.933838
99.864884	100.000000	-99.993498	100.000000	99.958120	100.000000
100.000000	100.000000	-99.971284	100.000000	100.000000	100.000000
99.987005	100.000000	-99.892879	100.000000	100.000000	99.915230
99.771014	100.000000	-100.000000	100.000000	99.905516	100.000000
100.000000	100.000000	-99.974954	100.000000	100.000000	99.973799
100.000000	100.000000	-100.000000	100.000000	99.907618	100.000000
100.000000	100.000000	-100.000000	100.000000	99.941830	100.000000
100.000000	100.000000	-99.997549	100.000000	100.000000	99.867851
100.000000	100.000000	-100.000000	100.000000	99.914395	99.968327
99.901361	100.000000	-100.000000	100.000000	100.000000	99.962814
100.000000	100.000000	-100.000000	100.000000	99.983890	100.000000
99.870513	100.000000	-100.000000	100.000000	100.000000	99.989803
99.975711	100.000000	-99.989077	100.000000	99.903200	100.000000
100.000000	100.000000	-100.000000	100.000000	99.907985	100.000000
100.000000	100.000000	-99.960014	100.000000	99.896228	100.000000
100.000000	100.000000	-99.903951	100.000000	99.895727	100.000000
99.942632	100.000000	-99.848154	100.000000	99.895811	100.000000
100.000000	100.000000	-100.000000	100.000000	100.000000	100.000000
100.000000	100.000000	-99.912353	100.000000	99.879292	99.973072
100.000000	100.000000	-100.000000	100.000000	100.000000	99.981007
100.000000	100.000000	-100.000000	100.000000	100.000000	100.000000
99.931615	100.000000	-99.942722	100.000000	99.963840	99.944739
100.000000	100.000000	-100.000000	100.000000	99.914554	100.000000
100.000000	100.000000	-99.666331	100.000000	99.901892	100.000000
99.984882	100.000000	-99.765696	100.000000	99.906445	100.000000
99.866149	100.000000	-99.916141	100.000000	100.000000	100.000000
100.000000	100.000000	-99.843726	100.000000	99.978347	100.000000
100.000000	100.000000	-100.000000	100.000000	99.873100	100.000000
100.000000	100.000000	-99.864108	100.000000	100.000000	100.000000
100.000000	100.000000	-100.000000	100.000000	100.000000	99.853990
99.850395	100.000000	-100.000000	100.000000	99.891542	100.000000
99.923983	100.000000	-100.000000	100.000000	99.845567	99.879370
100.000000	100.000000	-99.962820	100.000000	99.952263	100.000000
100.000000	100.000000	-99.917401	100.000000	100.000000	100.000000
100.000000	100.000000	-100.000000	100.000000	100.000000	99.984071
100.000000	100.000000	-100.000000	100.000000	100.000000	100.000000
100.000000	100.000000	-99.980040	100.000000	99.913894	100.000000
100.000000	100.000000	-100.000000	100.000000	99.977941	99.957143
99.845343	100.000000	-99.875760	100.000000	99.842440	99.962032
100.000000	100.000000	-99.957677	100.000000	100.000000	99.988173
100.000000	100.000000	-100.000000	100.000000	100.000000	100.000000
99.987391	100.000000	-100.000000	100.000000	100.000000	99.963209
99.983360	100.000000	-99.883658	100.000000	99.852697	100.000000
100.000000	100.000000	-100.000000	100.000000	99.777286	100.000000
99.917293	100.000000	-99.896640	100.000000	100.000000	99.956372
99.920732	100.000000	-100.000000	100.000000	99.941494	99.925006
99.899603	100.000000	-99.931452	100.000000	99.741489	100.000000
100.000000	100.000000	-99.812884	100.000000	99.943917	100.000000
99.881951	100.000000	-99.927174	100.000000	100.000000	100.000000
99.912803	100.000000	-100.000000	100.000000	99.865014	99.950765
100.000000	100.000000	-100.000000	100.000000	100.000000	100.000000
-100.000000	-100.000000	99.972478	-100.000000	-99.853186	-99.944838
99.908382	100.000000	-100.000000	100.000000	100.000000	99.808732
99.915145	100.000000	-100.000000	100.000000	99.943919	100.000000
99.970396	100.000000	-100.000000	100.000000	99.893420	100.000000
100.000000	100.000000	-99.950360	100.000000	99.808092	99.993142
100.000000	100.000000	-100.000000	100.000000	99.970401	100.000000
100.000000	100.000000	-99.866600	100.000000	99.814275	100.000000
100.000000	100.000000	-100.000000	100.000000	100.000000	100.000000
100.000000	100.000000	-99.975758	100.000000	100.000000	99.900066
100.000000	100.000000	-100.000000	100.000000	99.972051	100.000000
100.000000	100.000000	-99.991579	100.000000	100.000000	99.963246
100.000000	100.000000	-99.992912	100.000000	99.757825	100.000000
99.891627	100.000000	-99.988844	100.000000	99.900688	99.870192
99.885650	100.000000	-100.000000	100.000000	99.972553	99.985316
99.871303	100.000000	-99.996086	100.000000	99.904684	99.993673
100.000000	100.000000	-100.000000	100.000000	99.896114	100.000000
100.000000	100.000000	-99.848514	100.000000	99.720174	99.961218
100.000000	100.000000	-100.000000	100.000000	100.000000	99.834457
99.946611	100.000000	-99.890178	100.000000	100.000000	99.974809
99.826470	100.000000	-100.000000	100.000000	99.922826	100.000000
100.000000	100.000000	-99.940811	100.000000	99.935892	99.998498
99.990075	100.000000	-100.000000	100.000000	99.853751	100.000000
-99.985898	-100.000000	99.910378	-100.000000	-100.000000	-99.902937
100.000000	100.000000	-100.000000	100.000000	99.874912	100.000000
99.951250	100.000000	-99.833052	100.000000	100.000000	100.000000
100.000000	100.000000	-99.936553	100.000000	100.000000	99.943225
99.952226	100.000000	-99.966984	100.000000	99.907722	99.961096
99.648041	100.000000	-100.000000	100.000000	100.000000	99.961158
99.845713	100.000000	-100.000000	100.000000	100.000000	100.000000
100.000000	100.000000	-99.978419	100.000000	100.000000	100.000000
100.000000	100.000000	-100.000000	100.000000	99.904244	99.912464
100.000000	100.000000	-100.000000	100.000000	99.992564	100.000000
100.000000	100.000000	-100.000000	100.000000	99.894637	99.950032
99.809492	100.000000	-99.847599	100.000000	100.000000	100.000000
99.813573	100.000000	-100.000000	100.000000	99.900084	99.887945
99.992576	100.000000	-100.000000	100.000000	99.683742	100.000000
100.000000	100.000000	-100.000000	100.000000	99.704921	99.970649
100.000000	100.000000	-99.855663	100.000000	99.896563	100.000000
99.986728	100.000000	-99.983049	100.000000	100.000000	100.000000
100.000000	100.000000	-100.000000	100.000000	99.996455	99.772706
99.844190	100.000000	-99.986380	100.000000	99.891671	100.000000
100.000000	100.000000	-99.932685	100.000000	99.884300	100.000000
99.972758	100.000000	-100.000000	100.000000	99.863123	99.984617
99.974859	100.000000	-99.970372	100.000000	100.000000	99.851427
99.906049	100.000000	-99.868083	100.000000	99.956931	100.000000
100.000000	100.000000	-100.000000	100.000000	99.997190	100.000000
100.000000	100.000000	-100.000000	100.000000	99.998124	100.000000
99.797613	100.000000	-99.939775	100.000000	99.909898	99.873817
99.852399	100.000000	-99.827479	100.000000	99.970057	99.913664
100.000000	100.000000	-100.000000	100.000000	99.919256	99.927091
99.960562	100.000000	-99.898424	100.000000	99.880745	99.943075
100.000000	100.000000	-100.000000	100.000000	99.950527	100.000000
100.000000	100.000000	-100.000000	100.000000	100.000000	100.000000
100.000000	100.000000	-99.985352	100.000000	99.911352	100.000000
99.986655	100.000000	-99.733533	100.000000	99.662285	99.961348
100.000000	100.000000	-100.000000	100.000000	100.000000	99.829183
100.000000	100.000000	-99.874116	100.000000	99.904404	99.958319
99.974422	100.000000	-100.000000	100.000000	99.931304	100.000000
99.929840	100.000000	-100.000000	100.000000	100.000000	100.000000
99.862238	100.000000	-99.947907	100.000000	99.981316	100.000000
99.964226	100.000000	-99.930066	100.000000	100.000000	100.000000
100.000000	100.000000	-99.905759	100.000000	100.000000	99.920757
100.000000	100.000000	-99.980470	100.000000	100.000000	99.983328
99.988049	100.000000	-100.000000	100.000000	100.000000	99.949161
99.990284	100.000000	-99.993567	100.000000	99.805977	99.890071
99.820932	100.000000	-100.000000	100.000000	99.991118	99.934553
100.000000	100.000000	-99.982554	100.000000	99.870179	99.762934
100.000000	100.000000	-99.938786	100.000000	100.000000	100.000000
99.880463	100.000000	-99.828898	100.000000	99.983801	100.000000
100.000000	100.000000	-100.000000	100.000000	99.961641	99.967831
99.962655	100.000000	-99.942089	100.000000	100.000000	99.893074
99.993672	100.000000	-100.000000	100.000000	100.000000	100.000000
100.000000	100.000000	-99.991499	100.000000	100.000000	99.905949
99.924126	100.000000	-100.000000	100.000000	99.954542	100.000000
100.000000	100.000000	-99.778913	100.000000	100.000000	100.000000
99.961660	100.000000	-100.000000	100.000000	99.937393	99.990546
99.917589	100.000000	-99.908965	100.000000	100.000000	99.870843
100.000000	100.000000	-100.000000	100.000000	99.875637	100.000000
100.000000	100.000000	-100.000000	100.000000	99.834767	100.000000
100.000000	100.000000	-100.000000	100.000000	100.000000	100.000000
100.000000	100.000000	-100.000000	100.000000	100.000000	100.000000
99.900382	100.000000	-100.000000	100.000000	99.964074	100.000000
99.976111	100.000000	-99.901539	100.000000	100.000000	99.860832
100.000000	100.000000	-100.000000	100.000000	99.891048	99.875936
99.929139	100.000000	-100.000000	100.000000	100.000000	99.891895
100.000000	100.000000	-99.978346	100.000000	99.922476	100.000000
99.951242	100.000000	-100.000000	100.000000	100.000000	99.971605
99.748220	100.000000	-100.000000	100.000000	99.968821	99.906829
100.000000	100.000000	-100.000000	100.000000	100.000000	99.928729
100.000000	100.000000	-99.939610	100.000000	99.992327	100.000000
99.960976	100.000000	-100.000000	100.000000	99.974487	99.798456
100.000000	100.000000	-99.948707	100.000000	99.959730	100.000000
100.000000	100.000000	-100.000000	100.000000	99.928551	100.000000
100.000000	100.000000	-100.000000	100.000000	100.000000	100.000000
99.825185	100.000000	-100.000000	100.000000	100.000000	100.000000
99.889700	100.000000	-99.822565	100.000000	99.939207	99.953025
99.965403	100.000000	-100.000000	100.000000	100.000000	100.000000
99.901151	100.000000	-99.837698	100.000000	100.000000	100.000000
100.000000	100.000000	-100.000000	100.000000	99.983928	99.947905
99.858816	100.000000	-100.000000	100.000000	99.858124	99.999536
100.000000	100.000000	-100.000000	100.000000	99.961915	99.967149
100.000000	100.000000	-99.837854	100.000000	99.817071	100.000000
99.979969	100.000000	-100.000000	100.000000	99.913100	100.000000
99.904833	100.000000	-99.880506	100.000000	100.000000	99.913541
99.779643	100.000000	-100.000000	100.000000	99.943638	100.000000
100.000000	100.000000	-99.892087	100.000000	99.976691	100.000000
100.000000	100.000000	-99.973561	100.000000	99.791649	99.866917
100.000000	100.000000	-100.000000	100.000000	100.000000	100.000000
100.000000	100.000000	-99.945424	100.000000	100.000000	100.000000
100.000000	100.000000	-100.000000	100.000000	99.982346	100.000000
99.956759	100.000000	-100.000000	100.000000	100.000000	99.799905
99.972192	100.000000	-100.000000	100.000000	99.941856	100.000000
99.853063	100.000000	-100.000000	100.000000	99.831332	100.000000
99.819600	100.000000	-99.862026	100.000000	99.962946	100.000000
100.000000	100.000000	-99.946934	100.000000	99.928850	100.000000
99.890078	100.000000	-100.000000	100.000000	99.912301	99.902905
100.000000	100.000000	-100.000000	100.000000	100.000000	99.910150
100.000000	100.000000	-100.000000	100.000000	100.000000	99.835294
100.000000	100.000000	-99.857726	100.000000	100.000000	100.000000
100.000000	100.000000	-100.000000	100.000000	99.905621	100.000000
99.915156	100.000000	-99.995366	100.000000	100.000000	100.000000
100.000000	100.000000	-100.000000	100.000000	100.000000	99.970245
100.000000	100.000000	-99.789591	100.000000	99.971675	100.000000
100.000000	100.000000	-100.000000	100.000000	99.935564	100.000000
99.782151	100.000000	-99.980944	100.000000	99.993435	99.986892
100.000000	100.000000	-99.943680	100.000000	100.000000	99.925683
100.000000	100.000000	-100.000000	100.000000	99.864739	99.908296
100.000000	100.000000	-100.000000	100.000000	100.000000	99.925186
100.000000	100.000000	-99.993200	100.000000	99.957967	100.000000
99.998062	100.000000	-100.000000	100.000000	99.772111	99.961851
100.000000	100.000000	-99.992984	100.000000	100.000000	100.000000
100.000000	100.000000	-99.908879	100.000000	100.000000	100.000000
100.000000	100.000000	-100.000000	100.000000	100.000000	100.000000
99.926838	100.000000	-99.959032	100.000000	99.934535	99.748779
99.943834	100.000000	-100.000000	100.000000	100.000000	100.000000
100.000000	100.000000	-100.000000	100.000000	99.948223	99.981204
100.000000	100.000000	-99.977654	100.000000	100.000000	100.000000
100.000000	100.000000	-99.974559	100.000000	100.000000	99.809751
100.000000	100.000000	-100.000000	100.000000	99.843900	99.943245
99.942423	100.000000	-99.933862	100.000000	99.902395	99.986237
99.769848	100.000000	-99.995002	100.000000	100.000000	100.000000
99.991645	100.000000	-99.853486	100.000000	99.743962	100.000000
99.878411	100.000000	-99.877913	100.000000	100.000000	100.000000
100.000000	100.000000	-100.000000	100.000000	100.000000	99.962452
100.000000	100.000000	-100.000000	100.000000	99.956906	99.924980
100.000000	100.000000	-99.947957	100.000000	100.000000	100.000000
100.000000	100.000000	-99.981137	100.000000	100.000000	100.000000
99.886801	100.000000	-99.885560	100.000000	99.896616	99.922063
99.926421	100.000000	-99.966570	100.000000	99.844799	100.000000
99.891539	100.000000	-100.000000	100.000000	100.000000	99.947663
99.995077	100.000000	-99.993217	100.000000	99.773684	100.000000
100.000000	100.000000	-99.954455	100.000000	99.825913	99.885651
100.000000	100.000000	-100.000000	100.000000	99.912656	99.996021
99.881340	100.000000	-100.000000	100.000000	100.000000	99.992079
100.000000	100.000000	-99.941835	100.000000	100.000000	100.000000
99.758074	100.000000	-99.830541	100.000000	99.892056	99.915730
-100.000000	-100.000000	99.991440	-100.000000	-100.000000	-99.844062
100.000000	100.000000	-100.000000	100.000000	99.751097	100.000000
99.888191	100.000000	-99.948026	100.000000	100.000000	99.900384
100.000000	100.000000	-99.846459	100.000000	100.000000	99.926733
99.976397	100.000000	-100.000000	100.000000	100.000000	100.000000
100.000000	100.000000	-99.960258	100.000000	100.000000	99.946808
100.000000	100.000000	-99.895357	100.000000	100.000000	99.870457
100.000000	100.000000	-100.000000	100.000000	99.994327	100.000000
100.000000	100.000000	-100.000000	100.000000	99.897515	100.000000
100.000000	100.000000	-100.000000	100.000000	99.961883	100.000000
100.000000	100.000000	-99.987243	100.000000	99.998540	100.000000
99.984591	100.000000	-99.861517	100.000000	99.969958	99.948019
99.948000	100.000000	-99.938868	100.000000	99.889776	99.952236
99.776214	100.000000	-100.000000	100.000000	100.000000	100.000000
100.000000	100.000000	-100.000000	100.000000	100.000000	99.995769
99.865275	100.000000	-99.860034	100.000000	99.931338	99.970949
99.990958	100.000000	-99.991361	100.000000	100.000000	100.000000
99.886770	100.000000	-100.000000	100.000000	99.815562	99.975219
100.000000	100.000000	-99.891057	100.000000	99.874656	100.000000
100.000000	100.000000	-99.923346	100.000000	100.000000	100.000000
100.000000	100.000000	-99.915052	100.000000	99.970487	99.902616
100.000000	100.000000	-100.000000	100.000000	99.980026	100.000000
99.966089	100.000000	-99.972505	100.000000	99.855112	100.000000
99.909295	100.000000	-100.000000	100.000000	99.913515	99.899074
99.970406	100.000000	-100.000000	100.000000	99.959694	100.000000
99.854219	100.000000	-99.934813	100.000000	99.944361	99.987440
99.954964	100.000000	-100.000000	100.000000	100.000000	100.000000
99.882876	100.000000	-100.000000	100.000000	99.862303	99.905449
99.976957	100.000000	-100.000000	100.000000	100.000000	99.956289
100.000000	100.000000	-99.789025	100.000000	100.000000	100.000000
100.000000	100.000000	-100.000000	100.000000	99.809081	100.000000
99.985794	100.000000	-99.960188	100.000000	99.948583	99.928285
100.000000	100.000000	-99.947347	100.000000	99.965303	99.847336
99.997336	100.000000	-99.971967	100.000000	99.847870	100.000000
100.000000	100.000000	-100.000000	100.000000	99.832993	99.998499
100.000000	100.000000	-100.000000	100.000000	99.922400	100.000000
99.819158	100.000000	-99.919681	100.000000	100.000000	100.000000
99.777545	100.000000	-99.961566	100.000000	99.852065	99.971330
99.848790	100.000000	-99.918586	100.000000	100.000000	100.000000
99.771470	100.000000	-99.857037	100.000000	99.947041	99.790180
100.000000	100.000000	-99.871611	100.000000	100.000000	100.000000
100.000000	100.000000	-99.813219	100.000000	99.954217	99.902170
100.000000	100.000000	-100.000000	100.000000	99.976785	99.988582
100.000000	100.000000	-100.000000	100.000000	100.000000	100.000000
99.974838	100.000000	-99.933468	100.000000	99.978348	99.870266
99.982545	100.000000	-99.911843	100.000000	99.872831	100.000000
100.000000	100.000000	-99.967829	100.000000	100.000000	99.954282
100.000000	100.000000	-100.000000	100.000000	100.000000	99.976138
100.000000	100.000000	-99.979784	100.000000	100.000000	100.000000
99.982328	100.000000	-99.926816	100.000000	100.000000	100.000000
100.000000	100.000000	-100.000000	100.000000	99.906674	99.885887
99.926010	100.000000	-100.000000	100.000000	99.987589	100.000000
99.892900	100.000000	-100.000000	100.000000	99.870984	99.866111
99.875720	100.000000	-99.940191	100.000000	99.885397	100.000000
99.883483	100.000000	-100.000000	100.000000	99.794631	99.908260
100.000000	100.000000	-99.991257	100.000000	99.986351	99.697695
100.000000	100.000000	-100.000000	100.000000	99.977397	100.000000
99.960973	100.000000	-100.000000	100.000000	99.747980	99.983607
99.913689	100.000000	-100.000000	100.000000	100.000000	100.000000
100.000000	100.000000	-100.000000	100.000000	100.000000	100.000000
99.792809	100.000000	-99.952861	100.000000	99.852802	100.000000
99.860305	100.000000	-99.919672	100.000000	99.960337	99.912030
99.952306	100.000000	-100.000000	100.000000	99.788849	100.000000
100.000000	100.000000	-99.972981	100.000000	99.954620	100.000000
99.985842	100.000000	-99.987100	100.000000	99.845279	99.941439
100.000000	100.000000	-99.940401	100.000000	99.926803	99.934213
100.000000	100.000000	-99.946285	100.000000	99.765185	100.000000
99.924446	100.000000	-100.000000	100.000000	99.906950	100.000000
99.996220	100.000000	-100.000000	100.000000	100.000000	99.928726
100.000000	100.000000	-99.927533	100.000000	100.000000	100.000000
100.000000	100.000000	-100.000000	100.000000	100.000000	99.997562
100.000000	100.000000	-100.000000	100.000000	100.000000	100.000000
100.000000	100.000000	-100.000000	100.000000	99.820473	100.000000
99.915231	100.000000	-99.899680	100.000000	99.970607	99.918765
99.986292	100.000000	-100.000000	100.000000	100.000000	99.942071
99.988634	100.000000	-100.000000	100.000000	99.973838	100.000000
99.859559	100.000000	-99.928302	100.000000	99.924546	99.976475
100.000000	100.000000	-100.000000	100.000000	100.000000	99.808105
100.000000	100.000000	-100.000000	100.000000	99.752668	100.000000
100.000000	100.000000	-99.912913	100.000000	99.896762	100.000000
100.000000	100.000000	-99.948544	100.000000	100.000000	99.836983
100.000000	100.000000	-100.000000	100.000000	100.000000	100.000000
99.962531	100.000000	-100.000000	100.000000	100.000000	100.000000
100.000000	100.000000	-100.000000	100.000000	99.951435	100.000000
99.944873	100.000000	-100.000000	100.000000	99.981449	99.979312
100.000000	100.000000	-99.978773	100.000000	99.835005	100.000000
99.909184	100.000000	-99.913321	100.000000	99.947815	99.973635
99.818315	100.000000	-100.000000	100.000000	100.000000	100.000000
100.000000	100.000000	-100.000000	100.000000	100.000000	99.936630
100.000000	100.000000	-99.840266	100.000000	99.935657	99.916899
99.925612	100.000000	-99.982464	100.000000	99.827807	100.000000
99.850388	100.000000	-99.923098	100.000000	99.985782	99.961522
99.890941	100.000000	-99.858178	100.000000	100.000000	99.931780
99.823946	100.000000	-99.885045	100.000000	100.000000	100.000000
100.000000	100.000000	-99.980089	100.000000	99.945696	100.000000
100.000000	100.000000	-100.000000	100.000000	99.774183	99.816368
100.000000	100.000000	-99.994674	100.000000	99.993712	100.000000
100.000000	100.000000	-99.985461	100.000000	99.852195	100.000000
100.000000	100.000000	-99.875586	100.000000	100.000000	100.000000
100.000000	100.000000	-100.000000	100.000000	100.000000	99.813454
100.000000	100.000000	-100.000000	100.000000	99.893554	99.870787
100.000000	100.000000	-100.000000	100.000000	99.685957	100.000000
99.879107	100.000000	-99.972096	100.000000	99.976143	100.000000
100.000000	100.000000	-99.980865	100.000000	99.731543	100.000000
99.995843	100.000000	-100.000000	100.000000	100.000000	100.000000
99.959541	100.000000	-100.000000	100.000000	100.000000	100.000000
99.883401	100.000000	-99.949948	100.000000	99.964225	99.985566
99.989439	100.000000	-99.931126	100.000000	100.000000	99.972292
99.910264	100.000000	-99.987305	100.000000	99.900098	100.000000
99.900513	100.000000	-100.000000	100.000000	99.945865	100.000000
100.000000	100.000000	-100.000000	100.000000	99.966629	99.915283
99.868559	100.000000	-99.894630	100.000000	99.761066	99.977772
99.906636	100.000000	-99.970027	100.000000	99.796975	99.903301
100.000000	100.000000	-100.000000	100.000000	99.916113	100.000000
100.000000	100.000000	-99.965313	100.000000	99.971466	99.990955
99.997055	100.000000	-99.767934	100.000000	99.919541	99.930511
100.000000	100.000000	-100.000000	100.000000	99.917354	100.000000
99.864512	100.000000	-100.000000	100.000000	100.000000	100.000000
100.000000	100.000000	-99.936484	100.000000	99.992738	100.000000
100.000000	100.000000	-100.000000	100.000000	99.977740	100.000000
99.954039	100.000000	-100.000000	100.000000	100.000000	99.919115
99.979335	100.000000	-100.000000	100.000000	100.000000	99.936310
100.000000	100.000000	-100.000000	100.000000	99.970159	99.976666
99.959949	100.000000	-100.000000	100.000000	99.844943	100.000000
99.934444	100.000000	-99.949076	100.000000	99.933835	99.849473
99.870570	100.000000	-100.000000	100.000000	100.000000	100.000000
100.000000	100.000000	-99.905861	100.000000	99.859876	99.859724
100.000000	100.000000	-100.000000	100.000000	100.000000	100.000000
99.997864	100.000000	-100.000000	100.000000	99.948411	99.944246
100.000000	100.000000	-100.000000	100.000000	99.978102	100.000000
99.979763	100.000000	-99.999016	100.000000	99.923559	99.945401
100.000000	100.000000	-100.000000	100.000000	99.686952	99.994742
100.000000	100.000000	-99.866644	100.000000	100.000000	100.000000
99.925973	100.000000	-100.000000	100.000000	99.781057	99.959212
99.882787	100.000000	-99.965160	100.000000	100.000000	100.000000
100.000000	100.000000	-99.940672	100.000000	100.000000	100.000000
99.927235	100.000000	-99.882193	100.000000	99.942260	100.000000
100.000000	100.000000	-99.931334	100.000000	100.000000	100.000000
99.928577	100.000000	-99.953672	100.000000	99.808489	99.960300
99.955501	100.000000	-100.000000	100.000000	100.000000	99.863226
100.000000	100.000000	-100.000000	100.000000	99.762774	100.000000
100.000000	100.000000	-100.000000	100.000000	99.916613	100.000000
99.987755	100.000000	-100.000000	100.000000	99.986900	99.868951
99.883511	100.000000	-99.848510	100.000000	99.993805	100.000000
100.000000	100.000000	-99.946311	100.000000	99.874592	99.918351
100.000000	100.000000	-100.000000	100.000000	99.885921	99.976499
100.000000	100.000000	-100.000000	100.000000	99.976624	100.000000
99.898231	100.000000	-99.963293	100.000000	99.936708	100.000000
99.962976	100.000000	-100.000000	100.000000	99.962773	100.000000
100.000000	100.000000	-99.880203	100.000000	99.984403	100.000000
99.963865	100.000000	-99.910039	100.000000	100.000000	99.939814
100.000000	100.000000	-100.000000	100.000000	100.000000	100.000000
99.833167	100.000000	-100.000000	100.000000	99.919608	100.000000
100.000000	100.000000	-99.867294	100.000000	99.976749	99.970872
99.905632	100.000000	-100.000000	100.000000	99.867575	100.000000
100.000000	100.000000	-99.956613	100.000000	99.928922	100.000000
99.993267	100.000000	-100.000000	100.000000	99.705931	100.000000
100.000000	100.000000	-100.000000	100.000000	99.735691	99.765429
99.992867	100.000000	-99.999123	100.000000	100.000000	100.000000
100.000000	100.000000	-100.000000	100.000000	99.710065	100.000000
99.978966	100.000000	-100.000000	100.000000	100.000000	99.860795
100.000000	100.000000	-99.975455	100.000000	99.975625	99.790231
99.841486	100.000000	-100.000000	100.000000	99.965781	100.000000
100.000000	100.000000	-100.000000	100.000000	100.000000	100.000000
99.870018	100.000000	-100.000000	100.000000	99.866903	99.977382
99.921533	100.000000	-100.000000	100.000000	99.993150	99.926029
100.000000	100.000000	-100.000000	100.000000	99.918986	100.000000
100.000000	100.000000	-99.892135	100.000000	100.000000	100.000000
99.979957	100.000000	-99.993615	100.000000	99.916206	100.000000
99.790969	100.000000	-99.955707	100.000000	99.944788	99.910249
99.958262	100.000000	-99.733954	100.000000	99.971914	99.938970
100.000000	100.000000	-100.000000	100.000000	99.999399	100.000000
99.829390	100.000000	-99.781551	100.000000	99.864379	100.000000
100.000000	100.000000	-99.976930	100.000000	100.000000	100.000000
100.000000	100.000000	-100.000000	100.000000	99.960115	99.943667
99.892393	100.000000	-99.883324	100.000000	100.000000	99.920561
100.000000	100.000000	-99.876878	100.000000	100.000000	100.000000
99.893522	100.000000	-100.000000	100.000000	100.000000	99.797896
100.000000	100.000000	-100.000000	100.000000	100.000000	100.000000
100.000000	100.000000	-100.000000	100.000000	100.000000	99.910337
100.000000	100.000000	-99.864566	100.000000	99.878964	99.997816
99.882077	100.000000	-99.849050	100.000000	99.914833	100.000000
99.916680	100.000000	-100.000000	100.000000	100.000000	99.956867
100.000000	100.000000	-99.916402	100.000000	99.940286	100.000000
99.861427	100.000000	-99.922603	100.000000	100.000000	100.000000
100.000000	100.000000	-100.000000	100.000000	99.952488	100.000000
100.000000	100.000000	-100.000000	100.000000	99.843838	99.794889
100.000000	100.000000	-100.000000	100.000000	99.930976	99.931251
100.000000	100.000000	-99.988477	100.000000	99.868355	99.934589
99.996019	100.000000	-99.942593	100.000000	100.000000	100.000000
99.841732	100.000000	-99.923115	100.000000	100.000000	99.810255
100.000000	100.000000	-99.972202	100.000000	100.000000	100.000000
99.886003	100.000000	-100.000000	100.000000	99.814015	100.000000
100.000000	100.000000	-99.965670	100.000000	100.000000	100.000000
99.924238	100.000000	-100.000000	100.000000	99.930620	100.000000
99.940930	100.000000	-100.000000	100.000000	99.823021	99.860921
99.981937	100.000000	-100.000000	100.000000	100.000000	100.000000
100.000000	100.000000	-99.995538	100.000000	99.838862	99.958415
99.964769	100.000000	-99.948857	100.000000	100.000000	100.000000
100.000000	100.000000	-100.000000	100.000000	99.986950	100.000000
100.000000	100.000000	-99.986657	100.000000	99.774133	100.000000
100.000000	100.000000	-100.000000	100.000000	99.796788	99.797169
100.000000	100.000000	-99.758106	100.000000	99.899913	100.000000
99.938815	100.000000	-99.850865	100.000000	99.710882	100.000000
99.917046	100.000000	-99.909018	100.000000	99.843085	100.000000
100.000000	100.000000	-99.890692	100.000000	100.000000	99.911526
100.000000	100.000000	-100.000000	100.000000	100.000000	99.819049
100.000000	100.000000	-100.000000	100.000000	100.000000	99.931845
99.963513	100.000000	-99.891455	100.000000	99.868478	100.000000
100.000000	100.000000	-100.000000	100.000000	99.859694	99.895008
100.000000	100.000000	-99.770303	100.000000	100.000000	99.948311
100.000000	100.000000	-100.000000	100.000000	100.000000	100.000000
100.000000	100.000000	-100.000000	100.000000	99.961248	100.000000
100.000000	100.000000	-100.000000	100.000000	99.977795	99.969070
99.902185	100.000000	-100.000000	100.000000	99.914132	100.000000
99.928573	100.000000	-100.000000	100.000000	99.931489	100.000000
99.914900	100.000000	-100.000000	100.000000	99.888490	99.816382
100.000000	100.000000	-99.965145	100.000000	99.875639	99.971677
100.000000	100.000000	-99.914842	100.000000	100.000000	100.000000
100.000000	100.000000	-100.000000	100.000000	99.903191	100.000000
99.880796	100.000000	-99.935154	100.000000	99.911041	99.954123
99.855719	100.000000	-99.910929	100.000000	100.000000	100.000000
99.980306	100.000000	-99.990620	100.000000	100.000000	99.919795
99.998417	100.000000	-100.000000	100.000000	99.826303	100.000000
100.000000	100.000000	-99.928294	100.000000	100.000000	99.794107
99.967688	100.000000	-99.938139	100.000000	100.000000	99.851790
100.000000	100.000000	-99.850249	100.000000	99.743158	99.977046
99.932830	100.000000	-100.000000	100.000000	99.786837	100.000000
99.960108	100.000000	-100.000000	100.000000	99.984818	100.000000
99.976696	100.000000	-99.810459	100.000000	100.000000	99.996866
100.000000	100.000000	-100.000000	100.000000	99.979627	100.000000
-99.953843	-100.000000	100.000000	-100.000000	-99.918552	-99.995043
99.970944	100.000000	-100.000000	100.000000	99.919998	100.000000
100.000000	100.000000	-99.960413	100.000000	99.852371	99.968367
100.000000	100.000000	-99.969416	100.000000	100.000000	99.866748
99.911089	100.000000	-99.879905	100.000000	99.854069	99.964978
99.912309	100.000000	-99.873231	100.000000	100.000000	100.000000
100.000000	100.000000	-100.000000	100.000000	99.923986	100.000000
100.000000	100.000000	-100.000000	100.000000	100.000000	99.957147
99.950771	100.000000	-99.817935	100.000000	99.789637	100.000000
100.000000	100.000000	-100.000000	100.000000	99.944640	99.895318
99.978205	100.000000	-99.927741	100.000000	99.737956	100.000000
99.803851	100.000000	-99.999725	100.000000	99.989258	100.000000
100.000000	100.000000	-99.904223	100.000000	100.000000	99.884108
99.955601	100.000000	-99.858602	100.000000	100.000000	100.000000
100.000000	100.000000	-99.983916	100.000000	100.000000	100.000000
99.960267	100.000000	-100.000000	100.000000	99.908002	99.795883
99.966060	100.000000	-99.976143	100.000000	99.949461	100.000000
99.974236	100.000000	-99.920126	100.000000	99.980531	100.000000
99.853333	100.000000	-99.968105	100.000000	99.862098	100.000000
99.980815	100.000000	-99.977883	100.000000	99.941791	99.924220
99.962498	100.000000	-100.000000	100.000000	99.923119	99.904230
100.000000	100.000000	-100.000000	100.000000	100.000000	99.938316
100.000000	100.000000	-99.944474	100.000000	100.000000	100.000000
99.891603	100.000000	-100.000000	100.000000	100.000000	99.942302
100.000000	100.000000	-99.919408	100.000000	99.789871	100.000000
100.000000	100.000000	-99.965240	100.000000	99.877339	99.932694
100.000000	100.000000	-99.992309	100.000000	100.000000	100.000000
100.000000	100.000000	-99.859898	100.000000	100.000000	100.000000
100.000000	100.000000	-99.819801	100.000000	99.988053	100.000000
99.916036	100.000000	-99.948366	100.000000	99.952484	99.922754
100.000000	100.000000	-100.000000	100.000000	99.958311	100.000000
100.000000	100.000000	-99.937598	100.000000	99.986649	100.000000
99.903025	100.000000	-99.926077	100.000000	100.000000	99.872769
100.000000	100.000000	-100.000000	100.000000	100.000000	100.000000
-99.987872	-100.000000	99.853337	-100.000000	-100.000000	-99.882281
99.984342	100.000000	-99.981979	100.000000	100.000000	99.954842
99.986141	100.000000	-100.000000	100.000000	99.856196	99.806178
99.994159	100.000000	-99.921642	100.000000	99.869002	99.950758
100.000000	100.000000	-99.960322	100.000000	99.982750	99.928324
99.893704	100.000000	-99.948980	100.000000	99.918934	100.000000
100.000000	100.000000	-100.000000	100.000000	99.977817	100.000000
100.000000	100.000000	-100.000000	100.000000	99.973469	99.981028
99.969099	100.000000	-99.897730	100.000000	99.782332	99.864874
99.927769	100.000000	-99.744321	100.000000	99.823127	99.901258
99.934822	100.000000	-100.000000	100.000000	99.906894	100.000000
100.000000	100.000000	-100.000000	100.000000	99.971685	100.000000
100.000000	100.000000	-99.868699	100.000000	99.891873	99.921270
100.000000	100.000000	-99.773436	100.000000	100.000000	99.822699
100.000000	100.000000	-100.000000	100.000000	99.825968	99.957996
100.000000	100.000000	-99.910124	100.000000	99.960684	100.000000
99.919608	100.000000	-100.000000	100.000000	99.931772	100.000000
99.940717	100.000000	-100.000000	100.000000	99.948445	99.995271
99.926945	100.000000	-99.883997	100.000000	99.885908	100.000000
100.000000	100.000000	-100.000000	100.000000	100.000000	100.000000
100.000000	100.000000	-99.843748	100.000000	100.000000	99.975038
99.973307	100.000000	-99.950263	100.000000	99.903420	100.000000
99.918678	100.000000	-100.000000	100.000000	99.936016	100.000000
100.000000	100.000000	-99.935995	100.000000	99.836103	100.000000
99.931054	100.000000	-99.834997	100.000000	99.826363	100.000000
99.901836	100.000000	-99.930750	100.000000	99.942896	100.000000
99.872915	100.000000	-99.966335	100.000000	100.000000	100.000000
100.000000	100.000000	-99.752999	100.000000	99.905375	100.000000
100.000000	100.000000	-100.000000	100.000000	99.925541	100.000000
99.985455	100.000000	-99.919647	100.000000	100.000000	100.000000
99.712934	100.000000	-100.000000	100.000000	100.000000	99.955322
99.979440	100.000000	-99.839125	100.000000	100.000000	100.000000
99.903693	100.000000	-100.000000	100.000000	99.930754	100.000000
99.967267	100.000000	-99.884154	100.000000	100.000000	100.000000
100.000000	100.000000	-99.971069	100.000000	100.000000	99.961664
99.873657	100.000000	-99.955370	100.000000	100.000000	100.000000
99.922443	100.000000	-100.000000	100.000000	100.000000	100.000000
99.988964	100.000000	-99.976004	100.000000	100.000000	99.847229
99.940902	100.000000	-100.000000	100.000000	100.000000	99.842399
99.844439	100.000000	-99.988195	100.000000	99.997768	99.963562
99.906629	100.000000	-99.932969	100.000000	100.000000	100.000000
100.000000	100.000000	-100.000000	100.000000	99.986860	99.925691
99.905726	100.000000	-100.000000	100.000000	99.767008	99.887505
100.000000	100.000000	-100.000000	100.000000	99.896596	99.837801
99.989034	100.000000	-100.000000	100.000000	100.000000	99.965966
99.981253	100.000000	-100.000000	100.000000	99.822425	100.000000
100.000000	100.000000	-99.879700	100.000000	100.000000	99.995692
100.000000	100.000000	-100.000000	100.000000	100.000000	100.000000
100.000000	100.000000	-100.000000	100.000000	99.964938	99.925159
99.928266	100.000000	-100.000000	100.000000	99.733960	100.000000
99.813846	100.000000	-100.000000	100.000000	99.967535	100.000000
99.935387	100.000000	-100.000000	100.000000	100.000000	99.946348
