-100.000000	100.000000	100.000000	36.633925	100.000000	-52.742971
-99.658989	99.972521	99.760505	4.525311	99.858104	-45.494899
100.000000	-100.000000	-99.959118	-22.273702	-100.000000	52.368966
99.743063	-100.000000	-100.000000	-32.767988	-99.692459	52.997138
99.807655	-99.959500	-99.929006	-27.510891	-99.773189	52.719627
-100.000000	100.000000	99.995639	23.635877	99.869320	-52.642389
100.000000	-100.000000	-100.000000	-35.885316	-99.952173	52.381252
-99.563533	99.886411	99.911911	42.215291	100.000000	-52.620153
100.000000	-99.969681	-99.945806	-42.215704	-100.000000	52.398394
100.000000	-99.977059	-100.000000	-47.987889	-99.905756	52.689891
-100.000000	100.000000	100.000000	-4.345229	82.417642	-3.604772
-100.000000	99.898851	100.000000	16.918507	99.825035	-52.706384
99.916079	-99.943806	-99.910963	-14.659567	-99.863697	52.587206
-99.998929	99.616201	100.000000	20.506281	99.978394	-52.328412
-99.799633	100.000000	100.000000	24.157034	100.000000	-52.520779
100.000000	-99.751404	-99.926034	-22.355410	-100.000000	52.102513
-100.000000	99.935272	99.911468	38.830635	100.000000	-52.281636
-100.000000	100.000000	100.000000	28.534036	99.950619	-52.417059
99.770019	-100.000000	-99.963747	-9.871921	-99.738788	52.335254
-100.000000	99.983736	100.000000	34.811051	100.000000	-52.385420
-99.816667	100.000000	100.000000	26.172356	100.000000	-52.340502
-100.000000	100.000000	99.749126	46.302251	99.923497	-52.649653
-99.530756	99.872906	99.918779	20.378028	99.874533	-52.424749
100.000000	-100.000000	-99.867348	-32.745227	-99.875806	52.560256
99.965193	-100.000000	-99.974876	-16.148773	-100.000000	52.584446
-99.959948	99.848281	100.000000	24.875329	99.703861	-52.935439
-99.674901	100.000000	99.961220	37.025853	99.933151	-52.769677
-99.835991	100.000000	100.000000	40.058274	99.659187	-52.679351
-100.000000	100.000000	99.832722	21.259867	99.918692	-52.596959
-100.000000	99.879556	100.000000	23.112406	99.924818	-52.274909
100.000000	-100.000000	-100.000000	-10.448595	-99.641212	52.715721
-100.000000	100.000000	99.883681	29.964784	99.980877	-52.674177
-99.768881	100.000000	100.000000	40.825662	99.829119	-52.801759
-99.885136	100.000000	100.000000	26.953037	99.977526	-52.522695
-100.000000	99.923679	100.000000	21.483858	99.903283	-52.478802
-100.000000	100.000000	100.000000	17.838240	99.843399	-52.553545
-100.000000	100.000000	100.000000	12.217243	99.897962	-52.243445
99.994879	-99.548259	-99.788475	-38.012853	-99.966748	52.542894
100.000000	-100.000000	-100.000000	-12.967934	-99.791319	52.558450
100.000000	-99.847587	-100.000000	-18.187528	-99.867477	52.784397
78.755932	-91.608522	-63.019251	-6.202846	-47.564266	-34.618135
-99.981381	100.000000	100.000000	8.693667	99.960070	-44.610220
99.939971	-100.000000	-99.920767	-26.870426	-100.000000	52.535986
99.901283	-100.000000	-100.000000	-35.320515	-100.000000	52.386748
-100.000000	100.000000	99.669186	18.266967	100.000000	-52.399601
-100.000000	99.988439	100.000000	19.667867	99.655839	-53.114249
99.992692	-100.000000	-99.922784	-24.817043	-100.000000	52.505760
-100.000000	99.962039	100.000000	27.550292	99.930140	-52.658327
-99.975165	100.000000	100.000000	28.833419	100.000000	-52.586051
90.752493	-100.000000	-100.000000	23.322168	-46.303251	13.345357
-99.981786	99.743237	100.000000	19.788189	99.821952	-52.382272
-100.000000	100.000000	100.000000	26.642915	100.000000	-52.873962
99.859504	-99.887189	-100.000000	-19.797613	-100.000000	52.228646
100.000000	-100.000000	-99.915713	-23.358488	-99.941965	52.454254
99.853924	-99.836039	-100.000000	-30.047597	-99.968206	52.668329
99.978838	-99.950155	-99.939154	-26.945843	-100.000000	52.546800
-100.000000	99.370345	99.845525	33.755436	100.000000	-52.356662
-100.000000	100.000000	99.783242	15.290635	99.791493	-52.483537
-100.000000	100.000000	100.000000	22.470850	100.000000	-52.687056
99.609514	-100.000000	-100.000000	-4.468135	-97.230472	48.656865
-100.000000	99.951358	99.934002	34.248383	99.611985	-53.025413
-99.701702	99.725778	100.000000	18.090385	99.932131	-52.564878
-100.000000	99.785425	100.000000	16.710384	99.966324	-52.388906
-100.000000	99.742059	99.923313	22.543315	100.000000	-52.896053
-99.935879	100.000000	99.756379	24.865556	99.706030	-52.986269
99.986872	-99.970059	-99.709049	-30.435498	-99.874084	52.559785
-99.645647	99.751424	100.000000	39.530308	100.000000	-52.779164
-99.706907	100.000000	99.862143	33.461039	99.857239	-52.553688
-100.000000	99.952271	100.000000	48.807772	99.737069	-53.044539
-99.791443	99.913373	99.920576	24.771960	99.774002	-52.718212
-99.959541	100.000000	100.000000	25.497941	99.920696	-52.384329
-100.000000	99.573027	100.000000	25.518406	99.816750	-52.484271
-99.925730	100.000000	100.000000	22.921477	100.000000	-52.770560
-100.000000	99.876250	99.856571	29.484604	99.718826	-52.637896
100.000000	-100.000000	-99.800129	-39.907043	-100.000000	52.355840
100.000000	-100.000000	-100.000000	-21.143921	-99.735347	52.677085
-100.000000	100.000000	100.000000	38.188460	100.000000	-52.873102
-100.000000	99.973965	99.666468	23.968999	100.000000	-52.989476
-100.000000	100.000000	100.000000	51.037850	100.000000	-52.631986
-100.000000	100.000000	100.000000	25.083497	100.000000	-52.854986
-99.949189	100.000000	99.908434	22.576917	99.730212	-52.796082
-100.000000	99.813442	99.802177	33.889463	99.919811	-52.328005
-100.000000	100.000000	99.846489	38.330996	99.521434	-52.971339
-99.738102	99.900218	99.986164	16.420694	99.898181	-52.598554
100.000000	-99.967195	-99.738742	-38.401422	-100.000000	52.217339
-100.000000	100.000000	99.847389	26.563409	99.689795	-52.667472
100.000000	-100.000000	-100.000000	-16.866966	-99.762271	52.721734
-99.985515	99.838025	100.000000	27.600715	99.851750	-52.599253
-100.000000	100.000000	99.803352	19.515907	99.906967	-52.633432
100.000000	-99.942341	-99.996882	-24.359061	-99.921154	52.750417
-100.000000	99.694823	100.000000	23.640674	100.000000	-52.372205
99.771860	-99.885552	-99.888505	-23.404299	-99.870105	52.906735
-99.871275	99.940915	99.603587	35.313160	99.941748	-52.616603
-100.000000	100.000000	99.896411	24.451045	100.000000	-52.460845
-99.962655	99.848127	99.916265	42.620284	99.776479	-53.154452
-100.000000	99.819293	99.998610	41.381236	100.000000	-52.348729
-100.000000	100.000000	99.749787	26.668615	99.717499	-52.716195
-100.000000	100.000000	100.000000	8.026991	99.970910	-52.377608
99.881987	-100.000000	-99.916602	-33.068270	-99.839212	52.757564
99.789169	-100.000000	-100.000000	-31.098230	-99.968403	52.593894
-99.937318	100.000000	99.802565	34.136302	99.722669	-52.672407
-99.817608	99.715864	100.000000	43.543090	99.521948	-52.776982
-99.896794	99.811931	99.967320	40.825395	99.772143	-52.456371
99.933810	-100.000000	-100.000000	-24.779555	-99.957631	52.401330
-100.000000	99.655549	100.000000	24.366286	99.698898	-52.877844
-99.915322	99.931710	99.871855	42.946539	100.000000	-52.518503
-99.995266	99.984897	99.911204	40.981553	100.000000	-52.359834
-99.958801	99.838539	100.000000	20.087152	99.997641	-52.466549
-100.000000	100.000000	100.000000	36.964276	100.000000	-52.651947
-99.954463	100.000000	100.000000	19.614968	100.000000	-52.539699
-99.799839	99.979035	100.000000	38.853634	99.631894	-52.993895
-100.000000	100.000000	100.000000	36.834670	100.000000	-52.517628
100.000000	-99.977445	-100.000000	-23.322623	-100.000000	52.446147
-100.000000	99.716118	100.000000	15.597854	100.000000	-52.317348
-100.000000	99.763270	100.000000	26.351169	99.964904	-52.167321
-100.000000	100.000000	99.741381	15.215256	99.786257	-52.526973
-100.000000	100.000000	100.000000	15.479782	99.483159	-52.552608
-100.000000	100.000000	100.000000	28.411073	99.653222	-52.604312
-99.548144	100.000000	99.933658	24.694157	99.994220	-52.337791
-99.956457	99.706780	99.932508	23.805394	99.866740	-52.545852
-100.000000	100.000000	100.000000	29.746884	100.000000	-52.456916
-99.883106	100.000000	99.834273	18.421488	100.000000	-52.574713
100.000000	-99.917463	-100.000000	-18.747196	-99.739352	52.663612
100.000000	-100.000000	-99.940187	-28.040187	-99.611486	52.511071
-99.801806	99.852308	99.963411	25.097528	99.697821	-52.626609
100.000000	-100.000000	-99.841750	-23.258417	-99.474882	52.532271
-99.812439	99.991136	100.000000	35.783540	100.000000	-52.341024
99.611808	-100.000000	-99.984255	-34.093496	-99.918798	52.633043
100.000000	-99.938574	-99.853899	-13.733836	-99.834792	52.586280
-100.000000	99.837437	99.971067	26.614934	100.000000	-52.333213
-100.000000	100.000000	99.536732	32.370620	99.990663	-52.537465
99.970410	-100.000000	-100.000000	-17.217308	-100.000000	52.953653
100.000000	-99.814050	-99.765886	-24.879141	-100.000000	52.300444
-99.619441	100.000000	100.000000	38.248084	99.730461	-52.790503
-99.706179	100.000000	99.618563	26.784819	99.899759	-52.425664
-99.901048	99.970950	100.000000	13.668441	100.000000	-52.611198
-99.862050	99.913043	99.864562	26.522114	99.931725	-52.652326
-99.699841	100.000000	100.000000	20.660033	100.000000	-52.352963
-100.000000	100.000000	100.000000	25.691403	100.000000	-52.665736
-99.959676	99.859804	100.000000	27.934806	99.662174	-52.563888
-99.929629	100.000000	100.000000	37.916125	99.635117	-52.828442
-99.894647	100.000000	100.000000	13.718860	100.000000	-52.375282
-100.000000	99.704750	100.000000	43.512191	100.000000	-52.940647
-99.851141	100.000000	99.828703	20.856131	100.000000	-52.388491
-100.000000	100.000000	100.000000	9.469511	100.000000	-52.164741
-100.000000	99.839174	99.600294	23.670743	99.935901	-52.183053
-99.740297	100.000000	99.952342	32.942464	99.899339	-52.610489
-99.974685	100.000000	99.967505	28.154727	99.874041	-52.731230
-99.806476	99.689643	99.910351	12.273547	100.000000	-52.470763
99.942264	-100.000000	-99.825984	-29.046915	-100.000000	52.325295
-99.651144	100.000000	100.000000	12.777007	99.973893	-52.514911
-99.947595	100.000000	99.582283	39.518610	99.871643	-52.693897
99.944980	-99.863964	-99.886256	-44.021377	-99.999703	52.575747
99.924518	-99.872030	-99.885002	-10.797263	-100.000000	52.632274
-99.763535	99.909779	99.960298	35.158502	99.795205	-52.581252
-100.000000	100.000000	99.680234	34.466264	99.726826	-52.692201
100.000000	-100.000000	-100.000000	-31.269305	-99.913667	52.615284
-99.916886	100.000000	99.910697	28.154476	100.000000	-52.405951
99.988326	-100.000000	-100.000000	-37.285327	-99.881586	52.834848
-100.000000	100.000000	100.000000	37.396743	100.000000	-52.491963
-99.847523	100.000000	100.000000	28.563341	99.457698	-52.752287
-100.000000	100.000000	100.000000	19.254703	99.792764	-52.772818
-99.830498	99.882288	99.881317	28.128257	99.964216	-52.293810
99.897223	-100.000000	-99.747356	-44.009058	-99.954733	52.707503
-100.000000	100.000000	100.000000	25.370952	99.762227	-52.472242
-99.980163	99.934173	100.000000	33.032175	99.734813	-52.703416
-100.000000	99.865801	100.000000	24.914867	99.995077	-52.834217
-99.940029	100.000000	100.000000	32.382050	99.997335	-52.516924
-99.690327	100.000000	99.763753	37.690354	100.000000	-52.508125
-99.904028	99.795673	100.000000	35.303886	99.829928	-52.737888
100.000000	-99.915657	-100.000000	-27.907272	-100.000000	52.321336
-100.000000	99.758184	99.768102	4.519735	99.892149	-24.593782
-99.793951	100.000000	100.000000	18.012225	99.834449	-52.160777
-99.763808	99.942706	99.803385	34.253740	100.000000	-52.505937
-99.788246	99.906378	100.000000	41.610323	100.000000	-52.200295
-99.954346	99.966515	100.000000	24.336984	100.000000	-52.745627
99.917350	-99.791986	-100.000000	-42.654485	-100.000000	52.925504
99.696629	-100.000000	-99.711946	-30.276580	-100.000000	52.753430
99.931239	-100.000000	-100.000000	-26.713868	-100.000000	52.454233
99.887095	-100.000000	-100.000000	-32.803054	-99.733328	52.787339
99.961329	-99.897852	-99.887211	-27.025317	-99.843705	52.605436
-100.000000	99.787728	100.000000	15.539142	99.675976	-52.762112
-100.000000	99.921652	100.000000	38.596424	99.709857	-52.378735
100.000000	-99.975654	-100.000000	-25.502856	-99.957382	52.403952
100.000000	-100.000000	-99.979071	-41.852985	-100.000000	52.481977
-100.000000	99.966119	99.881278	23.064409	100.000000	-52.608391
99.917493	-99.764910	-100.000000	-39.818289	-99.624959	52.734455
-100.000000	100.000000	100.000000	28.420962	99.760306	-52.496202
-99.657827	99.765956	100.000000	30.338529	99.912436	-52.297645
-100.000000	100.000000	99.955893	30.519423	100.000000	-53.002090
-100.000000	99.841669	99.713187	33.582718	99.796326	-52.705863
-99.913172	99.810469	100.000000	20.690521	99.892107	-52.679694
-99.845633	99.867706	100.000000	25.364127	99.965017	-52.893473
-100.000000	100.000000	100.000000	32.319260	99.930713	-52.214451
-99.832153	99.978654	99.741029	25.196531	99.902646	-52.572117
99.917563	-99.816521	-100.000000	-42.050556	-100.000000	52.678796
100.000000	-100.000000	-99.853730	-26.320396	-99.801078	52.986018
-100.000000	99.954786	99.907629	25.651085	99.763259	-52.650395
100.000000	-99.928615	-100.000000	-41.570303	-100.000000	52.496662
-100.000000	100.000000	100.000000	9.347190	100.000000	-52.448669
-100.000000	100.000000	100.000000	-3.964084	43.049008	-75.211092
99.852118	-100.000000	-100.000000	-26.913827	-99.978118	52.553710
-100.000000	99.970390	99.903896	28.085718	99.899308	-52.793597
-99.862168	100.000000	100.000000	24.850210	100.000000	-52.246794
-99.887646	99.845182	100.000000	28.727451	100.000000	-52.448278
-100.000000	99.893403	99.864970	31.883014	100.000000	-52.379471
-99.959114	100.000000	99.787980	18.662152	99.702762	-52.950878
-100.000000	100.000000	100.000000	24.870393	99.594817	-52.797842
-100.000000	100.000000	100.000000	24.521728	100.000000	-52.275996
-100.000000	100.000000	99.884768	45.459087	99.805645	-52.571553
100.000000	-100.000000	-99.924110	-4.977348	-100.000000	43.889184
100.000000	-100.000000	-100.000000	-37.087963	-100.000000	52.462460
-99.569242	99.917291	99.811988	18.030429	99.919428	-52.482413
99.860623	-100.000000	-100.000000	-11.346004	-99.769084	52.616874
-100.000000	99.947166	99.689889	34.805632	100.000000	-52.468526
99.928853	-100.000000	-99.911174	-20.209675	-99.598111	52.875845
-100.000000	100.000000	99.836645	33.412021	100.000000	-52.143221
-99.877921	100.000000	100.000000	19.542756	99.545406	-52.853935
100.000000	-99.901545	-99.964175	-18.224539	-99.894142	52.582660
99.843979	-100.000000	-99.819231	-26.984347	-99.817188	52.141645
99.987840	-100.000000	-99.903626	-25.644495	-100.000000	53.030510
-99.697950	99.770862	99.755992	48.299750	99.634235	-52.671851
100.000000	-99.810633	-100.000000	-29.962936	-100.000000	52.648422
-100.000000	100.000000	100.000000	21.273822	99.830665	-52.489798
-99.939793	99.744128	100.000000	24.518965	99.758090	-52.622876
-99.863471	99.694700	100.000000	20.354863	99.968593	-52.631653
-100.000000	99.993696	100.000000	10.694960	100.000000	-52.900687
100.000000	-99.987607	-100.000000	-41.243355	-99.627120	52.605968
99.833404	-100.000000	-99.581692	-25.938765	-99.828497	52.632209
-99.940345	100.000000	99.893542	15.965206	99.845298	-52.389182
-99.629290	99.966403	99.883150	9.733532	99.863344	-52.308901
-99.653316	100.000000	100.000000	33.183473	100.000000	-52.179411
99.834282	-100.000000	-100.000000	-42.493672	-99.961307	52.515905
-99.716363	100.000000	100.000000	21.250972	100.000000	-52.238974
-99.957962	100.000000	99.847310	26.091260	99.779320	-53.005304
-100.000000	100.000000	99.915855	24.408126	99.823815	-52.281900
-100.000000	99.808047	100.000000	26.017828	99.819852	-52.775262
-100.000000	100.000000	99.799060	30.870479	100.000000	-52.550778
-100.000000	99.900518	100.000000	42.212785	99.736721	-52.542096
-100.000000	99.930879	100.000000	44.188265	99.871325	-52.675927
-99.856924	99.867489	100.000000	24.358787	99.894077	-53.025863
-100.000000	99.923097	99.697943	17.598672	100.000000	-52.421048
-100.000000	100.000000	99.763795	21.856978	100.000000	-52.828382
-100.000000	100.000000	99.885742	32.376874	99.952113	-52.435394
100.000000	-100.000000	-99.916689	-7.253435	-100.000000	52.341755
99.818740	-99.950150	-100.000000	-32.035234	-100.000000	52.206647
-100.000000	100.000000	99.869204	32.001006	99.581193	-52.646481
-100.000000	99.802363	99.900565	21.463682	99.871480	-52.822483
-100.000000	99.656159	100.000000	42.955757	100.000000	-52.137484
99.979300	-100.000000	-100.000000	-20.781827	-99.956348	52.714682
-99.921155	100.000000	100.000000	37.383730	99.831437	-52.167347
-99.790344	99.860305	99.971087	37.987977	99.973872	-52.500667
-100.000000	99.791900	100.000000	11.763556	99.938128	-52.550193
99.972765	-99.800102	-100.000000	-37.909598	-100.000000	52.715041
99.851934	-100.000000	-100.000000	-47.462862	-99.893669	52.679230
100.000000	-99.614160	-99.884610	-14.250313	-99.827670	52.648931
100.000000	-99.909451	-99.676398	-29.839282	-100.000000	52.623772
-100.000000	99.953317	99.753398	48.386266	99.980194	-52.823079
-99.628054	99.519143	99.989414	28.513835	99.693389	-52.557999
100.000000	-100.000000	-99.957758	-33.408205	-99.729404	52.861626
100.000000	-100.000000	-99.880861	-17.168136	-99.526227	52.544592
100.000000	-100.000000	-99.723260	-26.553822	-99.616464	52.697623
-100.000000	99.641232	99.899178	26.556654	99.886028	-52.307893
-100.000000	99.972079	100.000000	20.225993	99.812104	-52.874288
-100.000000	99.873306	99.780685	19.226441	99.816084	-52.110896
-100.000000	100.000000	99.844945	35.847498	99.828701	-52.389906
-99.912494	100.000000	99.958659	14.563092	99.978381	-52.355656
-100.000000	100.000000	100.000000	32.750299	100.000000	-52.633088
-100.000000	99.899209	99.939112	31.243693	100.000000	-53.103964
100.000000	-99.849887	-99.775271	-29.112273	-100.000000	52.361928
99.750816	-100.000000	-99.930845	-20.482357	-100.000000	52.770298
-99.983680	100.000000	99.989076	28.577193	99.819967	-52.723877
-100.000000	100.000000	99.976839	26.024696	100.000000	-52.466156
-99.908791	99.690316	100.000000	37.206972	99.919566	-52.245854
-99.939438	99.926059	100.000000	18.786625	99.637143	-52.782513
-99.732251	100.000000	99.792122	29.847916	99.550054	-52.977766
-99.777572	100.000000	100.000000	34.939312	99.805078	-52.787555
-100.000000	99.836320	100.000000	16.865849	99.775174	-52.827096
-99.891839	100.000000	99.798014	5.571277	100.000000	-44.347264
-100.000000	99.651535	99.897442	32.933208	100.000000	-52.469822
-100.000000	99.943757	99.827265	26.088958	100.000000	-52.642295
99.668235	-100.000000	-99.995410	-42.313956	-99.942112	52.699088
-100.000000	100.000000	99.951185	20.729232	99.899556	-52.577217
-100.000000	100.000000	99.769843	30.259334	99.826445	-52.393311
-99.930989	99.942053	100.000000	21.108721	100.000000	-52.436569
-100.000000	99.874966	99.783621	21.618450	100.000000	-52.277155
-99.857955	100.000000	100.000000	35.629840	99.951518	-52.809009
-100.000000	100.000000	100.000000	13.367822	100.000000	-51.910434
-99.846739	99.984355	100.000000	20.322562	100.000000	-52.853940
-99.660115	100.000000	100.000000	16.186796	100.000000	-52.880340
-99.883082	99.912090	100.000000	23.438289	99.860185	-52.184104
-100.000000	99.914729	99.828881	41.882463	99.553323	-52.978520
-100.000000	99.980285	99.907135	31.749203	100.000000	-52.225642
99.806814	-100.000000	-99.770565	-21.786084	-99.645187	52.483062
-100.000000	100.000000	99.740249	29.714973	99.158874	-52.847200
-100.000000	100.000000	100.000000	31.466399	99.898527	-52.770923
100.000000	-100.000000	-99.907286	-38.122840	-99.636552	52.577686
99.902592	-100.000000	-99.646025	-41.590540	-99.817121	52.827753
-99.833607	99.734441	99.670439	13.626649	100.000000	-52.625084
99.901605	-100.000000	-100.000000	-19.819722	-100.000000	52.523231
-99.877693	99.854139	99.824842	23.476231	99.324343	-52.719384
100.000000	-100.000000	-99.932729	-35.324080	-99.970128	52.610255
-99.920480	100.000000	100.000000	33.982655	99.731549	-52.526638
-99.961399	99.839973	99.821035	9.038148	100.000000	-52.659376
100.000000	-99.807974	-99.996320	-20.563744	-100.000000	52.459481
-99.918145	100.000000	99.909744	18.014919	99.617115	-52.569683
-100.000000	100.000000	100.000000	6.572860	99.859563	-51.807686
100.000000	-99.859995	-99.654153	-27.983612	-100.000000	52.723192
-99.909867	100.000000	99.714160	38.563699	100.000000	-52.394013
100.000000	-99.747475	-100.000000	-40.206792	-100.000000	52.714407
-100.000000	99.628848	100.000000	43.217006	99.987540	-52.501435
100.000000	-100.000000	-99.840285	-24.774510	-100.000000	52.521601
-100.000000	100.000000	100.000000	27.443820	99.633225	-52.611506
-100.000000	99.972001	100.000000	44.525964	100.000000	-52.798408
-100.000000	100.000000	99.773738	43.630853	100.000000	-52.633816
99.934066	-100.000000	-99.963658	-20.435557	-99.911931	52.585205
-99.858638	100.000000	99.732266	29.880873	99.816846	-52.555061
-99.869066	99.988998	100.000000	35.774447	100.000000	-52.419019
-100.000000	99.741918	99.905398	47.282565	100.000000	-52.664910
100.000000	-99.870803	-99.884890	-26.224337	-100.000000	52.736982
99.979461	-99.945725	-100.000000	-32.343781	-99.627435	52.279278
-99.926886	99.879014	99.743560	35.154493	99.522635	-52.730120
-99.842973	99.827626	99.985674	31.417233	99.725860	-53.109418
-99.917307	100.000000	100.000000	24.113202	99.845124	-52.445688
100.000000	-99.945776	-99.959030	-39.880570	-99.716434	52.488104
-99.684668	99.823400	99.807126	22.922037	100.000000	-53.026490
-100.000000	99.816519	100.000000	17.267086	100.000000	-52.614040
-99.799147	100.000000	99.945437	22.218590	100.000000	-52.804710
-99.907148	99.594947	100.000000	51.494013	100.000000	-52.401761
-100.000000	100.000000	100.000000	25.380988	99.836899	-52.593338
-100.000000	99.955419	99.792893	31.308659	99.761213	-52.852481
100.000000	-99.839502	-99.833786	-20.805132	-100.000000	52.134148
-99.956846	99.969307	99.971898	27.859338	99.678234	-52.802489
99.925402	-99.649632	-100.000000	-28.504328	-100.000000	52.328037
-100.000000	100.000000	99.838373	19.663522	100.000000	-52.346559
100.000000	-99.795230	-100.000000	-6.708687	-99.873183	38.870486
-99.926306	99.875705	99.755891	23.700274	100.000000	-52.389526
-100.000000	100.000000	100.000000	22.888565	99.919471	-52.509739
-99.969410	100.000000	100.000000	31.860612	99.996118	-52.658858
-100.000000	99.804027	99.953864	9.008817	99.816323	-52.366500
99.896986	-100.000000	-99.890639	-21.415616	-99.723280	52.808611
100.000000	-100.000000	-87.038112	-8.008096	-6.382299	99.707332
-100.000000	99.806507	100.000000	24.605361	99.885234	-52.514371
-100.000000	99.767943	100.000000	23.432573	100.000000	-52.340794
100.000000	-100.000000	-100.000000	-29.964752	-100.000000	52.336039
-99.929628	99.878719	100.000000	31.208622	100.000000	-52.900504
-100.000000	100.000000	100.000000	40.525977	99.860527	-52.445293
-99.935845	99.878036	99.993205	41.923814	99.826160	-52.555476
-100.000000	99.802135	99.533592	28.457683	99.970394	-52.630578
100.000000	-99.709730	-99.858988	-22.061317	-100.000000	52.760956
99.757276	-99.984785	-100.000000	-21.371900	-100.000000	52.310453
-100.000000	100.000000	100.000000	20.488283	99.885361	-52.933733
100.000000	-100.000000	-100.000000	-21.555754	-100.000000	52.306438
-100.000000	100.000000	100.000000	15.567520	99.980441	-52.420340
-99.870429	100.000000	99.839246	27.904883	99.965083	-52.787604
-100.000000	100.000000	99.932317	35.751752	100.000000	-52.454093
100.000000	-100.000000	-99.675312	-30.945225	-99.876564	52.747472
-100.000000	99.716090	99.657996	20.221962	100.000000	-52.505424
-99.984183	99.967489	99.733833	-8.942651	36.395248	-77.753030
-99.863336	99.877031	99.910925	16.884687	99.883421	-52.430286
-100.000000	99.935727	100.000000	38.979232	100.000000	-52.711916
100.000000	-99.846469	-100.000000	-23.838246	-99.710022	52.701172
-100.000000	100.000000	100.000000	35.592973	100.000000	-52.554848
-100.000000	99.822841	99.846179	42.732160	100.000000	-52.598533
-100.000000	100.000000	99.669586	33.577772	99.768529	-52.703974
-100.000000	99.578357	99.980104	25.008499	100.000000	-52.959369
-99.935291	100.000000	100.000000	40.777420	99.799734	-52.473481
-100.000000	100.000000	99.956752	39.225796	100.000000	-52.335900
99.966235	-100.000000	-100.000000	-34.872206	-99.934448	52.585694
-100.000000	99.811878	100.000000	32.655635	100.000000	-52.753238
-99.904113	100.000000	100.000000	46.459973	99.867827	-52.389737
-100.000000	100.000000	100.000000	29.936937	99.870403	-52.490795
100.000000	-100.000000	-100.000000	-16.389296	-99.678401	52.611661
100.000000	-100.000000	-100.000000	-36.889703	-99.899129	52.934749
100.000000	-100.000000	-100.000000	-12.267824	-100.000000	52.421671
-99.901544	99.717673	99.743769	32.377843	99.798258	-52.599169
99.802382	-99.910240	-100.000000	-17.453514	-99.731959	52.817834
100.000000	-99.882694	-100.000000	-24.237808	-99.794191	52.634152
99.955015	-99.901026	-99.924882	-15.737174	-100.000000	52.394400
-99.753091	99.752965	99.916956	16.208336	100.000000	-52.469780
100.000000	-99.762825	-99.677939	-39.785154	-99.824547	52.431470
99.883289	-100.000000	-99.915274	-30.741623	-99.880076	52.338765
-100.000000	99.820461	99.910127	28.027717	100.000000	-52.437389
-100.000000	99.878277	100.000000	24.114652	99.837857	-52.627189
-100.000000	99.898792	100.000000	12.264413	99.816247	-52.894997
99.900652	-99.732103	-99.937099	-26.188825	-99.622850	52.526317
-100.000000	99.835843	100.000000	19.664602	100.000000	-52.639987
100.000000	-99.863221	-99.745949	-39.789817	-100.000000	52.791996
-99.880266	100.000000	99.920893	18.840205	99.929267	-52.985168
-100.000000	100.000000	99.640544	11.703458	100.000000	-52.359633
-99.970978	99.636055	100.000000	34.762221	99.723923	-52.568439
-99.716810	99.778537	99.881533	28.435765	100.000000	-52.466064
-100.000000	99.974456	100.000000	38.465294	100.000000	-52.671947
-99.896323	99.738945	99.838435	35.462514	99.937959	-52.864553
100.000000	-99.800531	-100.000000	-32.912353	-100.000000	52.533902
-99.985829	100.000000	100.000000	43.367409	100.000000	-52.628878
100.000000	-99.554049	-100.000000	-51.795047	-99.595830	52.567232
-99.897214	99.992121	99.772671	37.419280	99.584196	-52.707408
-100.000000	99.717115	99.847141	26.993637	100.000000	-52.556901
100.000000	-99.879877	-99.981437	-19.905091	-100.000000	52.505867
99.939459	-100.000000	-100.000000	-21.256948	-100.000000	52.712562
99.989514	-99.744276	-99.891430	-28.077707	-100.000000	52.380983
-100.000000	100.000000	99.903094	25.994088	99.766584	-52.291718
-99.742907	99.884546	99.958583	11.376451	81.428741	-61.310165
-100.000000	99.905767	100.000000	19.196606	99.622291	-52.525734
-99.722269	100.000000	100.000000	31.701383	100.000000	-52.629462
-99.878587	99.830770	100.000000	15.286653	99.874793	-52.345972
99.531771	-99.753197	-99.938555	-37.455236	-99.657414	52.402163
-99.864572	99.693903	99.893657	17.685227	100.000000	-52.489945
-100.000000	99.895434	99.971722	48.219899	99.893444	-52.948016
-100.000000	99.728654	99.766623	25.112246	100.000000	-52.422549
-100.000000	100.000000	100.000000	16.661616	99.624019	-53.060257
99.954271	-100.000000	-100.000000	-31.718402	-100.000000	52.900472
-99.887074	99.966569	99.806611	21.200649	100.000000	-52.520169
-100.000000	100.000000	99.750653	42.476903	99.825574	-52.641315
-100.000000	99.938334	99.931608	18.614050	99.805157	-52.619985
99.919418	-100.000000	-100.000000	-31.772722	-99.696433	52.513214
-99.796968	100.000000	99.941150	38.054290	99.963609	-52.546188
-100.000000	99.733049	99.938909	45.753056	100.000000	-52.935375
99.922799	-99.764508	-100.000000	-29.352763	-100.000000	52.625091
100.000000	-99.890237	-100.000000	-19.745679	-99.930370	52.467819
99.802890	-99.968438	-100.000000	-17.913503	-99.729545	52.720756
-100.000000	99.984599	99.874375	20.145025	99.964907	-52.239167
-100.000000	100.000000	100.000000	22.768732	100.000000	-52.984050
99.966944	-100.000000	-100.000000	-28.105873	-99.587539	52.339683
100.000000	-100.000000	-99.785781	-36.527315	-99.979709	52.729651
100.000000	-99.632729	-99.945874	-38.367153	-100.000000	52.464045
-99.585493	100.000000	100.000000	22.302334	100.000000	-52.609594
99.770777	-99.912093	-100.000000	-15.000947	-99.997260	52.570213
-99.700249	100.000000	100.000000	24.691334	99.702061	-52.611474
-100.000000	99.877500	99.975938	23.919124	99.971838	-52.746070
-99.895841	99.786392	99.859553	29.007648	100.000000	-52.566305
100.000000	-100.000000	-99.879121	-14.802658	-99.566017	52.582145
-100.000000	99.894318	99.801047	26.077095	99.745896	-52.786281
-100.000000	99.932291	99.783910	28.157313	99.808465	-52.674315
-99.917312	100.000000	99.837601	31.457052	99.702258	-52.633414
-99.990670	100.000000	99.825218	33.162464	99.980884	-52.661490
-99.915203	100.000000	100.000000	25.392896	100.000000	-52.626875
100.000000	-99.843106	-100.000000	-28.433277	-99.888498	52.650985
-100.000000	100.000000	100.000000	34.815041	99.721335	-52.838138
-99.782397	100.000000	100.000000	35.476808	99.973725	-52.282398
99.861198	-100.000000	-100.000000	-34.026359	-99.917705	52.363767
-100.000000	99.841903	99.819243	17.584301	100.000000	-52.161324
100.000000	-100.000000	-99.872998	-28.695496	-99.314278	53.007311
-100.000000	99.799822	100.000000	43.256981	99.965959	-52.654435
-99.465813	100.000000	100.000000	40.073469	99.774275	-52.741280
-99.959977	99.900783	99.631946	32.602810	99.845329	-52.915065
-99.973166	99.900883	100.000000	34.232760	100.000000	-52.743457
99.879483	-100.000000	-99.928315	-15.272971	-99.741534	52.511891
-99.981905	99.761146	100.000000	32.655800	99.964908	-52.598313
-99.981484	100.000000	100.000000	13.363318	100.000000	-52.556152
-99.849309	99.977214	99.919596	32.329656	99.940745	-52.769666
99.939072	-100.000000	-99.713695	-7.787650	-99.870463	52.480294
-99.732398	100.000000	100.000000	13.422662	100.000000	-52.662388
-100.000000	100.000000	100.000000	42.635318	99.789508	-52.113839
-99.994677	100.000000	99.959099	11.377340	100.000000	-52.624099
-99.968857	100.000000	100.000000	31.294039	99.978637	-52.362767
99.832010	-100.000000	-99.731504	-17.991024	-99.724653	52.610503
-100.000000	99.904078	99.881740	32.225606	99.897645	-52.461248
-99.712819	100.000000	99.787093	30.456860	100.000000	-52.322083
100.000000	-100.000000	-100.000000	-23.890677	-100.000000	52.480331
100.000000	-99.986152	-100.000000	-27.896067	-99.858350	52.413865
100.000000	-100.000000	-100.000000	-31.229601	-99.987390	52.374130
-100.000000	100.000000	100.000000	27.048438	99.870997	-52.265130
-99.845785	100.000000	99.776382	39.226471	100.000000	-52.453450
-100.000000	100.000000	100.000000	35.816944	100.000000	-52.918594
100.000000	-99.885256	-99.936381	-22.659327	-99.751777	52.442143
-99.853499	99.809158	100.000000	15.848504	99.938654	-52.862875
-99.903870	100.000000	99.987186	23.163536	99.698967	-52.469634
-99.913087	99.756363	100.000000	25.020020	99.958013	-52.802100
-100.000000	99.881361	99.704218	23.982226	99.991050	-52.723979
-100.000000	100.000000	100.000000	13.979232	99.521500	-52.735523
-100.000000	100.000000	100.000000	22.684756	99.952436	-52.436129
-99.914959	100.000000	100.000000	15.325107	99.889129	-52.738806
-99.824621	100.000000	100.000000	22.051262	100.000000	-52.445037
100.000000	-99.805195	-100.000000	-11.397977	-99.712413	52.966376
100.000000	-100.000000	-99.794412	-33.814574	-100.000000	52.651597
100.000000	-100.000000	-100.000000	-32.475037	-99.730685	52.805641
100.000000	-99.811343	-100.000000	-19.996355	-100.000000	52.721709
-100.000000	99.896557	99.951373	12.921058	99.918321	-52.899704
-99.929694	99.773659	100.000000	25.804901	100.000000	-52.278357
-100.000000	100.000000	100.000000	-7.173966	15.278322	-85.999937
-99.763073	99.921087	99.932100	35.489785	100.000000	-52.603044
100.000000	-99.742621	-99.839160	-36.522638	-99.766932	53.108044
-100.000000	100.000000	100.000000	39.857091	100.000000	-52.382892
99.970691	-100.000000	-99.907842	-17.133690	-99.904991	52.805238
-99.883315	100.000000	100.000000	26.898723	99.586479	-52.285914
-100.000000	99.658044	100.000000	11.946713	99.900196	-52.254084
-99.905100	99.992153	100.000000	31.348883	100.000000	-52.342318
-100.000000	100.000000	99.777016	13.127650	100.000000	-52.415596
-100.000000	100.000000	100.000000	30.899999	99.803944	-52.902362
-100.000000	99.845310	99.863601	26.198455	99.985790	-52.439510
99.917221	-99.907080	-99.520326	-15.285212	-100.000000	48.523815
-99.979709	99.763376	100.000000	27.975613	100.000000	-52.614790
99.964067	-99.601350	-100.000000	-36.291345	-100.000000	52.206722
-99.940788	99.959425	100.000000	14.940416	100.000000	-52.564571
-100.000000	99.912422	99.924063	30.669808	99.903523	-52.482104
100.000000	-99.814546	-99.909113	-44.305701	-99.867891	52.432026
-99.940024	99.829302	99.998631	12.805659	99.625496	-52.782242
-99.941502	99.782751	100.000000	32.457186	99.835272	-52.487115
-99.794713	100.000000	99.973567	18.388366	99.914286	-52.304172
-99.850237	100.000000	99.820679	28.429601	99.946579	-52.490087
-100.000000	99.912823	100.000000	17.701424	99.424937	-52.813952
-100.000000	99.992204	100.000000	20.000503	99.896087	-52.702686
99.847627	-99.676309	-100.000000	-20.480580	-99.676798	52.534895
99.910290	-99.945891	-99.908819	-14.294841	-100.000000	52.405220
100.000000	-99.935774	-100.000000	-34.988341	-100.000000	52.364218
-99.820050	99.893899	100.000000	27.269294	99.661243	-52.562904
100.000000	-100.000000	-99.745131	-20.767702	-100.000000	52.125713
99.929191	-100.000000	-100.000000	-24.669179	-99.774656	52.658776
100.000000	-100.000000	-99.882054	-24.952506	-100.000000	52.649541
-100.000000	99.620003	100.000000	15.322122	99.765087	-52.319000
-100.000000	100.000000	99.903094	43.178772	99.948880	-52.324907
-99.722138	100.000000	99.964322	40.035775	100.000000	-52.726151
-100.000000	99.995663	99.866071	40.486950	100.000000	-52.428491
-99.913121	99.725776	99.792247	15.125815	99.997377	-52.577395
-100.000000	99.914379	100.000000	29.639893	100.000000	-52.576570
99.864874	-99.813162	-99.809816	-20.191057	-100.000000	52.474330
-100.000000	100.000000	99.586462	20.151167	99.568361	-52.681124
-99.978075	100.000000	100.000000	16.962291	100.000000	-52.332061
99.890653	-100.000000	-99.821953	-39.021963	-100.000000	52.628494
-100.000000	99.873579	99.826034	29.177308	100.000000	-52.757297
-99.965678	99.964636	100.000000	20.010749	99.970146	-52.903738
100.000000	-99.745360	-99.827275	-18.117178	-99.982535	52.556285
-100.000000	99.948771	99.831106	29.758350	100.000000	-52.454591
-99.638106	99.785486	99.840269	27.417093	99.970667	-52.894692
-100.000000	99.798674	99.992053	43.552613	99.884782	-52.529048
99.931386	-99.983295	-100.000000	-12.136333	-100.000000	52.418500
99.782874	-100.000000	-100.000000	-11.932367	-100.000000	52.463562
-100.000000	99.859270	99.931993	15.327848	99.954827	-52.156148
-100.000000	100.000000	100.000000	32.402768	99.806418	-52.628828
-99.842352	99.675932	99.919402	6.198587	99.955646	-44.036466
-99.782472	100.000000	100.000000	35.468786	99.856664	-52.593315
-100.000000	99.874771	99.871104	36.663218	99.701995	-52.414567
100.000000	-100.000000	-99.923102	-35.339657	-99.637380	52.574909
99.553062	-99.958073	-100.000000	-12.708685	-99.910275	52.591121
-100.000000	99.731227	99.755937	32.942099	99.661663	-52.805760
-99.832225	99.731762	100.000000	14.937570	99.669442	-52.881567
-100.000000	99.846968	100.000000	19.469186	99.796948	-52.795883
-100.000000	99.992246	100.000000	21.969289	99.994778	-52.425504
-99.965483	100.000000	99.873130	18.002694	99.482342	-52.461070
-100.000000	99.924791	100.000000	11.225704	100.000000	-52.521721
-99.942157	99.953614	100.000000	32.708416	100.000000	-52.333889
-99.914392	100.000000	100.000000	28.574603	99.994971	-52.225964
-99.823532	100.000000	100.000000	22.579823	99.948930	-52.218950
99.843737	-100.000000	-99.740487	-3.973779	-98.265307	47.492131
-99.805091	99.812955	100.000000	16.726836	99.742263	-52.634356
100.000000	-99.647668	-99.869212	-19.000144	-99.978827	52.535303
-99.691978	99.945198	99.661123	27.144628	99.682249	-52.355472
-100.000000	100.000000	99.664644	22.112999	100.000000	-52.635455
-100.000000	99.779863	100.000000	39.798161	99.661087	-52.841370
-99.736998	99.929270	99.992902	27.522669	100.000000	-52.534797
100.000000	-99.756744	-99.965363	-25.519620	-99.619504	52.185644
99.548102	-100.000000	-100.000000	-6.954221	-100.000000	18.292801
-99.947986	100.000000	100.000000	41.849981	99.834213	-52.733105
100.000000	-99.762776	-100.000000	-14.042580	-100.000000	52.453813
-100.000000	99.908824	100.000000	31.172957	100.000000	-52.683639
100.000000	-99.656574	-99.840092	-43.229203	-100.000000	52.408027
100.000000	-100.000000	-99.862824	-26.319056	-100.000000	52.413376
99.872029	-100.000000	-100.000000	-18.779597	-99.985734	52.595905
-100.000000	100.000000	99.947593	17.358082	100.000000	-52.480123
-100.000000	99.873764	100.000000	9.232412	99.703077	-22.837215
-100.000000	99.871656	99.669529	39.263913	99.850520	-52.417710
100.000000	-100.000000	-99.858560	-18.296689	-99.911274	52.475285
100.000000	-100.000000	-100.000000	-32.996740	-100.000000	52.360099
99.888652	-99.931626	-99.881379	-14.085773	-100.000000	52.255641
100.000000	-99.706035	-100.000000	-19.121368	-99.847391	52.560882
-100.000000	100.000000	99.868359	23.980268	99.629226	-52.902427
-100.000000	99.658926	100.000000	28.693999	100.000000	-52.394804
-100.000000	99.994188	99.829884	29.099244	100.000000	-52.498945
98.966647	-100.000000	-99.490342	4.408716	-97.057242	15.764513
99.763178	-99.982337	-99.771368	-31.688864	-100.000000	52.626103
99.578826	-99.889726	-100.000000	-26.371664	-99.354375	53.003733
-99.994527	100.000000	99.941908	27.598001	99.730347	-52.736602
-99.835492	99.868207	99.779915	19.748774	99.862974	-52.400751
99.937350	-100.000000	-99.740322	-21.239614	-99.878002	52.540529
-99.959945	99.826461	100.000000	42.424768	99.886047	-52.774017
-100.000000	100.000000	100.000000	25.412440	100.000000	-52.389794
99.951208	-100.000000	-100.000000	-29.943319	-100.000000	52.369803
-98.606836	98.120895	98.795251	-7.726133	59.893144	-17.253713
100.000000	-100.000000	-100.000000	-30.806179	-100.000000	52.694842
-100.000000	99.988607	100.000000	40.116389	100.000000	-52.754912
100.000000	-100.000000	-99.996905	-17.517628	-100.000000	52.506042
-100.000000	100.000000	100.000000	27.515314	99.985954	-52.341146
100.000000	-100.000000	-100.000000	-16.194495	-100.000000	52.654798
-99.915225	100.000000	99.869956	-6.914845	23.629063	-81.587804
-100.000000	99.894116	99.916270	23.299553	100.000000	-52.533375
100.000000	-100.000000	-100.000000	-33.300275	-99.842752	52.752270
100.000000	-100.000000	-99.975863	-30.725222	-100.000000	52.644267
-100.000000	99.928716	100.000000	35.228098	100.000000	-52.002188
-100.000000	99.698757	100.000000	15.853129	99.858634	-52.327687
100.000000	-100.000000	-100.000000	-46.450731	-100.000000	52.615293
-99.870122	100.000000	99.955638	31.084821	100.000000	-52.603161
-100.000000	99.736583	100.000000	20.786818	100.000000	-52.156379
-99.812249	100.000000	100.000000	32.660256	99.684201	-52.773174
-100.000000	99.895302	100.000000	22.367433	100.000000	-52.293813
99.981615	-99.832349	-100.000000	-30.935908	-100.000000	52.701528
-100.000000	99.970179	100.000000	30.175004	100.000000	-52.315572
-99.894860	100.000000	99.870619	27.726984	100.000000	-52.682924
-100.000000	99.955318	99.835327	42.637550	99.800376	-52.715884
99.736166	-99.741322	-99.947775	-33.131183	-100.000000	52.533732
-100.000000	99.949263	99.970956	20.615257	100.000000	-52.577318
99.933199	-99.766070	-100.000000	-28.259266	-100.000000	52.639030
99.907138	-100.000000	-100.000000	-18.805017	-100.000000	52.678528
-100.000000	100.000000	99.982740	29.705342	100.000000	-52.745587
100.000000	-100.000000	-100.000000	-26.396495	-99.640086	52.636085
-99.699712	100.000000	99.768914	35.372224	99.958645	-52.615095
-100.000000	100.000000	100.000000	35.893076	100.000000	-52.819760
-100.000000	99.819109	99.943537	23.476886	99.898731	-52.781239
-100.000000	99.972302	99.904710	21.369988	99.848544	-52.303846
-99.798710	99.840375	99.802344	21.342069	99.802378	-52.943804
-99.897376	100.000000	99.997242	31.286653	99.719360	-52.622012
-100.000000	100.000000	100.000000	22.577397	99.790355	-52.951444
99.753476	-100.000000	-99.840526	-39.303255	-100.000000	52.523926
100.000000	-100.000000	-99.524555	-7.269886	-100.000000	35.364583
-100.000000	99.753546	99.825575	21.883069	99.719437	-52.796686
-100.000000	99.958609	99.482202	27.779173	100.000000	-52.569892
99.975232	-99.992626	-99.975113	-27.950077	-100.000000	52.575083
-100.000000	99.749687	99.759844	15.192473	100.000000	-52.468091
-100.000000	99.934484	99.874973	26.489306	99.912627	-52.248146
99.986832	-99.872723	-100.000000	-37.676669	-99.852141	52.573130
100.000000	-99.893304	-99.870766	-20.966977	-99.665719	52.806866
100.000000	-100.000000	-100.000000	-31.296694	-99.936765	52.436790
-99.879284	99.984003	100.000000	32.314533	99.728496	-52.514820
-100.000000	100.000000	99.957716	37.679037	99.774805	-52.704985
-99.782803	99.889099	100.000000	46.735812	100.000000	-52.644960
-100.000000	99.904927	99.743015	37.541703	99.996641	-52.563597
-99.947530	100.000000	100.000000	21.991029	99.645944	-52.738273
-100.000000	100.000000	100.000000	36.644628	99.869844	-53.329271
-99.948946	99.816951	99.937888	42.092957	100.000000	-52.375538
100.000000	-100.000000	-100.000000	-28.925588	-100.000000	52.952605
-100.000000	99.793064	100.000000	45.822077	100.000000	-52.694574
100.000000	-99.999395	-100.000000	-35.147585	-99.806412	52.626121
-100.000000	100.000000	100.000000	0.397594	99.646244	-9.491659
-99.959202	99.831811	99.771974	30.305953	99.995202	-52.473711
100.000000	-100.000000	-100.000000	-27.638391	-100.000000	52.622838
-100.000000	100.000000	100.000000	29.989733	100.000000	-52.264928
100.000000	-100.000000	-99.994481	-39.976691	-100.000000	52.603750
-99.705995	100.000000	99.933482	32.305366	100.000000	-52.630316
100.000000	-100.000000	-100.000000	-13.510580	-99.586948	52.661658
-99.942056	99.859369	99.813535	10.888432	99.825630	-52.543614
-100.000000	99.852585	99.987371	14.023164	100.000000	-52.083188
-100.000000	100.000000	100.000000	13.201275	99.648588	-52.052257
-100.000000	100.000000	99.710084	34.218611	99.918283	-52.870856
100.000000	-100.000000	-99.617046	-24.489386	-99.994304	52.732772
-99.918064	99.832720	99.779734	33.497266	99.767857	-52.667323
-100.000000	99.864334	100.000000	19.725320	99.637683	-52.170623
100.000000	-99.926204	-100.000000	-21.493263	-100.000000	52.252048
-99.894941	99.778410	99.738764	27.168904	99.857372	-52.490816
99.845947	-100.000000	-99.570927	-37.616455	-99.898156	52.711647
-100.000000	99.567998	100.000000	29.987235	100.000000	-52.799789
98.670419	-100.000000	-99.631188	-0.931115	-57.747412	20.843024
-99.790763	100.000000	100.000000	20.085930	99.814686	-52.649931
100.000000	-100.000000	-99.941448	-26.483595	-99.765597	52.826572
-100.000000	100.000000	100.000000	21.735446	99.898609	-52.616694
-100.000000	100.000000	99.924311	33.008285	100.000000	-52.772319
-100.000000	99.785236	99.986945	46.354381	99.901370	-52.300835
100.000000	-99.790433	-99.839983	-34.943289	-100.000000	52.694320
99.807416	-99.777592	-99.883385	-24.899744	-99.862604	52.229654
-100.000000	99.897420	100.000000	19.112944	99.954631	-52.626582
-100.000000	100.000000	99.936991	38.714461	100.000000	-52.661734
100.000000	-100.000000	-100.000000	-32.318259	-100.000000	52.313646
-99.906035	99.679298	99.858058	18.564088	99.830055	-52.630877
-100.000000	99.992114	99.900438	15.061286	100.000000	-52.580820
-100.000000	100.000000	100.000000	29.753491	99.683578	-52.544865
-99.919380	99.800051	99.830607	37.147460	100.000000	-52.611006
-99.930281	99.742040	99.935033	32.672272	99.743233	-52.797369
99.869377	-100.000000	-99.966696	-35.113188	-99.714224	52.667814
-100.000000	99.863259	99.789890	35.679861	99.978627	-52.774075
-100.000000	99.982850	99.627299	14.102811	100.000000	-52.864167
-100.000000	100.000000	99.941490	18.468190	100.000000	-52.234818
-99.630811	100.000000	99.910277	9.428428	100.000000	-52.560945
-100.000000	99.989205	100.000000	43.300320	100.000000	-52.747904
99.741190	-99.816895	-99.646069	-49.932958	-99.843797	52.761834
-99.948586	99.827450	99.902368	15.736643	99.872456	-52.631801
-99.895923	100.000000	100.000000	19.525725	100.000000	-52.563252
-100.000000	99.991919	99.813734	27.409276	100.000000	-51.998253
99.712538	-100.000000	-99.959790	-24.834942	-99.708359	52.436027
-100.000000	100.000000	100.000000	18.919558	99.859650	-52.522546
100.000000	-99.630348	-100.000000	-23.241413	-99.777614	52.681565
100.000000	-100.000000	-100.000000	-14.737894	-99.625914	52.631026
-99.973863	100.000000	100.000000	28.502437	99.938519	-52.609916
-100.000000	99.885671	99.803727	32.282685	100.000000	-52.392727
-99.928913	100.000000	100.000000	47.759776	100.000000	-52.625419
-100.000000	100.000000	99.841093	27.080271	99.808974	-52.650965
-100.000000	100.000000	100.000000	24.170141	99.833448	-52.563058
100.000000	-99.888112	-100.000000	-16.717562	-100.000000	52.600031
-100.000000	100.000000	100.000000	24.314344	100.000000	-52.349450
-100.000000	99.849970	99.954317	8.195740	99.386246	-23.330287
-99.940085	100.000000	100.000000	17.945567	100.000000	-52.335956
-100.000000	99.985541	100.000000	25.848720	100.000000	-52.724441
-99.941261	100.000000	100.000000	24.535949	99.647496	-52.342589
99.497451	-100.000000	-100.000000	-18.547688	-99.791395	52.616524
-99.882621	100.000000	100.000000	14.725671	99.692594	-52.390551
-99.777627	99.874439	100.000000	20.983784	99.466530	-52.463737
-100.000000	100.000000	99.955659	20.573312	100.000000	-52.501635
100.000000	-99.865370	-99.894766	-20.728653	-99.958340	52.602827
-100.000000	100.000000	100.000000	26.187788	99.981920	-52.333816
99.876322	-100.000000	-99.928467	-22.168987	-100.000000	52.239496
-100.000000	100.000000	100.000000	43.398323	100.000000	-52.450094
100.000000	-99.479239	-99.931896	-17.670403	-99.924489	52.457091
-100.000000	99.927830	99.999059	20.696378	99.904382	-52.717284
100.000000	-100.000000	-99.933320	-28.113582	-99.750581	52.686892
-100.000000	99.944501	100.000000	13.535121	100.000000	-52.712770
-99.793084	100.000000	100.000000	6.820769	99.743668	-49.697911
100.000000	-100.000000	-100.000000	-27.302991	-100.000000	52.489549
99.773003	-99.939028	-99.798567	-27.167718	-100.000000	52.760964
-100.000000	99.810230	99.825027	19.520672	99.650810	-52.658325
-100.000000	100.000000	100.000000	27.483249	99.808454	-52.687215
-100.000000	99.761997	99.635994	42.379214	100.000000	-52.641873
-99.960121	100.000000	100.000000	31.299986	100.000000	-52.575833
-99.988715	99.969508	100.000000	18.206776	99.726692	-52.362710
-100.000000	99.912129	100.000000	35.460807	100.000000	-52.398596
100.000000	-99.948882	-100.000000	-23.848198	-100.000000	52.340596
100.000000	-100.000000	-100.000000	-19.628333	-100.000000	52.167694
-100.000000	100.000000	100.000000	24.507140	100.000000	-52.340123
99.840932	-99.753333	-99.954653	-32.102892	-99.640376	52.839457
-100.000000	99.881314	100.000000	14.904149	100.000000	-52.552670
99.814649	-99.943687	-100.000000	-26.038942	-99.997765	52.831399
-99.906047	100.000000	100.000000	14.756471	100.000000	-52.681695
-99.914413	99.679811	99.934247	39.738017	99.479879	-52.727968
99.790143	-100.000000	-99.864260	-25.514270	-100.000000	52.386480
-100.000000	100.000000	99.975511	40.777410	99.747536	-52.310000
-100.000000	99.990978	99.859042	27.564506	100.000000	-52.712483
100.000000	-99.901286	-99.867401	-25.857400	-100.000000	52.674957
-99.869577	99.825765	100.000000	34.933487	99.761323	-52.697719
-99.766153	100.000000	100.000000	4.085956	97.861362	-47.934645
-100.000000	99.848523	99.957983	38.991104	99.861915	-52.399682
99.992259	-100.000000	-100.000000	-25.570599	-100.000000	52.672339
-99.726035	100.000000	99.994682	12.302533	99.786538	-52.746323
-100.000000	99.983034	99.969829	14.003303	100.000000	-52.644294
-100.000000	99.763146	99.853679	28.263730	100.000000	-52.706193
-100.000000	100.000000	99.958794	32.125483	99.807464	-52.691591
100.000000	-99.935471	-100.000000	-21.423149	-99.473289	53.022298
-100.000000	100.000000	99.907152	27.488024	100.000000	-52.919739
-100.000000	99.739472	99.641695	5.179617	99.925616	-26.659519
100.000000	-100.000000	-100.000000	-12.972040	-99.902209	52.496538
100.000000	-99.888290	-99.842719	-22.310045	-100.000000	52.594543
99.873469	-100.000000	-100.000000	-32.653880	-99.970452	52.712637
100.000000	-100.000000	-100.000000	-12.514701	-100.000000	52.426148
-100.000000	100.000000	99.985861	54.876254	99.753717	-53.032617
99.924270	-99.967358	-100.000000	-37.017648	-100.000000	52.300222
100.000000	-100.000000	-99.853401	-29.795886	-100.000000	52.624547
-99.982264	99.933896	99.973999	18.827765	99.764406	-52.675055
100.000000	-100.000000	-99.777193	-21.726658	-99.910986	52.782697
-100.000000	100.000000	99.983711	16.095205	100.000000	-52.516628
-99.970221	99.935488	99.941825	30.908933	99.983568	-52.480569
-100.000000	99.909862	100.000000	33.491930	99.592094	-52.904616
-99.763216	100.000000	100.000000	26.652062	99.859771	-52.960649
-99.853492	100.000000	100.000000	37.131458	99.991885	-52.397200
-99.690761	100.000000	100.000000	47.847578	99.936466	-52.409953
-99.853953	100.000000	99.906533	14.198999	100.000000	-52.479891
99.828858	-99.775547	-100.000000	-28.084787	-99.602940	52.699559
-99.888697	99.907521	100.000000	15.309685	100.000000	-52.734448
-100.000000	99.800990	100.000000	29.035073	99.879626	-52.362626
100.000000	-99.766037	-99.787231	-18.675449	-99.745112	52.719915
-99.990679	99.868103	99.662510	24.966335	99.858624	-52.596355
100.000000	-100.000000	-99.377840	-18.969802	-100.000000	52.583474
-99.674068	100.000000	99.897431	18.904068	99.730762	-52.564578
-100.000000	99.951066	100.000000	26.957837	99.908133	-52.751130
-99.943968	99.841152	99.699253	43.513061	99.590397	-52.927752
-100.000000	100.000000	99.816844	15.269895	100.000000	-52.477455
99.770990	-100.000000	-99.828765	-20.849356	-100.000000	52.329069
-99.544436	99.866143	99.908228	39.922095	100.000000	-52.561298
-100.000000	100.000000	99.760907	27.025687	99.968394	-52.871041
-100.000000	100.000000	99.861509	21.477675	100.000000	-52.379596
-100.000000	99.632614	100.000000	21.801786	100.000000	-52.477720
-100.000000	99.684513	99.984227	43.420155	99.767774	-52.677674
-100.000000	100.000000	100.000000	26.015804	99.797646	-52.278455
-100.000000	100.000000	100.000000	41.609484	99.864108	-52.749675
100.000000	-99.857305	-99.864341	-23.339772	-100.000000	53.171471
-100.000000	99.963762	100.000000	30.985045	99.948304	-52.691568
-99.762957	99.873270	100.000000	25.598246	100.000000	-52.524026
99.982997	-100.000000	-100.000000	-20.624621	-99.652536	52.528553
-100.000000	100.000000	100.000000	45.976837	100.000000	-52.870568
-100.000000	99.842632	99.993919	36.047139	99.751201	-52.861652
-99.979698	100.000000	100.000000	20.520576	99.857299	-52.660486
-99.742932	100.000000	100.000000	36.784877	100.000000	-52.265828
-100.000000	100.000000	99.849891	-11.440183	49.667350	-28.932096
-99.879152	99.842280	99.927853	23.386870	100.000000	-52.447408
99.566761	-100.000000	-99.777539	-26.659631	-99.605407	53.244379
-99.836268	99.587768	100.000000	35.073274	100.000000	-52.535575
100.000000	-100.000000	-100.000000	-20.845544	-99.868372	52.814150
-99.736171	99.845200	100.000000	16.293025	100.000000	-52.416507
-100.000000	100.000000	99.934562	29.966139	100.000000	-52.661869
100.000000	-100.000000	-100.000000	-35.173144	-100.000000	52.388596
-100.000000	99.966234	100.000000	32.789364	100.000000	-52.084371
-100.000000	99.751561	99.997588	17.267055	100.000000	-52.665466
99.932935	-99.742944	-99.652884	-27.030525	-99.682501	52.729162
-100.000000	99.905229	100.000000	26.305702	100.000000	-52.554156
-99.920712	99.880149	99.798640	41.430544	100.000000	-52.233195
99.772990	-100.000000	-100.000000	-20.051422	-99.935531	52.859749
-99.887876	100.000000	100.000000	19.259642	99.809558	-52.712621
-99.877389	100.000000	99.939284	29.126209	99.860633	-52.569682
-99.728630	100.000000	99.842152	20.952977	99.861827	-52.918595
-99.828920	99.770076	100.000000	51.672672	99.758150	-52.829107
100.000000	-99.871450	-100.000000	-26.956174	-99.661559	52.449899
100.000000	-100.000000	-99.934851	-14.907286	-100.000000	52.554711
100.000000	-100.000000	-99.919560	-44.110088	-99.719654	52.502726
-100.000000	99.992568	99.713818	11.788584	99.973091	-52.040618
99.968346	-99.937118	-99.977171	-27.097618	-100.000000	52.414032
99.630440	-100.000000	-100.000000	-35.344876	-99.915721	52.964706
-100.000000	99.685121	100.000000	22.559187	100.000000	-52.730998
-99.943489	100.000000	100.000000	37.287932	99.900864	-52.725903
-100.000000	100.000000	100.000000	35.292467	100.000000	-52.538793
99.935402	-99.868796	-99.895149	-13.989267	-99.731257	52.487419
-100.000000	99.831743	100.000000	28.129852	99.658986	-52.355175
100.000000	-100.000000	-99.913410	-20.333879	-99.819838	52.589710
-100.000000	100.000000	100.000000	25.621879	99.842281	-52.424939
90.427044	-92.385453	-63.691694	9.931556	6.876966	93.972233
-100.000000	100.000000	100.000000	25.271168	99.982909	-52.780356
99.802974	-100.000000	-100.000000	-17.493945	-100.000000	52.251121
100.000000	-100.000000	-99.980293	-26.026299	-100.000000	52.880275
100.000000	-99.678362	-99.858654	-20.182489	-100.000000	52.473769
100.000000	-99.618270	-99.831512	-17.564051	-100.000000	52.160970
-100.000000	99.933769	99.619127	31.403718	100.000000	-52.310249
100.000000	-99.972339	-99.816971	-36.223560	-100.000000	52.456800
-99.905383	100.000000	100.000000	32.134545	99.855321	-52.011114
-100.000000	99.972470	100.000000	30.792565	100.000000	-52.456663
-99.869197	100.000000	99.982527	18.088162	99.873993	-52.479890
-100.000000	100.000000	100.000000	25.032535	99.595170	-52.614833
-99.773057	100.000000	99.887636	35.350104	99.911112	-52.487566
-99.978522	99.819414	100.000000	28.031881	99.902435	-52.372200
-99.932836	100.000000	99.674080	21.641799	99.824651	-52.504802
100.000000	-99.917769	-99.979963	-28.735896	-99.931796	52.810091
99.970224	-99.968219	-100.000000	-41.588270	-100.000000	52.494211
-100.000000	100.000000	99.828443	25.726278	100.000000	-52.574113
100.000000	-100.000000	-99.746795	-42.337344	-99.976685	52.215389
-99.775308	100.000000	99.368044	15.805448	99.993236	-52.697552
99.910378	-99.933362	-100.000000	-33.248571	-99.989626	52.256925
-100.000000	99.716141	99.984926	29.183929	100.000000	-52.059616
-100.000000	99.790660	100.000000	46.434182	100.000000	-52.507841
99.926113	-99.749560	-100.000000	-20.180089	-100.000000	52.557689
-99.992908	99.801183	99.701554	13.663857	99.948264	-52.587273
-99.779009	100.000000	100.000000	19.380934	99.668915	-52.904282
-100.000000	100.000000	100.000000	24.627565	100.000000	-52.607954
-99.866393	99.942337	100.000000	25.722058	99.951328	-52.578322
-100.000000	100.000000	99.743376	21.280086	100.000000	-52.508514
99.779087	-100.000000	-99.829708	-25.527662	-100.000000	52.672399
-100.000000	99.959589	99.978109	27.502109	100.000000	-52.516130
-99.982624	99.761846	100.000000	31.472070	99.644618	-52.984868
-99.907850	99.790226	99.850845	38.375139	99.822380	-52.731938
-100.000000	99.961459	99.876902	26.871155	99.797904	-52.411434
99.930077	-100.000000	-100.000000	-29.794538	-99.773661	52.392830
100.000000	-100.000000	-100.000000	-21.214320	-100.000000	52.640280
-99.716176	100.000000	99.864996	29.491206	100.000000	-52.422695
99.831109	-100.000000	-100.000000	-13.387642	-99.757913	52.552134
-100.000000	99.724993	100.000000	20.206587	99.831351	-52.562420
99.971573	-100.000000	-99.927300	-22.307032	-99.858047	52.286526
99.994578	-100.000000	-100.000000	-32.227176	-99.954867	52.511354
-99.785225	99.816653	99.631894	34.884457	99.659541	-52.793255
-99.867536	100.000000	99.544497	13.876732	100.000000	-52.617052
-99.763660	100.000000	100.000000	19.688462	99.775652	-52.681245
-100.000000	99.954105	100.000000	16.186092	99.965100	-53.205007
-99.827126	99.979522	99.874399	37.515131	100.000000	-52.745234
-100.000000	100.000000	99.908978	38.909287	99.847835	-52.268093
99.718638	-99.857316	-99.719816	-32.797388	-99.940628	52.273928
-100.000000	100.000000	99.858632	33.479362	99.714460	-52.715878
100.000000	-100.000000	-99.970487	-15.297282	-99.669059	52.674582
-100.000000	99.887840	100.000000	17.476711	99.554231	-52.615665
-99.946445	100.000000	99.849694	34.180489	99.876907	-52.480569
-99.965155	99.970206	100.000000	29.517745	99.614821	-52.816256
-100.000000	100.000000	100.000000	14.934352	100.000000	-52.124625
-100.000000	99.971084	99.830859	13.366732	100.000000	-52.513315
-99.857691	99.979320	99.828396	13.217781	100.000000	-52.781629
99.999752	-99.844736	-99.804722	-21.048210	-100.000000	52.525575
-99.987915	99.995779	100.000000	22.669283	99.703223	-52.497810
100.000000	-99.816307	-100.000000	-46.000044	-99.697081	52.989888
100.000000	-99.422724	-99.790419	-12.087482	-99.834318	52.713006
-99.992924	99.897298	99.841785	12.696108	100.000000	-52.341585
-99.990728	99.917201	100.000000	37.028494	99.573714	-52.637335
99.956422	-99.808773	-99.931282	-25.533772	-99.990173	52.091324
-100.000000	100.000000	99.893662	45.713088	99.825174	-52.565306
100.000000	-100.000000	-100.000000	-23.880235	-99.830259	52.757758
-99.686032	99.973341	100.000000	25.334417	99.863742	-52.586339
-99.920410	100.000000	99.829123	29.855968	99.868462	-52.715789
-100.000000	99.819440	99.854044	19.201801	100.000000	-52.192670
-99.964214	100.000000	99.784302	31.564546	100.000000	-52.320963
-100.000000	99.896416	99.869911	29.223447	100.000000	-52.294163
-99.787910	99.768473	100.000000	35.610102	100.000000	-52.495593
-99.481500	99.978266	100.000000	20.666926	100.000000	-52.601437
-100.000000	99.892379	99.931547	22.311097	99.998402	-52.478168
99.983259	-99.753577	-99.751414	-24.575566	-99.725951	52.840012
-100.000000	100.000000	99.887288	33.459100	99.944700	-52.921693
100.000000	-100.000000	-99.742646	-20.194562	-99.751146	52.508626
-100.000000	99.619947	99.963190	5.863944	99.753169	-48.179128
-99.973734	99.520305	99.781878	27.841014	100.000000	-52.784644
-99.803232	99.757746	100.000000	48.027192	99.855519	-52.648225
-100.000000	99.976884	100.000000	19.924559	99.689374	-52.608767
100.000000	-99.905758	-100.000000	-38.707421	-100.000000	52.683859
-100.000000	99.881590	99.811459	22.264897	100.000000	-52.301975
99.841465	-100.000000	-100.000000	-23.481033	-99.581344	52.954626
99.674355	-99.940396	-99.874790	-10.204158	-100.000000	52.539780
-100.000000	100.000000	100.000000	39.466396	99.647050	-52.684856
-99.910356	100.000000	100.000000	24.574410	99.885724	-52.488622
100.000000	-99.882410	-100.000000	-25.400463	-99.949857	52.837529
-100.000000	99.953735	100.000000	22.449496	99.766954	-52.571538
99.472578	-99.957209	-99.876679	-34.088082	-99.776939	52.622453
-99.935952	99.804721	99.961730	40.522858	99.734903	-52.738705
-99.894640	99.843905	99.844344	18.361814	99.755089	-52.361211
-100.000000	99.729173	100.000000	33.265918	99.891598	-52.753545
-99.857959	100.000000	99.843627	25.543809	99.951845	-52.396522
-99.952672	99.702694	99.977958	34.919422	100.000000	-52.302129
-100.000000	100.000000	100.000000	7.515941	99.543872	-52.104698
100.000000	-100.000000	-100.000000	-18.837143	-99.989434	52.370072
100.000000	-99.882694	-100.000000	-24.033813	-99.855722	52.709773
99.650995	-100.000000	-100.000000	-17.539506	-100.000000	52.639794
99.941904	-100.000000	-99.959431	-30.811664	-99.976925	52.836779
-99.830409	99.781941	99.890768	47.259468	100.000000	-52.203284
-99.827397	99.957192	99.827276	20.672140	100.000000	-52.687407
-99.947378	99.954259	99.985127	42.777876	99.706343	-52.786529
-99.867529	100.000000	99.837286	21.668094	99.736949	-52.315485
-99.779710	100.000000	100.000000	16.105744	100.000000	-52.224072
100.000000	-99.986522	-99.575227	-50.162248	-100.000000	52.745244
100.000000	-100.000000	-99.870751	-21.878394	-99.690805	52.910742
100.000000	-99.903003	-100.000000	-9.666898	-88.889878	57.906573
-100.000000	99.932943	99.868996	16.956458	99.953396	-52.442681
-99.860818	99.708617	99.964541	22.578336	99.740216	-52.785953
99.638755	-100.000000	-100.000000	-24.485222	-99.664732	53.105798
-100.000000	100.000000	100.000000	19.118375	100.000000	-52.686156
-100.000000	100.000000	99.911711	30.805434	99.694201	-52.692228
100.000000	-100.000000	-100.000000	-17.135403	-99.699404	52.684130
-100.000000	99.985003	99.904819	21.289696	99.961897	-52.742622
-100.000000	99.912194	99.948169	20.748439	100.000000	-52.692188
-100.000000	100.000000	100.000000	13.944379	99.803625	-52.502902
100.000000	-99.865515	-91.927684	13.144583	-14.076345	84.999869
-99.984064	100.000000	100.000000	27.611330	100.000000	-52.862266
99.871202	-99.827537	-100.000000	-23.826708	-99.952638	52.754027
-99.775234	100.000000	100.000000	27.178242	99.697338	-52.501135
100.000000	-99.869589	-99.945577	-33.551914	-100.000000	52.763215
-100.000000	99.973753	99.957149	11.767641	99.946776	-52.424202
100.000000	-100.000000	-100.000000	-27.793764	-99.583570	52.701714
100.000000	-100.000000	-99.689660	-30.122898	-99.619905	52.815603
-99.614363	100.000000	99.297075	2.301640	95.295619	-13.629266
100.000000	-100.000000	-99.844048	-27.258392	-99.825077	52.141844
-99.950995	99.895817	99.839953	14.562459	99.913548	-52.569701
-100.000000	100.000000	99.865916	22.832455	99.896023	-53.121266
-100.000000	99.733315	99.756743	37.922417	100.000000	-52.725571
-99.813550	100.000000	100.000000	18.841388	99.930540	-52.809296
-100.000000	99.992566	100.000000	27.346354	100.000000	-52.581430
99.773939	-100.000000	-100.000000	-33.177688	-100.000000	52.545952
-99.997851	100.000000	100.000000	9.504482	100.000000	-52.478366
-99.885834	99.800358	100.000000	11.310603	100.000000	-52.764757
-100.000000	99.895246	100.000000	0.780758	93.185280	-55.623051
-100.000000	99.696858	100.000000	39.758757	99.767915	-52.942263
99.979612	-100.000000	-100.000000	-26.582563	-100.000000	52.736036
-100.000000	99.935606	100.000000	26.479336	99.697789	-52.961837
-100.000000	99.983233	99.924491	21.077631	99.825086	-52.697469
-99.586238	100.000000	100.000000	13.968824	99.769239	-52.789754
99.888522	-99.962479	-100.000000	-22.233102	-99.883404	52.835836
-100.000000	100.000000	100.000000	14.583281	99.713222	-52.300779
-100.000000	99.734167	100.000000	30.195106	100.000000	-52.214961
-94.550375	92.540265	67.083978	-10.908672	-17.169679	-99.621233
-100.000000	99.807965	99.589014	14.796273	99.775406	-52.489015
-99.768874	99.981237	99.931310	30.947411	100.000000	-52.402203
-100.000000	100.000000	100.000000	33.176459	99.853600	-52.409216
100.000000	-100.000000	-100.000000	-19.603357	-100.000000	51.953476
-99.839540	99.858352	100.000000	31.277722	99.924810	-52.214041
99.771398	-100.000000	-99.820860	-14.411493	-100.000000	52.739476
-100.000000	100.000000	99.949685	38.970650	99.978551	-52.662170
-99.937285	100.000000	99.886017	28.956246	100.000000	-52.716456
-100.000000	100.000000	99.866150	29.075904	99.830855	-52.696189
99.865687	-99.960791	-99.932298	-22.998989	-99.962569	52.398623
-100.000000	99.788464	100.000000	18.200528	99.824324	-52.580779
100.000000	-99.783902	-100.000000	-29.637542	-99.726347	52.187127
100.000000	-99.657196	-99.893051	-38.465052	-99.870621	52.538978
99.758553	-99.938114	-99.595970	-38.861931	-100.000000	52.351008
100.000000	-100.000000	-100.000000	-32.548081	-99.822757	52.821422
-99.980165	99.741926	100.000000	31.964893	99.695245	-52.797236
-99.997782	99.894854	99.852123	27.852807	99.969594	-52.635421
99.866018	-99.775782	-99.835594	-38.207828	-99.896804	52.668832
99.993074	-100.000000	-100.000000	-22.555692	-99.925399	52.611003
-99.837819	100.000000	100.000000	35.083552	100.000000	-52.613344
-100.000000	100.000000	99.797949	18.962357	100.000000	-52.606392
-99.994607	99.934928	99.601907	35.697016	100.000000	-52.453710
-100.000000	99.740204	100.000000	7.242088	100.000000	-30.605104
-100.000000	99.927175	99.833526	37.122841	100.000000	-52.291883
99.915348	-100.000000	-99.981067	-39.642498	-99.908854	52.815116
-99.695001	99.833429	100.000000	21.106347	99.988742	-53.037881
-99.855396	99.747787	100.000000	29.716201	99.561725	-52.687361
-99.973077	99.843874	100.000000	15.610573	99.748862	-53.003375
-99.664025	100.000000	99.940465	32.553481	100.000000	-52.507464
99.844204	-99.713333	-99.986743	-29.850832	-99.894485	52.497635
-99.978066	99.972986	99.841795	25.298432	100.000000	-52.284869
-99.938440	100.000000	100.000000	26.739930	99.779544	-52.959792
100.000000	-99.872703	-99.952892	-12.872457	-99.912769	52.782178
100.000000	-99.827682	-99.787696	-31.574466	-99.763241	52.780621
99.858699	-99.862789	-100.000000	-26.999695	-99.810974	52.892883
-99.839007	99.838210	99.853512	34.383104	100.000000	-52.764173
100.000000	-99.978306	-100.000000	-17.724702	-99.800367	52.543559
-100.000000	100.000000	100.000000	26.442687	99.816882	-52.658458
100.000000	-99.970947	-100.000000	-20.824034	-100.000000	52.309099
-100.000000	100.000000	99.799678	28.042243	99.991714	-52.551027
-99.786294	100.000000	100.000000	30.985971	99.852708	-52.761596
100.000000	-100.000000	-99.959385	-33.944471	-99.679949	52.600482
-99.906752	100.000000	99.870551	22.469458	100.000000	-52.470636
100.000000	-100.000000	-100.000000	-24.206556	-100.000000	52.704728
-99.973117	99.670926	100.000000	30.383850	99.978426	-52.508775
99.971167	-99.930044	-100.000000	-37.565713	-100.000000	52.318298
99.853289	-100.000000	-99.962939	-36.856334	-100.000000	52.521817
