0.000000	0.000000	0.000000	14.215978	17.064675	26.995021
0.000000	0.000000	0.000000	12.236255	9.871071	22.493355
0.000000	0.000000	0.000000	10.661263	5.667124	19.244529
0.000000	0.000000	0.000000	9.466427	11.337947	31.612480
0.000000	0.000000	0.000000	11.332122	4.636774	20.169981
0.000000	0.000000	0.000000	12.303412	9.064001	22.428078
0.000000	0.000000	0.000000	9.771853	7.531026	30.916675
0.000000	2.815002	0.000000	4.127353	8.637757	16.456198
0.000000	0.000000	0.000000	20.062586	17.234601	49.176434
0.000000	0.000000	0.000000	8.133207	13.786488	51.307860
0.000000	0.000000	0.000000	10.451350	4.176048	20.251783
0.000000	4.915045	0.950874	1.640536	0.000000	7.951260
0.000000	0.000000	0.000000	8.766190	9.124019	11.224712
0.000000	0.000000	0.000000	7.775156	18.207537	19.513061
0.000000	0.000000	0.000000	11.857416	13.531281	44.738657
0.000000	0.000000	0.474285	16.759605	0.133353	27.815356
0.000000	3.790967	0.000000	11.644099	16.479518	27.660510
0.000000	0.000000	0.000000	10.516659	15.560339	24.695356
0.000000	0.000000	0.000000	9.594642	16.882976	51.363795
0.000000	0.000000	0.000000	8.712428	14.138404	17.039576
0.000000	0.000000	0.813219	1.858264	0.932339	13.747555
0.000000	0.000000	0.000000	7.961868	10.306601	20.048023
0.000000	0.000000	0.000000	0.681303	0.000000	21.983114
0.000000	1.900787	0.597332	12.441094	0.093015	16.370011
0.000000	0.000000	0.000000	8.413684	18.768040	47.748071
0.000000	0.000000	0.000000	13.923305	4.571137	21.239726
0.000000	10.545570	0.000000	7.901420	22.786912	45.565669
0.000000	0.000000	0.000000	5.758420	8.889782	24.809803
0.000000	0.000000	2.127457	15.385093	12.390530	22.636812
0.000000	0.000000	0.000000	23.317236	20.013681	68.070371
0.000000	0.000000	2.165033	4.792754	22.826806	33.046494
0.000000	0.000000	0.574671	12.192316	0.000000	8.302190
0.000000	0.000000	0.000000	7.623363	16.473348	36.128944
0.000000	0.000000	0.000000	14.759958	23.113047	62.716190
0.000000	0.000000	0.000000	11.016447	16.577729	39.269926
0.000000	0.000000	0.000000	9.747182	20.613209	50.361897
0.000000	2.259359	0.000000	1.993160	12.175369	14.076907
0.000000	0.000000	0.008510	7.486637	9.805162	21.333262
0.000000	0.000000	0.000000	4.585938	1.520196	7.929749
0.000000	0.000000	0.000000	14.381325	14.393061	32.624331
0.000000	0.000000	5.531515	12.590182	12.583009	28.933705
0.000000	0.000000	0.000000	11.515581	9.623683	22.980438
0.000000	0.000000	0.000000	13.696264	14.373902	42.233018
0.000000	2.891118	2.002621	18.767469	4.843112	12.506962
0.000000	0.000000	0.000000	3.109816	13.413110	14.657389
0.000000	0.000000	0.000000	10.979796	18.220317	46.851113
0.000000	0.000000	0.000000	10.171056	8.226531	28.342002
0.000000	0.000000	0.000000	22.584715	16.059803	21.329901
0.000000	0.000000	2.425395	28.854132	7.306709	43.131726
0.000000	0.000000	0.000000	16.333166	28.296742	72.873896
0.000000	0.000000	0.000000	12.297779	20.203993	38.002616
0.000000	0.710448	6.142369	7.202766	10.347374	18.285334
0.000000	0.000000	0.000000	16.062553	16.796107	44.808413
0.000000	0.000000	0.000000	17.521018	9.133939	37.785953
0.000000	3.898181	0.000000	5.851712	8.616532	18.018876
0.000000	0.000000	0.000000	18.246846	23.399065	53.948927
0.000000	2.321098	5.100049	15.253352	5.907328	18.305630
0.000000	0.210387	0.000000	7.179196	14.305571	18.049075
0.000000	0.000000	0.000000	0.000000	22.891089	45.270896
0.000000	0.000000	0.000000	9.106436	15.964733	25.646624
0.000000	0.000000	0.000000	8.696503	24.222330	41.997918
0.000000	0.000000	0.000000	11.467644	8.897675	39.812654
0.000000	0.000000	0.000000	12.325822	16.323588	24.267775
0.000000	0.000000	0.000000	7.657726	11.757716	25.352513
0.000000	0.000000	0.000000	3.219839	7.548611	28.833614
0.000000	0.000000	0.000000	8.623254	15.082018	31.167477
0.000000	0.300499	0.000000	9.426873	8.782241	22.814753
0.000000	0.000000	0.000000	15.300118	5.242830	21.297398
0.000000	0.000000	0.000000	14.831228	7.015795	32.998345
0.000000	0.000000	0.000000	13.096391	15.812633	39.902975
0.000000	0.000000	0.308384	11.654811	6.650013	16.482979
0.000000	0.000000	0.000000	11.477440	6.434464	27.179027
0.000000	0.000000	0.000000	18.309779	10.958702	36.643631
0.000000	5.257263	0.496868	13.098373	14.592457	23.079687
0.000000	0.000000	0.000000	8.158667	17.757352	31.680844
0.000000	0.000000	0.000000	7.728241	17.096843	32.764465
0.000000	0.000000	0.000000	7.864643	20.566083	44.573304
0.000000	0.716323	0.094270	5.201467	24.505121	33.953034
0.000000	0.000000	0.000000	10.325011	10.420967	21.311636
0.000000	0.000000	0.000000	18.321888	15.621251	30.532342
0.000000	0.000000	0.000000	8.841864	12.830946	44.211554
0.000000	0.554713	0.000000	16.993998	12.682669	28.751906
0.000000	0.000000	0.000000	11.794078	14.269270	35.435134
0.000000	2.712868	0.000000	10.395375	10.477878	19.246670
0.000000	0.000000	0.000000	13.985011	8.564002	20.042257
0.000000	3.260677	0.901677	11.267369	22.175967	33.017915
0.000000	0.000000	0.000000	6.863932	9.462110	25.780053
0.000000	0.000000	0.000000	1.078751	9.868163	37.705734
0.000000	0.000000	0.000000	11.790024	13.228558	44.419934
0.000000	0.000000	0.000000	5.673303	15.506463	36.044266
0.000000	0.000000	0.000000	10.021727	20.819678	28.053476
0.000000	0.000000	0.000000	3.965622	8.249279	14.311866
0.000000	0.000000	0.000000	8.138417	12.870714	20.810927
0.000000	0.000000	0.000000	12.720472	9.790056	20.897787
0.000000	0.000000	0.101213	14.985397	20.654719	34.323176
0.000000	1.378426	0.000000	9.865273	9.577657	37.602065
0.000000	0.000000	3.774729	14.147431	8.870749	22.242309
0.000000	0.000000	0.000000	18.757914	6.970909	42.231328
0.000000	0.000000	0.000000	10.286091	11.493993	35.941076
0.000000	0.000000	0.000000	2.327831	12.486489	16.510115
0.000000	0.000000	0.000000	9.404406	18.022698	36.756441
0.000000	1.752330	0.136635	20.184710	7.813055	15.827972
0.000000	0.000000	0.000000	7.502927	15.662401	29.793125
0.000000	0.000000	0.000000	14.575208	18.106917	28.214053
0.000000	0.000000	0.000000	7.988689	12.531611	22.926605
0.000000	1.269399	1.034788	18.352462	6.594831	28.026029
0.000000	0.000000	0.000000	11.122650	11.017237	32.844477
0.000000	0.000000	0.000000	8.277365	16.300801	28.959879
0.000000	4.420342	0.000000	6.960831	17.139093	24.372884
0.000000	0.000000	0.000000	9.125148	9.353234	22.992029
0.000000	0.000000	0.000000	12.004470	15.955907	26.665386
0.000000	0.000000	0.649747	9.319317	8.841984	19.913991
0.000000	0.000000	0.000000	5.233876	5.830225	14.663167
0.000000	0.000000	0.000000	14.915367	13.663363	42.640874
0.000000	0.000000	0.000000	18.113624	9.127929	39.803202
0.000000	0.000000	0.000000	22.033335	9.297149	42.655758
0.000000	0.000000	0.000000	7.262790	18.812109	48.863118
0.000000	0.245720	0.000000	1.721183	18.969925	19.012574
0.000000	2.056203	0.000000	12.384304	9.979763	24.226356
0.000000	0.000000	0.000000	6.604286	10.462782	43.196918
0.000000	0.000000	0.000000	13.678786	11.599273	26.166226
0.000000	0.000000	0.000000	9.658692	10.548518	37.573843
0.000000	0.000000	4.837734	13.006154	13.489530	28.371127
0.000000	0.000000	0.000000	6.713647	12.609910	24.179571
0.000000	1.271683	2.850134	16.182197	3.219347	21.047120
0.000000	0.000000	0.000000	0.168991	21.421989	22.936401
0.000000	0.000000	0.000000	12.193588	10.039208	16.311403
0.000000	0.000000	4.721227	10.081028	0.000000	7.330657
0.000000	0.000000	0.000000	8.475298	27.672313	63.568975
0.000000	0.000000	2.827480	14.335733	9.992711	18.336583
0.000000	0.000000	0.000000	11.238342	18.909860	42.436435
0.000000	0.000000	2.052772	7.356550	9.469831	11.943820
0.000000	2.493274	1.480925	12.020458	9.595037	19.314934
0.000000	0.000000	0.000000	12.147389	18.993287	44.358317
0.000000	0.000000	0.000000	7.765867	10.694286	19.743421
0.000000	0.000000	0.000000	13.020224	6.629981	18.717006
0.000000	0.000000	0.000000	17.858455	9.168431	41.405384
0.000000	0.000000	0.000000	7.233555	10.537896	16.231823
0.000000	0.000000	0.000000	11.215652	16.943169	30.158536
0.000000	0.000000	0.000000	14.187033	15.122003	48.073669
0.000000	0.000000	0.000000	14.221893	19.202667	51.045775
0.000000	0.000000	0.000000	8.990117	14.595882	39.170937
0.000000	0.000000	0.000000	13.157524	10.503342	19.337861
0.000000	0.000000	0.000000	13.694175	16.337034	40.288547
0.000000	0.000000	0.000000	20.422817	14.450035	42.505306
0.000000	0.000000	0.000000	10.710861	10.939109	24.089533
0.000000	0.000000	0.000000	7.316868	8.315270	29.807958
0.000000	0.757322	0.000000	8.858011	15.406910	18.347466
0.000000	0.000000	0.000000	2.918168	16.404779	40.147010
0.000000	0.000000	0.000000	7.465674	20.311449	35.256523
0.000000	3.074894	2.375616	14.734650	19.392010	32.740340
0.000000	0.000000	0.000000	8.806638	11.930346	21.122489
0.000000	0.000000	0.000000	8.662562	3.846205	17.146282
0.000000	0.000000	0.000000	6.949777	12.930878	22.235837
0.000000	0.000000	0.000000	4.072052	12.419341	21.337119
0.000000	0.000000	0.000000	7.741613	17.646135	38.137088
0.000000	0.000000	0.000000	6.009382	15.406055	28.324506
0.000000	2.419713	0.000000	7.000499	13.786253	24.354943
0.000000	0.000000	0.000000	12.280687	14.398884	22.401312
0.000000	0.000000	6.181606	10.724626	6.811324	13.867227
0.000000	0.000000	0.000000	2.773160	7.129998	14.899520
0.000000	0.000000	0.000000	5.918040	10.013705	19.627104
0.000000	1.207205	0.000000	4.620256	9.852328	19.559501
0.000000	0.000000	2.323054	8.617318	16.144660	27.952740
0.000000	0.000000	0.000000	10.908321	18.150638	45.766619
0.000000	3.956860	0.000000	7.813417	14.366347	25.920203
0.000000	1.008136	9.688600	12.451323	5.275036	23.791548
0.000000	0.000000	0.000000	8.728941	14.072910	28.487490
0.000000	0.000000	0.000000	20.624583	17.349190	26.063782
0.000000	0.408083	0.400529	6.622226	21.463072	33.618068
0.000000	6.145077	3.544061	9.883286	17.289754	30.644976
0.000000	0.000000	0.000000	6.418413	19.337913	22.300119
0.000000	0.000000	0.000000	17.002571	7.420522	35.123992
0.000000	0.000000	0.000000	18.447669	12.999125	49.257640
0.000000	0.000000	0.000000	7.675293	8.650268	14.826237
0.000000	0.000000	0.000000	0.000000	19.518520	19.555657
0.000000	0.000000	0.000000	13.648148	4.862983	13.028637
0.000000	2.633014	0.000000	9.902721	10.675184	37.250160
0.000000	0.000000	0.000000	7.292697	13.873446	43.354630
0.000000	0.000000	0.000000	2.958133	13.848446	38.474624
0.000000	0.000000	0.000000	1.673305	21.245155	41.892732
0.000000	0.000000	0.000000	0.000000	0.000000	10.190671
0.000000	0.000000	0.000000	4.316416	5.806801	25.643921
0.000000	0.000000	0.000000	9.843590	14.428690	33.718539
0.000000	0.000000	0.000000	6.405815	14.627954	31.581550
0.000000	0.000000	0.000000	15.155773	10.903741	38.990398
0.000000	0.000000	0.000000	11.428063	14.480206	24.405916
0.000000	0.000000	0.000000	9.440399	9.414576	24.220696
0.000000	0.000000	0.000000	15.309120	17.203977	42.096639
0.000000	0.000000	0.000000	8.291711	17.749765	46.783168
0.000000	0.000000	0.000000	10.422169	5.203856	19.405767
0.000000	0.000000	1.386901	14.185683	6.326353	13.789052
0.000000	3.740445	0.000000	8.768927	13.092291	22.884209
0.000000	0.000000	0.000000	14.549365	4.290931	22.039962
0.000000	0.000000	7.302704	5.617188	15.766325	23.111733
0.000000	0.000000	0.000000	5.126533	19.550358	29.469696
0.000000	1.472323	0.000000	8.652344	9.348930	19.205235
0.000000	0.000000	0.000000	10.990527	6.314634	16.323732
0.000000	0.000000	0.000000	12.643308	17.544366	48.682590
0.000000	0.000000	0.000000	6.595848	10.325018	16.695056
0.000000	0.000000	0.000000	10.483197	7.037794	24.116986
0.000000	0.000000	0.000000	17.704568	21.841609	63.797890
0.000000	0.000000	0.000000	12.151382	15.338815	33.468472
0.000000	3.597617	0.101443	11.444567	12.151084	23.183796
0.000000	0.000000	0.000000	12.318585	0.355091	14.967967
0.000000	0.000000	0.000000	7.724181	18.943837	31.882800
0.000000	0.000000	0.000000	14.877969	5.391956	14.845478
0.000000	1.173485	0.000000	10.538305	13.687120	23.787459
0.000000	0.000000	2.451741	14.331749	11.410281	24.850438
0.000000	0.000000	0.000000	1.333338	19.380290	19.339871
0.000000	0.000000	2.862902	10.153249	14.418037	13.265665
0.000000	2.580054	0.000000	5.596161	15.431615	22.731699
0.000000	0.000000	0.000000	19.487377	12.370422	50.108789
0.000000	0.000000	0.000000	12.026110	22.954848	27.416338
0.000000	0.049380	3.071578	12.683782	1.699332	21.805026
0.000000	0.000000	0.000000	0.000000	16.694634	18.179444
0.000000	0.000000	0.000000	7.788003	15.162637	27.947024
0.000000	0.000000	0.000000	12.088591	17.113623	30.240159
0.000000	0.000000	0.000000	12.020326	10.787952	23.983694
0.000000	0.649534	0.000000	14.585328	10.472835	30.793761
0.000000	1.194103	0.000000	9.661046	12.753380	18.898454
0.000000	0.000000	0.000000	14.682626	11.974455	34.884600
0.000000	1.565169	0.000000	0.000000	11.200209	20.040243
0.000000	0.000000	0.000000	8.248601	7.744714	27.145611
0.000000	0.000000	0.000000	5.925673	17.568625	26.399455
0.000000	0.000000	0.000000	17.960442	12.226842	37.360926
0.000000	0.000000	0.000000	6.391343	25.110298	30.790507
0.000000	0.000000	0.000000	12.106524	9.886228	28.783330
0.000000	0.000000	2.684892	2.198432	5.375970	9.741755
0.000000	0.000000	0.000000	13.150097	7.682907	39.191737
0.000000	0.000000	0.000000	20.765819	8.685725	35.219358
0.000000	0.000000	0.000000	11.967679	12.433811	38.503365
0.000000	0.000000	0.000000	10.795451	6.669146	32.418721
0.000000	0.000000	0.000000	2.962085	20.628343	31.025679
0.000000	0.000000	0.000000	15.600946	16.683313	45.790948
0.000000	0.000000	0.000000	13.624648	14.242266	44.575515
0.000000	0.000000	0.000000	12.595177	6.379598	27.959131
0.000000	0.000000	0.000000	12.813412	10.121335	22.675177
0.000000	0.000000	0.000000	10.832442	17.237060	24.883911
0.000000	0.000000	0.000000	11.685777	12.127592	23.364241
0.000000	0.000000	0.000000	25.018207	14.060481	49.532318
0.000000	2.379510	1.559973	12.299945	7.980610	24.072831
0.000000	0.000000	0.000000	5.649905	18.190937	20.021389
0.000000	1.977995	0.000000	10.242875	14.999920	28.142853
0.000000	0.000000	0.000000	12.554655	9.992147	13.957966
0.000000	0.000000	0.000000	0.102322	21.498084	27.248906
0.000000	0.000000	0.000000	9.182474	12.311577	27.282829
0.000000	0.000000	0.000000	19.910164	9.540789	33.234179
0.000000	0.000000	0.000000	7.808484	14.469133	25.860930
0.000000	0.000000	0.000000	17.431199	11.675092	25.547826
0.000000	7.635600	0.000000	6.424168	24.223082	36.026656
0.000000	0.000000	0.000000	11.029614	8.860760	34.431936
0.000000	0.000000	0.000000	20.242030	19.611293	55.508199
0.000000	0.000000	0.000000	15.152293	15.346561	46.133071
0.000000	0.000000	0.000000	10.233022	12.721377	34.171063
0.000000	4.115953	0.000000	13.545843	12.009671	23.135699
0.000000	0.117148	2.154875	17.285922	9.670676	30.427038
0.000000	0.000000	0.000000	4.935373	19.889068	33.592375
0.000000	0.000000	0.000000	11.887495	13.245193	44.569061
0.000000	0.000000	0.000000	10.270117	9.646079	33.932313
0.000000	0.000000	0.000000	19.240212	9.047204	38.253749
0.000000	0.000000	0.000000	6.138637	10.030062	17.483403
0.000000	0.000000	0.000000	11.508085	10.826821	17.816056
0.000000	0.000000	0.000000	0.000000	7.970852	21.667494
0.000000	0.000000	0.000000	20.127459	15.353660	46.711465
0.000000	2.897487	0.416398	5.378847	8.187119	17.695524
0.000000	0.000000	0.000000	14.626262	9.643842	23.948527
0.000000	0.000000	0.000000	13.589664	2.440249	23.740304
0.000000	0.000000	0.000000	5.436906	18.553569	30.615047
0.000000	0.000000	0.000000	5.097752	6.074316	23.926122
0.000000	0.000000	0.000000	8.804741	9.775310	38.509690
0.000000	0.855738	0.000000	11.699990	11.682541	17.548358
0.000000	0.000000	0.000000	19.491403	13.654932	23.685632
0.000000	4.239669	0.956838	10.884115	9.342468	21.267023
0.000000	3.647730	0.000000	3.357538	24.744253	26.849791
0.000000	0.000000	0.000000	10.731953	10.329202	24.297782
0.000000	0.000000	0.000000	13.402786	10.926452	23.747086
0.000000	0.000000	1.755865	9.228491	7.526207	18.206163
0.000000	0.000000	0.000000	14.601738	15.591886	47.815426
0.000000	0.000000	0.000000	4.586675	13.986580	21.475409
0.000000	0.000000	0.000000	14.770091	18.910602	48.487228
0.000000	0.000000	0.000000	22.534133	20.838091	60.377224
0.000000	6.017836	1.141590	16.637208	22.879511	35.563211
0.000000	0.000000	0.000000	8.936345	16.798144	41.974763
0.000000	0.000000	0.000000	7.055597	11.899050	38.944426
0.000000	0.000000	0.000000	23.738641	24.917560	64.684074
0.000000	0.973871	4.455951	19.243410	8.595925	15.694656
0.000000	0.000000	0.000000	10.636059	6.553988	26.796928
0.000000	0.000000	0.000000	12.681037	10.653606	40.844169
0.000000	0.000000	0.000000	4.683292	0.000000	14.258530
0.000000	0.000000	0.000000	2.442656	18.817663	17.639555
0.000000	0.000000	0.000000	12.039862	22.559699	59.120267
0.000000	0.000000	0.000000	11.189876	15.944324	26.707355
0.000000	2.510772	0.168263	9.603538	8.891567	12.123890
0.000000	8.989790	1.360618	5.012841	13.991474	22.950934
0.000000	0.109855	0.000000	0.000000	9.643290	21.020045
0.000000	0.388032	2.337982	7.544155	0.000000	12.192318
0.000000	0.000000	0.000000	14.490699	12.173286	36.686385
0.000000	0.000000	0.000000	8.073997	18.428800	23.987236
0.000000	0.000000	0.000000	13.504509	8.209443	28.320252
0.000000	0.000000	0.000000	16.838523	20.425973	50.931976
0.000000	0.000000	0.000000	14.928980	18.306893	41.645107
0.000000	0.000000	0.000000	10.856715	7.504842	20.762572
0.000000	0.000000	0.000000	6.535457	8.574765	18.267530
0.000000	0.000000	0.000000	10.628980	3.820171	21.733880
0.000000	0.000000	0.000000	9.301780	24.179623	53.250250
0.000000	0.000000	0.000000	3.477065	17.639707	41.936357
0.000000	4.375138	3.578881	7.977892	15.255323	27.129840
0.000000	0.000000	0.000000	12.472860	8.708391	28.676683
0.000000	0.000000	0.000000	15.584927	9.646612	28.146411
0.000000	0.000000	0.000000	10.869920	16.816396	38.520278
0.000000	0.000000	2.730175	2.296191	13.822980	24.897196
0.000000	0.000000	0.000000	18.290357	8.497105	19.216076
0.000000	0.000000	0.000000	4.592715	20.386197	29.714501
0.000000	0.000000	0.000000	14.696226	20.949998	47.829672
0.000000	0.000000	0.000000	1.649699	10.929684	40.646811
0.000000	0.000000	3.654560	15.487826	11.045992	23.347506
0.000000	0.000000	0.000000	13.392610	15.286120	25.376893
0.000000	0.000000	0.000000	10.571152	9.319593	20.416719
0.000000	0.000000	0.000000	12.330034	8.539348	23.127411
0.000000	0.000000	0.000000	9.917378	10.657311	21.857940
0.000000	0.000000	0.000000	14.854507	22.569527	59.009202
0.000000	0.000000	0.000000	11.683765	14.126344	46.786139
0.000000	0.000000	0.000000	8.344998	19.264968	48.034125
0.000000	0.000000	0.000000	7.102604	19.530399	40.257713
0.000000	3.045427	0.000000	12.097196	8.441504	22.489430
0.000000	0.000000	0.000000	8.711234	11.866239	33.674559
0.000000	1.373492	1.548688	10.474475	8.286592	14.592320
0.000000	0.000000	0.000000	12.669609	12.649383	40.549828
0.000000	0.000000	0.000000	14.937947	11.381989	23.602211
0.000000	2.036744	0.000000	19.963787	9.851906	26.429348
0.000000	2.190938	7.125786	23.203690	13.396857	28.324902
60.981439	0.000000	0.000000	16.471398	14.539440	0.000000
0.000000	0.000000	0.000000	12.832149	8.105654	22.563271
0.000000	0.000000	0.000000	6.440451	19.244508	31.010185
0.000000	0.000000	0.000000	11.945680	12.940350	23.178472
0.000000	0.000000	0.000000	10.324864	11.807321	20.393375
0.000000	0.524256	0.000000	14.293837	12.658885	18.121440
0.000000	0.000000	0.000000	11.166277	10.426030	21.832558
0.000000	1.216513	4.581243	24.754247	0.977132	17.380086
0.000000	0.000000	0.000000	15.522871	26.124221	60.068854
0.000000	0.000000	0.000000	9.101297	10.574017	36.514744
0.000000	0.000000	0.000000	11.865998	15.870681	42.581672
0.000000	0.000000	0.000000	6.691100	3.578879	17.428330
0.000000	0.000000	8.013365	16.705052	14.447053	25.807273
0.000000	0.000000	0.000000	14.128127	21.112691	51.778035
0.000000	0.000000	0.000000	8.606543	20.438314	37.400655
0.000000	0.000000	7.514323	18.500050	13.381239	28.196073
0.000000	0.000000	0.000000	5.291182	8.070495	25.455591
0.000000	0.000000	0.000000	6.795444	22.625936	54.061102
0.000000	0.000000	0.000000	0.000000	12.955869	10.366046
0.000000	0.000000	0.000000	11.869913	14.951249	36.086674
0.000000	0.000000	0.000000	6.312257	7.827100	39.391284
0.000000	0.000000	0.000000	0.000000	16.581197	19.118130
0.000000	0.000000	0.000000	16.742242	22.900641	58.200771
0.000000	0.000000	0.000000	6.813250	17.513691	21.799254
0.000000	0.000000	0.000000	5.026397	12.306263	21.431389
0.000000	0.000000	0.000000	8.483347	13.657617	19.775039
0.000000	0.000000	0.000000	9.519359	12.407797	22.003864
0.000000	0.000000	8.400268	9.637097	7.366250	16.555948
0.000000	0.000000	0.000000	14.163654	8.254376	34.061145
0.000000	0.000000	0.000000	10.079138	9.915286	14.195491
0.000000	0.000000	0.000000	7.563974	12.555898	31.295301
0.000000	0.000000	0.000000	19.472937	8.762226	34.321009
0.000000	0.000000	3.634864	15.152638	9.025212	20.996254
0.000000	0.000000	0.000000	3.437362	7.002199	17.828821
0.000000	4.162740	0.194708	10.538318	8.117083	22.129390
0.000000	0.000000	1.583457	13.027408	12.426457	25.162272
0.000000	0.000000	0.000000	13.187133	16.021117	26.351069
0.000000	0.000000	0.000000	12.610297	13.716735	25.937842
0.000000	0.000000	0.000000	1.278401	6.980447	9.049097
0.000000	0.503400	0.000000	8.785630	7.663722	18.338662
0.000000	0.000000	0.000000	12.293578	8.168175	36.695884
0.000000	1.634788	0.000000	4.765657	12.012133	23.707896
0.000000	0.000000	0.000000	11.294818	19.046467	42.894514
0.000000	0.000000	0.000000	15.027878	8.515518	19.866824
0.000000	0.000000	0.000000	15.683232	9.265861	13.812129
0.000000	0.000000	0.000000	19.156116	11.704591	27.758507
0.000000	0.000000	0.000000	13.586592	13.521839	39.067333
0.000000	0.000000	0.000000	18.589768	12.399299	38.588956
0.000000	0.000000	0.000000	13.830183	13.249960	16.652928
0.000000	0.000000	0.000000	14.644033	19.820083	33.145591
0.000000	0.000000	2.258037	16.068006	2.976809	26.013238
0.000000	0.000000	0.000000	9.549550	14.450756	29.155391
0.000000	0.000000	0.000000	9.111644	12.775257	12.413219
0.000000	0.000000	0.000000	19.751773	24.795075	61.221952
0.000000	0.000000	0.000000	15.383421	15.632423	41.292151
0.000000	0.000000	0.000000	9.560151	18.545822	26.926869
0.000000	3.851687	0.000000	4.971069	10.279028	20.146136
0.000000	0.000000	5.770611	28.730087	15.149015	33.364196
0.000000	0.000000	0.000000	4.070947	15.109537	40.237758
0.000000	1.670755	0.000000	10.076429	10.620990	18.758810
0.000000	0.000000	0.000000	7.554782	18.142908	25.161769
0.000000	0.000000	0.000000	13.483780	11.269859	34.528632
0.000000	0.000000	0.000000	4.486442	16.786210	31.501266
0.000000	0.788145	6.420680	10.905164	8.676498	21.899105
0.000000	0.000000	0.000000	12.457066	11.738117	37.511399
0.000000	0.000000	0.000000	11.821347	11.160376	21.771140
0.000000	0.000000	0.000000	18.758869	17.868728	49.132319
0.000000	0.000000	0.000000	7.879746	18.778603	40.069763
0.000000	0.000000	0.000000	11.940475	6.443754	15.484936
0.000000	2.890146	0.000000	5.069674	12.620073	21.872045
0.000000	2.960756	0.000000	10.528989	8.286745	17.918133
0.000000	1.212489	7.539831	13.256773	13.511626	36.110482
0.000000	1.928887	1.626655	1.619013	9.730327	27.077583
0.000000	0.000000	0.000000	7.878585	19.488832	43.552532
0.000000	0.000000	0.000000	11.680468	12.106190	29.688842
0.000000	0.000000	0.000000	17.046474	12.052746	34.839643
0.000000	0.000000	0.000000	11.099370	17.285306	26.767753
0.000000	0.000000	0.000000	17.297239	10.223966	46.342609
0.000000	1.646230	0.000000	0.000000	17.198171	26.759959
0.000000	0.000000	0.000000	8.147820	10.881681	37.104089
0.000000	0.000000	0.000000	5.084332	10.731902	27.391504
0.000000	1.578032	4.264076	3.669513	9.131367	18.668437
0.000000	0.000000	0.000000	13.497252	15.255718	44.802119
0.000000	0.000000	0.000000	7.450313	10.625954	18.033567
0.000000	0.000000	0.000000	10.951507	9.804922	25.255480
0.000000	0.000000	0.000000	7.149819	10.066698	24.095862
0.000000	0.000000	0.000000	7.933939	18.273144	28.652583
0.000000	2.618808	0.000000	12.042158	9.610136	19.824048
0.000000	0.000000	0.000000	2.462054	25.813629	46.821868
0.000000	0.000000	0.000000	7.576498	16.379427	27.767077
0.000000	0.000000	0.000000	14.315756	16.430725	47.175117
0.000000	0.000000	0.000000	3.932988	15.721046	23.750169
0.000000	0.000000	0.000000	13.334920	8.823459	36.789462
0.000000	0.000000	0.584894	9.657818	13.973243	21.209170
0.000000	1.878428	0.000000	13.339028	14.945084	21.696627
0.000000	0.000000	0.000000	3.107504	23.684379	27.198582
0.000000	0.845478	0.000000	14.029795	12.151771	25.609610
0.000000	0.000000	0.000000	0.444402	5.206011	9.209222
0.000000	2.183737	2.152771	12.499031	10.165766	13.615420
0.000000	0.000000	0.000000	12.239794	8.674409	28.966471
0.000000	0.000000	0.000000	16.092633	15.450446	44.096727
0.000000	0.000000	0.000000	16.002697	10.520551	28.039738
0.000000	5.238449	0.000000	11.347919	7.298144	9.552505
0.000000	0.000000	0.000000	10.375736	8.168194	25.386895
0.000000	0.000000	0.000000	9.636259	8.045507	36.779215
0.000000	0.000000	0.000000	8.928089	7.724059	18.465753
0.000000	0.239057	0.000000	8.236791	8.505047	19.727365
0.000000	0.000000	0.000000	14.994754	14.064215	42.525096
0.000000	0.587859	0.000000	10.525271	7.279358	26.832588
0.000000	0.000000	0.000000	13.963056	16.846159	48.627798
0.000000	0.000000	0.000000	10.375692	12.045866	28.004785
0.000000	0.000000	0.000000	7.864305	13.032178	24.289337
0.000000	0.000000	0.000000	9.089414	17.279888	46.417651
0.000000	0.000000	0.000000	17.817561	6.330183	26.140649
0.000000	0.000000	0.000000	10.282276	14.446601	29.899982
0.000000	0.000000	0.000000	11.463058	11.142633	18.756703
0.000000	0.000000	0.000000	10.423712	4.069553	17.096689
0.000000	2.443967	3.165354	0.692502	10.490969	19.536566
0.000000	0.000000	0.000000	14.007897	19.019366	40.978149
0.000000	0.000000	0.000000	10.371353	12.173295	27.457929
0.000000	0.000000	0.457907	18.593749	0.000000	21.871721
0.000000	0.000000	0.000000	5.015181	23.302346	44.382095
0.000000	0.000000	0.000000	19.241415	14.457847	37.962247
0.000000	0.000000	0.000000	19.545184	12.854030	35.948055
0.000000	0.000000	0.000000	7.262851	18.381797	26.933397
0.000000	0.000000	0.000000	4.825860	13.962217	23.883472
0.000000	0.000000	0.000000	12.884026	4.656162	24.042852
0.000000	1.875168	0.000000	3.106675	7.073465	21.913016
0.000000	0.000000	0.000000	11.157470	20.287425	34.712911
0.000000	0.000000	0.000000	8.518018	10.710106	21.728466
0.000000	0.000000	0.000000	15.407318	10.263032	27.092135
0.000000	0.000000	0.000000	0.000000	19.344223	26.732628
0.000000	0.000000	0.000000	8.682302	24.327985	21.972740
0.000000	0.000000	0.000000	1.625030	15.134953	23.756137
0.000000	0.000000	0.000000	7.803677	14.341544	22.824967
0.000000	0.000000	0.000000	11.152449	14.388947	20.396512
0.000000	0.000000	0.000000	13.526002	12.319684	37.044116
0.000000	0.589283	0.982077	0.000000	10.136362	8.076336
0.000000	0.000000	2.275224	15.800560	9.628182	25.080841
0.000000	0.000000	0.000000	6.795355	19.606790	36.539325
0.000000	4.444302	1.475061	11.107698	8.208481	9.506904
0.000000	0.000000	0.000000	0.000000	11.867293	24.025609
0.000000	0.640078	0.000000	10.434068	1.475895	23.049452
0.000000	0.000000	0.000000	20.049682	9.050194	16.923246
0.000000	0.000000	0.000000	10.815540	8.793872	29.105775
0.000000	0.000000	0.000000	13.321747	18.633779	43.521126
0.000000	0.000000	0.000000	11.029991	8.151224	20.455129
0.000000	0.000000	0.000000	5.813065	15.144446	37.329862
0.000000	0.000000	0.000000	9.123237	8.537672	20.459997
0.000000	0.000000	0.000000	20.256413	15.040246	22.098346
0.000000	0.000000	0.000000	8.788610	15.867164	30.828992
0.000000	0.000000	0.000000	7.659181	10.339697	29.777718
0.000000	0.000000	0.000000	13.665626	9.265208	30.812078
0.000000	0.000000	0.000000	10.219850	13.759491	18.522398
0.000000	0.651708	0.000000	6.152902	13.764130	23.920011
0.000000	1.871581	3.617600	4.280769	9.613104	17.719958
0.000000	0.000000	0.000000	5.676865	14.466888	23.676952
0.000000	3.503710	0.000000	0.000000	12.108384	13.716298
0.000000	0.000000	0.000000	8.986698	18.169025	44.822081
0.000000	0.000000	0.000000	10.001500	7.787585	27.918528
0.000000	0.000000	4.345473	18.967594	12.533567	25.955053
0.000000	0.000000	0.000000	7.378328	1.845428	16.895726
0.000000	1.104034	0.000000	10.887407	18.760561	22.558541
0.000000	0.000000	1.116223	13.299251	14.070855	14.657667
0.000000	0.293335	0.000000	2.810264	11.029532	24.979212
0.000000	0.639185	0.000000	3.082390	8.419880	8.686975
0.000000	1.412482	0.000000	9.278224	5.508128	15.262020
0.000000	0.000000	0.000000	6.941141	9.211981	16.580676
0.000000	0.000000	0.000000	13.193394	10.191773	28.956813
0.000000	6.495903	0.000000	2.368484	6.398951	6.506083
0.000000	0.000000	0.000000	8.111569	11.349579	35.281322
0.000000	4.282344	0.994845	11.764000	17.447717	33.240851
0.000000	0.000000	0.000000	14.059472	17.441418	24.135303
0.000000	0.000000	0.000000	11.904344	11.353798	39.028315
0.000000	4.575558	0.000000	11.860133	4.069528	17.983014
0.000000	0.000000	0.000000	14.020695	23.429107	52.631532
0.000000	0.000000	0.000000	9.670118	4.686615	14.848306
0.000000	0.000000	0.000000	4.037226	23.663043	54.060498
0.000000	0.000000	0.000000	1.855470	2.863353	18.669848
0.000000	0.000000	0.000000	18.607542	14.780937	47.352348
0.000000	0.756972	0.000000	6.704599	11.538434	27.760104
0.000000	0.248011	0.000000	4.197565	5.871130	16.896160
0.000000	0.000000	0.000000	12.724683	16.175803	40.852753
0.000000	0.000000	0.000000	3.637621	15.042248	22.765957
0.000000	0.000000	0.000000	13.269853	1.880841	16.748709
0.000000	0.000000	0.000000	10.148718	12.076874	22.752534
0.000000	0.000000	0.000000	13.628348	10.176663	31.001997
0.000000	0.000000	0.000000	0.833580	11.501038	33.014836
0.000000	0.000000	0.000000	6.274478	8.654126	13.919324
0.000000	0.000000	0.000000	13.838213	11.759563	24.737695
0.000000	0.000000	0.000000	12.279352	10.997833	22.821139
0.000000	0.000000	0.000000	3.063703	9.010157	14.735289
0.000000	0.000000	0.000000	8.567622	12.209221	22.733242
0.000000	0.000000	0.000000	8.718431	16.828435	25.324994
0.000000	0.000000	0.000000	16.393176	19.918499	51.839176
0.000000	0.000000	0.000000	10.859919	10.938717	22.065737
0.000000	0.000000	0.000000	11.103328	17.798770	52.266388
0.000000	0.000000	0.000000	14.560530	0.000000	14.013392
0.000000	0.000000	0.000000	26.918012	5.210634	37.434839
0.000000	0.000000	0.000000	0.000000	13.070267	26.471533
0.000000	0.000000	0.000000	8.102014	15.114321	28.757333
0.000000	1.663996	0.000000	4.734861	13.152793	19.050240
0.000000	0.000000	0.000000	7.509742	7.706621	29.675766
0.000000	0.000000	0.000000	16.533804	13.135928	38.663739
0.000000	0.000000	0.000000	3.235594	14.370251	21.353011
0.000000	0.000000	0.000000	10.807424	9.680447	35.240199
0.000000	0.000000	0.994213	13.507451	1.107421	4.587495
0.000000	0.000000	4.994520	21.672891	4.301148	34.342349
0.000000	0.000000	0.000000	8.053564	7.276776	31.222234
0.000000	0.000000	0.000000	11.509977	4.080958	19.693404
0.000000	0.000000	0.000000	5.861408	14.961381	21.706333
0.000000	0.000000	0.000000	7.413905	15.185662	46.632580
0.000000	0.000000	0.000000	1.715642	10.208744	21.653288
0.000000	0.000000	0.000000	12.692688	13.302741	24.236010
0.000000	0.000000	0.000000	10.935576	15.961704	23.507646
0.000000	0.000000	0.000000	19.709280	24.172363	50.841830
0.000000	0.000000	0.000000	8.215623	16.153383	43.286054
0.000000	0.000000	0.000000	12.801248	9.251683	21.133393
0.000000	0.000000	0.000000	7.281679	4.792783	20.153983
0.000000	0.000000	0.000000	14.240173	15.315149	33.514643
0.000000	0.000000	0.000000	8.331267	10.675091	23.616514
0.000000	0.000000	0.000000	14.043399	11.233501	45.947432
0.000000	0.000000	0.000000	23.178418	23.351109	59.850638
0.000000	0.000000	0.000000	6.892369	25.870984	59.973029
0.000000	0.000000	0.000000	10.765479	15.374816	43.444557
0.000000	0.000000	0.000000	7.494558	13.431944	35.307000
0.000000	0.000000	0.000000	7.952935	6.632552	16.650902
0.000000	0.000000	0.000000	18.727549	9.758616	39.267153
0.000000	9.972370	0.000000	0.303961	16.815318	30.348742
0.000000	0.000000	0.000000	11.694663	11.496140	24.583498
0.000000	8.242318	2.066523	14.495491	14.877598	25.073427
0.000000	0.000000	0.000000	13.650423	7.650618	23.901251
0.000000	0.000000	0.000000	8.465511	9.752461	21.656265
0.000000	0.000000	0.000000	1.108791	6.333887	38.474028
0.000000	0.280423	0.445526	7.786448	17.413404	24.972488
0.000000	3.220391	1.961642	11.369581	14.865869	27.289234
0.000000	0.000000	0.000000	14.007797	22.155250	33.056991
0.000000	0.000000	0.000000	12.780391	12.241603	38.969071
0.000000	0.000000	0.000000	8.444490	12.779489	33.544528
0.000000	0.000000	0.000000	8.463901	15.066741	25.581243
0.000000	0.000000	0.000000	1.293183	0.825258	12.197115
0.000000	0.000000	0.000000	13.440277	17.219644	50.692978
0.000000	0.000000	0.000000	14.435915	14.741260	44.908667
0.000000	0.000000	0.000000	19.585928	17.871219	54.649857
0.000000	0.000000	0.000000	9.181811	16.194439	26.521369
0.000000	2.039453	4.976589	13.035022	13.321161	24.086362
0.000000	0.000000	0.000000	20.350870	26.205301	61.948873
0.000000	0.000000	0.000000	5.591806	16.889288	35.123038
0.000000	0.000000	0.000000	12.223384	11.497677	42.825727
0.000000	0.000000	0.000000	2.208537	14.313622	30.741526
0.000000	0.000000	5.267612	12.597913	8.687495	13.994353
0.000000	0.000000	0.000000	14.136428	13.698092	41.035765
0.000000	0.000000	0.417595	12.614417	12.513968	32.115146
0.000000	0.000000	0.000000	10.748332	19.941110	44.580099
0.000000	0.000000	7.122481	12.844785	0.000000	18.730236
0.000000	2.439286	0.000000	3.935985	19.410880	26.181601
0.000000	5.461498	2.712887	10.911603	18.104194	24.672059
0.000000	0.657867	0.357176	13.738628	16.706053	35.142753
0.000000	0.000000	0.000000	14.788232	5.542893	27.180712
0.000000	0.000000	0.000000	18.313281	13.390621	48.528678
0.000000	0.753822	0.000000	0.000000	3.451686	12.969802
0.000000	0.000000	0.798819	15.151935	7.890293	14.772265
0.000000	2.363957	5.404929	19.895480	14.672165	23.815071
0.000000	0.000000	0.000000	20.946377	12.342387	40.134212
0.000000	1.753355	0.000000	17.117245	13.309617	38.453188
0.000000	0.000000	0.000000	11.949781	9.352569	27.583432
0.000000	0.000000	0.000000	15.091453	9.813717	38.782142
0.000000	0.000000	0.000000	8.347024	29.799422	48.387892
0.000000	0.000000	0.000000	9.451783	4.566281	10.528789
0.000000	0.000000	0.000000	10.375126	7.542950	17.291602
0.000000	0.000000	0.000000	9.675426	15.831486	28.674282
0.000000	0.000000	1.252557	9.885140	16.786294	27.756947
0.000000	0.000000	0.000000	7.119879	10.011853	13.636729
0.000000	0.000000	0.000000	6.477903	12.273328	36.550945
0.000000	0.000000	0.000000	10.963420	19.915725	36.056499
0.000000	0.000000	0.000000	3.184672	16.445062	43.831383
0.000000	0.000000	7.933082	12.836825	11.777314	28.540051
0.000000	0.000000	1.811287	2.970021	1.295027	9.613121
0.000000	0.000000	0.000000	23.853862	14.224283	53.751529
0.000000	0.000000	0.000000	7.672952	22.449876	44.716307
0.000000	0.000000	0.000000	9.202240	17.351241	29.713441
0.000000	0.000000	0.000000	0.000000	13.438641	23.879976
0.000000	0.000000	0.000000	1.602951	4.656860	15.755807
0.000000	0.000000	0.000000	15.513794	14.906171	24.366251
0.000000	0.000000	0.000000	4.780310	13.592886	41.304633
0.000000	1.800457	1.656853	15.825177	17.316615	39.781453
0.000000	1.232997	0.000000	17.096803	9.402442	18.461603
0.000000	0.000000	2.102324	12.204810	16.669042	31.896176
0.000000	0.000000	0.000000	14.448283	10.066117	47.890360
0.000000	0.000000	0.000000	8.609706	9.673416	43.479109
0.000000	0.000000	0.000000	4.339971	21.210750	41.696908
0.000000	0.000000	0.000000	8.907305	18.667321	30.968887
0.000000	0.000000	0.000000	9.270455	9.664680	20.304678
0.000000	0.000000	0.000000	11.641282	18.163635	28.587603
0.000000	0.000000	0.000000	7.529767	13.648148	37.324777
0.000000	0.000000	0.000000	28.018802	17.217340	30.025471
0.000000	0.000000	0.000000	17.588717	18.040120	48.288539
0.000000	0.000000	0.000000	15.794606	4.094064	29.333122
0.000000	0.000000	0.000000	2.652956	18.652603	27.979682
0.000000	0.000000	0.000000	7.954086	15.713093	26.075546
0.000000	0.000000	0.000000	5.642514	8.550623	31.082982
0.000000	0.000000	0.000000	6.718597	12.613937	25.284756
0.000000	0.000000	0.000000	0.155185	17.827698	18.465605
0.000000	1.373342	0.000000	7.299937	15.468439	24.805553
0.000000	0.000000	0.000000	14.418432	14.011076	35.440404
0.000000	0.000000	0.000000	14.627998	14.978702	46.862682
0.000000	0.000000	0.000000	5.907235	15.764278	22.984048
0.000000	0.000000	0.000000	8.304860	8.365401	27.213721
0.000000	2.635619	1.188444	4.183358	6.411555	21.256229
0.000000	0.000000	0.000000	9.980571	6.433201	36.242855
0.000000	1.182376	0.000000	1.357603	19.656122	24.741201
0.000000	0.000000	0.000000	23.752684	11.071121	42.085730
0.000000	0.000000	0.000000	1.311004	18.954027	28.671904
0.000000	0.000000	0.000000	17.343736	14.373118	39.602008
0.000000	0.000000	0.000000	0.000000	5.836905	28.424951
0.000000	0.000000	0.000000	17.069589	18.723523	57.903091
0.000000	0.000000	0.000000	1.867055	11.205953	26.220451
0.000000	0.000000	0.000000	8.857555	10.456780	33.606118
0.000000	0.000000	0.000000	11.247866	16.488135	49.766295
0.000000	0.000000	0.000000	9.696934	17.793890	42.567888
0.000000	0.000000	0.000000	10.770116	12.610039	25.347888
0.000000	0.000000	0.000000	14.509374	14.380438	47.544975
0.000000	0.000000	0.000000	7.925682	13.939283	22.576378
0.000000	0.000000	0.000000	3.731179	12.955358	19.366859
0.000000	0.000000	0.000000	8.209878	12.706411	29.669441
0.000000	0.000000	0.000000	10.813566	12.634556	32.531695
0.000000	0.000000	0.000000	8.637919	12.508727	26.400188
0.000000	0.000000	0.000000	10.206304	27.861658	63.080877
0.000000	0.000000	0.000000	7.335852	17.382475	36.661801
0.000000	0.000000	0.000000	5.273744	14.262812	19.613764
0.000000	0.000000	4.479402	12.299157	11.444670	23.462745
0.000000	0.000000	0.000000	0.442810	9.270141	16.375237
0.000000	6.363806	1.395059	17.555083	23.901878	36.727665
0.000000	0.000000	0.000000	16.715300	13.838672	25.118098
0.000000	0.000000	0.000000	8.106213	8.815870	20.262222
0.000000	0.000000	0.000000	12.326176	7.425619	21.952209
0.000000	0.000000	0.000000	14.995176	16.731194	44.753768
0.000000	0.000000	0.000000	7.349512	17.919543	36.477444
0.000000	1.908450	0.000000	9.946291	7.362526	16.730506
0.000000	0.000000	0.000000	16.501420	16.271043	48.236305
0.000000	0.000000	0.000000	5.887092	19.140817	26.307024
0.000000	0.000000	0.000000	12.981642	23.390932	31.670142
0.000000	0.000000	0.000000	0.000000	10.959282	23.205795
0.000000	4.004431	2.412082	18.345590	8.294375	16.290947
0.000000	0.000000	0.000000	13.198257	19.735220	52.643129
0.000000	0.000000	0.000000	5.406489	12.896448	24.603474
0.000000	0.000000	0.000000	0.831815	22.043865	32.457270
0.000000	0.000000	0.000000	16.104581	18.130049	53.227079
0.000000	0.000000	0.000000	3.207943	0.000000	12.957785
0.000000	0.000000	0.000000	12.167436	7.728202	21.223270
0.000000	0.000000	0.000000	8.103527	9.421673	16.948372
0.000000	0.000000	2.395542	0.000000	11.595818	24.685924
0.000000	0.000000	0.000000	12.045282	12.674325	23.844269
0.000000	0.000000	0.000000	9.098415	7.273311	15.130755
0.000000	0.023477	0.000000	7.616004	10.629625	24.003623
0.000000	0.000000	5.924786	19.698084	6.486096	19.732311
0.000000	0.000000	0.000000	15.200877	14.860926	40.249962
0.000000	2.227927	5.869909	18.332900	7.141272	24.136262
0.000000	0.000000	0.000000	6.701704	15.978338	45.645914
0.000000	0.000000	0.000000	12.673684	1.481993	27.892228
0.000000	0.000000	0.000000	8.459455	9.706877	23.777540
0.000000	0.000000	0.000000	6.256030	15.744407	23.634185
0.000000	0.000000	0.000000	7.862289	14.626757	24.905193
0.000000	0.000000	0.000000	16.125074	6.836278	31.751315
0.000000	0.000000	0.000000	13.121471	17.580250	30.715013
0.000000	0.000000	0.000000	8.545345	7.097107	14.003761
0.000000	0.000000	0.000000	10.772411	18.276217	46.042188
0.000000	0.000000	0.000000	19.190325	17.310738	33.108094
0.000000	0.000000	0.000000	12.234514	11.310480	16.216930
0.000000	0.000000	0.000000	6.200401	10.349632	23.251387
0.000000	0.000000	0.000000	19.840547	16.785089	49.883241
0.000000	0.000000	0.000000	9.598885	12.196714	29.997515
0.000000	0.000000	0.000000	8.811825	12.736043	27.592516
0.000000	0.000000	0.000000	16.481038	7.346064	34.433220
0.000000	0.000000	0.000000	14.988480	12.131355	21.491838
0.000000	0.000000	0.000000	8.332575	1.983394	21.348228
0.000000	0.000000	0.000000	14.369391	12.811591	27.975377
0.000000	0.000000	0.000000	29.186355	12.753225	50.580142
0.000000	0.000000	0.000000	10.715407	7.979882	31.658313
0.000000	0.000000	0.000000	16.099056	7.196977	30.843925
0.000000	0.000000	0.000000	13.046908	8.215573	21.527397
0.000000	0.000000	0.000000	10.036586	12.481908	22.793817
0.000000	2.676680	2.942632	13.825088	4.162809	22.446444
0.000000	0.000000	0.000000	12.165345	8.656037	40.591414
0.000000	0.000000	0.000000	11.003490	8.835927	20.058127
0.000000	0.000000	0.000000	13.448830	5.333808	41.276802
0.000000	0.113789	0.617784	6.920668	13.519788	28.216738
0.000000	0.000000	0.000000	10.168536	13.629919	42.683678
0.000000	0.000000	0.000000	9.460620	12.294359	27.298835
0.000000	0.000000	0.000000	8.122572	14.765313	30.284893
0.000000	0.000000	0.000000	20.295326	13.321243	48.285367
0.000000	0.000000	0.000000	1.001389	23.898978	27.244719
0.000000	3.161726	1.851530	17.424562	13.717064	24.768425
0.000000	0.000000	0.000000	14.549354	7.350870	28.255706
0.000000	0.000000	0.000000	24.028917	10.033871	52.895118
0.000000	0.000000	0.000000	11.535615	11.637071	21.137195
0.000000	0.000000	0.000000	7.363775	16.490920	34.531481
0.000000	0.000000	0.000000	10.045029	22.303241	51.817755
0.000000	0.000000	0.000000	10.664253	16.698026	19.587392
0.000000	3.070389	2.991626	18.293182	13.792405	27.730683
0.000000	0.000000	0.000000	8.362248	17.609511	28.638804
0.000000	0.000000	0.000000	8.211935	23.963792	31.260040
0.000000	0.364670	0.000000	8.983362	10.592446	21.305632
0.000000	3.127638	0.000000	5.569099	10.771938	19.293801
0.000000	0.000000	1.110851	9.963961	5.267498	17.688655
0.000000	0.000000	0.000000	18.338484	20.321412	50.537220
0.000000	0.641826	0.000000	0.000000	7.466817	17.069893
0.000000	0.000000	0.000000	11.311580	9.768110	36.758854
0.000000	0.261449	0.000000	7.105252	8.271860	18.871641
0.000000	0.000000	0.000000	1.895121	20.177102	27.128519
0.000000	0.000000	0.000000	13.477001	12.598839	24.008658
0.000000	0.000000	0.000000	14.217878	17.923246	50.169387
0.000000	0.000000	0.000000	6.144319	9.128126	19.256064
0.000000	0.000000	0.000000	4.302236	0.089103	1.087063
0.000000	0.000000	0.000000	5.551938	12.221605	31.908939
0.000000	0.000000	0.000000	15.557984	11.647519	37.283249
0.000000	0.000000	0.000000	12.643189	16.541225	39.570757
0.000000	0.000000	0.000000	22.407391	15.965430	48.553053
0.000000	0.000000	0.000000	7.779246	15.519100	24.863347
0.000000	0.000000	0.000000	5.102344	16.663086	23.835308
0.000000	0.000000	0.000000	12.115579	21.066977	29.273644
0.000000	0.000000	0.000000	9.540435	11.027717	23.642528
0.000000	0.000000	0.000000	8.165339	12.198338	31.999946
0.000000	0.000000	0.000000	8.935289	15.324341	26.742812
0.000000	0.000000	0.000000	8.081099	11.970858	23.271410
0.000000	0.000000	0.000000	8.951494	12.873934	21.929903
0.000000	0.000000	0.000000	5.007009	9.506256	17.120688
0.000000	0.000000	1.382204	8.468473	4.075888	12.253231
0.000000	0.000000	0.000000	12.812102	8.731255	20.964399
0.000000	0.000000	0.000000	8.446415	8.099165	26.395789
0.000000	2.184832	0.000000	1.485674	17.380851	28.152242
0.000000	0.625100	0.000000	10.260599	20.676228	18.098579
0.000000	1.306664	0.000000	8.615322	0.000000	14.666480
0.000000	2.488929	3.862130	7.822425	9.805486	15.329206
0.000000	5.427117	2.198059	6.984432	2.107262	13.876650
0.000000	0.000000	0.000000	9.586201	0.000000	32.384687
0.000000	4.302223	4.317762	12.570389	11.161317	21.542443
0.000000	0.000000	0.000000	15.384226	7.510942	33.639938
0.000000	0.000000	0.000000	10.030257	7.898607	23.558847
0.000000	0.000000	0.000000	10.549349	13.986477	51.567052
0.000000	1.843263	1.030239	7.924652	12.507347	21.118844
0.000000	0.000000	0.000000	8.802215	10.347734	20.638357
0.000000	2.084805	0.000000	13.136630	10.003723	26.142456
0.000000	1.035915	0.000000	0.000000	7.782811	16.358640
0.000000	0.000000	0.000000	7.379155	15.215774	18.235711
0.000000	0.000000	0.000000	12.900790	4.991068	35.515783
0.000000	0.000000	0.000000	10.790655	6.569860	29.362882
0.000000	0.000000	0.000000	4.449124	3.899438	39.186742
0.000000	5.267429	4.336927	10.065764	4.929823	21.627495
0.000000	0.000000	0.000000	10.335950	11.705076	21.191352
0.000000	0.835273	0.000000	10.784484	7.898691	15.165677
0.000000	0.000000	0.000000	8.382771	14.277016	38.876198
0.000000	0.000000	0.000000	7.768991	19.489813	45.027407
0.000000	0.000000	0.000000	9.714682	13.780593	39.327996
0.000000	0.000000	1.730707	0.523298	0.000000	12.928533
0.000000	0.000000	0.000000	11.019601	11.656927	32.025848
0.000000	0.000000	0.000000	5.400383	16.973376	24.734354
0.000000	0.000000	0.000000	17.214004	19.308008	58.172485
0.000000	0.000000	0.000000	12.050881	17.261819	45.876616
0.000000	0.000000	0.000000	4.710866	8.539790	22.741914
0.000000	0.000000	0.000000	4.359267	14.343007	39.801791
0.000000	0.000000	0.000000	19.303408	7.932418	40.928335
0.000000	0.000000	0.000000	15.968619	11.510017	26.382937
0.000000	0.000000	0.000000	2.495666	21.266347	20.444412
0.000000	0.000000	3.383085	18.439218	5.196796	30.413770
0.000000	0.000000	0.000000	9.586780	8.313009	20.969673
0.000000	0.000000	0.000000	15.309514	16.884944	30.562347
0.000000	0.000000	0.000000	14.756353	15.629265	26.147759
0.000000	0.000000	0.000000	12.495944	9.597584	21.835434
0.000000	0.000000	0.000000	12.117377	10.231403	37.558952
0.000000	0.000000	0.000000	15.704373	14.849044	22.721181
0.000000	0.000000	0.000000	15.168562	14.735482	43.985927
0.000000	0.000000	0.000000	9.836497	14.074263	26.606495
0.000000	0.000000	0.000000	1.902997	21.688971	29.523772
0.000000	0.000000	0.000000	7.284139	11.386526	20.843891
0.000000	0.000000	0.000000	3.242362	12.815581	20.478668
0.000000	0.000000	0.000000	16.929677	15.730316	47.974824
0.000000	0.000000	0.000000	7.217409	6.009420	16.844099
0.000000	0.000000	0.000000	12.008461	9.622171	22.162692
0.000000	0.000000	0.000000	8.699481	17.924427	40.347693
0.000000	0.000000	0.000000	10.331186	12.634484	24.199865
0.000000	0.000000	0.000000	13.804836	20.453406	57.529770
0.000000	0.000000	0.000000	6.309572	13.215620	29.934672
0.000000	0.000000	0.000000	4.430386	18.204833	37.822547
0.000000	0.000000	3.481495	9.614656	10.748510	30.616660
0.000000	0.000000	0.000000	5.277372	15.463411	48.384916
0.000000	0.000000	0.000000	16.115684	8.360906	21.239559
0.000000	0.000000	1.770975	16.257707	4.653087	19.764383
0.000000	0.000000	0.000000	12.479206	10.712931	20.319171
0.000000	0.000000	0.000000	6.694069	12.384330	9.536677
0.000000	2.260210	0.000000	4.108666	6.740213	15.588174
0.000000	0.000000	0.000000	6.060634	16.347409	31.842920
0.000000	2.004471	1.887334	15.514265	11.445796	36.855350
0.000000	0.000000	0.000000	8.053898	29.851032	65.866925
0.000000	0.000000	0.000000	6.641694	20.119519	34.417221
0.000000	0.000000	0.000000	12.326098	12.990983	20.695147
0.000000	0.000000	0.078638	11.686467	23.334493	32.828636
0.000000	6.596388	0.000000	0.995673	21.831845	46.322042
0.000000	0.000000	0.000000	10.898682	9.134512	22.608236
0.000000	0.000000	0.000000	10.170661	16.816976	32.647800
0.000000	0.000000	4.328685	15.106739	5.584662	26.326032
0.000000	0.000000	0.000000	14.090628	8.075160	18.723217
0.000000	0.000000	0.332950	2.785789	4.884616	8.041583
0.000000	0.000000	0.000000	8.507407	11.137131	14.047962
0.000000	0.000000	0.000000	12.684701	9.443677	25.239826
0.000000	0.000000	0.000000	12.359779	8.851437	20.995594
0.000000	0.000000	5.894591	19.301798	7.195601	27.877988
0.000000	0.509247	5.966472	20.471942	6.866460	16.998641
0.000000	0.000000	0.000000	9.101504	26.951522	47.649968
0.000000	0.000000	0.000000	9.029209	11.790375	39.572733
0.000000	3.688108	0.000000	2.967776	13.192398	17.810213
0.000000	1.468098	7.645303	26.946551	9.490854	32.130222
0.000000	0.000000	0.000000	15.186945	12.584881	41.061594
0.000000	0.000000	4.212756	12.393298	1.304608	22.295737
0.000000	0.000000	0.000000	14.023126	12.724362	42.604602
0.000000	0.366703	5.907877	13.640765	14.115427	21.678362
0.000000	0.000000	0.000000	2.563222	12.007195	10.469462
0.000000	0.000000	0.000000	13.054833	12.799205	28.639129
0.000000	0.000000	0.000000	13.854955	19.254374	52.608553
0.000000	0.000000	0.000000	12.029179	9.691589	20.248949
0.000000	0.000000	0.000000	12.714777	5.032006	11.922944
0.000000	0.000000	0.000000	14.528791	9.059771	19.218510
0.000000	0.000000	0.000000	0.000000	24.871744	52.794835
0.000000	0.000000	0.000000	12.486941	7.853453	20.137847
0.000000	0.000000	2.658838	1.525899	0.223146	20.662554
0.000000	0.000000	0.000000	12.727655	12.502205	35.652832
0.000000	0.000000	0.354760	14.026960	11.734781	30.645601
0.000000	0.000000	0.000000	17.514245	10.859209	23.432413
0.000000	0.000000	0.000000	8.012156	2.931163	24.524921
0.000000	0.000000	0.000000	16.390273	8.061911	33.589196
0.000000	0.000000	0.000000	11.142556	10.439240	27.216937
0.000000	0.000000	0.000000	10.153941	12.129320	29.422732
0.000000	0.000000	0.000000	12.504910	10.564293	24.031585
0.000000	0.000000	0.000000	8.340786	10.375179	19.910990
0.000000	0.000000	0.000000	11.947216	11.299147	21.781446
0.000000	0.000000	0.000000	11.809844	7.085915	19.518668
0.000000	2.308560	4.282306	3.603875	13.341068	21.062739
0.000000	0.000000	0.000000	11.181688	12.357542	22.910423
0.000000	0.000000	2.651931	34.175375	12.158315	44.981787
0.000000	0.000000	0.000000	0.000000	0.912312	17.627759
0.000000	2.908689	1.295344	4.129878	7.379109	16.061407
0.000000	0.000000	0.000000	0.000000	15.433188	16.753686
0.000000	0.000000	0.000000	14.800679	8.073212	31.266841
0.000000	0.000000	0.000000	12.837158	9.222157	31.174272
0.000000	0.000000	0.000000	5.814045	6.180697	25.585014
0.000000	0.000000	0.000000	6.357146	1.342340	12.688034
0.000000	0.000000	0.000000	10.507897	12.558826	23.095430
0.000000	0.000000	0.000000	13.391657	9.015860	20.827210
0.000000	0.000000	0.000000	12.234456	12.244724	26.160461
0.000000	0.000000	0.000000	4.838114	12.648513	30.218681
0.000000	1.302078	0.000000	2.507132	14.080058	14.493071
0.000000	0.000000	0.000000	14.432923	2.658609	4.586355
0.000000	0.000000	0.000000	11.590114	5.814480	22.790770
0.000000	3.049332	3.810228	9.055038	11.170223	25.226774
0.000000	0.000000	0.000000	7.085636	11.403253	30.708887
0.000000	0.000000	0.000000	11.531009	14.649276	24.922765
0.000000	0.000000	0.000000	18.549321	7.781320	37.882366
0.000000	0.000000	0.000000	23.990234	11.357018	28.441014
0.000000	0.000000	0.000000	11.038049	11.780147	25.361111
0.000000	0.000000	0.000000	16.000635	8.082048	24.875738
0.000000	1.201486	6.592314	13.078746	16.134721	16.408112
0.000000	0.000000	0.000000	11.185301	14.396625	28.767342
0.000000	0.000000	0.000000	19.351456	11.124778	43.093300
0.000000	0.000000	1.909848	7.460723	15.245614	26.907375
0.000000	0.000000	0.000000	5.668879	12.997376	43.132261
0.000000	0.000000	0.000000	10.235434	7.318311	27.234388
0.000000	0.000000	0.000000	15.102460	6.292329	27.034211
0.000000	0.000000	0.000000	12.565866	15.816248	32.174915
0.000000	0.000000	0.000000	10.217714	7.097716	21.157818
0.000000	0.000000	0.000000	9.319877	11.437846	32.423651
0.000000	0.000000	0.000000	8.739962	14.129086	28.813180
0.000000	0.000000	0.000000	7.366053	15.288965	29.833193
0.000000	0.000000	0.000000	6.296865	15.060962	37.244513
0.000000	0.000000	0.000000	3.794447	26.162435	42.232930
0.000000	0.000000	0.000000	14.375842	16.831994	23.841065
0.000000	0.000000	0.000000	12.141197	16.971164	43.358620
0.000000	0.000000	0.000000	8.097779	19.591422	44.159810
0.000000	0.000000	0.000000	10.993571	12.198527	24.447840
0.000000	0.000000	0.000000	10.765221	8.725393	38.672439
0.000000	0.000000	0.000000	16.097894	9.775334	38.248256
0.000000	0.966995	3.181776	12.504670	3.423048	21.949121
0.000000	0.000000	0.000000	1.131135	0.300982	20.312504
0.000000	1.124077	0.000000	5.076782	6.760767	17.912488
0.000000	0.000000	0.000000	10.864989	17.380324	30.898728
0.000000	1.806114	4.926863	16.985122	17.301299	29.747820
0.000000	0.000000	0.000000	8.983739	12.773814	20.568626
0.000000	0.000000	0.000000	14.656928	13.312501	21.007987
0.000000	0.000000	0.000000	16.874983	8.048027	16.040024
0.000000	3.240783	1.794832	12.829249	8.079146	28.132543
0.000000	0.000000	2.353787	5.112051	17.788721	26.752507
0.000000	0.000000	0.000000	10.572360	17.121147	30.181091
0.000000	0.000000	0.000000	14.287621	16.220295	45.178581
0.000000	1.898630	0.000000	13.821651	20.299928	37.624021
0.000000	0.000000	0.000000	12.394008	3.937464	34.384619
0.000000	0.000000	0.000000	6.549543	11.807704	19.965423
0.000000	0.000000	0.000000	0.000000	13.628760	39.094871
0.000000	0.000000	0.000000	15.943342	11.359658	42.319616
0.000000	0.000000	0.000000	10.700127	11.269064	24.318101
0.000000	0.000000	0.000000	7.198425	11.736230	25.503240
0.000000	0.000000	0.000000	9.744517	11.469820	25.223225
0.000000	0.000000	0.000000	10.364806	14.343350	23.537180
0.000000	1.830349	0.000000	7.222778	8.437748	20.415470
0.000000	1.251618	0.000000	9.921783	8.613829	18.195688
0.000000	2.253996	8.846771	8.843126	4.503597	17.955113
0.000000	0.000000	0.000000	11.045421	12.464641	19.862762
0.000000	0.000000	0.000000	13.860501	17.857566	30.571817
0.000000	0.000000	3.313245	15.492403	7.976159	19.834014
0.000000	0.000000	0.000000	20.583741	6.632365	51.195242
0.000000	2.593424	0.000000	1.213874	18.199525	13.129321
0.000000	0.000000	0.000000	8.785979	21.111716	41.281557
0.000000	0.000000	0.000000	10.943624	6.561888	25.955981
0.000000	0.000000	0.000000	14.001732	22.049106	56.160234
0.000000	0.000000	0.000000	9.030575	10.068008	17.278236
0.000000	0.000000	0.000000	11.917297	20.321411	57.179787
0.000000	0.892610	0.000000	0.446405	14.216691	23.543664
0.000000	0.000000	0.000000	6.930376	10.399709	21.339310
0.000000	0.000000	0.000000	12.568894	10.592164	42.331850
0.000000	5.493384	0.303060	16.762399	13.563755	28.921395
0.000000	0.000000	0.000000	8.609464	12.898949	46.555240
0.000000	0.000000	0.000000	5.955101	7.150452	25.656349
0.000000	0.000000	0.000000	10.378945	0.000000	23.280659
0.000000	1.672578	1.824369	10.647263	17.461952	17.838578
0.000000	0.000000	0.000000	3.680758	9.629482	21.108009
0.000000	0.000000	2.535287	15.755336	10.839285	26.559760
0.000000	1.900796	0.000000	8.223369	7.466669	22.351595
0.000000	1.388469	5.331068	16.081495	13.607525	23.836614
0.000000	0.000000	0.000000	12.485142	9.827954	24.481042
0.000000	0.000000	0.000000	5.386686	9.011967	17.357320
0.000000	0.000000	0.000000	15.026642	12.182873	23.978531
0.000000	0.000000	0.000000	11.906852	23.345542	56.851250
0.000000	0.000000	0.000000	10.204819	12.698731	27.718206
0.000000	0.000000	0.000000	8.479044	12.058499	27.761462
0.000000	0.000000	0.000000	18.294471	15.764560	45.809775
0.000000	0.000000	0.000000	13.661242	19.961613	49.300970
0.000000	0.436851	0.258373	12.914109	9.198054	18.407168
0.000000	0.000000	0.000000	12.582947	23.869239	28.762526
0.000000	0.000000	0.000000	0.552291	23.049166	27.202760
0.000000	0.000000	0.000000	13.298673	7.325468	17.108991
0.000000	0.000000	0.000000	5.932266	14.280639	28.131305
0.000000	0.544854	0.000000	9.658659	7.589964	20.421162
0.000000	4.795200	0.000000	8.079237	23.525823	35.836059
0.000000	6.140234	0.000000	2.029399	13.061762	14.453292
0.000000	0.000000	0.000000	3.847864	0.173176	19.238135
0.000000	1.037304	0.000000	0.722296	10.530692	18.712175
0.000000	0.000000	0.000000	17.352459	10.861449	37.794068
0.000000	0.000000	0.000000	1.098087	9.107145	26.320073
0.000000	0.000000	4.662190	12.300879	10.766381	20.555251
0.000000	0.000000	0.000000	17.001336	18.772457	48.988351
0.000000	0.000000	0.000000	6.909913	13.314317	17.355460
0.000000	0.000000	0.000000	9.027572	9.284319	25.326882
0.000000	0.000000	0.000000	6.583904	12.144450	37.499837
0.000000	11.106705	0.000000	1.565629	10.598225	15.270679
0.000000	0.000000	0.000000	10.675080	9.605729	28.931237
0.000000	0.000000	0.000000	15.791184	17.110170	51.176071
0.000000	0.000000	0.000000	9.895538	19.960316	46.516764
0.000000	2.201960	1.685712	16.318385	20.213932	28.016357
0.000000	0.000000	0.000000	10.903882	18.167533	27.284702
0.000000	0.000000	0.000000	13.667704	11.453518	34.978883
0.000000	0.000000	0.000000	10.036745	17.301019	29.315879
0.000000	0.000000	0.000000	4.671887	28.920075	50.299784
0.000000	0.000000	0.000000	15.367399	1.824309	28.463354
0.000000	0.000000	0.000000	2.587229	9.207221	16.569647
0.000000	0.000000	0.000000	13.181233	8.102483	20.353760
0.000000	0.000000	0.000000	12.892758	4.861473	24.398116
0.000000	0.000000	0.000000	13.890975	16.264813	29.112603
0.000000	0.000000	0.000000	12.593213	3.831415	19.929581
0.000000	2.300129	0.512259	9.990235	8.381626	14.223007
0.000000	1.783004	0.000000	0.049075	16.062166	29.384039
