-99.853240	-14.615664	-99.898544	33.738856	100.000000	99.982921
99.726217	28.109215	-100.000000	53.782195	-100.000000	-100.000000
-99.936069	-22.572069	-100.000000	22.227634	100.000000	99.637902
99.699123	38.808286	100.000000	-20.577926	-100.000000	-99.345994
99.859375	31.930509	-99.741491	20.630385	-100.000000	-99.935376
99.042611	31.776465	-99.963960	16.265224	-100.000000	-99.867893
100.000000	9.167736	-100.000000	38.258458	-100.000000	-99.559881
-99.940737	-38.242306	-100.000000	32.803414	100.000000	99.437603
-100.000000	-36.325577	-99.877101	9.188241	100.000000	99.592783
-99.934803	-20.966713	-100.000000	25.760935	100.000000	99.665668
100.000000	22.893868	99.907356	-25.244537	-100.000000	-99.536446
-92.796360	-10.517191	-99.767222	71.650596	100.000000	99.718497
100.000000	27.764243	-99.907886	23.787837	-100.000000	-99.978464
99.870723	27.163001	-99.844218	19.967695	-100.000000	-100.000000
99.934033	44.611225	99.938828	-21.401331	-100.000000	-100.000000
-99.651285	-57.120689	-99.647011	29.797494	100.000000	99.377761
99.425105	59.832363	100.000000	-28.917694	-100.000000	-99.641444
99.418194	32.043669	-100.000000	48.804406	-100.000000	-99.921981
99.918315	18.869332	99.862825	-59.638396	-100.000000	-99.773104
-99.238613	-45.886659	100.000000	-26.184742	100.000000	99.939126
-100.000000	-22.942087	-99.840686	50.785492	100.000000	99.846113
-99.741268	-29.947190	-99.680851	17.374907	100.000000	100.000000
99.974762	25.723551	99.885808	-20.904993	-100.000000	-98.871194
99.926975	44.436818	99.945592	-21.788018	-100.000000	-99.739615
99.761713	21.026901	-100.000000	59.974993	-100.000000	-99.958971
-100.000000	-28.841462	99.935329	-26.528261	100.000000	99.452015
99.934642	55.582517	-100.000000	16.219027	-100.000000	-99.424815
-100.000000	-42.892937	-99.992446	37.513980	100.000000	100.000000
-100.000000	-35.997587	99.953894	-22.990350	100.000000	99.342880
-99.941859	-15.164531	-99.789504	37.592516	100.000000	99.082849
-99.826275	-54.223475	100.000000	-27.145228	100.000000	100.000000
-99.605586	-26.906382	100.000000	-28.602860	100.000000	99.381831
99.868793	72.089647	-100.000000	29.708266	-100.000000	-100.000000
100.000000	42.641559	-99.893302	38.103207	-100.000000	-100.000000
100.000000	32.994736	99.747662	-12.765630	-100.000000	-98.696356
99.793987	29.269079	99.980629	-19.987888	-100.000000	-99.869643
-100.000000	-30.356615	100.000000	-25.821562	100.000000	99.437942
99.748062	15.473102	-100.000000	24.945109	-100.000000	-100.000000
99.935123	5.861162	-99.949441	22.946456	-100.000000	-100.000000
99.914597	9.800018	99.759943	-6.049703	-100.000000	-99.975908
99.856612	19.547134	99.918886	-21.500000	-100.000000	-100.000000
99.113607	6.196959	-100.000000	13.746194	-100.000000	-99.800925
-99.507829	-48.659602	99.996815	-22.471420	100.000000	99.291242
99.793389	15.555637	-100.000000	16.608776	-100.000000	-99.913121
99.720078	10.629449	-99.961043	47.890987	-100.000000	-99.386208
99.700339	37.274133	-99.983476	38.531809	-100.000000	-99.821509
99.929218	36.796213	-100.000000	41.886918	-100.000000	-99.970659
100.000000	64.008701	99.955831	-12.569807	-100.000000	-99.019470
-100.000000	-28.056923	-99.689098	58.616229	100.000000	99.825246
99.701072	31.451341	99.970775	-37.703562	-100.000000	-99.769121
99.700584	9.709172	-100.000000	40.103059	-100.000000	-100.000000
99.934079	31.361593	100.000000	-70.402192	-100.000000	-99.866964
99.950420	31.738330	100.000000	-37.786951	-100.000000	-99.052860
100.000000	18.962556	-79.332498	-6.586659	-100.000000	-99.911359
-100.000000	-40.033807	99.897381	-27.364150	100.000000	100.000000
-100.000000	-35.129880	100.000000	-37.297200	100.000000	99.851198
-100.000000	-10.117960	99.900418	-15.874200	100.000000	99.766197
-99.749095	-16.331788	-99.934905	26.087684	100.000000	99.802735
100.000000	25.056690	-99.989807	31.075192	-100.000000	-99.077105
-99.758849	-53.215749	-100.000000	20.699913	100.000000	99.721596
99.650826	40.733160	-99.940803	23.008318	-100.000000	-99.540843
99.896467	45.027591	-99.999751	21.112529	-100.000000	-99.413394
100.000000	28.294206	-99.898944	26.419696	-100.000000	-99.509921
99.332112	36.177007	-99.998026	15.023304	-100.000000	-100.000000
99.719744	42.777130	-100.000000	51.635366	-100.000000	-99.991444
99.925621	52.115993	100.000000	-42.584887	-100.000000	-99.715391
-99.756960	-33.471950	-100.000000	36.615301	100.000000	99.836078
99.960719	33.855119	-99.907042	32.852115	-100.000000	-100.000000
-99.926564	-46.694572	100.000000	-22.849040	100.000000	99.643897
99.818417	41.416129	-99.774879	54.549471	-100.000000	-99.700524
-99.896041	-26.197962	-99.917660	55.216475	100.000000	99.773818
99.985805	32.650255	-99.926511	20.160710	-100.000000	-99.153325
99.801405	10.043292	-99.905229	21.168583	-100.000000	-99.813216
-100.000000	-36.797416	-99.973516	37.637536	100.000000	99.427777
99.718877	47.043591	-99.937631	21.843208	-100.000000	-99.813255
99.458140	46.366472	99.898931	-24.768817	-100.000000	-99.470134
100.000000	10.353037	-99.861989	43.597044	-100.000000	-99.794734
99.595081	40.621291	-100.000000	27.255032	-100.000000	-99.986904
-100.000000	-37.659222	100.000000	-24.649222	100.000000	99.868455
-99.929488	-71.954512	99.901886	-25.623300	100.000000	99.902468
99.924023	48.573119	-99.839854	13.905435	-100.000000	-99.967091
-99.648158	-41.386815	-99.954566	16.811276	100.000000	99.595934
100.000000	38.328180	-99.976896	29.241453	-100.000000	-100.000000
99.729109	46.855159	99.956885	-16.646628	-100.000000	-99.778076
99.933770	20.707486	-100.000000	25.341704	-100.000000	-98.500559
100.000000	37.186537	-99.927290	41.742410	-100.000000	-99.176589
99.769525	17.096737	99.916335	-55.242432	-100.000000	-99.820752
-100.000000	-35.173851	-99.746626	16.391124	100.000000	100.000000
-100.000000	-41.218927	100.000000	-12.666196	100.000000	99.174342
99.740959	40.464534	-99.990080	40.860288	-100.000000	-99.894942
-100.000000	-25.156884	-99.953250	70.618434	100.000000	99.935745
99.769189	26.216263	-100.000000	31.056340	-100.000000	-99.876412
100.000000	25.161631	99.951549	-17.938822	-100.000000	-99.548501
99.594512	28.249126	-99.894478	36.700851	-100.000000	-99.309126
-98.472978	-19.319289	-99.918473	15.650053	100.000000	99.674612
99.808944	42.202547	-100.000000	20.334536	-100.000000	-99.979529
-99.972818	-52.188220	-100.000000	46.508717	100.000000	99.571152
99.132049	39.106689	100.000000	-9.224537	-100.000000	-98.904649
99.575571	30.137830	-99.833300	32.285378	-100.000000	-99.999213
-100.000000	-20.700900	-100.000000	35.107470	100.000000	99.955770
75.330093	3.174561	-99.766008	27.273895	-100.000000	-95.383329
99.802962	24.372841	99.985066	-32.752588	-100.000000	-100.000000
99.838535	41.586716	-99.936472	12.294787	-100.000000	-99.212521
-99.962045	-21.365339	100.000000	-28.776429	100.000000	99.871255
-99.643116	-28.883680	99.957434	-20.619816	100.000000	100.000000
99.490531	36.745276	100.000000	-18.366614	-100.000000	-100.000000
-99.539515	-22.650950	99.739325	-29.954475	100.000000	99.797966
99.687657	25.949338	-99.832775	20.133464	-100.000000	-99.786314
-99.982874	-37.196882	-99.842110	10.101024	100.000000	99.397226
99.963599	53.654885	-99.789348	21.336521	-100.000000	-100.000000
99.680612	11.421627	-99.900109	13.210465	-100.000000	-99.640975
99.788064	16.695860	-99.894138	20.595348	-100.000000	-99.670582
99.649565	21.602390	99.979124	-17.136080	-100.000000	-98.994353
-99.816986	-33.880752	99.940945	-22.512713	100.000000	100.000000
-100.000000	-12.751507	99.719397	-32.670564	100.000000	99.772055
100.000000	30.563196	-100.000000	23.667429	-100.000000	-99.767039
-100.000000	-45.716900	99.946541	-27.897896	100.000000	99.702468
100.000000	34.640935	99.989918	-33.863246	-100.000000	-99.965160
-0.890220	19.806947	-100.000000	67.854606	100.000000	94.031561
53.197390	-4.936027	99.937460	-21.365860	-100.000000	-97.851082
-99.164558	-26.673656	-100.000000	16.741018	100.000000	98.180017
99.969274	35.881421	99.831935	-41.389922	-100.000000	-99.814333
-99.739885	-39.674912	100.000000	-30.216239	100.000000	99.803266
99.973564	12.146924	-99.879416	38.024694	-100.000000	-99.863215
-99.693282	-23.849491	99.882795	-19.239510	100.000000	100.000000
99.520149	34.804338	99.913954	-32.454105	-100.000000	-99.723579
99.824246	47.732750	-100.000000	24.657434	-100.000000	-99.996981
-99.810319	-32.856633	-99.967688	30.040234	100.000000	99.885472
99.959246	69.216464	99.792303	-24.151224	-100.000000	-99.787330
100.000000	22.598607	-100.000000	34.267746	-100.000000	-99.741312
-97.334067	-39.326951	-2.090684	9.983361	100.000000	98.794517
99.299721	71.953897	-99.951590	18.166249	-100.000000	-99.542336
100.000000	24.740675	-99.925117	36.256863	-100.000000	-99.444817
100.000000	9.477290	-100.000000	51.658197	-100.000000	-98.001422
99.456125	25.591736	-99.904508	36.753749	-100.000000	-100.000000
-99.962218	-15.692629	-100.000000	52.972300	100.000000	99.922885
-99.941976	-29.689558	-99.988979	30.674662	100.000000	99.588440
99.562474	24.989945	-99.847760	19.169993	-100.000000	-99.302644
100.000000	60.432396	-99.875401	24.431255	-100.000000	-99.669931
100.000000	50.906577	-100.000000	19.747891	-100.000000	-99.247331
-99.874122	-32.845062	-99.950345	52.806982	100.000000	99.832545
99.725405	11.620754	-38.859163	9.543122	-100.000000	-99.778735
99.606695	35.060065	-100.000000	20.916203	-100.000000	-99.878734
-99.940649	-18.507254	-99.980775	26.936352	100.000000	99.791611
99.776642	11.130850	99.860306	-52.546386	-100.000000	-99.678674
99.974108	19.888109	-99.752986	27.789318	-100.000000	-100.000000
99.442730	60.101820	-99.935148	23.897289	-100.000000	-98.788779
99.651780	21.953574	99.865729	-27.042297	-100.000000	-100.000000
99.476072	48.209368	-99.786299	28.003577	-100.000000	-99.892828
-100.000000	-27.104344	-99.869140	56.636455	100.000000	99.769750
99.489882	19.371555	99.977483	-60.515351	-100.000000	-99.535070
100.000000	16.311089	99.864342	-34.108490	-100.000000	-99.727648
99.889997	34.379998	-99.763878	20.433378	-100.000000	-99.922946
-99.453309	-43.651756	99.952091	-55.771929	100.000000	99.882646
99.951009	24.831513	99.963390	-24.640833	-100.000000	-99.834756
-100.000000	-17.052899	-100.000000	59.034495	100.000000	99.885863
95.796684	7.969076	99.915164	-14.197382	-100.000000	-98.251902
99.788131	17.111167	99.980958	-32.248492	-100.000000	-99.865805
100.000000	21.217468	-99.857548	31.178269	-100.000000	-99.689573
99.406200	18.175038	-99.896901	23.185991	-100.000000	-99.050227
100.000000	35.127613	-99.805115	26.202943	-100.000000	-99.925695
99.953438	60.889091	-99.992683	17.016442	-100.000000	-99.924813
100.000000	30.962373	100.000000	-14.863825	-100.000000	-99.907847
99.107690	31.153956	-99.868325	25.925224	-100.000000	-99.755705
-99.955915	-26.914987	-99.890960	36.877565	100.000000	99.654666
99.924266	55.021842	-99.959717	40.461018	-100.000000	-99.576575
-99.900465	-33.250412	100.000000	-43.145851	100.000000	99.985296
99.941340	26.825234	-100.000000	35.239978	-100.000000	-99.871708
-99.927668	-25.319485	99.916127	-20.971502	100.000000	99.861980
99.869191	39.031259	-100.000000	13.020241	-100.000000	-98.029271
99.562699	18.234775	-99.972404	25.174795	-100.000000	-99.636333
99.874166	25.708097	-99.931667	12.725208	-100.000000	-100.000000
99.606944	29.992018	100.000000	-23.402934	-100.000000	-99.133445
99.841454	38.640703	-100.000000	20.531852	-100.000000	-99.593680
99.967508	27.741643	99.660320	-27.098252	-100.000000	-100.000000
-99.713173	-20.621621	99.826599	-65.335628	100.000000	99.824719
-99.983982	-40.684755	99.899606	-7.438864	100.000000	98.274721
99.977684	25.251735	99.988411	-44.073623	-100.000000	-99.865249
99.688323	20.895703	99.911719	-41.622430	-100.000000	-99.391716
99.652872	41.977910	-99.986785	31.867638	-100.000000	-99.950663
99.848476	32.774687	-99.872150	29.792640	-100.000000	-99.285778
98.038326	15.508884	-99.794198	6.301706	-100.000000	-99.382014
-99.786622	-33.971742	-99.770082	30.123642	100.000000	99.950906
-99.805813	-30.577070	-100.000000	31.241359	100.000000	99.765977
-99.872447	-29.242600	99.906890	-43.894457	100.000000	99.648055
99.958703	9.866018	-100.000000	33.424945	-100.000000	-99.892544
-99.560573	-37.783255	-99.995645	18.842802	100.000000	99.522653
100.000000	47.683641	97.558364	-7.460445	-100.000000	-97.705790
-99.931837	-24.892334	100.000000	-17.428514	100.000000	99.708675
99.861830	37.076405	-99.835576	35.445361	-100.000000	-99.509245
-98.153605	-60.833628	-40.427088	-11.194358	100.000000	99.598919
100.000000	35.315946	-99.790743	53.695466	-100.000000	-99.985830
99.747275	44.599889	-99.938277	18.927305	-100.000000	-99.315360
99.883852	22.431736	99.941582	-11.367271	-100.000000	-99.942992
-99.968180	-16.466985	-99.970925	43.051535	100.000000	100.000000
99.821634	52.329530	100.000000	-39.640209	-100.000000	-99.972730
99.806292	14.669681	100.000000	-10.352318	-100.000000	-100.000000
99.460638	45.151292	99.889223	-13.760316	-100.000000	-99.134082
99.783919	17.845294	-99.899609	77.465000	-100.000000	-99.974770
-99.970986	-28.851249	-100.000000	18.573141	100.000000	99.881018
-99.782780	-43.160697	99.816213	-9.010921	100.000000	99.914886
-99.528488	-26.757365	-99.950438	43.475145	100.000000	99.731811
99.682380	46.447825	99.914254	-30.901520	-100.000000	-100.000000
99.698185	41.830344	-99.968220	23.839985	-100.000000	-99.118372
99.837402	48.734778	-99.947956	24.732727	-100.000000	-99.949664
100.000000	74.635385	48.417009	-13.622166	-100.000000	-98.401393
100.000000	25.649961	-99.904579	11.920782	-100.000000	-99.885118
99.835611	19.452280	-100.000000	28.307881	-100.000000	-100.000000
-99.922718	-13.637653	100.000000	-22.991663	100.000000	99.710922
-99.512574	-22.248114	-99.924118	42.365917	100.000000	99.463542
99.937465	41.489465	100.000000	-47.100263	-100.000000	-99.703261
99.912075	18.413611	99.929107	-22.877617	-100.000000	-99.665050
97.941485	48.586931	-99.784191	4.077090	-100.000000	-96.006909
-99.896600	-48.128675	-99.978893	43.084618	100.000000	99.825853
99.824320	63.844049	-99.981319	22.191818	-100.000000	-99.603232
100.000000	11.478269	-100.000000	35.457520	-100.000000	-99.813679
-99.557037	-33.748112	100.000000	-34.512863	100.000000	99.080337
-99.795557	-30.952977	-99.724636	32.140807	100.000000	99.977851
-99.881623	-23.523143	-99.886030	25.773838	100.000000	99.512169
-99.751979	-38.143867	99.962967	-32.505188	100.000000	99.813554
99.665903	17.065753	-100.000000	26.729777	-100.000000	-99.701915
-99.917168	-12.715924	-100.000000	23.155289	100.000000	100.000000
99.984613	56.528512	100.000000	-30.582940	-100.000000	-99.583830
99.799307	91.484220	99.947786	-24.382107	-100.000000	-99.718719
99.696286	51.207687	-100.000000	13.712701	-100.000000	-100.000000
-99.881362	-48.798421	99.962623	-28.454070	100.000000	99.538010
99.777370	51.689983	-99.815589	40.405873	-100.000000	-99.670803
99.933007	51.572774	-99.807958	34.027818	-100.000000	-100.000000
-99.708957	-29.090680	-100.000000	62.617253	100.000000	99.151877
99.997068	38.520356	-100.000000	57.111203	-100.000000	-99.753980
99.862340	10.239881	-99.757431	48.804323	-100.000000	-100.000000
99.874516	38.664316	-99.924397	18.979206	-100.000000	-99.899022
100.000000	92.751067	100.000000	-24.360646	-100.000000	-100.000000
99.933963	41.655886	100.000000	-30.556755	-100.000000	-99.862497
-99.621842	-19.192144	-99.690632	41.512768	100.000000	99.552096
-99.855445	-20.158714	99.810626	-14.242685	100.000000	99.810956
-99.987562	-31.970733	-99.852103	35.719592	100.000000	99.454749
-99.998514	-9.031614	-99.872828	48.909306	100.000000	99.517079
99.906109	45.947348	-99.913186	17.072675	-100.000000	-100.000000
-100.000000	-9.034249	-100.000000	44.903099	100.000000	99.704761
99.843003	39.371026	-99.984653	14.843599	-100.000000	-98.831791
99.938302	35.316490	-99.752405	17.911631	-100.000000	-99.851162
-99.817893	-44.677794	-100.000000	26.254706	100.000000	99.788503
99.968185	17.894810	-99.927332	59.327577	-100.000000	-99.600335
-99.878728	-60.190357	-100.000000	39.853732	100.000000	99.883814
99.833192	24.479771	100.000000	-38.982823	-100.000000	-99.915089
-100.000000	-12.318641	100.000000	-15.061331	100.000000	99.070656
99.770633	60.663462	-100.000000	31.466132	-100.000000	-99.680017
100.000000	24.570555	100.000000	-19.524649	-100.000000	-99.201878
99.970927	28.860607	-100.000000	23.968151	-100.000000	-99.648819
99.947164	25.759565	-100.000000	21.713363	-100.000000	-99.878928
99.961834	56.960191	99.974110	-18.641542	-100.000000	-99.951920
99.999937	46.397506	-100.000000	20.201796	-100.000000	-99.997658
-99.098611	-34.590774	-100.000000	30.160570	100.000000	99.501304
100.000000	12.364398	100.000000	-27.712530	-100.000000	-99.766032
99.820837	21.549387	-99.976272	33.912531	-100.000000	-99.887765
-99.215248	-15.554293	-100.000000	26.096057	100.000000	99.570886
-98.803460	-52.308193	-99.751043	16.800052	100.000000	100.000000
99.916477	30.673376	-99.948548	26.975541	-100.000000	-99.862744
-93.358509	7.178493	-100.000000	79.962910	100.000000	99.959449
99.696321	73.141317	99.809378	-32.608827	-100.000000	-99.886708
-99.969304	-38.820570	-100.000000	34.628346	100.000000	99.819444
98.699918	61.593137	99.897211	-14.256595	-100.000000	-99.943247
-100.000000	-35.151473	99.819517	-25.537191	100.000000	99.946026
-100.000000	-53.343742	-100.000000	19.392238	100.000000	99.616603
100.000000	20.429429	-99.813320	31.256769	-100.000000	-99.966153
99.523858	14.599751	-100.000000	35.882227	-100.000000	-99.416330
100.000000	38.265063	100.000000	-41.679543	-100.000000	-99.894758
99.876130	17.396584	99.990572	-23.321538	-100.000000	-99.532805
100.000000	19.404740	-100.000000	95.143203	-100.000000	-99.867432
-99.912387	-39.988941	99.832316	-20.614669	100.000000	99.163388
-100.000000	-22.242738	-99.848374	40.537782	100.000000	99.941106
98.682093	37.615529	99.865447	-14.382181	-100.000000	-99.892103
99.763505	18.552476	-99.809588	43.499714	-100.000000	-99.763301
99.625946	52.792709	-99.863320	28.388893	-100.000000	-99.774639
-99.709044	-32.990491	100.000000	-26.583847	100.000000	99.435869
-100.000000	-22.294212	-99.940118	12.015462	100.000000	99.937948
-99.993905	-31.006853	-99.995234	43.334782	100.000000	99.578333
-99.987704	-21.928284	100.000000	-45.067288	100.000000	100.000000
-99.740306	-46.926999	-99.989644	26.587301	100.000000	99.968483
-99.994674	-17.979642	-100.000000	29.541712	100.000000	99.768318
99.968720	21.175504	-99.696032	39.357738	-100.000000	-100.000000
99.530485	25.283656	-100.000000	33.283501	-100.000000	-99.983299
99.467306	22.101016	100.000000	-20.618478	-100.000000	-99.996512
100.000000	20.737921	99.889518	-34.572436	-100.000000	-99.788889
-99.294226	-6.659746	-99.800154	18.376036	100.000000	98.332364
-99.689135	-36.963086	-100.000000	61.551176	100.000000	99.679270
-99.797726	-23.857338	-100.000000	33.607421	100.000000	99.769747
-99.656640	-16.435266	-100.000000	20.334105	100.000000	99.448609
99.828068	34.666542	99.986875	-24.053198	-100.000000	-99.046724
99.947826	26.057768	100.000000	-20.850150	-100.000000	-100.000000
-100.000000	-42.989054	-99.987797	61.846814	100.000000	99.706831
99.724903	31.975990	99.958686	-17.824531	-100.000000	-98.972470
-100.000000	-31.872938	100.000000	-33.966659	100.000000	100.000000
-99.906597	-24.570494	100.000000	-20.002991	100.000000	99.841015
99.852161	12.704229	99.843398	-48.023688	-100.000000	-99.523240
100.000000	31.272792	-99.953841	85.554600	-100.000000	-99.720257
99.517613	63.246437	-99.810580	10.065055	-100.000000	-100.000000
99.856450	25.684883	-99.828501	28.127943	-100.000000	-100.000000
99.370353	58.111447	-100.000000	18.204556	-100.000000	-99.580311
-99.897347	-18.893464	-100.000000	92.674291	100.000000	99.380204
99.906143	25.221991	99.908362	-56.295056	-100.000000	-99.821407
100.000000	81.437918	-99.986019	28.658342	-100.000000	-100.000000
99.866862	40.889081	-100.000000	22.593452	-100.000000	-99.864730
99.962541	22.339764	100.000000	-70.446471	-100.000000	-100.000000
-99.456183	-18.679535	100.000000	-23.690789	100.000000	99.297103
99.740155	18.344473	-100.000000	44.728666	-100.000000	-99.852236
99.954312	16.669096	99.988783	-41.930111	-100.000000	-100.000000
-99.753153	-26.838851	-99.964420	35.148399	100.000000	99.850219
98.531121	77.845465	-99.818648	7.177417	-100.000000	-99.897036
-99.955536	-58.599693	99.959983	-28.227444	100.000000	99.957645
-99.637067	-46.056977	-99.852567	45.168976	100.000000	100.000000
99.916217	13.152500	-100.000000	39.112372	-100.000000	-99.907474
99.993042	25.865272	99.914210	-61.320343	-100.000000	-99.940038
99.962864	19.465251	99.921684	-35.410954	-100.000000	-99.509361
99.180384	46.977305	-100.000000	29.305004	-100.000000	-99.994385
100.000000	98.661215	99.992417	-33.991524	-100.000000	-99.620210
99.783570	17.228017	-100.000000	57.373163	-100.000000	-99.427813
-100.000000	-39.926249	-100.000000	40.489615	100.000000	99.901525
99.786884	32.774301	99.994335	-24.106275	-100.000000	-100.000000
99.468844	39.690085	-100.000000	36.632525	-100.000000	-99.737780
99.814878	27.917202	-99.828380	15.623427	-100.000000	-98.732463
99.950320	39.881410	100.000000	-52.172382	-100.000000	-99.471476
99.562007	47.727385	100.000000	-31.593667	-100.000000	-100.000000
-99.795181	-28.960228	9.858799	12.894541	100.000000	99.468728
99.489073	26.669448	99.912321	-36.095775	-100.000000	-99.702413
99.968459	36.775741	100.000000	-39.446695	-100.000000	-99.942930
99.811014	26.444806	100.000000	-31.517265	-100.000000	-100.000000
-100.000000	-58.758698	-100.000000	36.834801	100.000000	99.910959
99.743988	45.823289	-100.000000	22.920140	-100.000000	-99.810401
99.759656	22.022940	-99.952070	26.175862	-100.000000	-99.793257
99.567713	61.273371	-99.780074	32.238689	-100.000000	-99.910616
-99.934466	-23.890320	-99.948885	40.491597	100.000000	99.250506
100.000000	11.163719	-99.893143	68.035135	-100.000000	-99.701133
-99.808546	-22.757253	-99.918033	28.366235	100.000000	99.804919
-99.412895	-33.283406	-100.000000	32.408893	100.000000	99.534305
99.892922	22.770039	-100.000000	31.735990	-100.000000	-100.000000
-99.723050	-34.356654	-99.969183	28.169674	100.000000	99.952646
98.837007	14.396344	-99.971421	15.370330	-100.000000	-98.379945
99.828119	76.584590	-99.869254	45.569224	-100.000000	-99.687182
-99.706204	-23.456967	-99.972903	85.012301	100.000000	99.242180
-99.970282	-22.293234	99.846813	-41.979257	100.000000	100.000000
99.915954	35.850961	99.980520	-30.844808	-100.000000	-99.902927
99.698056	8.603970	-100.000000	24.879959	-100.000000	-99.587179
99.770679	37.560457	99.931617	-16.579408	-100.000000	-100.000000
99.345067	34.744797	-99.992590	25.766054	-100.000000	-99.914772
98.625453	12.419788	-99.851990	8.652287	-100.000000	-99.969843
100.000000	43.841459	99.955823	-27.611000	-100.000000	-99.953202
99.757987	77.292036	99.941927	-11.714027	-100.000000	-98.756184
99.922028	15.908874	-100.000000	44.837930	-100.000000	-99.202230
-99.764839	-43.333406	-99.876746	28.989163	100.000000	100.000000
99.848644	10.613286	-17.952207	-12.346029	-100.000000	-99.731726
99.585522	64.342450	-100.000000	20.988370	-100.000000	-99.888763
99.637906	18.622781	-100.000000	53.112219	-100.000000	-99.386167
99.930166	46.738309	-99.965186	22.327817	-100.000000	-99.737017
99.901443	26.820084	-100.000000	41.665625	-100.000000	-100.000000
99.913781	18.495721	-100.000000	13.074935	-100.000000	-99.686026
99.834797	21.708788	-99.916304	37.206863	-100.000000	-99.919265
-99.823797	-51.197288	-99.875708	17.389569	100.000000	99.284122
-100.000000	-57.116621	-99.899461	24.050755	100.000000	98.994911
-99.473410	-27.338520	100.000000	-45.801700	100.000000	100.000000
100.000000	32.212516	100.000000	-18.812313	-100.000000	-99.857419
99.672999	30.031891	-100.000000	51.693260	-100.000000	-99.959510
100.000000	64.590126	-100.000000	9.938884	-100.000000	-99.849033
99.995757	26.429061	-100.000000	25.530359	-100.000000	-99.877751
99.819177	24.385427	-100.000000	44.865565	-100.000000	-99.807859
99.954342	36.176528	-99.888130	45.309628	-100.000000	-99.352240
99.343017	31.679340	99.979207	-25.482964	-100.000000	-99.995548
-99.719341	-28.998966	-99.873742	50.274319	100.000000	99.842536
99.360917	18.177140	99.930194	-19.654287	-100.000000	-99.439107
-98.985698	-26.492826	99.993750	-19.431016	100.000000	99.841341
99.900416	75.919003	100.000000	-26.955880	-100.000000	-99.693050
99.934813	19.262351	-100.000000	41.010672	-100.000000	-99.262369
99.931079	29.839687	-99.877105	34.055442	-100.000000	-99.361121
99.608914	25.155019	-100.000000	28.694685	-100.000000	-99.501951
100.000000	54.036803	-100.000000	34.135786	-100.000000	-99.709045
99.779277	29.679018	-99.903007	49.615856	-100.000000	-99.177128
-99.766336	-27.166139	-100.000000	58.146007	100.000000	99.238694
99.929008	33.625686	-99.930576	29.998674	-100.000000	-99.828755
99.656936	80.540658	-100.000000	24.279056	-100.000000	-100.000000
99.702012	47.854112	-100.000000	31.359716	-100.000000	-99.691134
99.938874	33.927252	-100.000000	34.331447	-100.000000	-99.767374
99.831728	19.689067	-99.924958	60.335546	-100.000000	-100.000000
99.576232	16.584352	-100.000000	40.255517	-100.000000	-99.545808
99.869570	20.450879	99.928317	-16.649590	-100.000000	-99.528973
100.000000	13.996247	-99.933801	37.380138	-100.000000	-99.730510
99.945648	30.426172	-100.000000	12.549134	-100.000000	-99.843575
100.000000	29.260634	100.000000	-57.794240	-100.000000	-99.932813
-99.710492	-18.735523	-99.960922	24.743343	100.000000	100.000000
-100.000000	-23.643040	-100.000000	45.543737	100.000000	100.000000
-99.841597	-25.975005	-100.000000	62.279430	100.000000	99.474664
99.788543	29.687070	-100.000000	37.689129	-100.000000	-100.000000
-99.549970	-24.795094	99.915709	-16.677717	100.000000	98.857035
-99.997119	-33.348140	-99.826304	27.851230	100.000000	99.914394
99.895313	21.495552	-100.000000	25.222975	-100.000000	-99.566928
99.974697	48.671888	99.898406	-39.029446	-100.000000	-99.587287
-99.676190	-20.162244	-100.000000	51.711667	100.000000	99.839517
99.905810	33.971512	-99.889032	23.665971	-100.000000	-99.923434
-72.476598	9.057767	-0.567674	-10.542011	100.000000	99.712947
-100.000000	-27.309906	99.897883	-85.935137	100.000000	99.901897
99.909929	15.558468	99.927120	-24.825929	-100.000000	-99.854704
-99.469271	-27.254145	100.000000	-14.467276	100.000000	99.365729
99.912280	35.326223	-100.000000	24.296747	-100.000000	-99.087221
99.872774	39.425912	-99.926019	26.223814	-100.000000	-99.460184
100.000000	31.763222	99.906143	-29.118725	-100.000000	-99.320468
-99.805446	-28.119915	-99.967184	36.085019	100.000000	99.902110
99.946998	31.486209	-100.000000	33.415866	-100.000000	-100.000000
-99.948916	-21.006271	99.938438	-24.031664	100.000000	100.000000
99.885290	12.934989	100.000000	-29.467193	-100.000000	-99.373398
-99.249849	-72.986278	100.000000	-23.154370	100.000000	99.496784
-100.000000	-40.060477	-100.000000	37.322562	100.000000	99.307467
-99.800304	-33.051100	99.916876	-40.282275	100.000000	99.592241
99.921488	41.118278	99.993797	-21.288086	-100.000000	-99.208762
99.954499	7.599682	-100.000000	31.810800	-100.000000	-99.779624
99.974340	37.217697	-99.864676	46.034986	-100.000000	-99.326419
99.637497	19.007304	100.000000	-33.713454	-100.000000	-99.437110
99.628954	32.997004	99.921793	-19.838120	-100.000000	-99.748314
99.844489	14.881926	-100.000000	31.747355	-100.000000	-99.936896
-100.000000	-23.076867	99.947224	-22.335251	100.000000	99.976299
-99.976500	-31.813104	-99.847316	19.143640	100.000000	99.870462
-99.919918	-12.904947	-99.833221	38.942089	100.000000	98.609660
-99.722270	-28.243536	-99.860320	41.735601	100.000000	100.000000
100.000000	13.824251	99.865355	-19.893850	-100.000000	-99.361315
100.000000	42.538491	-99.979452	5.914198	-100.000000	-100.000000
-99.103000	-25.200098	99.957538	-11.227100	100.000000	99.933573
-99.771531	-16.295219	-99.983504	41.540358	100.000000	99.602190
-99.648953	-15.550432	-99.909585	35.839984	100.000000	99.473175
100.000000	18.703876	-87.303979	-6.444966	-100.000000	-100.000000
-100.000000	-18.702881	-100.000000	22.383599	100.000000	99.733375
-100.000000	-37.434541	99.966169	-31.098146	100.000000	99.912672
-99.479182	-42.470628	-99.971180	48.997999	100.000000	100.000000
99.906198	25.785523	99.948817	-36.678261	-100.000000	-99.306355
99.644173	62.115642	-100.000000	21.997864	-100.000000	-99.949442
100.000000	87.363921	-100.000000	31.782104	-100.000000	-99.924994
100.000000	13.110643	99.937307	-41.654923	-100.000000	-100.000000
99.914588	39.736690	-99.941254	36.304285	-100.000000	-99.680518
99.902925	40.575632	99.890742	-23.726471	-100.000000	-99.809726
-100.000000	-22.208201	-99.842014	14.386313	100.000000	99.178990
99.992387	20.044839	-99.954353	20.428866	-100.000000	-98.593000
-99.923452	-27.505778	-99.803858	60.636939	100.000000	99.962737
99.741175	24.529873	-99.967935	27.710962	-100.000000	-99.703449
99.833697	20.369684	-100.000000	24.835370	-100.000000	-99.449099
-99.780932	-82.899734	99.947800	-18.193207	100.000000	100.000000
100.000000	30.838491	99.871358	-28.901663	-100.000000	-99.413414
100.000000	16.483967	99.980923	-22.392239	-100.000000	-99.806414
99.963486	33.896078	-100.000000	28.872482	-100.000000	-99.939117
99.895960	35.841085	-99.791772	27.168382	-100.000000	-99.804351
-99.873616	-21.616173	-99.953386	29.401418	100.000000	99.807927
-99.897305	-29.799748	-100.000000	12.140834	100.000000	100.000000
99.046471	44.544204	100.000000	-11.923696	-100.000000	-99.147239
99.576144	23.396856	99.987112	-55.187736	-100.000000	-99.899489
-100.000000	-38.365802	99.827585	-35.944188	100.000000	99.764126
99.954154	28.808789	-100.000000	30.564981	-100.000000	-99.626576
99.951226	20.546535	-100.000000	30.619976	-100.000000	-99.756331
100.000000	29.091643	99.872164	-78.940247	-100.000000	-99.943728
-99.917253	-55.955300	99.987996	-17.292430	100.000000	100.000000
99.834418	36.777296	-99.718108	22.334015	-100.000000	-99.698189
99.907415	29.581851	-99.698542	22.044765	-100.000000	-100.000000
-99.108898	-42.594054	99.735778	-20.197307	100.000000	100.000000
98.496066	11.898842	27.554787	12.211842	-100.000000	-99.731397
99.776727	59.300823	99.819652	-32.116296	-100.000000	-100.000000
-99.972407	-17.601373	99.820958	-14.076711	100.000000	100.000000
99.787606	47.899431	-99.956054	19.804104	-100.000000	-99.378305
100.000000	41.630481	-99.866764	30.324414	-100.000000	-99.742652
-99.570395	-49.937332	100.000000	-19.000089	100.000000	100.000000
99.503593	18.875674	-100.000000	37.023180	-100.000000	-100.000000
-99.821552	-12.771816	-99.667140	33.033600	100.000000	100.000000
100.000000	52.034097	-99.814209	9.771357	-100.000000	-99.713312
99.647265	28.719994	-100.000000	32.516522	-100.000000	-99.323220
100.000000	25.859312	99.945518	-34.633726	-100.000000	-99.667653
99.783893	18.766132	100.000000	-41.200921	-100.000000	-100.000000
99.710650	26.080918	-99.877567	43.035529	-100.000000	-100.000000
-99.653330	-21.292808	-99.900801	31.564559	100.000000	99.525115
99.878861	13.669649	-99.807816	27.775265	-100.000000	-99.429547
-99.824686	-19.863459	-99.872434	41.941394	100.000000	99.269923
100.000000	17.617956	-100.000000	27.939285	-100.000000	-99.987414
99.670348	32.459052	100.000000	-41.961161	-100.000000	-100.000000
99.936863	39.606435	100.000000	-38.937938	-100.000000	-99.058344
-99.790499	-22.928506	-99.983768	41.624299	100.000000	99.843423
99.783701	19.421646	99.886749	-18.329895	-100.000000	-99.554988
-100.000000	-50.610366	-99.967621	50.958683	100.000000	99.716199
99.647501	19.370606	-100.000000	32.786662	-100.000000	-99.440310
99.782331	32.230308	-99.882380	18.522740	-100.000000	-100.000000
99.923129	25.813390	-99.886542	50.554321	-100.000000	-99.689283
99.626419	27.737853	100.000000	-9.314910	-100.000000	-98.636306
99.993638	39.589119	100.000000	-37.040790	-100.000000	-99.968264
-99.426137	-44.494829	99.723212	-17.872749	100.000000	99.932991
-99.903175	-58.322976	99.860568	-16.767010	100.000000	100.000000
99.438471	33.354132	-99.956750	32.870506	-100.000000	-99.876075
100.000000	31.754143	-99.882453	19.357076	-100.000000	-99.511526
100.000000	31.736528	99.863686	-36.075632	-100.000000	-99.292723
100.000000	19.473574	-100.000000	49.484842	-100.000000	-99.431161
100.000000	12.651567	-100.000000	27.470727	-100.000000	-100.000000
100.000000	34.474216	99.811699	-9.988495	-100.000000	-100.000000
-99.474741	-37.349687	99.959684	-40.143895	100.000000	99.877968
-99.293331	-28.852635	-99.984595	16.443262	100.000000	99.879746
-99.097980	-41.303292	-99.816779	23.307166	100.000000	99.941978
99.798268	22.146514	99.740132	-26.766113	-100.000000	-99.350639
100.000000	17.555911	-100.000000	79.961274	-100.000000	-100.000000
-100.000000	-33.742303	-99.778802	45.649668	100.000000	100.000000
-100.000000	-31.320108	-100.000000	45.411058	100.000000	99.740905
100.000000	26.706786	-99.720594	16.254263	-100.000000	-99.170338
99.591602	21.588162	99.832810	-38.936944	-100.000000	-99.929999
-99.986247	-14.147686	100.000000	-15.328622	100.000000	98.955653
-100.000000	-24.774226	-99.774999	40.563072	100.000000	99.818194
99.698211	24.059986	100.000000	-26.903003	-100.000000	-100.000000
-99.921921	-11.303467	-99.907909	16.354534	100.000000	98.859857
99.673617	47.899027	-99.926550	17.894872	-100.000000	-99.274733
100.000000	24.037707	-100.000000	55.295629	-100.000000	-100.000000
-99.806163	-32.143413	99.593863	-35.592600	100.000000	100.000000
99.765352	15.823890	99.847346	-68.840362	-100.000000	-99.904108
-100.000000	-13.336921	-99.869278	55.270347	100.000000	99.372159
-100.000000	-23.703785	-99.815707	48.776156	100.000000	99.135655
-100.000000	-18.281181	99.963190	-14.849122	100.000000	99.228949
99.940715	29.369461	99.904026	-41.297495	-100.000000	-100.000000
-99.832711	-9.738925	-100.000000	25.552074	100.000000	99.817563
99.577197	22.715629	-99.980661	22.579702	-100.000000	-99.274648
-99.815703	-33.769490	100.000000	-13.315079	100.000000	99.948293
99.760927	9.063391	99.942025	-20.658396	-100.000000	-100.000000
99.967898	29.536076	-99.908170	42.468512	-100.000000	-99.886945
-100.000000	-23.324678	100.000000	-58.300449	100.000000	99.868801
-99.658951	-34.987768	-100.000000	42.961677	100.000000	99.579016
100.000000	30.647782	-100.000000	51.062432	-100.000000	-99.972470
-99.732903	-18.229641	100.000000	-46.467541	100.000000	99.832897
-99.859532	-42.603420	99.874588	-30.930843	100.000000	99.927414
-100.000000	-28.137958	-99.871415	21.702977	100.000000	99.263667
99.969044	33.516957	99.846827	-27.052273	-100.000000	-99.823057
99.866096	14.683264	-100.000000	28.196569	-100.000000	-99.141750
-99.039066	-59.338760	-99.933327	14.374759	100.000000	99.810986
100.000000	27.042647	-99.898012	36.569319	-100.000000	-100.000000
-99.799973	-33.842806	-100.000000	21.261422	100.000000	99.911473
100.000000	23.744876	-99.927476	39.649956	-100.000000	-99.379545
99.447123	27.000472	-99.896197	23.616381	-100.000000	-99.801823
99.876650	63.736118	-99.723594	12.952257	-100.000000	-99.478614
99.924480	48.731219	100.000000	-33.503552	-100.000000	-99.244194
100.000000	24.608969	-100.000000	34.737254	-100.000000	-100.000000
-99.592215	-29.548203	-99.846004	37.385051	100.000000	99.725321
99.854856	26.822300	99.794289	-42.336695	-100.000000	-99.863987
100.000000	7.294093	-99.937168	50.524093	-100.000000	-99.389487
-99.740588	-42.299779	99.870501	-15.755016	100.000000	100.000000
-99.852497	-10.124569	-99.663651	45.037342	100.000000	99.910024
-100.000000	-32.105732	100.000000	-19.915935	100.000000	99.694636
99.958754	17.520204	-100.000000	21.661820	-100.000000	-99.935768
99.916897	34.665631	-99.871708	23.359931	-100.000000	-99.803711
99.966527	26.169792	-99.863305	18.173816	-100.000000	-99.691280
98.999496	32.097240	-99.908833	26.012307	-100.000000	-99.917884
99.947642	34.098643	-100.000000	20.396865	-100.000000	-99.772111
99.244791	45.789901	-100.000000	26.424635	-100.000000	-99.827298
98.874940	63.590431	100.000000	-13.576380	-100.000000	-99.974752
-99.698197	-20.707141	-99.818563	22.584079	100.000000	99.972624
99.991215	56.194912	-99.946654	23.712136	-100.000000	-99.948867
99.597372	56.749899	100.000000	-23.454793	-100.000000	-100.000000
-100.000000	-22.662977	99.908600	-25.410194	100.000000	99.880226
99.666538	44.853637	99.939950	-51.477079	-100.000000	-99.962370
99.975823	28.355023	-100.000000	60.667517	-100.000000	-100.000000
99.860741	41.580251	99.924529	-20.573194	-100.000000	-100.000000
-99.930831	-21.638416	-100.000000	70.556073	100.000000	100.000000
99.977254	24.021150	-99.997473	46.019414	-100.000000	-100.000000
99.775580	27.952691	-99.908300	53.885966	-100.000000	-99.899467
-100.000000	-13.533495	-99.703915	27.298590	100.000000	99.725869
99.559365	21.892715	-99.819981	42.772398	-100.000000	-99.730811
99.873643	38.167839	-99.926377	23.604103	-100.000000	-99.561878
99.688650	15.026884	-99.765577	85.288543	-100.000000	-99.676745
99.790011	21.396183	99.758379	-28.399689	-100.000000	-99.783927
99.819342	64.283762	99.762682	-32.396410	-100.000000	-99.746135
100.000000	35.491832	-100.000000	24.852823	-100.000000	-99.797094
100.000000	21.611593	-100.000000	28.592852	-100.000000	-99.533612
99.880326	24.156088	100.000000	-48.492567	-100.000000	-99.951690
99.980321	29.913386	99.805352	-36.783101	-100.000000	-99.922276
-99.876164	-35.394395	-99.777319	46.760811	100.000000	100.000000
100.000000	19.775734	100.000000	-30.108928	-100.000000	-99.754402
99.919557	52.104627	-99.875870	20.538467	-100.000000	-99.868068
99.732334	13.417296	100.000000	-87.394199	-100.000000	-99.738544
-99.661209	-33.933389	99.980516	-33.744182	100.000000	99.988169
99.997296	28.113489	-99.927397	26.590487	-100.000000	-99.559426
99.723339	13.720628	99.662678	-34.657784	-100.000000	-99.773969
99.807325	36.369061	-99.918084	39.271917	-100.000000	-99.940449
99.800979	42.323114	100.000000	-16.602538	-100.000000	-99.610664
99.881831	60.714179	-99.900949	25.569543	-100.000000	-99.571362
99.626247	44.367504	100.000000	-18.115144	-100.000000	-99.512016
99.788927	24.062815	-100.000000	62.277003	-100.000000	-99.816968
99.821904	65.450590	99.890773	-32.658103	-100.000000	-99.821050
99.763040	11.512938	-100.000000	33.372502	-100.000000	-99.645413
-99.933499	-25.164808	99.889657	-43.412206	100.000000	99.918907
100.000000	27.059978	-100.000000	48.443294	-100.000000	-99.678171
99.660450	35.735329	99.937640	-39.389712	-100.000000	-99.854083
-99.863484	-32.587254	-99.921857	54.366155	100.000000	99.893504
100.000000	21.768320	-100.000000	61.053100	-100.000000	-99.143668
-99.870088	-34.143475	-99.941890	29.332156	100.000000	99.883452
-99.872762	-30.399228	-100.000000	19.918179	100.000000	100.000000
-100.000000	-19.056487	99.987895	-62.070934	100.000000	100.000000
-99.759234	-20.609999	-99.890336	33.563752	100.000000	100.000000
99.815062	56.779125	-100.000000	25.366387	-100.000000	-99.583957
99.780637	32.024591	-99.811232	54.310586	-100.000000	-100.000000
99.869168	36.771542	-100.000000	40.343714	-100.000000	-99.633972
-99.864304	-25.088435	-99.881137	23.342863	100.000000	99.815592
100.000000	42.015186	-99.981878	22.164437	-100.000000	-99.858289
99.933158	42.484048	99.964040	-20.988160	-100.000000	-99.653199
99.924562	24.540273	-99.975255	15.527740	-100.000000	-100.000000
100.000000	37.458710	-99.987220	37.267328	-100.000000	-99.977167
99.938046	19.979549	-99.834839	67.743313	-100.000000	-100.000000
-99.803923	-24.714273	-99.997508	39.780657	100.000000	99.378002
100.000000	48.704786	-99.824514	14.871323	-100.000000	-100.000000
-99.920453	-75.924180	-100.000000	33.885617	100.000000	100.000000
99.752740	35.919437	-13.952240	-15.764842	-100.000000	-99.841320
-99.929507	-40.813491	100.000000	-19.013598	100.000000	100.000000
98.757376	26.852426	100.000000	-17.757960	-100.000000	-99.873859
-100.000000	-16.195467	100.000000	-26.261516	100.000000	100.000000
99.695558	39.506173	99.945846	-36.680856	-100.000000	-99.442848
99.914793	72.024365	100.000000	-24.663736	-100.000000	-99.764890
98.997765	41.873489	-100.000000	16.077391	-100.000000	-99.831730
99.435476	63.466079	-99.749573	20.015312	-100.000000	-99.689394
-100.000000	-15.338844	99.996022	-53.435334	100.000000	99.900487
99.138858	33.146603	99.914195	-21.116496	-100.000000	-99.907923
99.998644	27.439042	-99.816050	34.115364	-100.000000	-99.855658
100.000000	20.829815	-99.976111	21.788114	-100.000000	-99.788306
-100.000000	-15.013474	-99.911491	21.381089	100.000000	99.767441
99.742905	35.202054	-99.684130	29.036507	-100.000000	-99.380185
-99.507468	-22.532445	-100.000000	36.103194	100.000000	99.656919
-100.000000	-22.492403	-100.000000	54.265168	100.000000	99.958135
-99.756563	-24.741097	99.736199	-38.810205	100.000000	99.544305
99.526155	47.329666	-100.000000	24.263796	-100.000000	-99.123721
-99.705335	-39.933879	100.000000	-19.193731	100.000000	99.518289
99.835208	28.881947	-99.884333	16.100187	-100.000000	-99.914618
99.912241	30.958457	-100.000000	32.237721	-100.000000	-99.891615
99.546586	28.555484	-99.856113	46.710942	-100.000000	-99.855338
-87.091014	-8.450313	-99.945543	27.351297	-42.516303	88.073712
100.000000	31.461411	99.859815	-17.809145	-100.000000	-99.848901
-100.000000	-32.054331	-99.949850	50.249401	100.000000	100.000000
-99.695151	-26.079765	-99.978910	89.034122	100.000000	99.777321
-100.000000	-18.611520	-99.827333	36.487415	100.000000	99.886087
99.990195	26.159005	-99.938209	26.768962	-100.000000	-99.848601
99.421509	23.509374	99.768181	-19.375643	-100.000000	-100.000000
-100.000000	-21.544969	99.912307	-27.960588	100.000000	99.466551
99.815193	17.598130	-99.914319	26.080952	-100.000000	-99.603018
-99.942272	-20.141604	99.883159	-45.858590	100.000000	99.307419
-100.000000	-94.916026	-99.863285	21.880352	100.000000	99.474067
-99.641963	-16.543851	-99.917667	84.194845	100.000000	99.766621
99.563510	38.360818	100.000000	-31.861183	-100.000000	-100.000000
98.999271	38.680809	99.954879	-15.386641	-100.000000	-98.575989
99.526346	37.805824	-99.908897	16.423984	-100.000000	-100.000000
100.000000	85.006571	99.928697	-19.697521	-100.000000	-99.527775
99.921682	21.284550	-99.883487	65.503931	-100.000000	-99.209426
99.849940	48.010052	-100.000000	34.395883	-100.000000	-100.000000
100.000000	29.773131	-99.899834	31.121139	-100.000000	-99.097959
-99.838363	-31.661540	-99.935285	18.380337	100.000000	99.483511
99.787953	46.984601	99.846436	-23.991130	-100.000000	-99.168346
99.762500	17.652137	-100.000000	94.736221	-100.000000	-100.000000
99.970002	35.801421	-99.913215	38.127662	-100.000000	-99.728267
99.858138	37.720603	-99.875397	31.213959	-100.000000	-99.721650
-100.000000	-30.155200	-99.904440	51.172464	100.000000	99.942739
-100.000000	-35.062348	-99.946630	39.241346	100.000000	100.000000
99.970145	75.500325	99.983233	-25.990024	-100.000000	-99.809217
-99.990677	-57.513979	99.884588	-19.792721	100.000000	99.921353
99.726113	26.624501	100.000000	-44.883708	-100.000000	-99.935617
-99.605341	-34.094647	-99.867471	35.857944	100.000000	99.381399
99.827667	32.943796	100.000000	-37.137185	-100.000000	-99.607321
-100.000000	-36.621477	99.978681	-16.681120	100.000000	100.000000
99.919401	37.652671	-99.921942	55.593590	-100.000000	-99.785694
-99.787907	-38.181501	-100.000000	24.777814	100.000000	99.902422
-99.728893	-32.763740	99.873613	-31.461498	100.000000	99.660933
-100.000000	-32.881640	100.000000	-41.292183	100.000000	99.769391
-99.706517	-11.838170	-100.000000	81.159449	100.000000	99.688919
100.000000	43.466672	99.893545	-30.035525	-100.000000	-99.882560
-99.494665	-17.588188	99.748208	-24.748908	100.000000	99.761107
-99.648953	-20.617957	-100.000000	41.411627	100.000000	99.966785
-99.401725	-27.883878	-99.988210	43.731068	100.000000	100.000000
-99.916719	-25.348168	-99.931915	23.360293	100.000000	100.000000
99.742560	16.345721	100.000000	-57.223904	-100.000000	-99.863817
99.591551	21.802466	-100.000000	22.720114	-100.000000	-99.388119
99.933466	44.507764	99.932977	-18.791362	-100.000000	-100.000000
99.801419	29.668349	100.000000	-41.721908	-100.000000	-99.933300
-85.915885	6.797059	-100.000000	66.897419	100.000000	99.058361
99.231971	73.185825	99.999763	-19.819200	-100.000000	-99.722752
-99.767838	-42.289071	-99.878352	29.358195	100.000000	99.436055
99.989562	22.304246	100.000000	-26.663124	-100.000000	-99.849978
100.000000	16.653046	-99.924158	53.826612	-100.000000	-99.441176
-100.000000	-49.118561	99.989132	-27.226028	100.000000	99.920684
100.000000	30.368440	-99.960305	21.457574	-100.000000	-99.888107
99.723268	4.909036	-100.000000	32.352093	-100.000000	-97.830901
99.673109	27.195053	99.992955	-26.326509	-100.000000	-99.953402
-100.000000	-3.349581	100.000000	-35.513397	100.000000	99.373079
-99.703758	-36.724672	99.957802	-30.126571	100.000000	99.283556
99.445075	63.066679	-100.000000	15.974291	-100.000000	-99.774916
-100.000000	-39.779041	-99.961725	18.392726	100.000000	99.946890
-99.912626	-23.655528	-99.967515	34.511666	100.000000	99.658123
100.000000	50.581636	100.000000	-10.080525	-100.000000	-99.948724
99.623298	53.207090	99.995537	-30.347762	-100.000000	-99.954263
-99.862568	-24.706712	99.751907	-34.017688	100.000000	99.882867
99.980039	44.138907	-16.184951	-10.743051	-100.000000	-98.873654
-99.499287	-8.603215	-100.000000	82.704392	100.000000	100.000000
99.932579	30.484137	99.868849	-56.911729	-100.000000	-99.664891
99.701403	59.467454	99.865592	-14.400815	-100.000000	-99.426380
100.000000	20.791388	-99.724834	45.152048	-100.000000	-100.000000
98.851893	33.863868	100.000000	-19.845882	-100.000000	-99.142490
99.964334	36.677445	32.401569	6.826340	-100.000000	-99.219817
99.756255	30.927743	-99.959413	26.519947	-100.000000	-99.990521
99.788089	25.427092	-99.802641	41.479030	-100.000000	-99.954132
99.985531	50.263513	99.944759	-29.029404	-100.000000	-99.937171
99.915720	29.727395	-99.908856	27.152512	-100.000000	-99.992294
84.286450	-5.616630	-99.961151	29.322795	-100.000000	-98.319919
-99.977591	-41.482594	100.000000	-24.855595	100.000000	99.660143
99.760736	99.255546	-99.841522	14.982302	-100.000000	-99.461663
100.000000	23.745734	-99.992795	36.956279	-100.000000	-100.000000
100.000000	28.736620	-99.721872	21.040202	-100.000000	-99.929799
-99.992698	-20.148808	-100.000000	67.736351	100.000000	99.370516
-99.974719	-17.245535	-99.926196	35.771829	100.000000	99.924255
-99.853356	-59.308926	-99.972061	20.924019	100.000000	100.000000
99.965726	39.929427	100.000000	-33.469301	-100.000000	-100.000000
100.000000	57.311588	-99.766494	31.732379	-100.000000	-99.189137
99.719123	22.155056	99.837145	-60.539606	-100.000000	-99.632855
99.889717	23.802707	100.000000	-37.065556	-100.000000	-99.770028
99.902591	25.988639	-99.808711	40.420621	-100.000000	-99.892188
100.000000	53.334342	100.000000	-23.287921	-100.000000	-100.000000
100.000000	28.845557	-99.954770	29.857842	-100.000000	-99.862326
99.800419	18.537098	99.952884	-13.311413	-100.000000	-99.211062
99.997784	38.490991	99.905452	-62.568341	-100.000000	-99.933802
100.000000	51.826455	100.000000	-16.652131	-100.000000	-99.974469
-99.684095	-8.197129	99.990548	-52.325765	100.000000	99.958608
-99.903392	-23.593815	-100.000000	74.598311	100.000000	98.928895
-99.515973	-22.359052	-100.000000	23.649357	100.000000	98.896782
99.706533	42.877710	-99.755889	27.978472	-100.000000	-100.000000
-99.661062	-35.794381	-99.882481	32.155171	100.000000	99.835694
99.807313	31.730079	-99.963717	39.663367	-100.000000	-99.620225
100.000000	18.052751	-99.990258	40.675436	-100.000000	-99.606756
-99.918494	-38.565262	-99.973798	14.194909	100.000000	99.037109
99.552506	36.037511	-99.733793	31.341605	-100.000000	-99.253902
-99.994885	-28.585000	-99.810127	50.472855	100.000000	99.907539
98.969037	47.284249	-100.000000	25.933296	-100.000000	-99.948239
99.999818	24.111453	99.935352	-14.412637	-100.000000	-99.423780
100.000000	19.410179	-99.822436	54.139713	-100.000000	-99.872682
99.909898	82.503179	-99.984872	27.621318	-100.000000	-99.975292
99.948680	38.078495	100.000000	-37.842206	-100.000000	-99.634305
99.916735	24.117041	99.871474	-48.417089	-100.000000	-99.971680
100.000000	36.191970	-99.900817	28.227821	-100.000000	-99.653588
-99.913111	-88.232263	-100.000000	25.477941	100.000000	98.615596
99.834366	39.415712	-100.000000	22.170992	-100.000000	-99.482274
-34.529083	-9.497426	100.000000	-43.936394	-100.000000	-36.374559
-99.961020	-28.163999	99.925292	-44.757066	100.000000	100.000000
-100.000000	-31.215682	-99.996825	36.002812	100.000000	99.576464
-99.963962	-20.418464	-100.000000	36.673051	100.000000	99.700209
99.380166	12.604934	-99.839198	27.015784	-100.000000	-99.253819
99.646971	34.482959	99.988711	-38.555124	-100.000000	-99.689922
100.000000	14.475165	-100.000000	23.722627	-100.000000	-99.828255
99.816113	29.159695	99.851836	-10.701434	-100.000000	-100.000000
99.913205	34.956754	-99.777574	29.928623	-100.000000	-99.707711
99.848980	25.308405	99.969256	-63.565370	-100.000000	-99.753435
98.952891	34.704487	-99.919298	15.702716	-100.000000	-99.950117
99.007136	68.400304	-99.976589	14.799584	-100.000000	-99.914028
99.741993	48.979439	-99.865714	27.435549	-100.000000	-99.903343
-99.824237	-18.301542	-99.862757	54.934484	100.000000	98.899424
100.000000	34.823705	-100.000000	26.067961	-100.000000	-100.000000
99.650310	15.621340	100.000000	-15.637470	-100.000000	-99.895649
99.750239	23.992034	100.000000	-54.795377	-100.000000	-99.794729
-100.000000	-21.076159	-100.000000	34.276501	100.000000	99.804556
99.810018	31.498833	-91.667400	-9.530770	-100.000000	-99.919604
99.825942	34.548887	-99.742966	19.823396	-100.000000	-99.151979
99.727377	38.548452	99.861473	-21.395618	-100.000000	-99.357352
83.096468	11.712593	-99.750507	27.531679	47.409583	-71.646237
99.759817	35.148237	-99.888079	22.919816	-100.000000	-99.947309
99.566352	43.189276	-99.987528	34.767890	-100.000000	-99.640018
-99.321885	-16.564320	-99.651901	13.984660	100.000000	99.118828
99.894115	32.048363	-100.000000	43.278088	-100.000000	-99.996114
-100.000000	-12.811015	-99.995046	48.157656	100.000000	100.000000
100.000000	32.088715	-100.000000	43.282452	-100.000000	-99.783728
-100.000000	-24.030761	-99.947980	50.084844	100.000000	99.402658
-99.901764	-31.691014	-99.918040	22.425769	100.000000	99.436365
99.868481	13.605007	-100.000000	20.724917	-100.000000	-97.887635
99.821070	39.776972	99.900959	-34.906376	-100.000000	-99.699904
-99.404087	-18.453661	-99.773517	27.460982	100.000000	99.777080
99.942165	61.353864	99.962876	-11.935469	-100.000000	-100.000000
99.753467	37.247067	99.941896	-40.832912	-100.000000	-99.888279
100.000000	37.076284	-99.912317	12.379988	-100.000000	-99.856014
99.912698	26.630485	-100.000000	69.712581	-100.000000	-99.966138
99.637579	27.847539	99.790003	-33.248445	-100.000000	-99.899131
100.000000	14.327187	-99.922702	60.438639	-100.000000	-99.758769
-99.776738	-13.336811	-99.908811	35.426440	100.000000	99.710249
99.971838	20.998027	-99.855924	33.419784	-100.000000	-100.000000
100.000000	27.401342	100.000000	-61.926373	-100.000000	-99.475119
100.000000	34.389687	-99.715438	23.600316	-100.000000	-99.567389
99.912245	21.385767	99.990184	-41.484383	-100.000000	-99.938382
99.348871	23.041682	100.000000	-12.677579	-100.000000	-99.756440
99.757898	16.712143	-99.743982	73.434100	-100.000000	-99.896049
-99.770691	-38.944465	-100.000000	55.884038	100.000000	99.882795
-99.926381	-29.895657	-99.859966	40.226921	100.000000	99.992525
99.640150	36.524686	-99.926763	36.160247	-100.000000	-99.855907
-4.581675	5.707312	99.799015	-54.624668	100.000000	99.517238
69.012621	21.898599	99.650013	-43.321524	100.000000	27.264416
99.576394	33.815628	-99.998856	25.964101	-100.000000	-100.000000
99.574276	70.181810	-100.000000	14.824421	-100.000000	-99.119138
99.856052	29.637096	-100.000000	40.705695	-100.000000	-99.970026
-99.634353	-38.095242	99.746379	-20.566460	100.000000	99.807854
99.961847	20.007627	99.930391	-58.415717	-100.000000	-99.746613
-99.996118	-21.919731	99.921776	-33.481961	100.000000	99.573031
-99.893096	-18.766904	100.000000	-23.854478	100.000000	99.027397
100.000000	31.437024	-99.901234	12.801810	-100.000000	-99.905015
-99.870717	-10.378195	-99.960703	31.716985	100.000000	99.369867
99.483220	30.354344	99.986264	-26.120633	-100.000000	-99.844412
-99.889883	-13.212700	-99.948050	54.011193	100.000000	98.251314
99.436449	38.104256	-99.959864	33.273142	-100.000000	-98.983949
99.832058	33.563776	99.719941	-31.864879	-100.000000	-99.981566
-99.729942	-15.674128	99.973906	-17.253480	100.000000	98.860540
100.000000	37.748761	99.722977	-3.286200	-100.000000	-99.007664
100.000000	45.076717	100.000000	-28.699173	-100.000000	-99.958367
100.000000	18.984529	-99.947549	61.468551	-100.000000	-99.656507
99.238651	36.504517	-99.984802	25.635245	-100.000000	-99.800397
-99.608157	-20.392904	-99.897094	21.840578	100.000000	99.446531
100.000000	18.558535	99.795966	-26.367439	-100.000000	-100.000000
100.000000	42.677438	100.000000	-21.429705	-100.000000	-99.664535
99.928925	16.850510	-100.000000	52.928969	-100.000000	-99.998365
99.648603	21.431600	-99.999133	46.143177	-100.000000	-99.793160
99.980653	27.073474	-99.934739	22.041149	-100.000000	-99.289997
-99.863574	-38.739278	-99.992128	32.060865	100.000000	99.322239
100.000000	34.887555	-99.892581	10.658088	-100.000000	-99.582396
99.856419	42.574284	-99.928490	16.528024	-100.000000	-99.870298
-99.933978	-22.389959	-99.950912	59.231894	100.000000	100.000000
-99.997506	-29.902602	99.967377	-30.409547	100.000000	99.922053
-99.441477	-18.680678	100.000000	-12.095359	100.000000	98.974006
-100.000000	-40.465098	-10.764373	21.151848	100.000000	99.749661
-99.973866	-19.147165	-99.863527	37.509659	100.000000	99.662496
99.638140	16.035693	-99.803297	20.179360	-100.000000	-99.807664
99.334527	45.295797	100.000000	-21.947907	-100.000000	-99.889365
-99.913102	-25.074159	-99.964884	95.765153	100.000000	99.937681
-99.851793	-20.657909	99.911987	-13.851076	100.000000	99.943926
100.000000	21.645285	-100.000000	44.143403	-100.000000	-100.000000
100.000000	37.425826	99.838837	-22.908941	-100.000000	-99.522176
99.924626	30.199156	99.861171	-20.206829	-100.000000	-100.000000
-99.379673	-33.846161	-100.000000	14.545169	100.000000	100.000000
99.972728	20.196783	-99.989813	35.111133	-100.000000	-100.000000
-91.521121	-68.727602	3.235048	-10.167241	100.000000	98.557638
99.870889	28.890944	-100.000000	48.476389	-100.000000	-100.000000
99.538221	29.989574	-99.960320	33.119233	-100.000000	-99.991952
99.763738	44.457581	99.916404	-36.318861	-100.000000	-99.890838
98.656863	80.835153	-100.000000	13.963768	-100.000000	-100.000000
100.000000	25.601323	-99.974717	28.755499	-100.000000	-99.696355
-100.000000	-37.070223	99.957666	-29.093559	100.000000	99.381414
-100.000000	-30.005833	-99.599783	49.917287	100.000000	99.835270
99.730193	42.908983	100.000000	-21.216030	-100.000000	-99.971175
99.595664	30.747033	-100.000000	42.838661	-100.000000	-100.000000
-99.441204	-31.434101	-100.000000	27.768915	100.000000	99.891217
99.981560	44.207755	99.859546	-36.647448	-100.000000	-99.809609
-99.970125	-22.306142	-100.000000	17.761782	100.000000	99.902553
-99.919039	-29.693437	-100.000000	19.415761	100.000000	99.860957
99.763387	21.878275	-99.936443	2.621165	-100.000000	-99.893793
99.932875	29.182392	99.939157	-23.479200	-100.000000	-99.655239
-100.000000	-36.550140	-99.674650	38.510426	100.000000	99.814797
-99.944275	-38.993127	-100.000000	19.247894	100.000000	99.760829
-99.771177	-15.090764	100.000000	-25.418578	100.000000	99.388441
99.895516	32.580419	-99.887964	13.719280	-100.000000	-99.888964
99.850007	20.446326	-99.760855	39.171057	-100.000000	-99.886501
-99.896819	-15.509756	-99.903903	46.469049	100.000000	100.000000
99.940911	29.616449	-99.878720	20.670421	-100.000000	-99.874157
99.764834	27.708518	100.000000	-34.695852	-100.000000	-100.000000
99.909981	26.558380	99.982229	-32.587256	-100.000000	-98.934390
-99.315162	-25.160949	99.947613	-42.943819	100.000000	100.000000
99.665147	31.234011	-100.000000	42.157703	-100.000000	-99.856018
100.000000	32.245056	100.000000	-35.116065	-100.000000	-99.987549
99.793300	47.446515	99.965088	-13.197707	-100.000000	-100.000000
99.863601	43.433043	-99.958866	29.267030	-100.000000	-99.871112
100.000000	61.787944	99.854947	-31.248359	-100.000000	-99.488587
100.000000	25.186778	-99.879016	47.380785	-100.000000	-99.915004
-99.867050	-22.915903	-100.000000	36.701559	100.000000	99.864938
-99.860653	-41.522473	99.804869	-28.259500	100.000000	99.741460
-99.827478	-24.188170	-100.000000	33.208863	100.000000	99.663930
99.103985	23.371499	-99.909870	32.518210	-100.000000	-99.579290
100.000000	18.519232	99.921908	-44.510157	-100.000000	-99.809952
99.619974	32.081971	99.884865	-18.528228	-100.000000	-99.019264
100.000000	40.063352	-99.894031	55.343021	-100.000000	-99.322909
-12.658653	14.962894	100.000000	-23.861927	100.000000	99.970717
99.833514	21.201539	-100.000000	7.712099	-100.000000	-99.984351
99.635800	23.940173	-100.000000	36.630193	-100.000000	-99.963869
99.842225	15.667678	-100.000000	34.930131	-100.000000	-98.965176
-99.839229	-14.166429	-99.802308	26.464243	100.000000	100.000000
99.847407	14.355485	99.910337	-29.359998	-100.000000	-99.687873
-100.000000	-15.669561	99.941621	-31.021817	100.000000	99.931633
99.889672	6.747886	-100.000000	26.925443	-100.000000	-99.871474
100.000000	15.280470	99.996486	-18.338278	-100.000000	-99.969547
99.902436	30.009709	-100.000000	40.661690	-100.000000	-100.000000
-99.836035	-31.060081	-100.000000	75.543935	100.000000	99.376778
99.436395	23.065433	-99.977908	40.094598	-100.000000	-99.432117
-100.000000	-59.159649	-99.966978	24.334073	100.000000	99.821796
99.994227	25.560496	99.969664	-46.028290	-100.000000	-99.922230
99.763502	37.465806	99.964606	-24.033788	-100.000000	-99.915451
-99.824510	-18.962280	100.000000	-13.810132	100.000000	99.675214
100.000000	19.783882	-100.000000	38.345601	-100.000000	-100.000000
99.967774	13.315792	-99.791962	79.218771	-100.000000	-99.957073
99.748907	56.299582	100.000000	-16.165147	-100.000000	-99.533914
100.000000	37.068874	99.966054	-53.826043	-100.000000	-99.554068
-99.920931	-18.574703	100.000000	-12.701491	100.000000	99.577789
99.947050	32.331106	-99.874592	25.401938	-100.000000	-99.796103
99.599539	25.648586	100.000000	-29.324285	-100.000000	-99.577540
99.982818	19.793583	99.938700	-42.301021	-100.000000	-99.985107
-99.666687	-18.011198	99.810053	-46.611802	100.000000	100.000000
99.934476	35.521811	-99.928281	42.866064	-100.000000	-99.698425
100.000000	24.187089	99.968793	-26.311890	-100.000000	-99.687076
100.000000	9.469963	100.000000	-42.597208	-100.000000	-98.812788
99.342079	19.254142	100.000000	-11.153911	-100.000000	-99.981183
99.424784	17.846193	99.946950	-40.676434	-100.000000	-99.764203
99.373285	29.066308	-99.801888	34.972183	-100.000000	-99.434569
-99.845937	-32.131290	-99.982625	83.289745	100.000000	99.721218
99.879032	43.777813	-100.000000	34.857304	-100.000000	-99.450015
99.525450	36.954361	99.898243	-37.942708	-100.000000	-99.721600
3.394431	-16.580918	100.000000	-49.364653	-100.000000	-95.056342
-100.000000	-22.297711	-99.950427	47.745697	100.000000	99.978319
100.000000	38.128060	-99.856913	26.992563	-100.000000	-99.989619
99.558816	29.109781	100.000000	-57.305145	-100.000000	-99.594446
-100.000000	-6.624445	100.000000	-41.387578	100.000000	99.829416
99.955712	62.915246	100.000000	-19.576119	-100.000000	-99.903394
-100.000000	-29.498200	-100.000000	69.377801	100.000000	99.506745
1.807734	-7.802421	100.000000	-29.273182	-100.000000	-99.935197
100.000000	15.992055	99.953513	-16.914145	-100.000000	-99.760580
99.998005	14.447413	-99.929007	67.809794	-100.000000	-99.551354
99.909225	36.949480	-100.000000	31.073936	-100.000000	-99.886750
99.238450	39.366720	100.000000	-22.125098	-100.000000	-99.068237
99.993624	54.783610	99.655664	-24.551150	-100.000000	-99.627608
99.829778	18.408586	99.919536	-27.185145	-100.000000	-99.742998
-99.746334	-46.203317	-99.758491	41.132036	100.000000	99.857085
99.759497	24.519713	100.000000	-12.308725	-100.000000	-99.671713
100.000000	41.656515	99.780340	-32.797206	-100.000000	-99.607292
-99.512039	-20.125598	-99.923374	42.004015	100.000000	99.122164
-99.627972	-30.686044	-99.946776	32.971679	100.000000	99.671507
-99.837037	-53.487614	-100.000000	24.357653	100.000000	99.439790
-99.172856	-57.188215	99.921080	-24.066663	100.000000	99.854922
100.000000	10.960508	-99.934647	8.232391	-100.000000	-100.000000
99.951263	36.129016	100.000000	-22.750818	-100.000000	-99.964328
99.933465	27.355955	-100.000000	98.775634	-100.000000	-99.698949
-99.448058	-93.642685	100.000000	-24.055368	100.000000	99.820673
99.943982	49.464913	-100.000000	21.450383	-100.000000	-99.791089
100.000000	86.071721	99.700004	-24.534160	-100.000000	-99.716499
99.902576	42.401123	-100.000000	35.043872	-100.000000	-99.711808
-100.000000	-37.422595	99.940889	-49.710239	100.000000	100.000000
99.828926	33.282414	-99.825135	69.415634	-100.000000	-100.000000
99.991901	41.494992	99.966062	-33.858768	-100.000000	-99.731793
-99.916476	-32.954175	97.099348	-4.950458	100.000000	97.564843
99.211356	11.625814	-100.000000	14.762995	-100.000000	-99.735203
99.554094	25.485712	-99.802803	59.801458	-100.000000	-99.527069
99.530096	21.904879	-99.788097	58.548633	-100.000000	-99.913645
-99.223087	-25.767920	-99.719872	16.277119	100.000000	99.936552
-99.859951	-30.181655	-99.744679	10.716868	100.000000	99.810087
-99.772832	-33.520976	-99.683821	40.690418	100.000000	99.649407
-99.998953	-39.731544	99.783126	-10.891153	100.000000	99.854880
100.000000	39.137539	-99.943090	38.463153	-100.000000	-99.593976
99.920522	8.188331	100.000000	-30.017301	-100.000000	-99.960580
99.874626	68.474264	100.000000	-13.525184	-100.000000	-100.000000
99.854874	46.369818	-99.862484	22.181271	-100.000000	-99.953235
100.000000	41.647283	-99.914182	33.430879	-100.000000	-100.000000
99.897674	35.446987	99.905524	-37.932294	-100.000000	-99.939398
99.687141	27.935320	-99.936072	32.886344	-100.000000	-99.947869
-99.152328	-40.630672	-100.000000	27.116959	100.000000	99.955115
99.874658	46.962658	100.000000	-24.568297	-100.000000	-99.017057
99.743432	19.756369	-99.975855	31.629372	-100.000000	-99.842544
98.434031	24.233460	-99.765059	12.138068	-100.000000	-99.995526
99.959452	27.616260	99.704444	-26.398559	-100.000000	-99.815586
-99.727405	-19.191525	-100.000000	16.748287	100.000000	99.966882
99.982828	44.313651	99.994391	-22.544101	-100.000000	-99.986804
100.000000	33.050890	-100.000000	71.404692	-100.000000	-99.784096
99.987110	29.870910	99.974835	-23.689881	-100.000000	-99.996477
100.000000	44.340263	-100.000000	28.244892	-100.000000	-99.938510
-99.700156	-16.439062	100.000000	-28.593570	100.000000	100.000000
99.650844	37.327582	99.949532	-33.150909	-100.000000	-99.993511
99.927962	25.482534	55.826337	15.437367	-100.000000	-99.403638
100.000000	60.030905	-99.876544	24.714995	-100.000000	-99.939792
-100.000000	-21.342676	-99.873377	75.825441	100.000000	99.517886
99.945652	17.659039	-99.793585	33.405547	-100.000000	-99.878327
99.923900	34.175792	-99.964471	18.751232	-100.000000	-99.788614
-99.933544	-14.184910	99.877149	-28.780389	100.000000	99.981989
99.839988	13.451623	-100.000000	45.488231	-100.000000	-99.460913
-99.936354	-31.591483	-100.000000	54.538477	100.000000	99.407553
-99.982520	-41.418529	-99.898509	14.897124	100.000000	99.017047
-98.888702	-33.364243	99.764759	-25.744296	100.000000	99.443062
-99.929139	-21.667525	100.000000	-58.831302	100.000000	99.058250
99.908684	33.388707	-99.969884	31.641459	-100.000000	-99.572546
-99.955120	-21.668378	99.985934	-68.953165	100.000000	99.823121
99.938622	99.418281	-99.852981	25.390980	-100.000000	-99.997242
-99.885305	-28.139312	-99.846609	58.232845	100.000000	99.736923
99.953792	52.619663	-99.963836	39.781054	-100.000000	-99.789115
99.572982	30.648848	-99.783313	15.635752	-100.000000	-99.006698
99.984565	69.976082	-100.000000	25.965797	-100.000000	-99.392283
100.000000	56.220527	100.000000	-52.107376	-100.000000	-100.000000
99.975812	45.933938	100.000000	-27.547748	-100.000000	-98.888994
99.876980	52.637450	-100.000000	33.930212	-100.000000	-99.411092
-99.211247	-14.402272	-99.824467	15.077473	100.000000	99.053946
99.445020	38.147250	-99.923166	32.293116	-100.000000	-99.528452
99.901430	19.820200	100.000000	-31.957134	-100.000000	-99.391593
-99.995744	-15.787837	-100.000000	12.032303	100.000000	98.089237
100.000000	32.922979	-100.000000	32.172704	-100.000000	-99.923071
99.964661	9.706853	99.890445	-27.585723	-100.000000	-99.900672
-99.994376	-35.681337	99.891504	-19.835985	100.000000	99.263963
99.627470	15.051045	99.821144	-30.423232	-100.000000	-99.140045
99.844507	50.390349	-100.000000	22.226519	-100.000000	-99.922073
-100.000000	-29.441196	99.875981	-44.725446	100.000000	99.841812
99.487730	23.789368	-100.000000	31.277140	-100.000000	-99.632888
-99.632527	-29.497482	-100.000000	9.890995	100.000000	99.878265
99.180917	16.321145	100.000000	-39.869747	-100.000000	-99.998057
99.928716	27.988710	99.759508	-32.643793	-100.000000	-99.941719
99.778889	21.688255	-99.977060	34.692766	-100.000000	-99.828121
99.961316	18.439499	-100.000000	17.437493	-100.000000	-99.938494
99.731823	15.255648	99.971441	-15.662106	-100.000000	-99.428780
99.307216	36.892211	-99.918842	38.689057	-100.000000	-99.798046
99.857176	32.615683	-100.000000	49.336267	-100.000000	-99.699614
