-100.000000	-55.969145	-99.992403	-100.000000	92.890896	-72.138623
-90.968909	77.968000	100.000000	100.000000	53.080224	12.267587
-100.000000	-55.883732	-100.000000	-100.000000	92.588627	-72.191884
-100.000000	-56.328864	-99.739135	-100.000000	93.392510	-72.268762
-100.000000	-56.189387	-100.000000	-100.000000	92.774726	-72.130892
-100.000000	-55.896037	-99.750201	-100.000000	92.962141	-72.171347
-100.000000	-55.388093	-100.000000	-100.000000	93.125393	-71.928075
-70.255647	54.507159	100.000000	100.000000	52.965682	53.162383
-100.000000	-56.166034	-99.939520	-100.000000	92.599117	-72.158376
-72.740231	87.110370	100.000000	100.000000	52.092082	33.972217
-100.000000	-56.116634	-100.000000	-100.000000	93.237273	-72.402453
-92.885136	69.916383	100.000000	100.000000	51.997154	10.720499
-100.000000	-55.736738	-100.000000	-100.000000	93.227418	-72.184666
-100.000000	-55.961383	-99.955097	-100.000000	92.889342	-72.270657
-100.000000	-55.882849	-100.000000	-100.000000	92.883937	-72.420148
-100.000000	-55.874910	-100.000000	-100.000000	92.943841	-72.009994
-100.000000	-55.955791	-99.994261	-100.000000	92.618562	-72.281722
-100.000000	-55.818991	-99.762499	-100.000000	93.320255	-72.524850
-100.000000	-56.031489	-100.000000	-100.000000	93.007208	-72.304725
-50.262718	88.202630	99.925623	100.000000	52.689646	57.953638
-100.000000	-55.744343	-99.936989	-100.000000	93.121723	-72.203508
-100.000000	-55.461993	-99.605327	-100.000000	92.871440	-72.453544
-100.000000	-55.743067	-99.975089	-100.000000	93.158403	-72.044070
-100.000000	-55.910852	-99.618457	-100.000000	93.083077	-71.980241
-100.000000	-56.011860	-99.737412	-100.000000	93.029906	-72.420196
-75.198366	73.281451	100.000000	100.000000	53.113196	37.070711
-100.000000	-55.834361	-99.856546	-100.000000	92.999036	-72.463551
-100.000000	-56.180543	-99.924890	-100.000000	92.965982	-72.208826
-100.000000	-55.467350	-100.000000	-100.000000	92.571078	-72.466247
-100.000000	-56.421153	-100.000000	-100.000000	92.736949	-71.900547
-78.590249	83.111643	100.000000	100.000000	53.328904	28.654730
-100.000000	-55.747179	-100.000000	-100.000000	92.970959	-72.663693
-100.000000	-55.956488	-100.000000	-100.000000	93.005386	-71.990309
-100.000000	-56.115725	-99.824671	-100.000000	92.744573	-72.465436
-100.000000	-55.761731	-100.000000	-100.000000	93.041507	-72.296166
-100.000000	-55.773572	-100.000000	-100.000000	92.663836	-72.396858
-100.000000	-55.660438	-99.894712	-100.000000	93.049165	-72.311282
-100.000000	-55.875629	-99.963421	-100.000000	93.172420	-72.236658
-71.274678	87.097273	99.936184	100.000000	53.321082	35.840467
-100.000000	-56.331473	-99.893999	-100.000000	93.123978	-72.202019
-71.513195	96.172208	100.000000	100.000000	52.808366	31.178118
-100.000000	-55.712364	-99.783533	-100.000000	93.223968	-72.302484
-100.000000	-55.948591	-99.809960	-100.000000	93.099167	-72.185511
-100.000000	-55.803891	-100.000000	-100.000000	93.050121	-72.444529
-62.581172	99.904340	99.406066	100.000000	52.870691	41.767610
-70.023106	79.291465	100.000000	100.000000	52.720619	41.880633
-100.000000	-55.892835	-99.847074	-100.000000	93.359424	-72.305052
-100.000000	-55.920621	-100.000000	-100.000000	92.649596	-72.495655
-100.000000	-55.675076	-100.000000	-100.000000	93.018655	-72.360362
-100.000000	-56.028126	-100.000000	-100.000000	92.825409	-72.003162
-100.000000	-55.651268	-100.000000	-100.000000	93.002978	-72.307551
-100.000000	-55.723876	-99.991816	-100.000000	92.618589	-72.544809
-100.000000	-55.782318	-99.761796	-100.000000	93.293901	-72.240903
-100.000000	-56.073362	-100.000000	-100.000000	92.305404	-72.374612
100.000000	55.673144	100.000000	100.000000	-92.915014	72.197411
-100.000000	-55.405310	-99.974625	-100.000000	92.887980	-72.462843
-100.000000	-56.030875	-99.788441	-100.000000	93.115203	-72.547199
-100.000000	-55.910188	-99.974534	-100.000000	92.941247	-72.350934
-100.000000	-55.758480	-99.998136	-100.000000	93.014095	-72.198539
-100.000000	-55.855975	-99.714940	-100.000000	92.973479	-72.156904
-70.506541	92.886569	99.990872	100.000000	52.727308	34.772426
-100.000000	-55.917989	-99.625193	-100.000000	92.777266	-72.201548
-77.768269	88.441207	100.000000	100.000000	52.908586	26.355914
-100.000000	-55.743103	-100.000000	-100.000000	92.937553	-72.485436
-100.000000	-56.186259	-99.856828	-100.000000	93.048424	-72.124226
-100.000000	-55.970477	-99.621622	-100.000000	92.907921	-72.442964
-100.000000	70.221731	98.153024	100.000000	49.648957	4.200526
-80.032834	67.556117	99.685969	100.000000	52.405772	32.024718
-100.000000	-55.761876	-100.000000	-100.000000	92.832774	-72.249787
-69.468189	96.018296	99.572189	100.000000	52.981413	33.902845
-100.000000	-55.947126	-99.968341	-100.000000	93.235496	-72.157351
-67.915309	100.000000	99.691775	100.000000	52.896505	34.530521
-100.000000	-55.633781	-100.000000	-100.000000	92.889047	-72.148289
-100.000000	-55.995932	-99.889843	-100.000000	92.927275	-72.259164
-100.000000	-55.685491	-99.902429	-100.000000	92.993958	-72.261697
-100.000000	-55.823791	-99.692963	-100.000000	93.155245	-71.807874
-100.000000	-55.982265	-99.751081	-100.000000	93.319545	-72.184807
-100.000000	-55.727506	-99.880163	-100.000000	93.017462	-72.333961
-100.000000	-55.942819	-99.955601	-100.000000	93.022666	-71.957775
-100.000000	-55.718700	-99.786668	-100.000000	92.748386	-72.310966
-88.666809	89.370003	99.851170	100.000000	52.520438	9.304364
-100.000000	-55.908907	-99.851179	-100.000000	93.067557	-72.095884
-64.471373	82.192488	99.795895	100.000000	53.028070	48.431076
-100.000000	-56.196585	-100.000000	-100.000000	92.835721	-72.217246
-94.317202	64.050488	98.976139	100.000000	53.777311	12.975852
-81.799575	74.252203	100.000000	100.000000	52.996271	26.966461
-92.109948	75.110511	100.000000	100.000000	52.719582	12.491995
-100.000000	-55.740546	-100.000000	-100.000000	93.143938	-72.037619
-100.000000	-55.746427	-100.000000	-100.000000	92.897561	-72.240834
-31.138460	100.000000	99.888456	100.000000	53.116019	56.693921
-100.000000	-55.933214	-100.000000	-100.000000	93.075917	-72.010929
-100.000000	-55.932205	-100.000000	-100.000000	93.078368	-72.320834
-100.000000	-56.218877	-99.847270	-100.000000	93.462062	-71.936528
-100.000000	-56.002957	-99.888433	-100.000000	92.825830	-72.557893
-100.000000	-56.276488	-99.873297	-100.000000	93.254587	-72.397527
-100.000000	-55.847612	-100.000000	-100.000000	93.007322	-72.319265
-100.000000	-56.017797	-100.000000	-100.000000	93.210515	-72.250270
-92.872518	85.206704	99.834735	100.000000	52.786598	6.311640
-100.000000	-55.881862	-99.956150	-100.000000	93.442387	-72.042514
-70.462091	66.289289	100.000000	100.000000	53.089391	47.617526
-100.000000	-55.799106	-99.792019	-100.000000	93.172240	-72.196977
-100.000000	-55.827256	-100.000000	-100.000000	93.245035	-71.975146
-100.000000	-55.764799	-99.916013	-100.000000	92.649930	-72.218831
-100.000000	-55.918371	-100.000000	-100.000000	93.212661	-72.319027
-93.117637	59.598587	100.000000	100.000000	52.603273	16.998819
-92.042803	65.765681	100.000000	100.000000	53.585307	15.246686
-76.370908	90.192334	99.995879	100.000000	53.358740	27.159033
-100.000000	-55.905769	-99.853114	-100.000000	93.017964	-72.086882
-91.929561	88.874736	99.707350	100.000000	53.087777	0.846355
-100.000000	-56.046397	-100.000000	-100.000000	92.891107	-72.406319
-100.000000	-55.824995	-99.998140	-100.000000	92.856043	-72.168854
-69.773477	59.550039	100.000000	100.000000	52.906969	51.833619
-100.000000	-55.659706	-99.431184	-100.000000	93.669906	-72.212561
-100.000000	-55.799840	-100.000000	-100.000000	93.049816	-72.178259
-100.000000	-55.712975	-100.000000	-100.000000	92.728185	-72.458347
-69.454814	61.860996	100.000000	100.000000	52.747036	50.785222
-100.000000	-55.858517	-100.000000	-100.000000	93.090996	-72.462335
-100.000000	-55.530546	-99.797378	-100.000000	93.169110	-72.078141
-100.000000	-55.915713	-99.623457	-100.000000	93.114215	-72.304120
-74.479467	86.695852	99.634223	100.000000	52.568553	30.827119
-67.772818	71.913274	100.000000	100.000000	52.636857	48.959939
-100.000000	-55.305724	-100.000000	-100.000000	93.217617	-71.795086
-85.712465	76.857669	99.780351	100.000000	52.915216	20.129683
-67.019583	85.068034	100.000000	100.000000	53.241316	43.246827
-66.883271	86.441128	100.000000	100.000000	52.987313	42.662367
-100.000000	-55.560543	-99.957491	-100.000000	93.221341	-72.099332
-100.000000	56.849564	92.712630	100.000000	53.751246	7.844080
-89.400711	70.273381	100.000000	100.000000	53.119913	18.506579
-91.013579	51.177620	97.772116	100.000000	52.092226	25.186921
-82.566235	97.961056	99.893251	100.000000	52.346835	14.228177
-100.000000	-56.299923	-99.949958	-100.000000	93.243888	-72.281635
-100.000000	-56.027223	-99.883906	-100.000000	92.538150	-72.057385
-100.000000	-55.659535	-100.000000	-100.000000	93.117183	-72.458710
-98.054176	58.178302	85.223111	100.000000	56.927662	-6.185178
-100.000000	-55.977220	-100.000000	-100.000000	92.776738	-71.989464
-100.000000	-55.972027	-99.859538	-100.000000	92.820904	-72.298508
-100.000000	-55.932352	-100.000000	-100.000000	92.984543	-72.016649
-98.514117	51.637591	90.020024	99.703679	54.202469	1.119502
-100.000000	-55.728082	-99.502323	-100.000000	93.478242	-72.327663
-100.000000	-55.657629	-99.921214	-100.000000	92.869765	-72.301710
-100.000000	-55.643057	-100.000000	-100.000000	92.924425	-72.251829
-100.000000	-55.907984	-99.734695	-100.000000	93.637947	-72.562680
-9.781183	100.000000	100.000000	100.000000	52.892985	59.937066
-100.000000	-56.019377	-99.687405	-100.000000	93.356840	-71.906911
-100.000000	-55.685404	-100.000000	-100.000000	93.220667	-71.990837
-100.000000	-55.449152	-99.955989	-100.000000	93.015185	-71.944285
-100.000000	-55.902280	-100.000000	-100.000000	93.496833	-72.682419
-100.000000	-55.567303	-100.000000	-100.000000	92.965243	-72.298964
-100.000000	-56.260412	-100.000000	-100.000000	93.143268	-71.788259
-66.829925	75.094549	100.000000	100.000000	53.188323	48.639018
-88.867492	72.109650	99.557738	100.000000	54.604220	16.209028
-100.000000	-55.710436	-99.925638	-100.000000	93.134283	-72.014750
-100.000000	-56.023418	-99.919866	-100.000000	92.803390	-72.517476
-100.000000	-56.169984	-99.972949	-100.000000	93.125708	-72.246956
-100.000000	-55.773104	-99.886643	-100.000000	93.365283	-72.150979
-100.000000	-56.113914	-99.753637	-100.000000	93.076545	-72.413197
-100.000000	-55.955024	-99.887122	-100.000000	93.183512	-72.512366
-100.000000	-55.535357	-99.841833	-100.000000	93.461055	-71.923442
-100.000000	-55.983170	-99.989094	-100.000000	92.842073	-72.330480
-100.000000	-55.731190	-99.994361	-100.000000	92.852736	-72.451011
-100.000000	-55.906971	-100.000000	-100.000000	92.970163	-72.331520
-100.000000	-55.575306	-100.000000	-100.000000	93.075681	-72.265934
-100.000000	-55.968707	-100.000000	-100.000000	92.642745	-72.367157
-100.000000	-55.995307	-100.000000	-100.000000	93.091578	-72.302422
-65.091218	79.642724	99.800960	100.000000	53.365558	49.207624
-100.000000	-55.787457	-99.821206	-100.000000	93.182605	-72.398045
-100.000000	-55.637952	-99.969958	-100.000000	93.269648	-72.370760
-100.000000	-56.041844	-100.000000	-100.000000	92.487489	-72.449793
-100.000000	-55.580938	-100.000000	-100.000000	92.354542	-71.933026
-100.000000	-55.857989	-100.000000	-100.000000	93.023530	-71.936416
-70.632652	98.776589	99.734524	100.000000	52.997991	30.073038
-100.000000	-55.970823	-100.000000	-100.000000	93.223995	-72.360440
-87.532242	94.425709	100.000000	100.000000	52.412738	8.761246
-89.953042	64.297485	99.812758	100.000000	51.964444	20.790278
-93.677929	78.800033	99.909066	100.000000	53.851977	7.709786
-100.000000	-55.581989	-100.000000	-100.000000	93.170723	-71.980176
-100.000000	-55.716468	-100.000000	-100.000000	93.012933	-72.531569
-100.000000	-56.028857	-99.548236	-100.000000	93.228272	-72.298132
-100.000000	-56.135445	-100.000000	-100.000000	92.616882	-72.232294
-75.029418	57.432224	100.000000	100.000000	52.544587	43.411912
-100.000000	-55.748253	-99.947053	-100.000000	93.039452	-72.216813
-100.000000	-55.824293	-99.961381	-100.000000	92.983001	-72.391040
-100.000000	-56.070381	-99.892647	-100.000000	92.870519	-72.384860
-100.000000	-55.680829	-99.973649	-100.000000	93.369434	-72.312708
-100.000000	-55.954579	-99.775675	-100.000000	93.044633	-72.355347
-100.000000	-55.951327	-99.559682	-100.000000	93.541562	-72.350624
-100.000000	-55.740008	-100.000000	-100.000000	92.835870	-72.283358
-66.529032	90.588194	100.000000	100.000000	53.165557	41.571407
-100.000000	-55.822544	-100.000000	-100.000000	93.100463	-71.881450
-100.000000	-56.118890	-100.000000	-100.000000	92.992820	-72.421313
-100.000000	-55.912748	-100.000000	-100.000000	92.952611	-72.142608
-54.005785	82.575561	99.774280	100.000000	52.942547	56.857205
-100.000000	-55.935007	-99.916831	-100.000000	93.053471	-71.978917
-100.000000	-55.646263	-99.910161	-100.000000	93.310254	-71.916474
-100.000000	-56.189819	-100.000000	-100.000000	92.839715	-71.999080
-100.000000	-55.815023	-99.834486	-100.000000	92.926686	-72.084961
-100.000000	52.408365	85.563249	99.022283	53.494973	-6.444567
-100.000000	-55.638320	-100.000000	-100.000000	93.118138	-72.093283
-100.000000	-55.641157	-99.812737	-100.000000	92.913792	-72.005197
-100.000000	-56.288779	-99.797480	-100.000000	92.635367	-72.236370
-21.255318	98.836479	100.000000	100.000000	52.721812	60.373066
-100.000000	-55.512222	-100.000000	-100.000000	92.724512	-72.366916
-100.000000	-55.845318	-100.000000	-100.000000	93.046153	-72.243207
-100.000000	-56.218610	-100.000000	-100.000000	92.611960	-72.392871
-87.198218	87.389026	99.651582	100.000000	52.755111	10.529795
-72.617751	99.056771	99.574803	100.000000	53.102671	27.407060
-84.344935	96.225785	100.000000	100.000000	52.265359	11.091748
-73.805690	87.531292	100.000000	100.000000	53.564077	31.452542
-100.000000	-55.809247	-99.893946	-100.000000	93.131390	-72.564603
-90.900520	77.494106	99.267203	100.000000	52.034070	12.748224
-100.000000	-56.030277	-100.000000	-100.000000	92.903972	-72.136192
-100.000000	-56.244114	-99.904675	-100.000000	93.338250	-72.409533
-100.000000	-55.707990	-100.000000	-100.000000	92.567600	-71.939803
-100.000000	-56.149318	-100.000000	-100.000000	92.967012	-72.590026
-64.273314	69.707300	99.854924	100.000000	52.947537	53.973666
-100.000000	-55.643918	-99.958472	-100.000000	93.097013	-71.751080
-100.000000	-55.805281	-100.000000	-100.000000	92.716999	-72.457519
-100.000000	-55.940033	-100.000000	-100.000000	93.282649	-71.752701
-100.000000	-55.991582	-99.787139	-100.000000	92.836140	-72.572597
-100.000000	-56.130673	-99.913795	-100.000000	93.050889	-72.104693
-100.000000	-55.867897	-100.000000	-100.000000	92.845921	-72.003565
-100.000000	-55.953017	-100.000000	-100.000000	93.111934	-72.465497
-100.000000	-55.836741	-99.994641	-100.000000	93.304832	-72.078488
-100.000000	-55.813050	-99.913954	-100.000000	93.142139	-71.832102
-100.000000	-55.461760	-99.910638	-100.000000	93.021493	-72.008255
-71.576591	66.961046	100.000000	100.000000	52.552595	44.510169
-64.277121	70.545939	100.000000	100.000000	53.178796	54.087181
-83.528183	76.217970	99.445510	100.000000	52.112472	22.435089
-100.000000	-55.462373	-100.000000	-100.000000	92.959411	-72.456802
-83.645568	71.688429	99.361368	100.000000	52.906452	24.628813
-100.000000	-56.090408	-99.979740	-100.000000	92.943298	-72.127364
-100.000000	-55.796746	-99.925922	-100.000000	92.796915	-72.383331
-76.208112	85.025351	100.000000	100.000000	52.764339	29.063870
-100.000000	-55.743507	-99.897010	-100.000000	92.893543	-72.556209
-100.000000	-55.915595	-99.874159	-100.000000	92.709303	-72.090801
-100.000000	-55.996019	-99.971768	-100.000000	92.885336	-72.422632
-100.000000	-55.987700	-100.000000	-100.000000	92.502144	-72.117058
-88.883261	78.978995	99.167522	100.000000	51.499944	13.972144
-100.000000	-55.608180	-99.846261	-100.000000	93.115173	-71.945440
-100.000000	-56.184562	-99.845932	-100.000000	93.330672	-71.793333
-100.000000	-55.850785	-100.000000	-100.000000	93.415023	-72.513069
-100.000000	-55.953065	-99.775858	-100.000000	93.238469	-72.625850
-100.000000	-55.732069	-99.993767	-100.000000	92.780826	-72.350103
-100.000000	-55.875539	-100.000000	-100.000000	93.034285	-72.019902
-100.000000	-55.894044	-100.000000	-100.000000	93.048208	-72.396911
-89.650122	76.478382	98.679715	100.000000	51.010698	13.505600
-98.049518	78.869283	95.767442	100.000000	53.416589	1.415138
-100.000000	-56.230398	-100.000000	-100.000000	92.889825	-72.133676
-100.000000	-55.460850	-99.687754	-100.000000	92.863217	-72.168481
-75.270203	59.538295	100.000000	100.000000	53.367607	44.477145
-100.000000	-56.046947	-99.652376	-100.000000	92.968681	-71.966952
-100.000000	-55.810421	-100.000000	-100.000000	92.966814	-72.204779
-100.000000	-55.702850	-99.787064	-100.000000	92.574210	-71.851079
-100.000000	-55.989166	-99.982512	-100.000000	92.863685	-72.126460
-100.000000	-55.831798	-100.000000	-100.000000	93.130793	-72.367417
-100.000000	-55.674665	-99.973735	-100.000000	93.157222	-72.109829
-100.000000	-56.337363	-99.977590	-100.000000	92.901482	-72.115404
-100.000000	-55.887438	-100.000000	-100.000000	92.931639	-71.896537
-86.025601	96.094272	99.819314	100.000000	53.148299	10.314315
-100.000000	-55.842018	-99.866771	-100.000000	93.226343	-72.383657
-100.000000	-55.885300	-99.880142	-100.000000	92.982989	-72.278665
-100.000000	-55.741355	-99.813023	-100.000000	93.030325	-72.190395
-100.000000	-55.849427	-99.856993	-100.000000	92.941271	-72.223596
-100.000000	-55.800606	-99.795455	-100.000000	93.104614	-72.309495
-48.186758	53.440669	100.000000	100.000000	52.908502	68.728822
-100.000000	-55.345918	-100.000000	-100.000000	92.556829	-72.042652
-100.000000	-55.896716	-100.000000	-100.000000	92.896064	-71.976586
-68.619549	94.018882	99.949862	100.000000	52.834212	37.028894
-100.000000	-55.402581	-100.000000	-100.000000	93.228979	-71.968509
-100.000000	-55.500478	-99.863888	-100.000000	93.298467	-72.513253
-88.327633	56.990060	99.506933	100.000000	52.044203	23.901393
-100.000000	-55.717679	-99.583931	-100.000000	92.803279	-72.360885
-100.000000	-55.747309	-100.000000	-100.000000	93.023333	-72.178703
-100.000000	-55.568132	-100.000000	-100.000000	92.958236	-72.310831
-100.000000	-55.556745	-99.943784	-100.000000	92.795751	-72.399085
-100.000000	-55.848302	-99.919889	-100.000000	92.902837	-71.884552
-100.000000	-55.698582	-99.938605	-100.000000	93.218309	-72.440225
-100.000000	-55.731652	-99.916740	-100.000000	93.171980	-72.179686
-100.000000	-56.025184	-99.769136	-100.000000	93.211569	-71.926344
-100.000000	-55.809072	-100.000000	-100.000000	92.961893	-72.270951
-100.000000	-55.879200	-100.000000	-100.000000	92.949709	-71.947909
-100.000000	-55.624440	-99.920369	-100.000000	93.115853	-72.285694
-100.000000	-55.830351	-100.000000	-100.000000	93.149057	-72.355436
-100.000000	-55.698204	-99.918656	-100.000000	93.071494	-72.264505
-100.000000	-55.714794	-99.849502	-100.000000	93.602609	-72.247644
-100.000000	-55.567683	-99.894652	-100.000000	93.187528	-72.159795
-91.697394	80.749990	99.839186	100.000000	53.883389	9.386723
-100.000000	-55.673356	-99.766209	-100.000000	93.205418	-72.401324
-100.000000	-56.043656	-99.777466	-100.000000	93.167004	-72.039120
-100.000000	-55.582743	-99.961078	-100.000000	92.985754	-72.132465
-100.000000	-55.639375	-99.885385	-100.000000	93.348740	-72.025643
-100.000000	-55.866049	-99.890120	-100.000000	93.122121	-72.342218
-91.076431	76.076808	100.000000	100.000000	53.740037	13.933515
-100.000000	-55.844834	-100.000000	-100.000000	92.631369	-72.232963
-75.467081	99.658718	99.648869	100.000000	53.223950	24.634675
-100.000000	-55.877534	-99.931914	-100.000000	93.251638	-71.904528
-100.000000	-55.910915	-100.000000	-100.000000	93.259497	-72.055934
-100.000000	-55.784590	-100.000000	-100.000000	93.203818	-72.226800
-100.000000	-55.893289	-100.000000	-100.000000	92.668391	-72.187667
-70.486767	79.298514	99.782019	100.000000	53.528823	41.008306
-100.000000	-56.219429	-99.885385	-100.000000	92.752012	-72.036306
-100.000000	-56.126721	-99.896615	-100.000000	92.958236	-71.993311
-100.000000	-56.059849	-99.949773	-100.000000	93.369376	-72.446339
-100.000000	-55.655087	-99.863821	-100.000000	92.915083	-71.987463
-100.000000	-56.017496	-99.922380	-100.000000	93.194921	-72.314904
-100.000000	-55.822451	-99.687719	-100.000000	93.317383	-72.437019
-100.000000	-55.728514	-100.000000	-100.000000	93.096238	-72.319511
-96.316270	81.280704	99.300841	100.000000	52.294706	-0.755035
-100.000000	-56.142490	-99.769132	-100.000000	93.527411	-72.111790
-100.000000	-55.923120	-99.862369	-100.000000	92.986918	-72.432476
-77.037004	50.682735	99.930090	100.000000	53.434495	45.657780
-100.000000	-55.830797	-99.911630	-100.000000	93.167349	-72.406717
-100.000000	-55.934729	-99.805665	-100.000000	93.531710	-72.176631
-100.000000	-55.871724	-100.000000	-100.000000	93.374373	-72.206841
-100.000000	-55.932760	-100.000000	-100.000000	93.264879	-72.132002
-88.510664	64.525220	99.782233	100.000000	53.311655	23.361090
-100.000000	-55.693357	-99.994811	-100.000000	92.501388	-72.201720
-100.000000	-55.718298	-99.869067	-100.000000	93.122510	-71.826682
-100.000000	-55.970015	-99.951538	-100.000000	93.384360	-72.343369
-100.000000	-56.037976	-99.898469	-100.000000	92.798324	-72.002248
-100.000000	-55.715482	-100.000000	-100.000000	92.930334	-71.905404
-100.000000	-56.128099	-99.831756	-100.000000	92.973097	-72.445031
-100.000000	-55.567502	-99.902670	-100.000000	93.358438	-72.154863
-83.273822	62.290903	99.966530	100.000000	52.901151	28.126811
-100.000000	-55.814871	-100.000000	-100.000000	93.312430	-72.564157
-73.579229	66.313503	99.489499	100.000000	52.537720	41.860671
-100.000000	-55.924139	-100.000000	-100.000000	92.807754	-72.532013
-100.000000	-56.044068	-99.885892	-100.000000	92.901411	-72.352550
-100.000000	-55.575072	-99.973702	-100.000000	92.769937	-72.220423
-100.000000	-55.761629	-99.933367	-100.000000	93.362539	-72.077573
-100.000000	-55.876158	-99.994397	-100.000000	92.954340	-72.594271
-100.000000	-55.766201	-100.000000	-100.000000	93.012621	-72.018944
-74.289786	46.354956	99.712965	100.000000	52.781787	50.222179
-100.000000	-55.870587	-99.943640	-100.000000	92.824961	-72.057302
-100.000000	-55.998669	-99.759532	-100.000000	93.037493	-72.495076
-100.000000	-55.813218	-100.000000	-100.000000	93.140888	-72.410303
-100.000000	-55.979347	-99.807284	-100.000000	93.275113	-72.105727
-100.000000	-56.014885	-100.000000	-100.000000	92.990295	-72.488022
-91.157700	91.981584	100.000000	100.000000	53.347442	6.085672
-100.000000	-55.984375	-99.991869	-100.000000	92.979995	-72.176900
-77.787810	58.476787	100.000000	100.000000	52.950855	41.197863
-71.335999	53.390858	100.000000	100.000000	52.877694	51.274203
-100.000000	-55.739371	-99.999551	-100.000000	93.168788	-72.088908
-100.000000	-56.200425	-100.000000	-100.000000	92.957306	-72.292531
-83.660388	97.872898	100.000000	100.000000	52.672884	13.603300
-100.000000	-55.745079	-100.000000	-100.000000	93.384752	-72.310152
-100.000000	-55.821319	-99.605583	-100.000000	93.170958	-71.889307
-82.179147	55.315118	99.058833	100.000000	53.316474	35.714184
-64.510876	84.421652	99.683703	100.000000	52.590556	47.628206
-78.269529	92.459957	100.000000	100.000000	53.350038	23.513272
-89.687034	34.962306	89.331510	100.000000	52.523469	27.971807
-90.705829	53.938048	98.613750	100.000000	52.528022	22.840855
-100.000000	-55.817101	-99.880754	-100.000000	92.679812	-72.288273
-100.000000	-55.429168	-99.718992	-100.000000	93.322051	-72.287904
-100.000000	-55.700669	-99.766868	-100.000000	93.369965	-72.257568
-100.000000	-56.151134	-99.901838	-100.000000	92.593683	-72.079074
-100.000000	-55.999899	-99.880910	-100.000000	92.725309	-72.088556
-100.000000	-56.248069	-100.000000	-100.000000	93.272099	-72.272478
-100.000000	-55.470474	-99.876340	-100.000000	92.971843	-72.314160
-100.000000	-56.031738	-100.000000	-100.000000	93.404978	-71.958195
-100.000000	-55.794797	-99.809556	-100.000000	92.726337	-72.353342
-100.000000	-55.564555	-100.000000	-100.000000	93.155764	-72.085634
-100.000000	-55.604255	-100.000000	-100.000000	92.957544	-72.319303
-75.418842	60.838201	99.601805	100.000000	52.996527	43.296671
-100.000000	-56.030209	-100.000000	-100.000000	92.910890	-72.273631
-2.169288	100.000000	99.753679	100.000000	52.624805	42.452199
-100.000000	-55.588986	-99.924124	-100.000000	93.179328	-72.430722
-68.846253	79.337217	99.856013	100.000000	53.023767	43.063452
-100.000000	-55.768626	-99.624391	-100.000000	92.924307	-72.305051
-70.059856	54.416545	99.636173	100.000000	53.149466	52.461482
-100.000000	-55.930571	-99.784084	-100.000000	93.014936	-72.321615
-100.000000	-55.684092	-100.000000	-100.000000	92.604318	-71.873940
-100.000000	-56.187308	-100.000000	-100.000000	92.952898	-71.937023
-100.000000	-56.017450	-99.894191	-100.000000	92.985923	-72.236625
-100.000000	-56.030730	-99.734783	-100.000000	93.250786	-71.914725
-100.000000	-55.285294	-100.000000	-100.000000	92.996189	-72.381749
-100.000000	-55.899318	-99.629935	-100.000000	93.393971	-72.419408
-100.000000	-55.741303	-99.963505	-100.000000	92.883633	-72.183861
-100.000000	-55.733915	-100.000000	-100.000000	93.218897	-72.807948
-61.725095	72.043960	100.000000	100.000000	52.889026	57.162565
-100.000000	-56.005342	-99.868558	-100.000000	93.650575	-72.360215
-67.327777	85.224315	99.848650	100.000000	53.667631	43.016963
-100.000000	-55.374211	-100.000000	-100.000000	92.855036	-72.315448
-100.000000	-55.937609	-99.908383	-100.000000	92.961154	-72.395363
-95.934573	80.966773	99.308778	100.000000	51.681701	-0.034108
-66.954661	76.036340	99.968783	100.000000	52.690632	47.252672
-87.242287	72.685993	100.000000	100.000000	53.035134	17.469369
-100.000000	-56.011766	-100.000000	-100.000000	92.866192	-72.246685
-100.000000	-55.465247	-99.957368	-100.000000	93.085786	-72.537727
-100.000000	-55.808452	-100.000000	-100.000000	92.770331	-72.436219
-92.280194	61.118876	100.000000	100.000000	54.191489	18.500716
-100.000000	-55.816305	-99.789809	-100.000000	93.103664	-72.450086
-100.000000	-55.947378	-99.975862	-100.000000	93.200728	-72.294988
-100.000000	-55.975466	-99.934144	-100.000000	92.704309	-72.139282
-100.000000	-55.454876	-99.811429	-100.000000	93.322893	-72.036950
-100.000000	-55.681294	-100.000000	-100.000000	93.112019	-72.354882
-80.724442	60.895510	99.877234	100.000000	52.809633	35.023536
-100.000000	-56.416406	-99.888321	-100.000000	92.699323	-72.476772
-84.221275	58.245295	100.000000	100.000000	53.245173	30.622419
-100.000000	-55.763440	-100.000000	-100.000000	92.987506	-72.430572
-100.000000	-56.050447	-99.854890	-100.000000	93.196485	-72.050361
-100.000000	-56.021615	-99.794316	-100.000000	92.917179	-72.223935
-100.000000	-55.433732	-99.818340	-100.000000	93.391921	-72.136576
-100.000000	-56.240772	-100.000000	-100.000000	93.268045	-72.148485
-66.885846	90.993554	100.000000	100.000000	52.666879	41.249963
-100.000000	-56.117254	-100.000000	-100.000000	93.007542	-72.175920
-100.000000	-55.520904	-99.868158	-100.000000	93.542991	-72.445054
-100.000000	-55.760865	-100.000000	-100.000000	92.773429	-72.243915
-100.000000	-55.925728	-99.918162	-100.000000	93.286267	-72.384375
-100.000000	-55.806169	-99.806407	-100.000000	92.989300	-72.246795
-100.000000	-55.406309	-100.000000	-100.000000	93.249815	-72.576228
-95.069573	29.582915	82.388781	100.000000	51.228457	18.114392
-92.827909	64.469186	99.149509	100.000000	52.583082	14.855820
-91.827663	79.485692	99.382402	100.000000	53.261476	9.146530
-68.312221	60.756752	100.000000	100.000000	52.873277	53.235255
-100.000000	-55.693361	-99.793347	-100.000000	93.157781	-72.002980
-73.880012	97.930200	100.000000	100.000000	52.901475	26.350699
-100.000000	-56.147750	-99.990749	-100.000000	93.140522	-72.709594
-100.000000	-56.264534	-99.754236	-100.000000	93.128660	-72.313357
-100.000000	-55.873615	-99.761406	-100.000000	93.321273	-72.142841
-100.000000	-55.976640	-99.993341	-100.000000	92.878467	-72.066238
-100.000000	-56.144102	-99.869991	-100.000000	92.938771	-72.153428
-100.000000	-55.874130	-99.850512	-100.000000	92.875257	-72.302190
-44.755616	54.217386	99.939471	100.000000	52.920368	72.192539
-100.000000	-55.846975	-100.000000	-100.000000	93.158393	-72.391272
-100.000000	-55.849988	-100.000000	-100.000000	92.677094	-72.300387
-88.523189	60.071410	99.143931	100.000000	52.316684	23.574387
-100.000000	-56.062396	-100.000000	-100.000000	93.151721	-72.404657
-100.000000	-55.848025	-99.832604	-100.000000	93.283385	-72.378329
-88.049992	57.785278	99.167715	100.000000	52.343559	27.663292
-100.000000	-55.548035	-100.000000	-100.000000	92.916157	-72.124607
-100.000000	-56.078667	-99.624930	-100.000000	93.099545	-71.912639
-85.154215	85.923510	99.466139	100.000000	53.150361	15.677519
-64.869551	75.444316	100.000000	100.000000	52.784634	50.747432
-100.000000	-55.978728	-99.524009	-100.000000	93.490586	-72.495093
-100.000000	-56.153390	-100.000000	-100.000000	93.229243	-71.971241
-100.000000	-56.042862	-100.000000	-100.000000	92.956868	-71.737956
-100.000000	-55.644108	-100.000000	-100.000000	93.310995	-72.247158
-72.433865	77.407948	100.000000	100.000000	53.334668	38.846451
-88.345476	85.290712	100.000000	100.000000	52.623754	13.280050
-100.000000	-55.813991	-100.000000	-100.000000	93.266640	-72.716005
-72.409155	94.384085	100.000000	100.000000	52.650392	31.060717
-89.078105	71.920893	99.982461	100.000000	52.867190	18.251706
-100.000000	-56.033121	-99.972883	-100.000000	92.706697	-71.947208
-100.000000	-56.042483	-99.884962	-100.000000	93.086499	-72.190709
-100.000000	-55.847334	-99.906813	-100.000000	93.088059	-72.439415
-64.739973	64.251030	100.000000	100.000000	52.685858	56.186103
-100.000000	-55.745629	-99.980416	-100.000000	92.830932	-72.044277
-70.025820	64.272581	99.951468	100.000000	53.196590	49.647061
-100.000000	-55.960326	-100.000000	-100.000000	93.226451	-72.400961
-69.322283	69.296698	100.000000	100.000000	52.662268	47.256410
-91.963968	27.319632	80.642115	100.000000	52.404884	21.517343
-100.000000	-55.670522	-99.968338	-100.000000	92.924990	-71.908427
-100.000000	-55.444327	-100.000000	-100.000000	92.668346	-72.371256
-100.000000	-55.673586	-99.994200	-100.000000	92.736521	-71.957726
-100.000000	16.030489	68.545468	91.325239	56.562553	-1.380344
-29.006913	87.560546	100.000000	100.000000	52.652439	66.540393
-36.592793	77.104290	99.939326	100.000000	52.667908	68.649231
-100.000000	-55.952337	-100.000000	-100.000000	92.869087	-72.478411
-100.000000	-55.382100	-99.797170	-100.000000	93.073801	-72.192648
-68.261268	57.776662	99.923049	100.000000	52.899648	54.794444
-70.080717	65.698606	99.488356	100.000000	52.603250	47.597123
-100.000000	-55.542292	-100.000000	-100.000000	92.641067	-72.592233
-88.465351	89.075844	100.000000	100.000000	52.535948	10.184222
-100.000000	-56.014566	-100.000000	-100.000000	93.252491	-71.752776
-100.000000	-55.910452	-99.995937	-100.000000	92.957427	-72.468448
-100.000000	-56.038670	-99.981217	-100.000000	93.000225	-72.387589
-89.131901	64.548950	100.000000	100.000000	51.795620	21.751333
-100.000000	-55.761220	-99.999678	-100.000000	92.914675	-72.031066
-100.000000	-56.063695	-99.885507	-100.000000	93.098927	-72.504518
-75.711819	80.706762	100.000000	100.000000	52.370352	33.448049
-100.000000	-55.699249	-99.832255	-100.000000	93.382259	-72.149982
-100.000000	-55.881732	-99.998098	-100.000000	92.891734	-72.348007
-70.189894	99.796788	100.000000	100.000000	52.453400	31.550968
-100.000000	-55.733158	-99.972219	-100.000000	92.912371	-72.366177
-100.000000	-55.492651	-99.598208	-100.000000	93.169964	-72.060469
-100.000000	-55.774406	-99.823737	-100.000000	93.029918	-72.528528
-68.328233	87.248343	99.847453	100.000000	52.621401	39.069475
-100.000000	-55.736433	-99.706172	-100.000000	93.262094	-72.347950
-100.000000	-55.472511	-99.974221	-100.000000	93.276865	-72.356395
-100.000000	-55.914887	-100.000000	-100.000000	93.162670	-72.195986
-89.839276	78.383083	99.625060	100.000000	53.335734	14.253701
-100.000000	-55.765200	-100.000000	-100.000000	93.131744	-72.019965
-100.000000	-55.642772	-100.000000	-100.000000	92.971342	-72.326115
-81.990718	84.017926	99.881452	100.000000	53.124993	21.778411
-100.000000	-55.900093	-100.000000	-100.000000	93.016192	-72.220471
-92.526135	87.906021	99.203213	100.000000	53.472266	3.519918
-100.000000	-56.238934	-99.968937	-100.000000	92.738735	-72.432043
-91.951836	71.022995	100.000000	100.000000	53.637657	11.137076
-100.000000	-56.157741	-100.000000	-100.000000	92.957935	-72.275714
-100.000000	-55.852144	-100.000000	-100.000000	92.984247	-72.379434
-100.000000	-56.068211	-100.000000	-100.000000	92.450477	-72.121626
-67.206498	89.203604	99.490904	100.000000	52.688121	40.489658
-100.000000	-55.797637	-100.000000	-100.000000	92.911342	-72.119894
-100.000000	-55.654692	-100.000000	-100.000000	93.393626	-72.186209
-100.000000	-55.990785	-100.000000	-100.000000	93.126611	-72.847499
-100.000000	-55.765568	-99.732011	-100.000000	93.174129	-72.171365
-100.000000	-55.975299	-100.000000	-100.000000	92.988635	-72.384159
-100.000000	-55.914300	-99.788955	-100.000000	92.608972	-72.151503
-100.000000	-55.584363	-100.000000	-100.000000	93.190236	-72.264130
-21.907288	100.000000	99.879752	100.000000	53.196442	49.309176
-100.000000	-56.121839	-100.000000	-100.000000	92.789996	-71.943376
-100.000000	-55.705529	-100.000000	-100.000000	92.477078	-72.824979
-87.228019	55.050331	100.000000	100.000000	51.988196	28.748382
-100.000000	-55.742543	-99.813567	-100.000000	93.092182	-71.907484
-100.000000	-55.893165	-100.000000	-100.000000	92.917944	-72.407158
-100.000000	-55.242234	-99.723824	-100.000000	93.507585	-72.123503
-100.000000	-55.766509	-100.000000	-100.000000	93.065243	-72.109357
-100.000000	-55.956258	-100.000000	-100.000000	92.774222	-71.986318
-100.000000	-55.948772	-99.849642	-100.000000	93.006052	-72.309309
-38.537524	69.486779	99.996521	100.000000	52.333030	71.564525
-100.000000	-56.181854	-99.817307	-100.000000	92.770891	-72.342192
-100.000000	64.423664	98.532236	99.943309	56.834723	6.488434
-100.000000	-55.834301	-100.000000	-100.000000	93.063373	-72.090796
-100.000000	-55.448782	-100.000000	-100.000000	92.893272	-71.926005
-100.000000	-56.056981	-99.974234	-100.000000	92.670337	-72.047673
-86.631250	48.151712	100.000000	100.000000	53.370931	32.847002
-100.000000	-55.945378	-100.000000	-100.000000	93.178853	-72.184853
-100.000000	-56.077288	-100.000000	-100.000000	92.781536	-72.086529
-100.000000	-55.870348	-100.000000	-100.000000	92.756472	-72.177403
-86.714683	61.295331	100.000000	100.000000	52.682286	26.921065
-100.000000	-56.040193	-100.000000	-100.000000	92.725271	-71.903330
-100.000000	-55.980645	-100.000000	-100.000000	93.125421	-72.110925
-100.000000	-56.068967	-99.630673	-100.000000	93.337588	-72.515922
-100.000000	-55.779285	-99.864060	-100.000000	92.756976	-72.436855
-94.576089	83.695969	100.000000	100.000000	53.987406	-0.425359
-100.000000	-56.149956	-99.879478	-100.000000	93.182239	-72.410814
-67.354488	73.741420	99.718178	100.000000	52.888550	47.545278
-57.900022	41.430106	99.743182	100.000000	52.847416	69.012521
-88.789743	52.472622	99.512220	100.000000	53.640482	27.372461
-70.246030	59.556526	100.000000	100.000000	52.980251	50.652216
-100.000000	-56.188509	-100.000000	-100.000000	92.647626	-72.475226
-100.000000	-55.922395	-99.999815	-100.000000	92.745761	-72.312327
-100.000000	-55.854454	-99.676858	-100.000000	93.295005	-72.282411
-100.000000	-56.099332	-100.000000	-100.000000	93.368215	-72.234396
-98.488025	62.255879	100.000000	100.000000	56.534697	9.616129
-100.000000	-55.849878	-99.925770	-100.000000	92.563541	-72.237011
-100.000000	-55.748589	-99.957248	-100.000000	92.888659	-72.168050
-100.000000	-55.544676	-99.877594	-100.000000	93.199788	-72.436694
-99.658067	54.154704	85.968834	100.000000	54.587667	-1.651060
-100.000000	-56.281560	-100.000000	-100.000000	92.880124	-72.012202
-100.000000	-55.938410	-99.948629	-100.000000	93.213472	-72.373264
-63.807059	94.534196	99.961244	100.000000	53.175319	43.266087
-100.000000	-55.852947	-99.667639	-100.000000	93.289158	-72.013569
-100.000000	-55.908970	-99.975572	-100.000000	92.850154	-72.492280
-100.000000	-56.010186	-99.601216	-100.000000	92.866218	-72.546170
-100.000000	-55.623708	-100.000000	-100.000000	93.262893	-72.173095
-76.290037	53.964567	100.000000	100.000000	53.415436	44.688893
-100.000000	-55.587401	-99.922736	-100.000000	92.966760	-72.126598
-100.000000	-55.776001	-100.000000	-100.000000	92.777469	-72.439547
-100.000000	-55.876777	-99.858938	-100.000000	93.046128	-72.165347
-100.000000	-55.770732	-100.000000	-100.000000	92.895929	-72.191792
-100.000000	-55.757743	-100.000000	-100.000000	92.715423	-72.301387
-98.431159	50.619317	93.356437	100.000000	50.336389	12.321457
-100.000000	-56.032964	-99.825934	-100.000000	93.201373	-71.542700
-89.691160	75.766996	100.000000	100.000000	52.321807	15.314986
-100.000000	-55.739002	-100.000000	-100.000000	92.988129	-72.297447
-100.000000	-55.624230	-99.961915	-100.000000	93.314939	-71.825047
-100.000000	-55.733868	-99.907640	-100.000000	92.573146	-72.515662
-68.437815	80.478011	99.819464	100.000000	53.101334	43.697871
-65.380928	91.280727	99.915967	100.000000	53.192339	42.152686
-62.687164	81.585119	100.000000	100.000000	53.032597	50.320097
-100.000000	-55.793550	-100.000000	-100.000000	93.213190	-72.583074
-100.000000	-56.096757	-100.000000	-100.000000	92.763309	-72.315074
-100.000000	-56.126398	-99.979205	-100.000000	93.292716	-71.883029
-100.000000	-56.305787	-99.764803	-100.000000	93.076823	-71.912388
-100.000000	-56.111498	-100.000000	-100.000000	93.008751	-72.104684
-86.707923	56.081615	100.000000	100.000000	52.952729	28.465332
-100.000000	-55.896015	-100.000000	-100.000000	93.118610	-71.930905
-69.585733	79.263098	100.000000	100.000000	52.838264	43.162241
-100.000000	-56.096498	-99.888383	-100.000000	93.403209	-72.192600
-77.694715	85.992672	99.453151	100.000000	53.722629	25.856458
-100.000000	-55.821597	-99.951061	-100.000000	93.377373	-72.151449
-100.000000	-55.798048	-100.000000	-100.000000	92.960487	-72.168703
-100.000000	61.616985	96.654937	94.049691	51.043171	4.357640
-100.000000	-55.953493	-99.960400	-100.000000	92.749979	-72.447293
-83.183083	52.354094	99.871950	100.000000	52.158922	35.365954
-100.000000	-55.908469	-100.000000	-100.000000	92.850630	-72.178630
-100.000000	-56.030072	-100.000000	-100.000000	92.944904	-72.244373
-100.000000	-55.703832	-99.946393	-100.000000	92.346198	-72.278410
-100.000000	-55.667301	-99.988997	-100.000000	93.291731	-72.338874
-95.796784	78.610700	100.000000	100.000000	52.789782	0.806762
-100.000000	-55.644675	-99.967028	-100.000000	93.097327	-72.005665
-100.000000	-55.812838	-99.749449	-100.000000	93.748277	-72.382647
-100.000000	-55.774616	-99.871997	-100.000000	93.192168	-72.041744
-100.000000	-55.558951	-99.909184	-100.000000	93.065568	-71.683050
-100.000000	-55.857800	-99.585905	-100.000000	92.904764	-72.469737
-100.000000	-56.215809	-100.000000	-100.000000	92.995310	-72.134277
-100.000000	-55.900253	-99.838798	-100.000000	93.232347	-72.194100
-100.000000	-56.108476	-99.807625	-100.000000	93.550902	-72.069831
-75.222297	95.530188	100.000000	100.000000	53.687892	24.967392
-95.663313	87.673846	100.000000	100.000000	53.984261	1.892826
-100.000000	-55.929433	-100.000000	-100.000000	92.943767	-72.485855
-100.000000	-55.890923	-99.982015	-100.000000	93.168961	-72.667331
-100.000000	-55.574721	-100.000000	-100.000000	92.791000	-71.783400
-100.000000	-55.962706	-100.000000	-100.000000	92.895654	-72.182893
-85.123269	89.655794	100.000000	100.000000	52.061772	15.042681
-100.000000	-55.610979	-99.939768	-100.000000	93.042826	-72.226885
-100.000000	-56.210847	-100.000000	-100.000000	92.967720	-72.098147
-100.000000	-55.676598	-99.891303	-100.000000	93.222593	-72.406974
-100.000000	-55.860390	-99.782006	-100.000000	93.112019	-72.406240
-66.144535	89.328561	100.000000	100.000000	52.610274	41.781130
-79.796859	52.171207	100.000000	100.000000	53.164411	40.154822
-100.000000	-55.861784	-99.747148	-100.000000	92.483869	-72.299241
-75.844928	92.975797	99.940085	100.000000	53.102184	27.344579
-100.000000	-55.653626	-99.802149	-100.000000	93.709144	-72.302566
-100.000000	-56.085572	-100.000000	-100.000000	93.079059	-72.206730
-100.000000	-55.876998	-100.000000	-100.000000	92.960535	-72.582644
-79.642956	61.961593	100.000000	100.000000	53.205980	36.627855
-76.339638	80.258069	99.725977	100.000000	53.352119	31.427608
-100.000000	-56.046669	-99.939364	-100.000000	92.971329	-72.202695
-100.000000	-55.776614	-100.000000	-100.000000	92.480652	-72.428878
-88.816380	92.325308	99.431885	100.000000	52.330581	8.395756
-100.000000	-55.623408	-99.740822	-100.000000	92.736663	-72.158057
-100.000000	-55.638317	-99.861534	-100.000000	93.353740	-72.327152
-100.000000	-55.870235	-100.000000	-100.000000	92.738705	-72.523232
-100.000000	-55.913199	-100.000000	-100.000000	93.166683	-72.253549
-100.000000	-55.851685	-99.925855	-100.000000	93.037674	-72.300422
-100.000000	-56.311909	-99.874009	-100.000000	93.037773	-72.271707
-100.000000	-55.904977	-99.907275	-100.000000	93.305677	-72.284281
-92.059547	57.225582	100.000000	100.000000	54.410623	21.697730
-100.000000	-55.681403	-99.949092	-100.000000	93.051650	-72.344504
-100.000000	-55.452456	-99.822404	-100.000000	93.169060	-72.288918
-89.879092	85.081711	98.875215	100.000000	52.354174	9.240373
-81.803871	89.134309	99.670135	100.000000	53.503039	19.673617
-100.000000	-55.863491	-100.000000	-100.000000	93.194055	-72.199450
-77.152103	70.500383	99.313015	100.000000	53.229246	35.398197
-100.000000	-55.855975	-99.945378	-100.000000	93.168648	-72.237148
-100.000000	-56.096162	-100.000000	-100.000000	92.913803	-72.353047
-100.000000	-55.940484	-100.000000	-100.000000	92.407249	-71.894468
-100.000000	-55.938488	-100.000000	-100.000000	93.135891	-72.337000
-100.000000	-55.703963	-99.633286	-100.000000	92.782330	-72.305494
-100.000000	-55.808448	-100.000000	-100.000000	92.648977	-72.085263
-100.000000	-55.730583	-100.000000	-100.000000	92.919853	-72.256392
-100.000000	-55.860456	-99.982418	-100.000000	92.765092	-72.337991
-100.000000	-55.923604	-99.951041	-100.000000	92.535993	-72.026637
-100.000000	-55.739822	-99.965041	-100.000000	92.776000	-72.208310
-100.000000	-55.780671	-100.000000	-100.000000	93.321491	-72.352821
-100.000000	-56.168602	-99.998269	-100.000000	93.218581	-72.521883
-100.000000	-55.859249	-100.000000	-100.000000	92.782174	-72.301607
-100.000000	-55.866515	-99.992721	-100.000000	92.507616	-72.436255
-100.000000	-56.019364	-100.000000	-100.000000	93.058156	-71.700343
-59.266654	95.216386	99.852438	100.000000	52.979652	49.554324
-100.000000	-55.936001	-99.999045	-100.000000	92.626353	-72.345252
-77.282369	58.479858	99.830079	100.000000	53.325203	41.371951
-100.000000	-55.504184	-99.730652	-100.000000	92.630895	-72.669953
-92.609259	85.840721	100.000000	100.000000	53.793730	5.959072
-74.148614	93.428630	99.603013	100.000000	53.455994	28.311472
-100.000000	-56.090880	-100.000000	-100.000000	93.106379	-72.356608
-100.000000	-55.938491	-100.000000	-100.000000	93.243878	-72.222170
-100.000000	-55.836958	-99.993278	-100.000000	92.911127	-72.267657
-75.089934	98.880399	100.000000	100.000000	53.212791	25.458358
-67.088045	66.922358	99.718269	100.000000	53.154305	50.858908
-100.000000	-55.730934	-99.813139	-100.000000	92.664995	-72.212258
-100.000000	-55.830533	-99.798074	-100.000000	93.382031	-72.329814
-68.937867	91.692766	99.773016	100.000000	52.725857	37.723756
-100.000000	-56.160549	-99.745197	-100.000000	93.262494	-72.248315
-100.000000	-55.759397	-100.000000	-100.000000	93.262332	-72.591030
-100.000000	-55.455022	-99.888191	-100.000000	92.835239	-72.235356
-88.723726	60.119043	100.000000	100.000000	52.897704	24.573500
-100.000000	-55.751014	-100.000000	-100.000000	92.631066	-72.090849
-100.000000	-56.078199	-100.000000	-100.000000	93.091338	-72.496288
-100.000000	-55.853209	-100.000000	-100.000000	92.765513	-72.513944
-71.681383	80.212095	99.786488	100.000000	52.837513	38.283025
-100.000000	-55.755464	-100.000000	-100.000000	92.991205	-72.132797
-100.000000	-55.191066	-99.958735	-100.000000	93.034421	-72.429117
-100.000000	-55.671018	-99.821114	-100.000000	93.027271	-72.062822
-100.000000	-55.629205	-100.000000	-100.000000	92.997667	-72.513131
-100.000000	-56.060090	-99.944780	-100.000000	92.804654	-72.541459
-100.000000	-55.880202	-100.000000	-100.000000	92.939540	-72.224544
-100.000000	-55.962750	-100.000000	-100.000000	92.837206	-72.224154
-100.000000	-56.313350	-100.000000	-100.000000	93.007492	-72.274801
-37.207598	37.268435	99.829075	100.000000	53.620236	69.810296
-100.000000	-55.958589	-100.000000	-100.000000	92.773321	-72.377261
-100.000000	-55.684292	-100.000000	-100.000000	92.477417	-72.369607
-100.000000	-55.545994	-99.897454	-100.000000	93.236676	-71.854328
-100.000000	-56.172889	-100.000000	-100.000000	92.768465	-72.043292
-100.000000	-55.720459	-100.000000	-100.000000	93.073506	-72.375011
-100.000000	-55.631589	-99.807898	-100.000000	93.164731	-72.244194
-100.000000	-55.646128	-99.742252	-100.000000	93.136024	-72.223680
-100.000000	-56.159262	-99.996652	-100.000000	92.916259	-72.182346
-100.000000	-55.825690	-99.936435	-100.000000	92.959484	-72.094059
-74.765621	51.083659	100.000000	100.000000	53.088379	48.288104
-100.000000	-55.912918	-100.000000	-100.000000	93.265337	-72.098870
-100.000000	-55.451208	-100.000000	-100.000000	92.786910	-72.155542
-100.000000	-56.082386	-100.000000	-100.000000	92.893104	-72.026676
-100.000000	-55.836693	-100.000000	-100.000000	93.351119	-72.156889
-100.000000	-55.862115	-100.000000	-100.000000	93.417521	-72.135644
-100.000000	-55.643736	-99.706874	-100.000000	92.823885	-72.377482
-100.000000	-55.950378	-99.808505	-100.000000	93.255594	-72.198626
-100.000000	-55.406336	-100.000000	-100.000000	92.621735	-72.218412
-68.603829	84.598881	99.905551	100.000000	53.283233	41.770848
-81.170571	64.019537	100.000000	100.000000	53.185410	33.404335
-100.000000	-56.200109	-100.000000	-100.000000	93.089676	-71.961810
-100.000000	-55.795406	-100.000000	-100.000000	93.135470	-72.619787
-100.000000	-55.830197	-100.000000	-100.000000	93.223616	-71.956086
-100.000000	-56.077965	-100.000000	-100.000000	93.068113	-72.284224
-100.000000	-55.848411	-99.528709	-100.000000	92.593182	-72.142252
-100.000000	-55.955120	-99.771225	-100.000000	92.763640	-72.081269
-83.792744	57.280003	99.502218	100.000000	53.089654	33.313177
-100.000000	-56.002651	-100.000000	-100.000000	93.197521	-72.349526
-100.000000	-55.564843	-100.000000	-100.000000	92.886636	-72.217420
-70.044639	64.501479	99.888013	100.000000	53.340835	49.397999
-100.000000	-55.743501	-100.000000	-100.000000	92.662118	-72.524523
-86.762818	80.744397	99.603053	100.000000	52.408217	16.640734
100.000000	56.084873	100.000000	100.000000	-93.199999	72.516401
-100.000000	-56.001237	-99.816884	-100.000000	92.934431	-72.579095
-100.000000	-55.727239	-99.796210	-100.000000	92.680501	-71.777983
-100.000000	-56.095224	-100.000000	-100.000000	93.035452	-72.392910
-100.000000	-55.973063	-100.000000	-100.000000	93.352257	-72.122775
-100.000000	-56.191718	-99.783613	-100.000000	92.869338	-72.143911
-100.000000	-55.794246	-99.834671	-100.000000	92.531546	-72.368910
-91.415766	71.185617	100.000000	100.000000	51.970290	16.263336
-100.000000	-55.610035	-99.986258	-100.000000	93.148888	-72.411834
-100.000000	-56.212466	-99.692584	-100.000000	93.159861	-72.471023
-63.149374	97.360725	99.884647	100.000000	52.943502	42.733482
-96.065484	77.934290	96.122522	100.000000	51.804336	8.908348
-74.986559	96.081557	99.985169	100.000000	52.952298	26.578119
-100.000000	-55.691353	-99.942724	-100.000000	92.951629	-72.066570
-100.000000	-55.908740	-100.000000	-100.000000	92.577840	-72.419993
-84.116958	50.185610	99.357958	100.000000	53.633899	35.188475
-100.000000	-55.975485	-99.786339	-100.000000	92.790155	-72.467939
-100.000000	-56.247293	-99.898241	-100.000000	92.928464	-72.424028
-100.000000	-56.076171	-99.827841	-100.000000	92.985698	-72.072582
-100.000000	-56.173340	-99.867057	-100.000000	92.877652	-72.285217
-100.000000	-55.692008	-99.893670	-100.000000	92.984742	-72.339735
-75.834287	64.533692	99.799180	100.000000	52.746878	39.969930
-91.753635	60.118599	99.684552	100.000000	52.751234	18.378263
-100.000000	-55.857242	-99.970272	-100.000000	92.890847	-71.854876
-100.000000	-55.772745	-99.964096	-100.000000	93.014638	-72.128596
-100.000000	-55.480905	-99.967792	-100.000000	93.099689	-72.130809
-100.000000	-56.092858	-99.729895	-100.000000	92.727738	-72.007345
-100.000000	-56.044108	-99.971683	-100.000000	92.887995	-71.955189
-100.000000	-55.547433	-99.918812	-100.000000	93.212513	-72.270526
-100.000000	-55.880884	-99.731246	-100.000000	93.188966	-72.374572
-69.481666	60.669817	100.000000	100.000000	53.045310	51.394571
-81.170946	68.748781	100.000000	100.000000	53.112259	30.220137
-67.782419	56.037666	99.916109	100.000000	52.738978	56.560669
-100.000000	-55.776079	-99.901429	-100.000000	93.429070	-72.711711
-100.000000	-56.342386	-100.000000	-100.000000	93.269688	-72.297132
-100.000000	-56.143459	-100.000000	-100.000000	93.212781	-72.328682
-100.000000	-55.877404	-99.946977	-100.000000	93.280365	-72.153128
-100.000000	-55.750302	-100.000000	-100.000000	93.165151	-72.450931
-89.996899	62.713026	99.089834	100.000000	53.036879	19.909680
-100.000000	-56.053664	-99.866453	-100.000000	92.824859	-72.472197
-100.000000	-56.043147	-99.898652	-100.000000	93.151423	-72.012883
-100.000000	-55.914574	-99.926396	-100.000000	92.783357	-72.247773
-100.000000	-55.833762	-99.904057	-100.000000	93.403029	-72.188264
-89.139019	92.030101	100.000000	100.000000	52.934635	8.801572
-100.000000	-56.195775	-99.977086	-100.000000	92.343165	-72.198702
-100.000000	-55.403686	-99.979373	-100.000000	93.296035	-72.141712
-100.000000	-56.009280	-99.868592	-100.000000	92.448632	-72.547537
-100.000000	-55.981939	-99.771711	-100.000000	93.104484	-72.221285
-81.997792	68.228793	99.904463	100.000000	53.303148	29.674863
-100.000000	-55.687845	-100.000000	-100.000000	92.678468	-72.265710
-66.302951	90.958040	99.960213	100.000000	52.823545	41.429013
-100.000000	-55.667863	-99.766583	-100.000000	93.287226	-72.146604
-100.000000	-56.069403	-100.000000	-100.000000	93.119176	-71.964838
-100.000000	-55.509146	-100.000000	-100.000000	92.874267	-72.032854
-100.000000	-56.040482	-99.877953	-100.000000	93.001414	-72.142027
-100.000000	-55.572705	-100.000000	-100.000000	93.423562	-71.994866
-100.000000	-55.700183	-99.935888	-100.000000	93.188091	-72.288707
-100.000000	-55.356592	-99.842819	-100.000000	92.927572	-72.012699
-85.729399	67.555783	100.000000	100.000000	53.317711	24.897451
-100.000000	-55.604830	-99.917472	-100.000000	93.078140	-72.290445
-100.000000	-55.899427	-100.000000	-100.000000	93.070325	-72.689821
-100.000000	-55.685090	-99.724758	-100.000000	93.029908	-72.317285
-100.000000	-55.674449	-100.000000	-100.000000	93.490753	-72.240215
-76.189625	57.251939	99.395516	100.000000	52.275152	43.404764
-100.000000	-56.041114	-100.000000	-100.000000	92.640293	-72.286019
-100.000000	-56.095295	-99.934042	-100.000000	93.201635	-72.189801
-100.000000	-55.802477	-100.000000	-100.000000	92.842433	-72.282887
-100.000000	-55.844711	-100.000000	-100.000000	93.215970	-72.170208
-100.000000	-55.643733	-99.929331	-100.000000	93.209121	-71.893772
-100.000000	-55.710486	-99.877623	-100.000000	93.114060	-72.397645
-100.000000	-55.688336	-100.000000	-100.000000	92.803210	-72.012787
-100.000000	-55.681088	-99.754437	-100.000000	92.501449	-72.028212
-46.716784	99.941834	100.000000	100.000000	52.514320	47.513794
-92.421173	84.539763	97.450703	100.000000	51.568117	6.120390
-64.242384	82.246566	99.664592	100.000000	52.860787	48.206736
-94.092950	62.581645	98.426377	100.000000	54.387197	14.403821
-100.000000	-55.484240	-99.923920	-100.000000	93.301109	-72.225642
-100.000000	-55.704363	-100.000000	-100.000000	93.228057	-71.907329
-100.000000	-55.947432	-100.000000	-100.000000	92.544986	-72.175182
-100.000000	-56.222796	-99.966273	-100.000000	92.776482	-72.409085
-100.000000	-55.776177	-99.972059	-100.000000	92.884485	-72.110141
-83.907394	89.566709	100.000000	100.000000	52.124959	15.494793
-100.000000	-55.871126	-99.819471	-100.000000	93.183920	-72.336611
-80.844357	63.072890	99.622818	100.000000	52.908630	34.036344
-60.745179	92.860022	99.995332	100.000000	52.829664	47.863107
-86.157640	54.562923	100.000000	100.000000	53.241032	30.626868
-81.716469	86.614715	100.000000	100.000000	53.594717	19.499985
-100.000000	-55.705400	-100.000000	-100.000000	92.462037	-72.052075
-79.920634	99.966258	99.995918	100.000000	53.603134	16.072377
-93.388100	56.663637	99.518562	100.000000	52.351592	19.317317
-100.000000	-55.986280	-100.000000	-100.000000	92.977515	-72.541544
-100.000000	-55.831722	-99.670016	-100.000000	93.049526	-72.122061
-100.000000	-56.007121	-99.794906	-100.000000	93.238450	-72.283228
-100.000000	-55.976554	-100.000000	-100.000000	92.836053	-72.282884
-100.000000	-55.511615	-99.961116	-100.000000	93.007148	-72.119469
-100.000000	-55.902402	-99.749883	-100.000000	93.244276	-71.879411
-100.000000	-55.938406	-99.946523	-100.000000	93.017709	-72.176493
-100.000000	-55.813639	-99.737112	-100.000000	93.281386	-72.251314
-100.000000	-55.626733	-99.990747	-100.000000	93.319594	-72.292403
-100.000000	-55.648427	-100.000000	-100.000000	93.335895	-71.869878
-72.110705	83.781126	99.727229	100.000000	53.452590	36.290794
-72.384726	80.264652	99.725201	100.000000	52.932860	37.823890
-100.000000	-55.980522	-99.595471	-100.000000	93.180730	-72.536339
-100.000000	-55.601531	-99.990494	-100.000000	92.970668	-71.837107
-100.000000	-55.926258	-99.897230	-100.000000	92.928154	-72.065181
-100.000000	-55.732190	-100.000000	-100.000000	92.786794	-71.964885
-100.000000	-55.759021	-99.888730	-100.000000	93.174184	-72.607793
-100.000000	56.633973	93.098812	94.070544	53.731458	-7.708222
-100.000000	-55.394927	-99.920887	-100.000000	92.865422	-72.182659
-77.786545	83.500540	100.000000	100.000000	52.630654	28.708526
-100.000000	-55.943571	-99.712366	-100.000000	92.701727	-72.237343
-100.000000	-56.313589	-100.000000	-100.000000	92.964903	-72.015911
-100.000000	-55.929606	-99.879807	-100.000000	93.185080	-72.152247
-100.000000	-55.733292	-99.901696	-100.000000	92.997433	-72.391560
-75.599244	53.488696	99.547762	100.000000	53.351229	45.349767
-100.000000	-56.318970	-100.000000	-100.000000	93.172918	-72.212494
-100.000000	-55.786562	-99.837699	-100.000000	92.642144	-72.181326
-100.000000	-55.767063	-99.840254	-100.000000	92.859574	-72.244075
-82.728463	59.086007	99.717415	100.000000	52.356888	31.707854
-100.000000	-55.948424	-100.000000	-100.000000	92.770318	-72.113917
-100.000000	-56.064970	-100.000000	-100.000000	93.070422	-72.140700
-100.000000	-55.885552	-99.942507	-100.000000	92.904021	-72.267536
-100.000000	-55.874028	-99.871125	-100.000000	92.980312	-72.424707
-100.000000	-55.750494	-99.951782	-100.000000	93.037256	-72.566951
-100.000000	-55.975767	-100.000000	-100.000000	93.325348	-71.975381
-100.000000	-55.821350	-99.885464	-100.000000	92.905014	-72.274928
-100.000000	-55.832432	-100.000000	-100.000000	92.874224	-71.656404
-100.000000	-55.648956	-100.000000	-100.000000	92.721326	-72.345611
-100.000000	-55.991832	-100.000000	-100.000000	93.104344	-72.217450
-82.745110	88.494242	99.489199	100.000000	53.478756	18.546342
-100.000000	-55.838904	-99.842334	-100.000000	93.670328	-72.431695
-100.000000	-55.782504	-99.899999	-100.000000	92.928449	-72.686718
-66.053529	93.572284	99.871510	100.000000	52.585967	40.574046
-100.000000	-56.118757	-100.000000	-100.000000	93.258914	-72.181329
-100.000000	-55.862287	-99.923653	-100.000000	93.246397	-72.446636
-100.000000	-56.127664	-99.959691	-100.000000	93.362368	-71.975704
-100.000000	-55.986480	-100.000000	-100.000000	92.835429	-72.130892
-100.000000	-55.869094	-99.878586	-100.000000	93.110372	-72.285513
-100.000000	-56.286748	-100.000000	-100.000000	92.859221	-72.261189
-100.000000	-55.816916	-99.854818	-100.000000	93.362309	-71.865624
-100.000000	-55.777161	-99.873062	-100.000000	93.036059	-72.347672
-100.000000	-55.817524	-100.000000	-100.000000	92.974485	-72.314331
-100.000000	-56.177028	-100.000000	-100.000000	93.538850	-71.999528
-100.000000	-56.171471	-99.953541	-100.000000	93.414251	-72.236891
-75.713897	97.900872	99.866476	100.000000	53.504136	24.321128
-100.000000	-55.759083	-99.847729	-100.000000	92.702600	-72.413194
-71.967176	73.794688	99.892180	100.000000	52.499864	41.016958
-100.000000	-55.933591	-99.882354	-100.000000	93.311673	-71.816399
-90.169504	91.728884	100.000000	100.000000	53.172676	4.571147
-100.000000	-56.129533	-99.824218	-100.000000	93.295506	-72.013665
-100.000000	-55.468536	-99.644230	-100.000000	93.077585	-72.219830
-100.000000	-55.630567	-99.948888	-100.000000	92.754792	-72.328716
-100.000000	-55.487315	-99.775420	-100.000000	92.661122	-72.178700
-100.000000	-56.322103	-99.844449	-100.000000	92.926247	-72.487385
-100.000000	-55.808754	-100.000000	-100.000000	92.953663	-72.195473
-100.000000	-55.880537	-99.993429	-100.000000	92.962052	-71.878985
-100.000000	-55.858925	-99.943060	-100.000000	93.220290	-72.314906
-100.000000	-55.893154	-100.000000	-100.000000	93.024320	-72.243907
-100.000000	-55.463888	-99.972396	-100.000000	92.594720	-72.446729
-100.000000	-55.947133	-99.989679	-100.000000	93.348769	-72.203893
-63.464940	73.604587	99.732523	100.000000	52.616021	53.496361
-100.000000	-56.166494	-100.000000	-100.000000	93.199902	-72.196204
-75.776382	74.786476	99.694433	100.000000	53.069567	35.445135
-71.576311	89.715192	99.896276	100.000000	52.679501	34.432503
-89.167594	92.437472	99.134758	100.000000	51.988421	7.598739
-100.000000	-55.742376	-100.000000	-100.000000	92.738745	-72.208211
-100.000000	-55.729140	-99.781320	-100.000000	93.287426	-72.337786
-100.000000	-56.085889	-100.000000	-100.000000	93.162235	-72.537699
-100.000000	70.730110	100.000000	98.781081	56.585494	5.481019
-100.000000	-55.903115	-100.000000	-100.000000	93.279896	-72.366418
-100.000000	-55.779751	-100.000000	-100.000000	92.835436	-71.956334
-100.000000	-55.754049	-99.639209	-100.000000	92.736852	-72.494204
-100.000000	55.648167	92.175916	93.327637	56.950076	0.733562
-100.000000	-55.541474	-100.000000	-100.000000	93.222653	-72.288855
-100.000000	-56.530162	-99.720486	-100.000000	93.403395	-72.350050
-100.000000	-55.798601	-99.785729	-100.000000	93.186303	-72.424425
-100.000000	-55.872524	-99.955539	-100.000000	92.841320	-71.979950
-100.000000	-55.682192	-99.792817	-100.000000	92.944739	-72.427920
-81.374826	74.189248	100.000000	100.000000	52.135241	26.147009
-69.219289	99.750863	99.785245	100.000000	53.370377	31.833717
-86.945191	65.233507	100.000000	100.000000	52.325855	23.739984
-100.000000	-55.692215	-99.880077	-100.000000	92.787477	-72.184253
-100.000000	-55.953011	-99.905625	-100.000000	92.902789	-72.139137
-22.173884	97.782516	99.951585	100.000000	52.631418	60.737689
-100.000000	-56.021968	-99.946998	-100.000000	93.157298	-72.322592
-100.000000	-55.865961	-99.956859	-100.000000	93.070365	-72.111925
-50.039240	94.190710	99.879410	100.000000	52.901894	53.995185
-100.000000	-55.652539	-100.000000	-100.000000	93.073773	-72.343623
-100.000000	-55.855166	-100.000000	-100.000000	93.005077	-72.226815
-65.664506	79.408411	99.728604	100.000000	52.940637	46.893217
-100.000000	-55.735139	-99.949981	-100.000000	93.108398	-72.339244
-100.000000	-55.974940	-100.000000	-100.000000	93.150874	-72.419453
-100.000000	-56.180170	-99.893575	-100.000000	92.861911	-72.461922
-100.000000	-55.446129	-100.000000	-100.000000	93.191358	-72.377177
-100.000000	-55.488732	-100.000000	-100.000000	93.210998	-72.435724
-96.967707	57.848840	95.647736	100.000000	47.045548	10.548253
-100.000000	-55.704277	-99.725564	-100.000000	93.231297	-72.155329
-100.000000	-55.862230	-100.000000	-100.000000	92.863404	-72.275195
-100.000000	-56.305068	-99.546364	-100.000000	93.084377	-72.290689
-100.000000	-55.903466	-99.942922	-100.000000	93.257347	-72.184699
-78.698716	90.420502	100.000000	100.000000	53.437592	23.625671
-62.156697	68.835973	99.946211	100.000000	52.817818	58.075424
-100.000000	-55.851559	-100.000000	-100.000000	92.761669	-72.137701
-100.000000	-55.521260	-99.853721	-100.000000	93.305513	-72.247474
-72.781571	45.862665	100.000000	100.000000	52.560510	53.302906
-89.361479	51.748883	100.000000	100.000000	52.683308	29.322905
-87.813311	89.538044	100.000000	100.000000	52.631411	11.386331
-100.000000	-55.778037	-100.000000	-100.000000	92.711914	-72.374863
-86.945019	72.409559	99.071760	100.000000	53.174424	19.473559
-79.352376	43.149742	99.811823	100.000000	53.165820	45.117969
-100.000000	-55.541816	-100.000000	-100.000000	93.301340	-72.377834
-100.000000	-55.573176	-99.888042	-100.000000	92.900532	-71.895631
-100.000000	-55.541858	-99.893910	-100.000000	93.045456	-72.195788
-100.000000	-56.014573	-99.650357	-100.000000	93.524791	-71.999484
-88.180970	56.838678	100.000000	100.000000	54.223410	26.552206
-80.244131	84.560918	100.000000	100.000000	52.693401	24.426561
-100.000000	-55.875215	-99.991981	-100.000000	93.058166	-72.296823
-100.000000	-55.785529	-100.000000	-100.000000	93.069701	-72.356759
-84.891756	61.704578	100.000000	100.000000	53.865318	30.342630
-100.000000	-55.859840	-99.768337	-100.000000	93.024631	-71.996791
-71.828583	72.777226	100.000000	100.000000	53.426544	42.139125
-100.000000	-56.009355	-100.000000	-100.000000	93.054781	-72.219510
-100.000000	-55.758265	-99.954319	-100.000000	93.114156	-72.263956
-65.369553	69.085860	99.809930	100.000000	53.394218	52.599664
-66.580628	87.248390	99.964841	100.000000	52.702520	42.474744
-100.000000	-55.431621	-100.000000	-100.000000	93.274960	-72.441501
-100.000000	-56.173122	-100.000000	-100.000000	93.033619	-72.032415
-100.000000	-55.999464	-99.981699	-100.000000	93.399606	-72.184132
-100.000000	-55.482415	-99.856285	-100.000000	93.091887	-72.511901
-100.000000	-56.082408	-100.000000	-100.000000	92.868468	-72.152328
-100.000000	-55.987707	-100.000000	-100.000000	93.009725	-72.272062
-81.050007	76.041614	99.139315	100.000000	53.111898	26.321293
-100.000000	-55.798054	-100.000000	-100.000000	92.951911	-72.229654
-100.000000	-56.156271	-100.000000	-100.000000	92.952611	-72.177741
-61.545492	75.311141	99.849920	100.000000	52.725358	54.832586
-100.000000	-55.751474	-100.000000	-100.000000	92.781205	-72.411760
-88.256264	51.767721	100.000000	100.000000	52.708771	28.338563
-96.312458	78.903573	100.000000	100.000000	52.251149	5.049483
-100.000000	-55.808912	-99.788331	-100.000000	92.919902	-72.739005
-75.256977	49.666777	99.715639	100.000000	52.961781	48.042821
-60.332877	100.000000	99.600155	100.000000	53.237119	43.047315
-79.482505	95.075995	100.000000	100.000000	53.076802	20.564529
-69.173818	80.512747	100.000000	100.000000	53.220224	41.307002
-100.000000	-56.144411	-99.641026	-100.000000	93.115405	-72.438231
-100.000000	-55.789272	-99.977533	-100.000000	93.143800	-72.326613
-100.000000	-55.456802	-100.000000	-100.000000	92.719106	-72.438743
-100.000000	-55.645124	-99.512956	-100.000000	93.451709	-72.303953
-100.000000	-55.704484	-100.000000	-100.000000	92.635725	-72.228789
-76.007938	50.256931	100.000000	100.000000	52.795838	47.980830
-51.725620	100.000000	99.753431	100.000000	53.449891	43.211382
-71.891055	84.201515	100.000000	100.000000	53.033785	36.792312
-97.773244	65.490711	97.518966	100.000000	54.169209	12.571786
-100.000000	-55.904822	-99.522570	-100.000000	93.512823	-72.262678
-100.000000	-55.749832	-99.784092	-100.000000	92.995045	-72.328676
-100.000000	-55.950081	-99.878456	-100.000000	92.765621	-72.382474
-100.000000	45.079743	87.831324	100.000000	55.918573	5.298810
-100.000000	-55.705496	-99.708031	-100.000000	93.159481	-71.794269
-100.000000	-55.922526	-99.899883	-100.000000	93.190613	-72.087388
-91.327623	64.827293	98.021102	100.000000	54.129503	16.729497
-73.073873	67.379009	99.752237	100.000000	53.275724	42.998409
-76.470045	63.226882	100.000000	100.000000	53.195126	40.059876
-100.000000	-56.063103	-99.985554	-100.000000	93.195922	-72.145509
-100.000000	-56.003118	-99.906321	-100.000000	93.089050	-72.454808
-93.498436	83.635823	100.000000	100.000000	53.483580	-0.379631
-100.000000	-55.739332	-100.000000	-100.000000	92.989908	-72.788587
-100.000000	-55.737228	-99.979700	-100.000000	93.136909	-72.372126
-100.000000	-55.972147	-99.854643	-100.000000	93.012173	-72.282691
-100.000000	-55.754267	-100.000000	-100.000000	92.972854	-72.196996
-100.000000	-56.127573	-99.964437	-100.000000	93.132062	-71.936406
-100.000000	-55.852904	-99.895615	-100.000000	93.054772	-71.901883
-100.000000	-55.883474	-100.000000	-100.000000	93.136217	-71.849741
-100.000000	-55.961603	-100.000000	-100.000000	92.824175	-72.130041
-100.000000	-55.697504	-99.608457	-100.000000	93.163483	-72.304697
-100.000000	-55.846366	-99.984662	-100.000000	92.907164	-71.872832
-68.082636	91.791976	100.000000	100.000000	53.028461	38.245451
-67.539486	62.236356	100.000000	100.000000	52.830454	53.903502
-100.000000	-55.741961	-99.915929	-100.000000	92.947023	-72.283994
-100.000000	-55.767839	-99.847142	-100.000000	93.186609	-72.025827
-100.000000	-55.668015	-99.779384	-100.000000	93.391864	-72.007983
-100.000000	-55.390419	-99.391104	-100.000000	93.287056	-72.007933
-64.411572	86.523197	99.855170	100.000000	53.123443	45.857676
-100.000000	-55.858883	-100.000000	-100.000000	93.027619	-72.144752
-100.000000	-55.869317	-99.979919	-100.000000	92.830736	-72.314775
-100.000000	-55.982939	-100.000000	-100.000000	92.875339	-72.382777
-100.000000	-56.029194	-100.000000	-100.000000	93.159546	-72.049954
-100.000000	-55.803113	-99.709493	-100.000000	93.226089	-72.377975
-100.000000	-56.092948	-100.000000	-100.000000	93.213501	-72.274049
-97.007960	68.434679	95.712126	100.000000	58.195497	6.797735
-80.198939	69.957789	99.920929	100.000000	53.278148	30.606760
-77.502687	65.252686	100.000000	100.000000	52.879222	37.718061
-100.000000	-56.173852	-99.901195	-100.000000	93.082294	-72.180072
-100.000000	-56.194685	-99.749196	-100.000000	93.189152	-72.662231
-100.000000	-55.992709	-99.613179	-100.000000	93.367903	-72.309029
-100.000000	-55.491115	-99.942645	-100.000000	93.007004	-72.061629
-100.000000	-55.975998	-100.000000	-100.000000	93.292336	-72.113921
