-51.171949	92.341300	-41.029521	-100.000000	87.499703	-23.737510
-57.248057	94.529893	-43.925202	-100.000000	90.368001	-16.316073
-51.057470	91.064249	-39.912269	-100.000000	85.881610	-27.324424
-44.457291	87.972993	-37.654690	-100.000000	81.214637	-35.703725
-48.198799	89.945622	-39.113415	-100.000000	83.680857	-30.464227
54.023395	-92.755307	43.105152	100.000000	-89.300744	21.030083
-56.145107	93.872335	-41.505771	-100.000000	89.314777	-19.017062
50.597671	-91.492629	40.799377	100.000000	-86.225090	25.384899
55.255100	-92.784102	42.017103	100.000000	-89.849193	20.178558
48.418653	-90.137227	39.016516	100.000000	-83.958871	30.196157
36.753134	-83.700927	34.080853	100.000000	-75.145524	47.839531
-59.438290	97.735601	-45.349078	-100.000000	91.075709	-12.219785
-49.617615	90.742699	-39.248582	-100.000000	85.652890	-27.893636
-57.995987	94.271401	-44.066322	-100.000000	93.586230	-16.412510
-54.828386	93.054038	-41.900084	-100.000000	89.164062	-18.620587
58.613342	-94.688575	43.080177	100.000000	-92.215220	14.585009
91.009583	78.622852	-29.429227	-100.000000	66.202835	-64.196860
55.864061	-92.961151	43.502251	100.000000	-91.062724	18.096538
41.909441	-86.731166	36.597821	100.000000	-78.664844	40.218855
57.816400	-96.139120	43.632851	100.000000	-92.592574	14.204773
-43.802293	88.242884	-36.907922	-100.000000	80.676135	-35.907515
49.334842	-90.062025	40.023272	100.000000	-84.145621	28.985367
-52.871219	92.767434	-40.825699	-100.000000	88.127456	-22.846828
60.123732	-96.414878	45.023645	100.000000	-94.695369	12.391821
85.603595	81.489715	-31.697637	-100.000000	70.599082	-56.661820
-50.066125	90.983229	-40.075266	-100.000000	85.513144	-27.280871
-54.364647	94.382804	-42.881216	-100.000000	90.100506	-18.728939
35.757524	-83.395165	32.904039	100.000000	-73.703327	50.751391
40.880793	-86.159682	35.997107	100.000000	-77.974547	42.699237
44.192916	-88.484095	38.153591	100.000000	-81.751545	35.360220
-45.100371	88.181673	-36.969345	-100.000000	80.975932	-37.330189
48.949722	-89.862515	37.990509	100.000000	-83.698632	30.605714
39.652942	-85.711433	35.588468	100.000000	-77.343340	43.049477
43.741415	-88.005363	38.247322	100.000000	-80.404485	36.008119
43.520339	-86.736249	37.347686	100.000000	-80.348687	37.708003
45.240745	-88.291599	37.509186	100.000000	-81.347134	35.182045
42.315860	-87.011302	35.989916	100.000000	-79.192366	39.378987
51.590162	-91.789976	41.264697	100.000000	-86.887616	25.543025
58.050388	-95.948704	42.708488	100.000000	-92.178446	13.608810
56.068795	-93.925111	41.923745	100.000000	-90.232638	18.930380
58.327588	-94.445151	44.313314	100.000000	-92.307443	15.120751
50.167552	-90.253011	39.840267	100.000000	-84.856575	29.517023
56.389368	-94.643630	43.505794	100.000000	-91.757480	17.368065
51.736971	-92.317026	41.641471	100.000000	-87.316207	23.453272
58.867902	-94.519387	43.164016	100.000000	-92.289795	13.306119
39.075287	-85.387043	34.592555	100.000000	-76.452408	43.809630
43.682977	-87.804612	37.997000	100.000000	-81.046554	35.950502
40.483445	-85.962237	36.075290	100.000000	-77.958219	41.284113
-46.087405	89.121299	-37.917096	-100.000000	82.145087	-33.769320
57.096087	-94.368678	43.169874	100.000000	-91.661139	17.170465
46.973609	-88.679987	38.316755	100.000000	-82.905475	33.573859
-60.781972	96.678910	-46.419397	-100.000000	93.545696	-8.504483
35.897829	-83.723473	34.104091	100.000000	-74.395925	48.721592
55.963684	-94.681866	42.087027	100.000000	-90.918341	17.519742
50.922779	-90.751815	40.696498	100.000000	-85.946424	27.954089
59.242556	-93.700750	43.187563	100.000000	-93.306370	14.688692
-43.410348	87.619610	-36.729820	-100.000000	80.454746	-37.240682
51.367340	-92.326711	41.318523	100.000000	-86.989985	25.455050
56.245139	-94.572118	43.884455	100.000000	-91.710505	15.545467
55.791161	-93.425022	42.433661	100.000000	-90.944397	20.480215
56.264293	-94.217636	42.188926	100.000000	-91.772598	18.183161
55.868700	-92.659806	41.335230	100.000000	-89.761942	19.929855
43.996604	-87.613025	37.940673	100.000000	-80.958326	37.081167
39.889298	-85.451102	35.414018	100.000000	-77.688549	43.864464
43.538602	-87.978070	37.294711	100.000000	-80.066035	38.178971
46.785819	-89.332646	37.562256	100.000000	-82.569257	32.399645
45.582682	-88.535567	38.433665	100.000000	-81.050313	34.766147
48.432873	-90.504310	39.868607	100.000000	-84.450138	30.769932
50.999343	-90.778105	39.745559	100.000000	-86.208315	26.726506
-50.319749	90.885979	-39.727650	-100.000000	85.483073	-27.234610
55.813830	-93.308821	41.050187	100.000000	-88.995410	20.178447
-55.419864	93.948991	-41.923941	-100.000000	88.990042	-22.135460
51.507595	-91.167206	39.371592	100.000000	-86.971482	26.752602
-50.648287	91.246383	-40.306950	-100.000000	86.398538	-26.274904
49.283666	-91.102546	41.463365	100.000000	-86.115079	27.157205
36.348260	-83.955810	33.657798	100.000000	-75.047314	48.221399
-69.818338	100.000000	-46.602231	-99.342521	100.000000	2.185952
62.713903	-96.568580	45.423511	100.000000	-94.879751	9.955106
61.373924	-95.083754	46.069799	100.000000	-94.490891	12.469220
58.363684	-95.019348	42.981002	100.000000	-91.181550	15.572719
-29.028254	82.166116	-32.270991	-100.000000	72.030136	-53.548708
26.142144	-82.338880	32.324390	100.000000	-72.108996	53.469196
-55.754363	92.936413	-42.571903	-100.000000	89.999738	-18.865369
59.114192	-95.018025	43.778676	100.000000	-92.040374	14.370004
-62.971321	98.457651	-42.655794	-100.000000	99.357764	-6.047351
56.625376	-93.549767	43.999936	100.000000	-91.153514	17.628133
54.303771	-93.823491	43.600854	100.000000	-90.453113	17.434811
51.552776	-91.321260	40.434749	100.000000	-86.821292	24.574943
-60.358427	97.615789	-46.949259	-100.000000	94.603783	-10.426838
54.627264	-92.287317	41.721423	100.000000	-88.804817	20.167483
42.393182	-87.173429	36.883768	100.000000	-79.104196	39.036477
46.351940	-89.147825	38.284219	100.000000	-82.691879	33.083557
45.187019	-88.246506	37.237753	100.000000	-81.789101	34.801216
45.281121	-88.290275	37.981595	100.000000	-81.429102	35.080694
50.319761	-91.202892	40.594082	100.000000	-85.419359	28.702817
50.129865	-90.863546	39.625138	100.000000	-85.539450	26.723464
100.000000	-73.022420	-39.964902	-15.563636	-94.366845	2.563149
44.446258	-88.536480	38.012044	100.000000	-81.118068	35.196018
-53.400626	93.822262	-43.299356	-100.000000	88.079984	-21.196386
55.992085	-93.640066	42.769806	100.000000	-90.510289	19.154351
41.392178	-86.334145	36.624278	100.000000	-79.323804	39.291002
-46.151904	88.472549	-37.844680	-100.000000	81.661916	-34.381282
41.761544	-86.130575	35.647519	100.000000	-78.766870	39.576142
36.970280	-84.508342	34.275549	100.000000	-75.385762	47.403555
-48.748236	90.126846	-39.671939	-100.000000	84.524979	-28.859415
-45.094043	88.622711	-38.699656	-100.000000	81.458161	-34.068456
-56.232822	94.310440	-44.824148	-100.000000	91.701244	-16.629118
51.877436	-92.392808	41.387535	100.000000	-87.283475	23.513306
60.707125	-97.076707	44.663657	100.000000	-93.271779	12.658034
-63.511646	96.799328	-41.989616	-100.000000	95.757268	-8.516059
-56.411945	93.529283	-43.657010	-100.000000	90.983709	-17.519923
-61.960129	97.926023	-44.873977	-100.000000	95.005564	-10.442590
43.613645	-86.699178	37.016250	100.000000	-79.533919	38.122088
46.867171	-89.309109	39.207346	100.000000	-82.822403	31.314089
-54.935076	92.764636	-43.325834	-100.000000	88.445597	-20.820146
-48.059724	89.234710	-38.950807	-100.000000	84.041874	-29.639173
55.159476	-94.380758	42.894125	100.000000	-90.947373	20.048035
54.214769	-93.386118	42.867308	100.000000	-88.945775	20.569631
49.848829	-90.214877	39.564318	100.000000	-84.766873	29.569037
-57.760819	95.670727	-44.354525	-100.000000	91.414855	-14.373160
44.520352	-88.386796	38.492418	100.000000	-81.687244	34.751071
-54.469620	93.722352	-43.959814	-100.000000	90.776739	-19.782530
-52.729627	92.652418	-40.962643	-100.000000	88.250368	-24.111697
40.651613	-86.324991	36.290114	100.000000	-77.846642	41.566156
-35.130585	83.444942	-33.499420	-100.000000	73.095385	-50.347776
-22.459695	81.817347	-32.656941	-100.000000	71.689120	-54.112486
-49.525088	90.131074	-39.288972	-100.000000	85.032986	-28.105586
38.810169	-84.936381	34.889622	100.000000	-76.349601	44.436864
50.658513	-92.622931	41.889166	100.000000	-87.210886	24.675078
47.821010	-88.674308	38.378817	100.000000	-83.607371	30.730517
-50.680647	91.249130	-41.560459	-100.000000	87.002567	-26.098508
53.826976	-93.089325	41.404428	100.000000	-87.916074	22.325315
57.629791	-93.837888	42.986550	100.000000	-90.579866	16.064416
53.006272	-91.963887	41.574902	100.000000	-87.209919	23.916973
44.641339	-87.789476	38.271503	100.000000	-81.056585	35.403333
47.771152	-89.955754	38.053702	100.000000	-83.777803	31.328192
-53.364251	92.092178	-41.605893	-100.000000	87.866612	-22.469128
34.662922	-82.551288	32.466512	100.000000	-72.677101	51.980623
45.762390	-88.943038	39.106017	100.000000	-82.747451	33.506786
-52.938772	91.752430	-41.541803	-100.000000	87.388927	-23.144123
-50.044058	90.831640	-38.690935	-100.000000	85.127839	-26.986129
51.034558	-91.110427	40.123861	100.000000	-86.844474	26.323205
48.706764	-89.671895	40.497199	100.000000	-84.628236	29.320213
55.190440	-93.372794	42.414135	100.000000	-89.912673	20.211626
47.566711	-89.184508	39.482341	100.000000	-82.963207	31.173239
69.639689	-100.000000	50.870632	100.000000	-100.000000	2.993813
93.293722	80.804661	-97.298438	-56.236438	7.643556	-10.436072
50.297544	-91.106880	39.985529	100.000000	-85.457566	27.436800
50.689225	-91.340353	40.340724	100.000000	-85.596094	27.028936
48.786894	-91.071809	39.948174	100.000000	-84.656683	28.309929
49.740222	-90.147362	39.550412	100.000000	-85.452452	29.005610
46.588909	-88.722629	38.540006	100.000000	-82.595923	33.120851
61.721217	-95.543455	45.142717	100.000000	-93.645218	12.389573
-60.200866	96.478764	-45.352502	-100.000000	91.795541	-13.975373
52.431202	-91.933760	39.934525	100.000000	-86.908669	24.278141
48.800397	-89.778480	39.810574	100.000000	-84.532157	29.747396
-49.088950	89.961931	-39.765909	-100.000000	84.711119	-29.349965
65.016879	-96.668758	42.871396	100.000000	-97.588188	7.079921
-56.765955	94.079825	-43.643259	-100.000000	92.591983	-16.189278
39.399206	-84.788768	35.338107	100.000000	-77.214298	43.536662
54.253179	-92.698630	41.982426	100.000000	-87.881674	20.688756
-48.596780	90.507293	-38.946851	-100.000000	84.475021	-29.939735
41.843848	-86.584223	36.638091	100.000000	-79.202557	39.812264
48.514595	-89.279993	38.883234	100.000000	-82.913862	31.084759
-93.348418	-77.156301	28.120784	100.000000	-63.944434	68.132615
52.580350	-92.058010	41.156145	100.000000	-87.555022	23.450694
48.432339	-89.572919	38.520458	100.000000	-84.196727	30.152850
-100.000000	100.000000	-34.664908	12.200728	98.360108	4.416747
59.096522	-95.877822	43.426734	100.000000	-95.088882	11.994663
48.672345	-90.419617	39.164784	100.000000	-84.112918	29.739237
44.977040	-88.112960	37.822915	100.000000	-80.698134	35.543574
-49.469038	90.453938	-39.138914	-100.000000	85.040953	-28.642944
-54.691235	93.201261	-42.745465	-100.000000	90.266131	-19.903536
49.307383	-90.221191	39.586734	100.000000	-84.367373	28.493685
50.756828	-91.391582	40.194290	100.000000	-86.151651	26.893259
-60.229283	95.961125	-44.000973	-100.000000	93.410998	-11.358986
-53.601983	92.727291	-40.112421	-100.000000	87.045503	-23.564967
54.672572	-93.347534	42.413504	100.000000	-89.810418	19.930717
57.457537	-94.212034	44.114405	100.000000	-91.371247	17.414478
41.229065	-86.723801	36.243242	100.000000	-78.104759	40.892286
-72.833247	-82.153446	33.083314	100.000000	-72.056036	52.599628
30.128522	-82.201409	32.601348	100.000000	-71.776214	54.169956
-47.748303	89.126852	-38.093261	-100.000000	83.315498	-31.804458
50.629049	-90.574423	40.265395	100.000000	-86.393795	27.425727
45.533479	-88.309179	38.450203	100.000000	-82.168520	34.462874
-58.570530	93.992152	-43.806366	-100.000000	92.181225	-14.166591
51.057800	-91.802276	40.295629	100.000000	-86.688169	26.554187
46.339789	-88.942506	39.033855	100.000000	-82.799460	33.142924
-49.851555	91.533906	-39.734895	-100.000000	85.416680	-27.102905
46.712466	-88.586671	38.338714	100.000000	-82.193065	33.577750
50.530104	-91.553341	40.546825	100.000000	-85.869237	26.509105
44.323452	-87.780852	37.121633	100.000000	-81.451777	35.541714
-42.279360	86.646081	-36.786812	-100.000000	79.362787	-39.300753
-49.206038	90.723346	-41.144259	-100.000000	85.350190	-26.881302
-46.381264	89.294444	-37.990790	-100.000000	82.598544	-32.896101
-49.683406	89.538055	-39.730426	-100.000000	84.970015	-29.613842
-55.841236	94.048448	-42.384957	-100.000000	91.750605	-18.233018
52.959761	-92.177512	41.286930	100.000000	-87.099846	23.467065
46.774947	-89.875699	38.845373	100.000000	-82.857730	32.497586
38.691497	-85.288118	35.477571	100.000000	-76.346495	44.704108
62.211849	-97.638679	46.452550	100.000000	-95.819630	8.186789
53.571141	-91.778177	42.667221	100.000000	-89.013189	20.929341
-53.370980	92.330566	-40.629372	-100.000000	87.364688	-23.073457
56.698725	-94.002030	42.119537	100.000000	-91.554710	18.044505
56.101100	-95.114856	43.213000	100.000000	-92.155834	14.705474
38.443962	-84.974915	35.132630	100.000000	-76.507097	44.927932
-52.759612	91.809798	-41.298774	-100.000000	87.007154	-23.617201
36.768545	-83.918258	33.883981	100.000000	-74.670278	49.180023
39.576774	-85.335237	34.965052	100.000000	-77.019376	43.139940
-58.060480	93.411960	-43.955343	-100.000000	91.385410	-14.743582
62.365512	-95.198166	44.493408	100.000000	-95.192482	8.698742
2.134277	-82.194152	33.343631	100.000000	-71.789655	46.931208
35.791926	-83.635433	33.432650	100.000000	-73.739471	48.743538
39.234130	-85.252912	35.022410	100.000000	-76.348763	44.744211
41.421563	-86.084712	35.958103	100.000000	-78.541608	41.737214
-48.385181	89.750880	-38.896658	-100.000000	83.768570	-30.616922
49.694462	-90.551168	39.247363	100.000000	-85.539182	29.467740
57.128464	-94.641386	43.037584	100.000000	-91.685175	16.313606
39.193380	-85.370488	34.809772	100.000000	-76.259981	45.301942
49.340716	-90.842383	40.083266	100.000000	-85.517041	29.294289
49.594436	-90.228882	40.223712	100.000000	-85.932195	27.552246
-58.363806	94.960374	-44.486568	-100.000000	92.200105	-14.100291
58.664283	-94.966612	43.136644	100.000000	-90.732956	15.391893
42.194806	-86.580403	37.219739	100.000000	-79.093059	39.707287
41.784450	-86.412935	36.402909	100.000000	-78.915737	40.293161
51.924173	-92.032664	40.566778	100.000000	-87.365994	24.591200
40.454225	-86.284700	35.571776	100.000000	-77.814120	42.716654
54.201666	-93.601739	41.821592	100.000000	-89.611412	19.125058
-50.191941	91.627735	-40.385671	-100.000000	86.446887	-26.173854
-50.836770	90.833888	-40.246684	-100.000000	86.356021	-24.924123
-40.227514	85.866703	-35.837745	-100.000000	77.378119	-42.029738
-39.023600	84.884359	-34.495950	-100.000000	76.337528	-45.225010
91.972380	78.309807	-29.168915	-100.000000	65.950166	-64.527058
41.590610	-86.087127	36.093633	100.000000	-78.198757	40.573619
47.985866	-90.115781	39.365391	100.000000	-83.852602	29.010224
55.378816	-93.568327	42.146026	100.000000	-90.648010	18.673810
52.947500	-92.309877	40.651156	100.000000	-88.251487	22.524054
43.417176	-87.321150	36.888246	100.000000	-79.570467	37.943730
-47.813214	90.073320	-40.190054	-100.000000	84.240046	-29.311924
-54.511180	93.597017	-42.179064	-100.000000	89.593531	-19.957643
58.995137	-95.957019	45.188861	100.000000	-92.682374	14.044631
54.584409	-93.719063	43.145231	100.000000	-89.654834	19.596278
-41.592073	86.846739	-36.320783	-100.000000	78.889388	-40.245302
-47.960249	89.518460	-38.831681	-100.000000	84.135035	-29.789830
59.983698	-95.353394	47.076384	100.000000	-94.651853	8.704865
47.132729	-90.037927	39.257824	100.000000	-83.575505	31.509868
-45.595975	88.391291	-37.884863	-100.000000	82.055684	-34.403006
47.078557	-89.368732	39.502599	100.000000	-83.542485	30.958184
58.072331	-93.749027	43.850062	100.000000	-92.488788	14.795425
53.250531	-91.773874	41.151167	100.000000	-87.344227	23.092407
56.495737	-93.721999	43.428524	100.000000	-91.470285	18.390652
-50.339139	90.682534	-40.099083	-100.000000	84.919446	-28.445876
49.589361	-91.383092	39.880427	100.000000	-85.825466	26.959314
45.484608	-89.580218	38.124200	100.000000	-82.244377	34.679196
51.110437	-90.908724	39.965539	100.000000	-86.611096	26.693210
-60.454775	96.124099	-44.780524	-100.000000	93.904351	-10.102367
47.231141	-89.281723	38.597701	100.000000	-82.231886	33.122866
57.057294	-94.586008	43.555228	100.000000	-91.618743	16.761242
-58.297563	95.978481	-43.424303	-100.000000	92.588970	-13.453464
52.354012	-91.997604	41.772981	100.000000	-88.671238	21.432944
53.945228	-93.923806	42.138605	100.000000	-89.465252	20.459202
-66.194148	99.609559	-49.809160	-99.845023	100.000000	0.509353
-60.417156	96.730390	-45.156344	-100.000000	94.118692	-9.512031
40.780997	-85.519197	35.970150	100.000000	-78.112700	41.414430
-64.627841	98.947653	-46.261886	-100.000000	94.646559	-3.647976
56.269625	-93.304122	42.833846	100.000000	-89.963053	18.764434
45.349555	-88.220478	38.466847	100.000000	-82.200503	34.226566
-57.270031	94.268745	-42.662131	-100.000000	90.830495	-18.224167
39.316607	-85.176370	35.202304	100.000000	-76.589953	45.279221
-54.219340	93.949388	-41.337672	-100.000000	89.164003	-19.488849
58.540519	-95.971660	43.746210	100.000000	-92.829508	14.467235
-52.593064	92.837510	-41.296506	-100.000000	87.961800	-22.673616
-96.127282	-75.989970	27.337863	100.000000	-62.019875	71.761779
-60.106289	96.271130	-45.892809	-100.000000	95.461371	-10.065926
-47.790072	90.083295	-39.621542	-100.000000	84.334436	-29.694876
60.037176	-95.226986	44.465664	100.000000	-93.339178	13.210739
61.919251	-97.325630	44.680345	100.000000	-94.247775	9.985502
51.900380	-91.491762	40.825149	100.000000	-87.107097	23.676352
51.349835	-92.040232	40.106345	100.000000	-86.338781	26.096502
-48.705252	90.633987	-41.105542	-100.000000	84.884409	-27.263510
48.634085	-90.035422	39.075389	100.000000	-84.571960	30.112197
-56.822664	93.893169	-42.458619	-100.000000	90.641127	-18.046637
-50.502432	90.643092	-39.831268	-100.000000	85.792314	-28.162333
38.494882	-85.147911	35.116408	100.000000	-76.494218	44.879217
-35.754319	83.877182	-33.517885	-100.000000	73.917738	-49.362973
-51.874618	92.381080	-41.020612	-100.000000	87.752324	-23.121916
47.231622	-90.210031	39.705850	100.000000	-84.296603	30.719389
52.023666	-92.321424	42.039697	100.000000	-87.642189	23.101646
50.037394	-91.569517	40.319753	100.000000	-85.819044	26.646204
-46.792710	88.884760	-38.633449	-100.000000	82.996644	-32.998148
49.867507	-90.802942	40.004829	100.000000	-85.972242	27.612171
-47.881044	89.485461	-38.265567	-100.000000	83.101206	-32.355684
55.220250	-94.060280	43.133759	100.000000	-90.401236	20.107104
60.783868	-96.200566	45.300405	100.000000	-93.623615	11.486446
47.612856	-89.879824	38.976152	100.000000	-83.472697	32.115646
-44.291886	87.954311	-37.377053	-100.000000	81.410459	-35.829824
53.535957	-92.224527	41.087363	100.000000	-87.777681	23.818912
52.883571	-91.377905	40.530264	100.000000	-87.504827	22.578418
47.217554	-89.418548	38.882084	100.000000	-83.511887	31.954559
48.784523	-90.105038	40.030324	100.000000	-84.338485	29.089848
-50.355211	91.107928	-40.302874	-100.000000	86.426334	-26.808137
-56.491512	94.805650	-42.515688	-100.000000	91.300657	-16.437165
49.904840	-90.956760	40.251999	100.000000	-85.900230	28.131805
60.164409	-97.224007	45.906591	100.000000	-93.925103	12.287873
46.121190	-88.608408	39.093291	100.000000	-82.209268	33.145881
50.674687	-91.342051	40.252880	100.000000	-85.249862	26.641499
-40.008315	85.917228	-35.355673	-100.000000	77.500941	-43.199927
47.461280	-89.361351	39.713131	100.000000	-84.491270	30.211170
49.688271	-90.685533	39.200770	100.000000	-85.021270	28.062157
37.697895	-84.881520	34.883820	100.000000	-75.535565	45.983579
55.325426	-93.735594	43.418173	100.000000	-91.150677	17.552216
60.540653	-96.073941	44.877482	100.000000	-93.961462	13.679441
-53.148623	93.039561	-41.607558	-100.000000	89.248495	-21.215311
41.889961	-86.416994	36.180520	100.000000	-78.752303	39.714061
-60.139286	95.200239	-43.415045	-100.000000	93.695418	-14.722055
49.821718	-91.136769	39.877863	100.000000	-86.177590	27.254397
-62.692827	97.559751	-43.123729	-100.000000	94.377521	-10.186768
47.969489	-90.025886	39.506099	100.000000	-84.306164	28.795968
43.645267	-87.550041	37.806066	100.000000	-80.640465	35.336278
60.381668	-95.383397	43.133383	100.000000	-92.699428	14.184652
54.619771	-92.928937	41.360521	100.000000	-88.237917	21.213190
59.262230	-93.983661	42.341427	100.000000	-91.443083	14.367245
44.128404	-87.401135	37.195279	100.000000	-81.235468	36.552827
55.162097	-92.334370	41.778804	100.000000	-89.126059	20.982941
55.300110	-93.735553	42.633024	100.000000	-90.289072	19.946870
-48.171736	89.996102	-40.350135	-100.000000	84.277134	-29.941294
-48.897024	89.687211	-39.467629	-100.000000	84.403982	-29.202486
57.967601	-94.749365	43.625591	100.000000	-91.755347	14.520421
-50.108111	90.156291	-39.994467	-100.000000	85.671504	-27.392676
-84.530737	100.000000	-49.976936	-74.848838	100.000000	3.400510
53.099037	-92.388118	41.894692	100.000000	-88.146808	22.918594
39.445180	-85.347306	35.245670	100.000000	-77.093606	42.838033
37.400741	-83.781680	33.956829	100.000000	-75.381093	47.162654
55.810973	-94.419496	42.593762	100.000000	-91.423278	16.538869
46.660120	-89.454683	39.645932	100.000000	-83.329690	30.645151
49.318609	-89.923429	39.084329	100.000000	-84.641921	29.237304
-56.810226	94.067436	-42.758400	-100.000000	90.442770	-17.145045
43.014614	-87.827438	36.908588	100.000000	-80.232948	38.750108
57.193066	-94.668149	42.623521	100.000000	-90.778137	15.792877
-52.878347	92.815521	-41.515793	-100.000000	88.022635	-23.624617
87.753197	80.656211	-31.291318	-100.000000	69.216394	-57.842866
-53.100373	93.058417	-41.779417	-100.000000	88.596013	-22.751490
49.024734	-90.284207	39.127575	100.000000	-84.560599	28.286512
49.851777	-90.511732	39.162740	100.000000	-85.784268	27.293570
-62.259952	96.212728	-45.345137	-100.000000	95.006772	-12.402456
44.451508	-87.482010	36.856762	100.000000	-80.632234	37.348765
52.602766	-92.271205	41.177184	100.000000	-87.415126	22.268762
63.208120	-97.965493	46.613848	100.000000	-97.157711	7.497902
57.742545	-97.359865	45.418518	96.165488	-99.720332	4.136988
42.673216	-87.360437	37.092096	100.000000	-79.750319	38.539155
51.395973	-91.644133	40.132840	100.000000	-86.504690	25.357303
53.704489	-92.825128	42.144940	100.000000	-88.303038	22.230342
58.031456	-96.430577	44.828746	100.000000	-93.096599	13.933710
-51.627142	91.812406	-41.301102	-100.000000	87.474598	-25.366643
-84.782128	-82.234525	32.303036	100.000000	-72.162784	52.846600
-53.744657	93.410394	-42.707919	-100.000000	89.850320	-19.750982
-59.081394	95.911811	-43.775448	-100.000000	92.521918	-15.619893
61.205805	-96.141865	44.940374	100.000000	-92.356224	12.156942
-50.305239	90.713699	-40.711180	-100.000000	85.562218	-27.894076
-54.203868	92.527421	-42.200476	-100.000000	88.860520	-20.831856
52.270316	-91.876275	40.801386	100.000000	-86.624197	23.819257
-60.362434	96.601037	-44.618453	-100.000000	94.602110	-11.993610
-54.188584	92.668515	-41.413645	-100.000000	89.184206	-20.405279
-59.618439	94.883260	-44.924134	-100.000000	92.697173	-13.241847
-54.479706	92.969515	-41.867760	-100.000000	89.120395	-19.839921
46.706563	-89.056715	38.514260	100.000000	-82.971629	32.304683
56.275129	-92.525588	41.069034	100.000000	-90.280274	18.194675
55.510661	-93.296797	42.989053	100.000000	-90.199097	19.731626
44.618824	-88.475057	38.091125	100.000000	-82.097545	35.116960
-95.445359	-76.528486	27.968040	100.000000	-63.429781	70.053139
86.594387	81.239431	-31.419784	-100.000000	70.093352	-56.516249
51.390041	-91.628360	40.744378	100.000000	-86.260985	25.403256
63.170146	-95.680545	44.120256	100.000000	-93.219540	11.217704
-51.189050	91.201529	-40.955397	-100.000000	86.730514	-26.935336
-54.120279	93.265379	-42.147369	-100.000000	89.062338	-21.305927
-54.633245	93.016028	-42.104076	-100.000000	89.248437	-22.544301
50.794597	-90.913639	39.764212	100.000000	-85.343994	28.909865
49.084551	-90.268921	39.132813	100.000000	-84.482013	29.151443
41.004678	-86.345139	36.482738	100.000000	-78.334802	41.633999
50.406818	-89.992866	40.357090	100.000000	-85.741600	27.547848
53.890487	-91.888845	41.424996	100.000000	-88.594106	21.405694
56.384751	-94.111993	42.995619	100.000000	-88.858988	18.491179
53.358541	-91.983462	41.846715	100.000000	-87.742763	22.180613
-37.585273	84.454822	-34.503801	-100.000000	75.641044	-46.751525
-43.875629	87.630220	-38.272482	-100.000000	80.611410	-36.584646
56.183604	-94.434431	42.561248	100.000000	-90.478890	18.274463
44.530105	-88.177447	37.926670	100.000000	-81.625397	35.066937
49.190349	-89.745778	39.240371	100.000000	-84.972050	28.622000
56.733212	-93.680260	43.135712	100.000000	-92.773103	17.567490
47.782081	-89.552911	39.507258	100.000000	-83.834132	30.219440
59.463170	-96.148209	42.587563	100.000000	-91.317806	14.187417
-52.354879	91.432386	-40.363626	-100.000000	86.996472	-25.477153
-51.156545	91.312845	-40.461941	-100.000000	85.993125	-25.037531
-47.554410	89.823691	-38.567039	-100.000000	83.803864	-30.958497
42.271611	-86.852370	37.117027	100.000000	-79.615734	39.363428
-42.245972	86.655395	-35.968369	-100.000000	78.669482	-41.313418
55.025519	-92.300536	42.395781	100.000000	-88.740847	21.051438
52.441711	-92.172774	41.138487	100.000000	-87.707276	24.748860
38.915706	-85.549236	35.465429	100.000000	-76.182795	43.490953
49.164717	-90.737046	40.286616	100.000000	-84.959268	28.097388
47.934805	-89.429597	39.922320	100.000000	-83.974512	29.372700
62.668931	-98.475441	46.174539	100.000000	-96.167714	6.809358
-59.020779	95.906246	-44.480132	-100.000000	92.461000	-11.399528
44.275666	-88.399696	37.733356	100.000000	-81.080585	35.567041
54.642995	-93.256936	42.389179	100.000000	-89.326097	19.757214
51.545179	-91.855199	40.441586	100.000000	-86.896399	23.949334
50.640763	-90.898501	40.492262	100.000000	-86.392863	26.154112
55.567907	-93.480269	42.781845	100.000000	-89.844887	20.066387
-48.018913	89.507444	-38.668247	-100.000000	83.950855	-30.554786
54.425727	-93.973194	42.241230	100.000000	-88.880852	19.018587
51.500414	-92.251055	40.564425	100.000000	-86.629202	24.375391
55.905781	-93.646030	43.091082	100.000000	-89.660468	17.570835
-35.615247	83.937182	-33.705624	-100.000000	74.049708	-48.678377
51.675677	-91.777035	40.264211	100.000000	-87.107066	24.889295
57.116973	-93.718515	42.669960	100.000000	-90.535374	17.577945
54.296530	-92.421336	41.805853	100.000000	-88.414231	21.288939
41.986113	-86.066739	37.020346	100.000000	-78.838053	40.524175
42.528859	-86.873203	36.763261	100.000000	-79.929790	38.014941
-100.000000	100.000000	-52.400001	-28.506412	100.000000	9.735111
51.328633	-90.908351	41.261141	100.000000	-85.899334	25.885079
-52.811336	91.387316	-41.728731	-100.000000	87.266208	-23.231300
-58.286346	95.786439	-43.654835	-100.000000	93.850278	-13.658089
-60.269678	96.725763	-44.832016	-100.000000	93.909208	-11.806738
53.093381	-92.559006	40.902850	100.000000	-87.970416	22.480306
-47.624544	90.112261	-39.561305	-100.000000	83.927959	-30.880746
50.112148	-91.529035	40.384056	100.000000	-85.519330	26.592716
59.986720	-96.112952	44.443414	100.000000	-92.819595	14.514315
51.945754	-90.941852	41.223114	100.000000	-87.020881	23.436594
37.977798	-84.580618	34.016072	100.000000	-75.504513	46.721940
-52.806919	92.491505	-41.687621	-100.000000	87.418886	-23.625526
-50.071350	91.466198	-40.212107	-100.000000	85.965742	-26.184265
41.390550	-86.385572	36.510528	100.000000	-78.777259	40.188365
60.032342	-96.846754	44.900940	100.000000	-94.312062	11.134258
-44.496516	87.704048	-37.098677	-100.000000	80.536510	-35.638410
40.809497	-86.152010	35.426412	100.000000	-77.922482	42.330820
-52.303709	92.692248	-41.491228	-100.000000	86.546573	-24.193718
43.892048	-87.742319	36.989440	100.000000	-80.295388	37.859131
-48.401537	89.647001	-39.350911	-100.000000	85.323599	-29.724266
91.290796	78.841603	-29.601044	-100.000000	66.409296	-64.449050
52.946256	-91.974050	40.806655	100.000000	-87.391656	23.655148
-47.230855	89.742907	-39.435333	-100.000000	83.933644	-30.626391
38.128299	-84.511147	34.835252	100.000000	-76.479799	45.687958
58.615322	-94.915433	42.391220	100.000000	-91.908847	15.677415
60.692729	-94.570406	44.378888	100.000000	-93.797776	12.705903
47.034464	-88.944532	38.474375	100.000000	-82.405907	33.492595
-42.094627	86.736015	-36.258955	-100.000000	79.636730	-39.099420
48.674301	-89.804528	40.287167	100.000000	-84.362489	29.905257
49.743357	-91.162638	39.821263	100.000000	-84.700912	27.744051
-61.034900	95.015654	-43.332085	-100.000000	94.612874	-12.189746
53.354581	-92.576557	41.434278	100.000000	-87.638288	23.283152
56.785923	-93.677118	43.802973	100.000000	-92.284857	16.059584
-48.110864	90.226582	-39.144486	-100.000000	83.641232	-30.957898
50.302789	-91.156120	40.278684	100.000000	-85.728535	26.438623
51.603444	-91.172030	40.473358	100.000000	-86.056042	25.362825
-55.235291	93.524545	-43.130970	-100.000000	88.941958	-19.306935
-44.697119	88.109015	-37.940946	-100.000000	81.300289	-35.647074
58.342580	-94.932734	43.974806	100.000000	-92.283977	15.601391
-40.753894	85.748357	-35.735956	-100.000000	78.109252	-42.487319
-57.614804	95.783169	-42.281362	-100.000000	91.774853	-14.485639
54.947895	-93.310226	41.882665	100.000000	-89.074876	20.845918
48.702501	-89.865269	38.806475	100.000000	-84.159502	29.731127
-59.410502	95.042695	-42.307279	-100.000000	92.140496	-14.443722
-43.997795	87.812029	-38.017910	-100.000000	80.806127	-36.863632
43.480969	-87.327587	36.620996	100.000000	-79.708619	38.138883
-44.866546	88.134442	-37.818327	-100.000000	81.862704	-35.852135
40.939692	-85.907337	35.229444	100.000000	-78.042895	41.575422
-100.000000	75.326465	-15.382471	29.726415	100.000000	14.484988
-57.471526	93.884804	-42.624153	-100.000000	90.711094	-17.032642
44.861828	-87.769178	37.599447	100.000000	-80.828057	35.264849
48.944097	-89.817121	40.012406	100.000000	-85.552711	28.178330
-53.168636	93.208077	-41.996861	-100.000000	88.384589	-21.470791
-91.253980	-78.225712	28.980422	100.000000	-66.181545	65.257354
-57.666411	93.916000	-44.796916	-100.000000	92.839721	-14.794518
-55.138995	93.911983	-41.056357	-100.000000	88.884064	-20.661387
-48.285753	89.168738	-38.532124	-100.000000	83.823417	-31.578624
-57.699069	94.714793	-43.395863	-100.000000	91.450294	-16.868747
-78.294220	100.000000	-50.472463	-89.125903	100.000000	5.751231
-49.537680	90.887681	-39.787038	-100.000000	85.137812	-27.920762
-61.121271	94.823323	-42.693150	-100.000000	94.002821	-13.707508
-58.162252	95.273151	-43.880898	-100.000000	91.883670	-16.077796
46.644857	-89.008215	38.635387	100.000000	-82.875346	31.627251
47.624287	-89.645758	38.806596	100.000000	-82.915861	31.191836
-87.658022	-80.029061	30.072448	100.000000	-68.902622	60.041449
35.908799	-83.605571	33.501853	100.000000	-73.686975	48.949417
-53.278086	92.568593	-41.554049	-100.000000	87.806311	-22.304589
55.368012	-91.966036	41.967385	100.000000	-88.707464	21.720758
57.652857	-94.326719	42.237444	100.000000	-92.363269	15.127969
51.602992	-92.245265	40.324658	100.000000	-86.100542	24.803164
-55.859424	93.200061	-42.929985	-100.000000	89.330366	-18.422729
-55.349903	93.238469	-41.674574	-100.000000	89.151043	-21.198747
53.138335	-93.281179	42.652235	100.000000	-89.007452	20.930708
-50.844309	91.644160	-40.610868	-100.000000	86.082916	-26.987322
-55.799123	93.346576	-42.461855	-100.000000	89.815546	-21.178622
-48.444565	90.066305	-38.523126	-100.000000	83.335420	-30.372807
-44.072958	88.139865	-37.844213	-100.000000	80.795579	-35.936940
58.372327	-97.573526	44.369493	100.000000	-93.039874	11.757827
40.474026	-85.586872	35.665658	100.000000	-77.833426	42.458076
23.279992	-82.328727	32.353339	100.000000	-71.613821	53.998737
57.333526	-94.001616	43.164899	100.000000	-90.600622	15.405208
48.293835	-89.744382	39.610857	100.000000	-84.631325	28.826619
44.137837	-88.467000	37.906286	100.000000	-81.390551	36.857598
-49.334867	90.347060	-39.127508	-100.000000	84.661237	-29.149164
60.251360	-95.122607	43.308866	100.000000	-93.061687	12.534561
48.933565	-90.987728	39.437290	100.000000	-85.163252	28.426011
-49.595156	89.921243	-39.611453	-100.000000	84.136126	-30.390799
52.434259	-91.997993	40.655502	100.000000	-86.740993	24.181226
-51.963671	91.712596	-40.232928	-100.000000	86.892445	-25.100410
-54.597481	93.192283	-42.201512	-100.000000	90.549203	-19.044304
-60.783851	95.236880	-44.047984	-100.000000	93.042799	-14.621744
-59.323600	96.620437	-43.457212	-100.000000	93.726106	-10.897713
100.000000	-100.000000	51.341045	2.465381	-100.000000	-13.609348
-54.845272	93.100004	-41.796233	-100.000000	89.225465	-20.304482
51.496074	-92.130666	40.771591	100.000000	-87.220463	24.959529
53.410990	-91.716592	41.830875	100.000000	-88.843920	22.308762
54.922364	-92.782560	41.949513	100.000000	-90.722260	19.515447
-48.207348	90.383383	-38.651046	-100.000000	83.950474	-30.787426
50.895139	-90.963139	40.984486	100.000000	-85.668683	26.908788
49.863411	-90.811872	39.530289	100.000000	-85.350488	28.046265
44.509312	-87.922849	38.104462	100.000000	-81.070235	34.731840
45.079218	-88.646895	38.296945	100.000000	-81.549988	35.290460
-49.506834	90.586392	-39.622130	-100.000000	84.631395	-29.515987
39.205375	-85.601411	35.094822	100.000000	-76.989373	43.523351
-38.255249	85.108743	-34.515092	-100.000000	75.781707	-45.710868
57.342600	-94.872454	44.156480	100.000000	-91.923954	15.503519
-43.311922	87.038590	-37.019112	-100.000000	80.378230	-38.129104
56.143899	-93.851601	43.370294	100.000000	-91.008498	18.337853
40.176960	-85.641218	36.095902	100.000000	-77.224781	42.988196
52.519121	-92.478942	41.472626	100.000000	-87.650658	23.785151
-51.436700	91.907350	-40.178082	-100.000000	86.465323	-23.838270
38.379120	-84.559839	35.105150	100.000000	-75.848024	46.269472
45.650097	-88.811556	38.071249	100.000000	-82.386152	32.751198
-53.018818	92.260036	-40.988219	-100.000000	88.487572	-23.063974
-55.487745	93.587061	-42.792815	-100.000000	90.003809	-18.430358
54.054558	-93.101858	40.785863	100.000000	-88.245808	21.355731
42.864423	-87.050777	36.630019	100.000000	-79.757906	39.267319
57.267966	-95.274383	43.832702	100.000000	-91.352038	15.946901
-58.380802	96.159948	-44.402750	-100.000000	93.955752	-10.707502
-40.090971	85.932648	-35.339421	-100.000000	77.274681	-41.277578
44.482111	-86.920447	37.226357	100.000000	-81.128628	37.327629
-51.784247	91.917056	-40.716628	-100.000000	87.079395	-24.729297
58.245710	-94.492505	43.842645	100.000000	-92.081139	15.305142
40.504155	-85.289869	35.780673	100.000000	-77.799452	43.238356
50.977733	-91.074782	40.774950	100.000000	-86.509247	27.067257
43.147493	-87.240757	35.833669	100.000000	-79.557852	38.760830
-37.920343	85.106595	-34.592818	-100.000000	75.585836	-46.577872
53.371730	-92.301840	40.889387	100.000000	-88.096146	22.931497
45.343868	-88.372474	38.043308	100.000000	-82.051235	34.746158
54.443133	-92.089356	42.421847	100.000000	-89.242678	21.324892
57.560420	-95.164775	42.072603	100.000000	-91.555405	17.158075
53.499998	-92.826475	40.598976	100.000000	-88.348400	21.824141
57.837988	-97.012532	43.973919	100.000000	-91.676306	11.937930
36.470584	-83.562423	33.964456	100.000000	-74.622147	47.613811
51.003556	-91.342185	40.458232	100.000000	-86.613014	25.807110
53.314594	-92.585352	42.077289	100.000000	-89.072477	20.776195
51.896401	-92.089201	41.594173	100.000000	-87.371202	23.386819
53.709402	-92.849378	42.004022	100.000000	-88.882032	21.271438
56.276283	-94.965033	43.954414	100.000000	-91.147677	15.020772
-46.704889	89.368527	-38.751476	-100.000000	83.338986	-32.873500
66.726389	-97.339966	45.432394	100.000000	-97.739534	5.358128
50.038091	-90.991160	39.346106	100.000000	-85.027541	27.005621
-42.631827	86.570488	-36.966031	-100.000000	79.562729	-38.963442
-46.880235	89.259998	-39.160051	-100.000000	82.790550	-32.141963
-53.645145	92.231365	-41.350327	-100.000000	87.558544	-20.652325
52.107987	-91.769649	39.792474	100.000000	-87.231242	25.081067
57.825611	-96.247084	44.262261	100.000000	-92.837255	11.622587
49.712396	-90.428011	39.644393	100.000000	-85.639324	28.071786
53.393818	-92.340142	41.662082	100.000000	-88.900357	21.988251
57.754975	-94.148108	43.154983	100.000000	-92.973066	15.639688
51.866973	-90.729133	39.999607	100.000000	-85.439453	26.723158
58.374845	-95.310246	43.751368	100.000000	-93.415611	15.354693
51.695845	-91.476446	40.367243	100.000000	-86.447767	25.575752
55.501273	-92.966967	42.086573	100.000000	-91.099340	19.184557
-46.152820	88.835496	-38.212897	-100.000000	82.755396	-34.107209
-43.220325	86.962875	-37.235523	-100.000000	79.897731	-38.373417
-58.200309	94.862652	-45.232852	-100.000000	93.296915	-14.279520
53.939131	-92.393289	41.411516	100.000000	-88.093159	23.604669
-97.049386	-75.286960	26.793144	100.000000	-61.518169	73.052389
53.225395	-93.318645	42.457485	100.000000	-89.143455	20.911701
54.441544	-93.284914	42.108800	100.000000	-88.629745	21.267592
-57.030449	94.394000	-43.296734	-100.000000	90.450175	-17.218646
-53.145873	92.286169	-41.101836	-100.000000	88.056703	-23.046252
48.922820	-90.220095	39.330487	100.000000	-83.970956	29.668388
90.086721	79.002230	-29.903177	-100.000000	67.003166	-63.529894
48.212729	-89.231539	39.340163	100.000000	-84.099372	30.042819
47.367931	-89.419175	38.708125	100.000000	-84.572359	31.058788
53.629329	-91.510662	41.232968	100.000000	-87.880737	22.858388
-45.701241	88.629605	-37.685139	-100.000000	81.578834	-34.565832
56.164406	-94.131928	44.679532	100.000000	-91.747686	16.672658
-89.809322	-79.340046	29.798899	100.000000	-67.409009	61.808559
-45.278773	88.954108	-38.413685	-100.000000	81.810657	-33.370276
57.821359	-94.824160	42.064121	100.000000	-91.218750	16.857120
44.279190	-88.016005	37.590178	100.000000	-81.051424	36.428151
-59.920590	95.057048	-45.053349	-100.000000	95.652364	-12.277664
-44.052904	87.995366	-37.327306	-100.000000	80.101508	-36.470962
-57.530821	95.326562	-42.758027	-100.000000	93.050668	-14.562099
50.537179	-91.196000	40.497543	100.000000	-85.778483	25.752858
43.649169	-87.337148	36.762993	100.000000	-80.288975	36.926698
44.159746	-87.547751	37.606983	100.000000	-80.313815	37.233990
47.013203	-89.072314	39.363543	100.000000	-82.820960	32.094328
100.000000	-100.000000	49.402001	31.026628	-100.000000	-9.943747
42.754420	-87.261409	36.146035	100.000000	-79.257142	38.214371
43.536270	-87.608529	36.449152	100.000000	-80.367486	37.125756
53.118662	-92.123048	41.349699	100.000000	-87.347873	22.696440
52.040059	-91.994461	41.450732	100.000000	-87.291195	24.638691
58.159829	-95.804832	44.152827	100.000000	-92.059729	12.620531
42.745042	-87.656789	37.493137	100.000000	-80.259928	36.960091
51.209278	-91.044525	40.507122	100.000000	-86.105067	27.130287
58.187586	-95.179670	45.124656	100.000000	-92.953349	13.775793
51.404596	-92.187499	41.462733	100.000000	-86.556502	25.875224
-53.357666	92.697954	-41.932349	-100.000000	88.893287	-22.161638
47.400348	-89.820374	38.400150	100.000000	-83.135808	32.065007
47.570223	-89.172045	39.529851	100.000000	-83.262931	32.044508
61.304997	-96.941786	44.044347	100.000000	-93.431062	12.089758
-58.628401	95.868667	-43.363331	-100.000000	91.595779	-14.679042
54.158578	-92.992049	42.297448	100.000000	-89.222698	21.382077
56.897281	-93.724456	42.196154	100.000000	-90.302599	17.545385
51.716750	-91.646629	41.004764	100.000000	-87.269744	24.350748
42.468417	-86.549439	36.622904	100.000000	-79.457190	39.402887
36.863915	-83.919174	33.975918	100.000000	-74.497137	48.556351
53.723694	-93.447986	42.387485	100.000000	-89.121035	21.433922
51.883131	-91.371731	39.515753	100.000000	-87.161294	25.976390
61.110136	-95.237234	45.082630	100.000000	-92.137744	13.062309
54.380397	-93.265641	41.207035	100.000000	-88.983562	20.138359
-46.190230	89.385837	-38.742142	-100.000000	83.201470	-32.542383
52.253083	-91.344130	40.778601	100.000000	-86.928304	24.482425
-54.651316	92.631487	-41.211436	-100.000000	90.215772	-20.824994
-57.049138	93.079003	-41.555897	-100.000000	90.501819	-18.000387
-46.245443	88.480033	-38.109314	-100.000000	82.511492	-33.069416
-53.288843	93.383191	-41.883861	-100.000000	88.426335	-21.257478
55.354122	-92.702953	41.843781	100.000000	-89.475374	19.664505
63.603698	-96.215348	48.461145	100.000000	-94.949477	8.274537
52.448787	-91.742915	40.334332	100.000000	-86.947943	23.580699
50.526366	-90.895235	40.102414	100.000000	-85.980891	27.801674
-54.725122	93.324836	-41.358032	-100.000000	88.969807	-21.280385
54.160995	-92.756764	41.998305	100.000000	-89.091698	21.462557
43.471928	-87.409318	36.807147	100.000000	-79.697382	38.166641
-45.601030	88.824557	-38.632608	-100.000000	82.109770	-35.371223
37.956501	-85.022444	35.446998	100.000000	-76.218125	45.204311
-55.943946	93.427588	-42.239744	-100.000000	89.536942	-20.054713
-47.288112	89.207549	-39.169380	-100.000000	83.662526	-31.189608
50.113192	-90.719738	40.172765	100.000000	-84.996371	28.189411
-90.034601	-78.764839	29.661419	100.000000	-67.035391	63.413699
-55.787783	93.555381	-42.788735	-100.000000	89.572203	-19.538613
-52.416548	92.256349	-41.249128	-100.000000	88.746837	-23.616902
43.939850	-88.019141	37.551446	100.000000	-80.632069	36.499568
48.979400	-90.163520	39.949275	100.000000	-85.038811	29.685316
56.182240	-94.706977	42.790349	100.000000	-90.391065	17.795767
53.130167	-92.509888	42.203993	100.000000	-87.547969	24.212334
38.460106	-85.077423	35.442017	100.000000	-76.614216	45.793374
-63.437344	99.721687	-45.335677	-100.000000	96.732207	-5.991945
-56.375340	94.574479	-42.296515	-100.000000	90.651216	-19.045296
-49.149379	90.592953	-39.390937	-100.000000	84.938123	-29.779427
87.314543	-100.000000	49.350051	77.311678	-100.000000	1.504887
41.931917	-87.278329	36.341889	100.000000	-79.138186	39.946264
40.634810	-85.881543	36.166180	100.000000	-78.470088	40.603388
-48.500931	89.782496	-39.075634	-100.000000	84.015430	-30.565786
-51.098308	91.148754	-39.913223	-100.000000	86.027920	-26.048511
53.236395	-92.306854	41.538740	100.000000	-88.448605	21.285254
49.137352	-90.154589	39.694292	100.000000	-84.509732	29.434966
50.165444	-90.700693	40.791761	100.000000	-85.886254	26.514429
-50.232565	91.037367	-39.921938	-100.000000	85.979991	-26.988925
-43.168410	87.362417	-36.734004	-100.000000	80.337093	-38.082951
-35.395379	83.783593	-33.534346	-100.000000	74.106965	-49.452483
43.189403	-87.038035	36.536470	100.000000	-80.097987	37.819372
49.120081	-89.626141	39.323560	100.000000	-84.986304	29.208311
52.612239	-92.657929	41.905832	100.000000	-87.665028	23.318732
-52.446351	91.650972	-41.919060	-100.000000	86.907692	-24.104667
40.818662	-86.112640	36.515138	100.000000	-78.241268	41.385621
40.964144	-85.707701	36.222352	100.000000	-78.383788	41.782747
45.525334	-88.283271	38.292154	100.000000	-81.862559	33.563105
48.744832	-89.768086	39.720337	100.000000	-83.879106	28.810597
47.306183	-89.465004	39.260285	100.000000	-83.191184	31.822013
-44.780127	88.288098	-37.979427	-100.000000	81.722263	-36.724277
50.210348	-90.616281	40.500587	100.000000	-85.261737	26.628874
49.459962	-90.649967	39.730420	100.000000	-85.199818	27.597058
51.906749	-91.305742	40.645584	100.000000	-87.085246	24.343600
47.892175	-89.552007	38.349186	100.000000	-83.663597	31.001834
52.701891	-92.371411	42.236947	100.000000	-89.328659	23.039115
-55.288914	94.296723	-43.002389	-100.000000	89.233287	-18.622836
58.031353	-94.028089	44.166018	100.000000	-92.112364	16.103530
81.179456	82.618225	-32.944683	-100.000000	72.466290	-52.253475
44.076864	-87.510491	37.324792	100.000000	-80.980214	36.300987
48.389831	-90.146025	39.410814	100.000000	-84.588955	29.628232
54.886501	-94.189615	42.438445	100.000000	-90.230596	18.826739
47.042523	-90.084236	38.889234	100.000000	-83.175733	31.894336
100.000000	-100.000000	53.907653	50.106078	-100.000000	-11.901969
51.283300	-91.437737	40.724905	100.000000	-86.291808	26.081875
43.572427	-87.460632	36.992407	100.000000	-79.607784	38.006036
40.724112	-85.763068	36.068596	100.000000	-77.864521	41.339825
51.366186	-90.907454	40.098736	100.000000	-85.745804	25.928546
40.547735	-85.593922	35.427206	100.000000	-77.833196	41.886471
51.442260	-91.252513	41.480013	100.000000	-86.858409	24.368496
49.379067	-90.315678	39.522167	100.000000	-84.375117	29.781088
46.068065	-89.383015	38.805402	100.000000	-82.003801	33.319171
56.223099	-95.289340	43.109665	100.000000	-90.250334	18.918943
54.485643	-93.228120	41.995723	100.000000	-89.497730	20.397630
-54.854861	92.830707	-42.252529	-100.000000	89.067204	-19.234588
49.965733	-90.984575	40.152891	100.000000	-86.306149	26.521202
-61.435806	95.777737	-45.029879	-100.000000	93.228276	-9.809126
52.818427	-92.642262	40.265098	100.000000	-88.062496	24.239886
-47.076708	89.663773	-39.551212	-100.000000	83.726642	-31.926656
-53.438896	92.123407	-40.694544	-100.000000	87.649293	-23.245205
-57.362047	95.964201	-44.635164	-100.000000	92.886702	-15.523891
-55.170281	93.775627	-41.647232	-100.000000	89.363826	-22.341553
-85.708033	-81.501037	32.115149	100.000000	-70.621928	55.584556
-43.688033	87.220604	-36.749965	-100.000000	80.096373	-38.095922
-60.781123	98.251883	-46.495153	-100.000000	93.312262	-9.895470
-53.360612	92.570647	-40.755255	-100.000000	88.157959	-22.798790
35.119969	-83.645192	33.680295	100.000000	-73.335609	50.736100
-48.910258	90.400878	-39.871788	-100.000000	85.339531	-28.233647
56.905815	-94.143647	42.608942	100.000000	-90.030142	19.228099
-47.367775	89.417480	-39.406950	-100.000000	84.153259	-31.326721
-78.024852	95.467713	-45.199239	-85.090308	96.386739	-8.551209
56.507334	-94.524970	41.491246	100.000000	-91.328501	17.944935
-49.055022	90.354588	-39.350831	-100.000000	84.492696	-29.004264
20.548519	77.604673	-28.139809	-100.000000	65.044882	-67.345881
-56.484231	93.802867	-41.727449	-100.000000	90.317083	-17.617653
50.210864	-90.513910	39.641058	100.000000	-85.754954	27.431116
56.814856	-94.133702	42.688222	100.000000	-91.367095	17.012752
48.896577	-90.036924	39.101211	100.000000	-84.000156	29.307169
50.180128	-91.329873	39.636063	100.000000	-85.202360	26.790659
53.035077	-92.734414	42.084501	100.000000	-88.113092	21.176436
-40.420006	86.340400	-35.335759	-100.000000	77.965069	-42.891943
46.990775	-88.599566	38.579320	100.000000	-83.208750	31.003015
-54.458495	93.312581	-41.540884	-100.000000	87.825238	-21.014455
-44.789024	88.225385	-36.890320	-100.000000	80.540977	-36.776260
-43.791302	88.110692	-37.368084	-100.000000	80.481041	-37.004721
50.001774	-90.436514	39.525615	100.000000	-85.621271	28.569913
-51.301862	91.316658	-40.605954	-100.000000	86.395512	-24.844785
44.349826	-88.483433	38.182299	100.000000	-80.935698	35.976966
36.401943	-83.855479	33.662104	100.000000	-74.797679	49.383511
49.499170	-90.516379	39.728199	100.000000	-84.809049	27.892267
48.750604	-90.405260	39.371738	100.000000	-83.889506	28.824193
33.741938	-82.838158	32.659669	100.000000	-72.659723	51.224141
100.000000	77.184038	-90.143969	-65.402577	-7.180566	-17.052092
55.877471	-94.437908	44.143615	100.000000	-92.295650	15.702241
48.991894	-90.379838	39.205205	100.000000	-84.975881	30.153082
41.889732	-86.713220	36.636783	100.000000	-79.011652	39.881311
43.893113	-87.714188	37.971712	100.000000	-80.316288	36.699177
-59.910937	96.868696	-44.519799	-100.000000	93.382601	-12.076515
-58.638998	95.496683	-44.724611	-100.000000	91.755338	-15.355179
-59.390976	95.516530	-44.507754	-100.000000	92.308578	-14.449450
-49.477301	90.720406	-39.883210	-100.000000	85.749691	-27.011975
49.817073	-91.124168	40.256399	100.000000	-85.752846	28.547872
-43.099424	87.749914	-36.369276	-100.000000	80.107338	-39.153681
51.388410	-91.747664	40.412977	100.000000	-86.707861	25.321739
-42.362885	86.952171	-37.101829	-100.000000	79.757534	-39.495982
44.408540	-88.012046	37.281645	100.000000	-80.494543	36.428028
59.032785	-94.664888	44.390863	100.000000	-91.955904	16.719301
45.208772	-88.275194	38.065235	100.000000	-81.541599	35.209010
-44.734107	87.690691	-37.968880	-100.000000	81.011306	-36.582607
-51.416062	92.342123	-41.177681	-100.000000	86.918138	-25.452241
50.789450	-91.391422	40.771947	100.000000	-86.194689	26.567547
52.630940	-91.760641	40.071954	100.000000	-87.414643	24.745134
49.908833	-91.075565	40.053081	100.000000	-84.934169	27.594512
46.874115	-89.465921	39.306826	100.000000	-83.038474	31.740987
56.234849	-93.280083	42.140310	100.000000	-89.417725	20.296111
-46.647093	88.626837	-39.003447	-100.000000	82.026930	-32.764580
40.660566	-86.113982	35.736100	100.000000	-78.251846	42.023315
-53.674403	92.625261	-41.007412	-100.000000	88.162229	-22.458091
50.354416	-90.741927	39.671587	100.000000	-85.856636	27.349043
55.578728	-94.281971	43.811065	100.000000	-91.513602	16.836099
-53.196953	93.669490	-40.927731	-100.000000	88.952990	-21.410484
-53.203893	92.319704	-41.476704	-100.000000	87.908484	-22.159397
-56.211502	93.789550	-43.144528	-100.000000	90.058342	-19.158247
47.831565	-89.762699	39.337509	100.000000	-83.855198	32.247920
53.524727	-92.131612	40.740011	100.000000	-87.475579	22.401174
56.643795	-95.473027	43.284931	100.000000	-90.991088	15.937319
56.817906	-94.435156	43.896262	100.000000	-91.592409	18.269108
-48.657722	89.474306	-39.556592	-100.000000	84.278644	-30.121773
-50.634642	91.174456	-40.752116	-100.000000	86.030921	-27.241843
-47.236850	89.427222	-38.628416	-100.000000	82.930814	-32.900707
38.385243	-84.873767	34.704805	100.000000	-76.347391	44.251363
54.482997	-91.603699	41.949269	100.000000	-89.179130	21.728683
52.041003	-90.745802	40.851123	100.000000	-87.247424	25.455497
52.431093	-92.134355	41.165794	100.000000	-88.048520	23.361742
51.287539	-91.012947	39.684108	100.000000	-86.659134	25.573954
-58.423201	96.524480	-45.172317	-100.000000	92.494939	-11.621515
56.832492	-95.396856	41.652173	100.000000	-90.099254	18.299450
54.731590	-92.768188	42.493453	100.000000	-89.999785	20.070110
35.682406	-84.071420	33.844180	100.000000	-74.001743	49.444141
-46.749309	89.160262	-38.161495	-100.000000	82.965467	-32.890036
57.343166	-94.183614	43.339209	100.000000	-92.247542	16.846800
-53.070268	91.857201	-41.502050	-100.000000	88.389883	-22.373945
50.703048	-91.634206	40.828940	100.000000	-86.229081	25.231873
-37.886608	84.356327	-34.234474	-100.000000	75.258210	-47.439051
-33.242347	82.289127	-32.335816	-100.000000	72.261952	-52.716352
-46.971796	89.696658	-38.833372	-100.000000	83.325760	-31.038850
62.870645	-95.200969	45.357015	100.000000	-93.974507	8.670768
57.049935	-95.472726	43.206249	100.000000	-91.187412	16.143476
53.643309	-93.314075	42.384285	100.000000	-89.083547	22.432228
46.760398	-89.170844	38.429268	100.000000	-82.625442	34.048485
51.531380	-92.023888	41.505106	100.000000	-87.101900	23.573814
73.578723	-100.000000	49.424490	95.558624	-100.000000	-5.998131
38.430628	-84.850498	34.808569	100.000000	-75.905349	45.510860
51.991550	-91.693262	40.693299	100.000000	-87.041472	25.195117
38.246378	-84.741558	34.845215	100.000000	-75.888872	44.878734
42.137282	-86.800259	36.956956	100.000000	-79.469600	38.854519
46.124352	-88.842327	39.023111	100.000000	-83.232907	32.873647
-58.262796	94.553623	-42.731975	-100.000000	91.259638	-15.199383
56.644265	-94.595811	42.503493	100.000000	-90.457089	18.354329
56.608331	-95.982994	44.634962	100.000000	-92.930677	15.529550
-55.089880	94.249869	-43.113268	-100.000000	90.926336	-16.534667
46.849028	-89.451377	38.724178	100.000000	-83.255408	32.080341
54.698507	-92.936075	41.891613	100.000000	-89.110697	21.194207
-57.853616	94.276897	-45.004541	-100.000000	90.575420	-15.992293
45.656999	-88.507580	37.860099	100.000000	-81.959817	33.872097
43.321478	-87.619305	37.262791	100.000000	-80.679844	37.201976
49.898735	-91.043102	40.097632	100.000000	-85.786687	26.814025
58.236219	-94.225343	45.043620	100.000000	-92.734971	15.314004
60.191399	-95.493801	42.292311	100.000000	-96.249666	12.417395
59.624669	-97.713456	45.241490	100.000000	-94.694707	10.033660
43.229580	-87.092654	36.583377	100.000000	-79.576877	38.863382
-53.789633	92.834249	-43.250207	-100.000000	89.006423	-21.154450
52.594068	-91.543279	41.064540	100.000000	-87.577901	23.364641
-52.240985	91.903269	-41.594894	-100.000000	87.976561	-22.772171
-54.633971	93.621227	-42.042756	-100.000000	89.342408	-20.485546
-49.457800	90.430539	-39.812021	-100.000000	85.222399	-29.645364
52.346647	-92.276964	40.713270	100.000000	-86.985632	24.452949
-48.614130	90.218560	-39.825606	-100.000000	85.320712	-29.643499
42.377630	-86.691601	35.527427	100.000000	-78.803721	39.905761
100.000000	-100.000000	54.175537	42.953219	-100.000000	-10.666201
-55.196466	92.903058	-42.452604	-100.000000	89.970895	-19.220953
59.785124	-95.660648	44.492752	100.000000	-92.995944	15.438521
36.795630	-83.758557	33.890010	100.000000	-74.643343	48.547119
-50.320804	90.917007	-40.751546	-100.000000	85.677608	-26.805113
38.089184	-84.920823	34.962927	100.000000	-76.044950	45.754036
49.459047	-90.109972	40.037426	100.000000	-84.243004	29.154682
53.141425	-92.561123	41.761617	100.000000	-88.328630	20.745195
48.569835	-89.873414	39.371917	100.000000	-85.173639	28.025115
-60.512574	96.377349	-44.708641	-100.000000	93.932315	-10.749438
-51.753566	92.515133	-40.729261	-100.000000	87.325297	-24.200605
49.577651	-89.838970	39.167098	100.000000	-84.843945	29.072544
-59.924479	95.169415	-45.653759	-100.000000	94.799739	-11.367060
55.746176	-93.117368	42.026710	100.000000	-89.939610	20.525555
-44.807723	88.068424	-37.497930	-100.000000	81.269602	-35.944802
50.773738	-91.258422	39.896679	100.000000	-85.874159	27.250586
58.646449	-96.118034	44.202089	100.000000	-91.687316	12.485961
54.084065	-92.757769	40.976118	100.000000	-88.809615	21.836625
51.342707	-91.990939	39.776961	100.000000	-87.447177	24.039907
56.242564	-94.925521	43.372436	100.000000	-89.891419	18.888690
-47.735907	90.056969	-40.066457	-100.000000	84.538330	-30.311729
-58.353421	96.285135	-45.539130	-100.000000	93.253597	-13.278109
53.102536	-92.497764	41.398390	100.000000	-88.772055	23.022845
-52.282731	91.587779	-40.575223	-100.000000	86.573645	-25.828864
-58.963435	94.056220	-43.121286	-100.000000	92.860347	-16.895283
55.162093	-94.006472	43.801135	100.000000	-90.863612	16.983650
57.431359	-95.027304	44.606488	100.000000	-93.854820	13.520327
44.975475	-88.801012	38.493361	100.000000	-81.944102	34.259217
45.412079	-88.385523	37.513215	100.000000	-81.556558	34.105187
-39.795024	85.553133	-36.159157	-100.000000	76.899019	-44.095062
100.000000	-100.000000	53.769599	28.786535	-100.000000	-8.080195
60.347296	-95.651994	44.676140	100.000000	-93.533966	14.637595
-58.292908	95.325950	-43.065308	-100.000000	91.711783	-15.257992
41.548734	-86.037329	36.619117	100.000000	-78.438652	41.234518
49.123817	-90.266649	39.546400	100.000000	-84.489164	30.226799
-87.708401	-80.252579	30.844041	100.000000	-68.901116	58.564532
-43.593963	87.702747	-37.025212	-100.000000	81.200533	-36.935877
44.712193	-88.397782	37.750055	100.000000	-81.586786	35.574659
55.169603	-93.275127	42.560240	100.000000	-89.218710	18.536271
35.169071	-83.401136	33.240426	100.000000	-73.979411	50.282393
58.937136	-95.218614	43.890130	100.000000	-93.574337	13.154850
36.009960	-83.705139	34.050279	100.000000	-73.938429	48.953657
-54.093026	93.317746	-41.596961	-100.000000	89.064134	-21.349167
-48.616196	90.219493	-39.728098	-100.000000	84.532356	-29.480461
46.311006	-88.584347	38.261715	100.000000	-82.755742	32.897564
57.656519	-95.389750	43.553597	100.000000	-90.922656	17.197543
-56.217418	94.465995	-42.596572	-100.000000	92.240910	-18.092245
47.780011	-89.810573	38.964893	100.000000	-84.004212	31.119043
-50.390724	91.007570	-39.730689	-100.000000	85.686524	-27.300922
50.983796	-91.626283	40.245939	100.000000	-86.734323	26.074945
38.550540	-84.821977	34.548715	100.000000	-75.585794	46.029403
-40.705985	85.629119	-35.072396	-100.000000	77.994289	-43.187132
48.862528	-90.463853	39.897669	100.000000	-84.634009	28.637150
41.648047	-86.575908	36.720076	100.000000	-78.428584	40.376245
38.222204	-84.485838	34.430009	100.000000	-75.586418	46.316673
-57.776779	94.538067	-44.781161	-100.000000	92.666203	-15.437945
55.943805	-93.582996	42.387043	100.000000	-89.796149	19.449826
-50.716254	90.607858	-40.560884	-100.000000	85.984588	-26.634824
-59.721308	96.342070	-45.316402	-100.000000	94.445221	-8.863289
-61.909764	96.192024	-46.312801	-100.000000	94.897505	-9.975626
-56.221875	94.122166	-43.963787	-100.000000	91.162207	-18.091063
-57.386678	93.741267	-42.347606	-100.000000	90.992091	-18.029496
-59.521023	94.041896	-42.829828	-100.000000	91.966942	-15.865582
54.016122	-92.730057	42.324535	100.000000	-88.345466	21.194423
51.983484	-92.033637	41.309290	100.000000	-87.309293	23.983910
58.926678	-96.679962	44.960021	100.000000	-92.910083	12.528540
60.518366	-96.122772	44.502862	100.000000	-92.641504	11.413027
-49.591585	90.852264	-39.896227	-100.000000	84.765298	-27.605478
44.694176	-88.551078	37.486226	100.000000	-81.484354	35.680167
57.204647	-94.396190	44.823214	100.000000	-92.569519	14.526507
48.584821	-89.837287	39.546192	100.000000	-84.057583	30.348267
49.298777	-90.352214	39.445951	100.000000	-84.377374	28.993231
-49.360801	89.905207	-38.968303	-100.000000	84.428232	-28.796108
55.470187	-93.265402	42.311488	100.000000	-89.361310	19.692830
-54.082650	91.883117	-41.240496	-100.000000	86.692672	-24.264923
-35.725470	83.731195	-33.899420	-100.000000	74.455237	-49.592141
-56.918516	94.300001	-43.886593	-100.000000	90.919896	-16.241257
63.173600	-100.000000	46.006246	100.000000	-96.175275	6.367125
-50.160531	90.791112	-39.974706	-100.000000	85.761279	-26.534433
38.359714	-84.530576	35.060732	100.000000	-76.194003	45.401530
48.003373	-89.676087	38.761029	100.000000	-83.430733	30.357199
-56.594488	94.946680	-44.125687	-100.000000	91.581058	-16.468466
49.964124	-91.081814	40.462702	100.000000	-85.176374	27.726564
39.859991	-85.526953	35.451564	100.000000	-77.468743	43.819265
64.097000	-97.204536	45.446651	100.000000	-98.134514	6.428355
-64.764301	94.354018	-45.967061	-100.000000	92.023257	-6.895263
-49.174183	90.205953	-39.608390	-100.000000	85.190550	-29.691586
49.059215	-90.367800	40.457529	100.000000	-85.026551	29.059988
48.331105	-90.032787	39.746112	100.000000	-84.597416	28.123459
55.593717	-94.829807	43.223718	100.000000	-91.239123	18.626656
46.740381	-89.835833	38.596711	100.000000	-83.735130	31.356105
-52.062507	92.223944	-41.308977	-100.000000	87.439757	-24.121975
48.836052	-90.324059	39.067531	100.000000	-84.468706	30.376309
42.449616	-87.664015	36.304300	100.000000	-80.180897	38.169775
-52.185381	92.355427	-41.590301	-100.000000	87.713013	-22.796379
38.234110	-85.112218	34.484062	100.000000	-75.794513	45.738200
45.802311	-88.437080	37.472605	100.000000	-81.668636	35.323565
-57.810845	93.995780	-42.291341	-100.000000	91.772026	-17.085275
55.628588	-94.518898	42.301005	100.000000	-90.210789	18.259648
53.804584	-92.441304	41.294629	100.000000	-88.313503	21.799139
-59.563980	96.378108	-44.297396	-100.000000	92.304080	-12.261953
50.564552	-90.938695	41.111993	100.000000	-86.713531	26.299972
45.345005	-88.949401	37.721385	100.000000	-81.971115	34.600814
-52.353693	91.795970	-41.067115	-100.000000	87.353959	-24.677046
-49.419583	91.341868	-40.382310	-100.000000	84.893734	-28.822717
-89.061551	-79.599772	30.456360	100.000000	-67.762013	61.082354
54.882680	-93.207266	41.332907	100.000000	-89.053551	20.608455
50.434221	-90.307017	39.867619	100.000000	-86.372166	26.853622
39.854817	-85.335048	35.369474	100.000000	-77.328227	43.067679
45.796110	-88.930677	38.686011	100.000000	-82.374857	34.855335
54.762170	-92.981396	40.388457	100.000000	-87.654186	23.286158
57.743224	-95.422717	42.512798	100.000000	-91.905364	15.988498
-47.736058	90.105363	-39.406276	-100.000000	83.361051	-31.026834
-39.497717	85.741549	-35.165234	-100.000000	76.800661	-43.434220
52.748645	-91.811458	39.614822	100.000000	-86.726725	23.844701
54.255520	-94.792800	43.464410	100.000000	-90.670210	17.169077
-54.023901	92.796011	-40.735210	-100.000000	89.301082	-20.374634
-38.789496	85.015599	-35.627021	-100.000000	76.891355	-44.991184
52.445511	-91.445552	40.379217	100.000000	-86.722779	25.980174
41.329268	-86.210006	36.479982	100.000000	-79.354563	39.645128
57.777612	-94.101399	44.148011	100.000000	-91.397955	16.499223
39.634791	-85.059314	35.149932	100.000000	-76.952563	44.479964
-43.658930	88.132835	-36.790531	-100.000000	80.216981	-36.480180
44.024692	-87.665562	37.161299	100.000000	-80.968654	37.308662
47.270423	-90.113654	38.261518	100.000000	-83.410642	32.328823
39.870865	-85.638612	35.764190	100.000000	-77.357915	43.483368
52.798024	-92.161351	40.374355	100.000000	-87.238426	25.219192
49.588489	-90.630882	39.942505	100.000000	-85.279789	28.695490
47.421966	-89.921195	38.484445	100.000000	-83.278000	31.116582
40.990898	-85.930864	36.314806	100.000000	-78.187765	42.495580
53.158335	-92.724615	41.162457	100.000000	-88.967716	22.342341
-59.487074	94.940031	-44.542387	-100.000000	93.328318	-13.527191
-60.028636	96.064807	-43.642197	-100.000000	93.868572	-13.360682
-53.446034	92.978871	-41.772450	-100.000000	88.705259	-21.040319
48.985432	-90.213341	39.338037	100.000000	-84.286385	30.152125
56.669019	-93.692302	42.780493	100.000000	-90.885542	18.422102
45.377233	-87.724738	37.766337	100.000000	-81.324034	35.611887
-44.653403	88.122081	-38.462228	-100.000000	82.251173	-34.582428
-37.330613	84.556616	-34.688890	-100.000000	75.691304	-46.890769
52.399709	-91.432014	40.695225	100.000000	-87.695591	24.685084
51.762566	-91.475816	40.761493	100.000000	-86.980704	25.339741
54.912248	-92.159260	41.415138	100.000000	-88.851407	20.824055
41.998906	-86.189169	36.232197	100.000000	-78.922964	41.236831
55.073934	-92.617309	40.982304	100.000000	-89.134578	20.919218
-54.140086	92.707267	-42.248548	-100.000000	88.978077	-20.994471
-45.196946	88.355680	-37.640561	-100.000000	81.523228	-35.635819
-56.773076	93.275137	-43.045830	-100.000000	91.543104	-17.135914
44.549513	-88.195338	38.037917	100.000000	-81.555760	35.052801
-46.393089	88.908131	-38.141432	-100.000000	83.361299	-32.370630
52.096164	-92.040348	41.415504	100.000000	-87.608571	23.747512
-48.363302	90.319845	-39.697249	-100.000000	84.926636	-28.752325
54.310417	-93.217915	40.633480	100.000000	-89.294571	21.037066
-49.884702	90.812602	-39.659047	-100.000000	85.337440	-28.396222
53.122713	-91.819287	41.041592	100.000000	-87.400787	24.509037
48.007284	-89.740756	38.748832	100.000000	-84.191467	31.483591
50.147757	-91.794949	39.866804	100.000000	-86.273161	25.427962
54.680556	-93.477764	42.014452	100.000000	-88.824427	22.092109
53.184200	-92.364710	41.725074	100.000000	-87.919432	21.536656
47.187627	-89.370651	39.135867	100.000000	-83.171404	31.599467
59.856007	-93.584063	43.722528	100.000000	-91.202989	13.251934
-45.289846	88.385102	-38.035766	-100.000000	81.562011	-34.747567
-58.154763	94.215620	-44.189856	-100.000000	91.602169	-16.954163
-58.646706	94.813320	-44.596230	-100.000000	92.154478	-13.978025
56.285489	-94.291571	42.555328	100.000000	-89.498008	19.477913
-51.179113	92.389258	-41.766188	-100.000000	87.721637	-24.282196
-59.520801	95.128594	-44.480794	-100.000000	94.128359	-12.467290
-47.929772	89.543207	-39.132539	-100.000000	84.070630	-30.532187
47.164720	-89.485370	39.151478	100.000000	-83.681341	30.665640
-52.755652	92.373765	-40.738689	-100.000000	88.186768	-23.644881
56.899862	-94.543295	44.051252	100.000000	-91.402481	16.349353
-40.644265	85.874636	-35.884458	-100.000000	77.822321	-41.498806
94.707751	-95.392990	44.678378	64.821223	-94.508178	12.567494
-57.637696	94.257532	-44.945508	-100.000000	92.830407	-12.693888
-59.685537	95.615111	-43.671378	-100.000000	93.049797	-11.110392
47.763822	-89.727778	39.391417	100.000000	-84.346039	31.334074
-50.740829	90.721562	-39.544060	-100.000000	84.916604	-27.998180
53.828501	-92.744916	41.917165	100.000000	-89.285289	20.970652
-48.865627	90.459386	-40.350376	-100.000000	84.881889	-27.919935
-52.975498	92.342310	-40.893071	-100.000000	87.320197	-23.567317
