33.294639	88.613500	99.656451	-100.000000	-21.811813	29.748882
27.117012	87.689580	99.984856	-100.000000	-24.058889	40.099940
44.300538	78.998736	99.951082	-99.975561	-38.142798	-63.815074
-50.073296	82.846499	99.361007	-100.000000	-32.367601	42.124357
-14.359963	84.447089	99.113201	-100.000000	-29.697365	39.629228
27.474765	84.310606	99.841723	-100.000000	-30.105872	68.615012
-70.606100	-78.015971	-100.000000	100.000000	38.791485	18.986581
16.114099	85.850367	100.000000	-100.000000	-25.530043	-69.786637
-51.840732	-80.054315	-97.368448	98.817065	34.239167	6.007743
51.354818	-92.162755	-99.408657	99.855004	16.166322	-64.902149
-31.767386	-86.224710	-100.000000	100.000000	25.655786	60.724240
11.902869	-89.865467	-99.375712	99.503502	21.878247	27.998097
-37.068699	-76.035101	-99.799213	99.687118	46.171479	41.980666
24.261866	1.722149	100.000000	-99.598881	-42.853879	-17.547620
19.921723	-91.592727	-99.936558	100.000000	15.738139	-70.161877
40.316236	-77.894999	-99.980089	99.860459	40.807786	40.298238
-28.648642	-99.929789	98.914383	-99.863223	-60.786813	16.993825
10.506704	-81.588674	-99.805275	100.000000	34.546362	23.122723
45.835373	26.373780	100.000000	-99.735393	-53.924619	-26.235720
26.346535	-84.007299	-99.335820	99.420538	29.757492	19.309776
-27.235918	-99.863262	100.000000	-99.954112	-73.974259	43.007257
30.825461	100.000000	-100.000000	100.000000	76.634662	60.778897
-15.313857	-87.312541	-99.890386	99.947536	24.252811	41.912432
-32.864245	-78.461001	-99.495279	98.952308	37.146517	5.319782
17.181337	-94.819441	-99.087376	99.991848	10.040757	-60.015997
24.138650	99.941935	-99.440743	99.548858	64.215968	56.877239
28.868626	-89.360268	-100.000000	99.755007	18.996144	53.975486
62.332305	-90.221266	-100.000000	100.000000	17.366012	47.684698
15.086099	77.620927	99.526463	-100.000000	-43.115411	38.772599
26.438859	92.036465	100.000000	-99.990918	-14.573667	-6.719747
49.908810	84.320613	99.526006	-99.902468	-28.853476	-26.099382
-15.270940	91.937836	99.516084	-99.918974	-14.453859	58.460219
-50.128904	99.955865	-100.000000	99.943485	70.757050	-28.746146
27.521568	-90.096888	-100.000000	99.329201	18.744465	-39.328897
24.298233	92.886805	99.905292	-99.744507	-15.719983	-52.484286
28.778229	73.984574	99.620551	-99.903681	-49.311384	36.721109
-87.178987	100.000000	-13.841465	100.000000	34.970515	32.499675
-92.581782	90.696071	99.549073	-100.000000	-15.636050	45.620794
-76.159926	91.619031	99.917507	-99.369223	-17.106133	13.766147
25.169861	-88.046779	-99.815798	100.000000	21.847701	19.824776
-32.999551	99.590412	-99.466154	97.293415	77.414916	-12.698304
-53.177762	-89.713541	-99.593142	100.000000	20.406176	-31.655560
-97.849999	100.000000	42.532013	99.226400	32.203065	-15.077926
48.212453	99.320087	-99.341453	100.000000	95.737283	19.134892
-33.701753	-82.636276	-100.000000	100.000000	30.327024	28.759938
48.600764	-86.248960	-100.000000	99.898200	25.337821	23.472672
-32.876379	99.745174	-98.634458	100.000000	56.402633	28.237017
42.184398	84.174613	99.462835	-100.000000	-29.507570	29.402570
77.947949	100.000000	-100.000000	99.539610	54.210566	-25.418069
16.955633	81.596719	100.000000	-99.501140	-34.227056	-34.364442
44.673847	-81.209794	-99.816807	100.000000	35.947167	94.597816
63.734576	89.842732	99.805766	-99.933707	-17.929513	-37.507187
28.324014	71.925396	100.000000	-100.000000	-49.945162	-17.440504
21.039938	82.173367	100.000000	-99.976389	-33.655431	73.633463
-58.867266	99.427070	-100.000000	100.000000	64.420278	25.766079
30.271123	100.000000	-100.000000	100.000000	66.200827	-33.756070
25.899052	-90.488756	-99.716816	99.987036	19.274145	31.969119
21.402650	-85.199323	-99.603593	100.000000	28.477352	22.146815
52.629213	-89.404407	-99.913090	100.000000	18.681319	56.460966
-39.970512	-80.066782	-99.404852	100.000000	36.933062	-26.333787
49.922178	81.021319	100.000000	-99.956571	-35.221642	-50.585477
-8.377066	-100.000000	100.000000	-100.000000	-58.945857	53.275270
31.331577	-81.164229	-99.683236	99.848060	35.250441	-27.824175
-56.751516	96.406664	99.400543	-100.000000	-11.916193	23.315678
67.767308	99.946218	-99.701083	100.000000	57.537255	-36.649060
-34.302963	89.919928	100.000000	-100.000000	-19.373750	29.050861
60.384906	-79.062591	-99.917102	99.758831	37.870336	31.607920
-93.344359	86.925186	100.000000	-99.957329	-24.364580	-48.362989
-26.427653	85.820510	100.000000	-100.000000	-24.805882	36.699120
-32.144176	93.990410	100.000000	-100.000000	-12.907885	44.230528
18.869050	-50.060783	-99.927854	99.499839	56.440224	10.476336
-33.878362	81.011836	99.093888	-99.299440	-35.431934	24.642814
-45.267240	-93.089082	-100.000000	100.000000	9.743825	-12.763834
-39.724155	-88.555298	-100.000000	100.000000	21.276394	63.382253
15.520578	9.416605	-100.000000	100.000000	50.482333	29.200599
-33.966574	99.568665	-99.284784	99.888721	74.372910	21.324022
-27.655553	-89.334848	-100.000000	100.000000	18.233328	-54.257792
35.800333	-93.451162	-100.000000	99.358443	10.785288	-13.769154
81.142896	90.631534	100.000000	-100.000000	-15.415883	44.041183
-24.447249	-86.953748	-99.680644	100.000000	24.289394	38.819213
-49.479670	-80.827310	-100.000000	99.922365	36.569261	25.368744
57.219764	-75.383238	-100.000000	99.944830	46.183860	-22.658608
28.987098	93.511245	99.389259	-100.000000	-12.986490	-33.792358
-52.517854	-89.653497	-100.000000	100.000000	18.620626	68.261244
-8.736174	88.816920	100.000000	-100.000000	-20.712237	23.935132
-28.811668	-85.406997	-100.000000	100.000000	27.735925	39.330743
21.416380	-86.080722	-99.531832	100.000000	28.564086	23.410928
37.407115	-82.639354	-100.000000	99.935483	32.601670	-37.052347
-14.105455	-79.493393	-100.000000	100.000000	39.677132	-18.754125
24.881607	-93.422557	-99.877222	99.908894	10.952249	32.471326
-17.938141	100.000000	-100.000000	100.000000	58.900742	61.430531
-18.187537	81.278576	99.814118	-99.962324	-33.902647	-30.414252
-38.221812	84.137749	100.000000	-99.638004	-27.824067	30.553210
11.460010	-80.339119	-100.000000	100.000000	34.817086	-70.743022
46.949153	99.692565	-99.746707	99.949131	62.302247	26.358747
-17.680219	75.552302	98.925943	-100.000000	-49.132552	18.150471
33.177303	-77.194203	-99.883208	99.177630	43.736878	-18.308576
20.219892	-82.365182	-100.000000	100.000000	34.182607	32.231479
-29.456241	50.656156	99.121105	-99.860229	-48.805427	11.770127
-32.065089	-6.939927	99.387534	-100.000000	-42.483292	32.617723
-56.277156	-85.397807	-100.000000	100.000000	26.239780	-64.971169
-29.445896	93.509870	98.905740	-100.000000	-9.726256	-46.048331
-9.362597	100.000000	-99.898587	99.936851	54.160977	47.931544
32.079868	88.718686	100.000000	-100.000000	-21.082141	6.502539
-26.562191	-88.596945	-99.362170	100.000000	21.053092	-34.080738
94.743696	-98.771374	-41.037321	-99.997730	-26.602052	9.184141
54.639464	-82.280420	-99.862070	99.794660	32.634472	26.535952
-37.019203	89.009960	99.805559	-99.864904	-20.942908	-47.388066
25.500341	90.850244	99.534224	-98.599086	-20.439500	21.717457
-62.541845	90.688945	100.000000	-99.739160	-17.281936	46.264089
64.739024	-76.406709	-99.666754	99.723472	45.100519	-34.357639
-55.824602	87.523875	100.000000	-99.861050	-23.774391	41.197034
-31.754981	99.980086	-99.822737	99.906036	55.617410	45.307409
18.375257	91.404811	100.000000	-100.000000	-11.168370	27.449217
-56.588955	-100.000000	100.000000	-100.000000	-54.976881	25.707149
6.732602	-80.434590	-99.057812	100.000000	35.689121	-14.198263
20.096509	-85.417129	-99.275416	99.797725	27.516068	-24.102357
73.163963	90.334524	99.335608	-100.000000	-17.526861	21.549339
47.873692	92.494971	99.444212	-100.000000	-13.687557	48.651945
24.390377	86.443645	99.169879	-100.000000	-24.524323	42.175065
-25.531328	-90.930148	-100.000000	100.000000	17.086452	41.445308
-74.412357	100.000000	84.497663	37.630246	6.633394	-37.978075
40.688737	-87.178440	-99.304258	99.531911	25.211006	27.600211
60.477500	88.876152	-100.000000	99.899698	47.854809	-13.169014
39.424725	-82.149761	-99.360549	100.000000	33.725320	43.486609
-9.635322	99.432482	-99.766080	100.000000	52.334483	-26.526013
12.865980	99.568324	-99.714984	100.000000	54.812218	-22.652482
13.865606	81.775362	100.000000	-100.000000	-35.210056	27.079388
-18.891930	-84.131048	-99.860103	99.932191	29.740493	-42.123096
-40.427641	-82.625639	-99.189295	100.000000	31.783349	-22.561771
53.523306	79.530885	100.000000	-100.000000	-38.068708	38.041772
59.968042	99.072481	-99.766151	100.000000	55.504584	14.378921
-55.339287	92.896242	98.929734	-99.573877	-12.801525	18.988194
13.164975	-94.749914	-100.000000	99.993788	12.958539	-26.292118
19.877922	-47.159581	-100.000000	99.584721	48.390064	28.363089
-12.267422	-88.087716	-100.000000	100.000000	27.406324	10.153233
18.207120	95.806783	100.000000	-100.000000	-7.592147	10.507366
11.234629	-91.509810	-100.000000	99.171689	11.479706	-21.937266
34.848517	100.000000	-99.926754	99.559615	58.935675	-36.557684
-46.640868	-89.779226	-100.000000	99.862450	19.148959	39.769953
-46.977241	77.496805	99.902025	-100.000000	-43.358229	34.061035
28.899883	-99.924266	99.755042	-100.000000	-53.936860	32.336378
-52.228804	-35.005303	-99.976143	99.873562	10.345058	64.663633
-8.412733	-100.000000	99.519097	-100.000000	-81.413291	45.738038
35.439506	-87.229501	-99.404535	100.000000	22.922379	75.085281
-10.775118	83.840451	100.000000	-100.000000	-30.789497	25.954065
38.443698	93.686304	100.000000	-100.000000	-9.251523	54.948471
33.293489	-29.122697	-100.000000	100.000000	48.200892	22.729058
-20.330131	100.000000	-99.926458	99.589867	70.608421	-15.924511
31.133861	100.000000	-99.446122	100.000000	57.467926	-20.185525
99.092140	-85.285611	-99.661545	99.767654	28.580355	40.463579
-94.843012	100.000000	40.850173	100.000000	36.627697	-15.610982
20.194389	-93.086330	-99.717351	99.744518	13.677134	49.693992
47.433678	92.109955	100.000000	-99.834613	-14.932240	-42.392822
-79.597648	84.560235	100.000000	-99.241711	-28.855543	11.159480
-0.679875	100.000000	99.859016	-74.770191	11.119176	17.911804
30.010962	77.996069	99.744355	-100.000000	-42.263272	-11.973486
-19.607792	-88.372446	-100.000000	99.280825	23.387009	13.495665
57.326211	-80.186946	-100.000000	100.000000	37.201110	52.539952
18.601038	80.452577	100.000000	-99.798420	-37.441759	66.895102
24.341603	-94.584664	-99.906872	99.714768	11.167227	44.448253
-7.198745	-93.004300	-99.527509	100.000000	17.211799	-55.257634
-46.534566	-99.294545	100.000000	-99.401562	-59.288394	-14.157240
19.504367	80.449857	99.848255	-99.870679	-36.601555	62.318350
47.998111	86.854848	100.000000	-100.000000	-25.365430	22.666148
40.818416	-96.020620	-99.426043	99.903714	10.647490	-43.788124
-40.517347	82.592391	100.000000	-100.000000	-31.252181	38.568817
-37.107510	89.248254	99.209460	-100.000000	-18.234261	44.766558
-69.103977	-88.575757	-99.793117	99.821713	23.089888	33.823756
29.636430	76.831942	100.000000	-99.840024	-44.194511	77.987192
42.426051	-90.546698	-99.189367	100.000000	19.247340	-15.835624
67.425736	-100.000000	99.899303	-99.606334	-59.554563	-35.868091
-7.986689	99.905676	-99.824904	100.000000	75.687638	-37.550294
53.596845	100.000000	-100.000000	100.000000	56.353539	-20.862218
-26.353509	84.482742	100.000000	-99.687650	-27.342159	40.586733
35.900628	-100.000000	100.000000	-99.326818	-93.971893	17.147100
15.555400	-94.632214	-97.962212	100.000000	12.935931	20.286080
50.249441	99.550449	-99.784903	99.820138	71.071840	15.927448
-26.832893	-84.337899	-99.877877	100.000000	30.222275	45.561440
28.608046	-90.179768	-100.000000	100.000000	19.642566	61.558510
17.756403	87.238810	99.200995	-99.657716	-23.244427	11.992811
54.861645	-78.383036	-100.000000	99.636020	40.596309	45.971271
-22.798272	-86.323734	-100.000000	99.111468	25.672272	-39.171085
13.077145	-56.141325	-99.916731	99.907177	53.847819	-44.464376
-30.665505	-77.315691	-100.000000	100.000000	43.005589	51.613081
-47.511128	-91.979468	-99.748638	99.948293	14.601841	32.126459
-64.152693	-99.893060	100.000000	-99.812467	-68.980919	64.369541
30.417544	-88.128599	-99.773486	99.692742	24.367417	-22.761355
11.305581	-99.548156	99.881990	-99.863734	-60.712558	24.708240
29.698329	86.105818	100.000000	-100.000000	-25.347380	-27.560367
67.112492	-91.079863	-98.933252	100.000000	15.504532	30.195232
39.834560	98.504256	-99.433065	99.339766	97.862148	11.760512
26.920302	80.953190	99.468059	-100.000000	-35.786004	37.461739
45.251497	80.601323	99.811456	-100.000000	-36.825201	40.969250
-9.536540	100.000000	-100.000000	100.000000	68.678859	12.341035
40.355115	100.000000	-99.941722	100.000000	82.936004	16.062648
10.005044	83.440663	99.224893	-100.000000	-31.427023	34.513503
42.111796	-94.173076	-100.000000	100.000000	12.824252	51.232602
34.279829	78.306931	100.000000	-99.768928	-41.363317	23.186674
19.741689	-97.937976	-97.892370	99.502232	4.767991	-24.777027
35.147336	77.484973	99.917513	-100.000000	-43.406011	-30.198892
7.476683	-77.102589	-99.989628	99.977195	39.453137	-53.179193
-39.598778	92.455202	99.139482	-100.000000	-16.916880	79.822428
29.622437	82.708270	99.849669	-99.985579	-32.337572	54.735463
-69.440962	83.970532	99.787153	-100.000000	-28.540498	-49.904519
78.175143	78.854496	99.792345	-99.664124	-40.721133	31.453139
-22.407521	-83.454974	-100.000000	97.100737	25.181354	0.201081
-45.880313	88.309207	99.996276	-100.000000	-21.896730	-31.430105
-14.301198	77.503275	99.999848	-99.209363	-43.910379	16.169742
-42.673731	83.597804	99.191496	-100.000000	-30.602994	-32.508595
32.059986	-81.253151	-99.793460	99.883932	35.949334	43.654412
10.512493	100.000000	-100.000000	99.787687	64.738565	-27.197412
21.986552	-88.256217	-99.065916	99.800542	18.340741	21.130687
-30.894127	-79.918421	-99.948898	99.896351	37.019274	59.117687
-39.008287	-89.403197	-100.000000	100.000000	20.386312	44.706236
29.544132	-79.524439	-99.253065	99.508592	37.922350	29.460957
48.206534	-81.385268	-100.000000	99.715918	34.271807	36.833601
25.934320	-81.947033	-99.644369	100.000000	33.745599	51.305012
83.860482	-85.845517	-100.000000	100.000000	26.837315	55.303405
28.784109	82.408500	100.000000	-100.000000	-31.015529	-60.202793
-21.712606	-76.691192	-99.782414	99.976803	44.621024	-37.080332
-82.719021	89.330398	100.000000	-100.000000	-17.759562	9.034486
-13.232051	-99.374833	99.357505	-99.466879	-67.923161	18.045977
62.782104	-6.249702	-98.486838	98.990969	49.001553	-2.175209
58.006532	100.000000	-99.447319	99.680771	53.874462	25.751378
-51.400603	-89.124403	-99.820849	100.000000	20.614002	-41.358078
93.417817	100.000000	-99.343453	100.000000	66.613921	11.920586
53.656728	-76.686368	-100.000000	99.619603	44.325977	-19.090736
15.226160	89.802582	99.483264	-99.869494	-18.852380	27.099159
-25.020895	-91.181881	-99.688792	100.000000	15.044455	30.588610
-17.103930	-75.719395	-99.582788	99.881089	45.699035	-36.137300
31.886315	-77.860914	-100.000000	99.369475	41.532301	-18.501042
-41.801839	-88.310710	-99.675059	100.000000	22.473594	41.123267
43.094848	-85.827021	-99.540669	99.836507	27.127843	-50.295843
20.954737	87.108639	100.000000	-100.000000	-24.444590	40.884892
31.108299	-90.154426	-99.629024	100.000000	17.397015	35.196823
50.106915	-94.577066	-97.150916	100.000000	11.428265	26.505642
-16.646678	-74.383893	-99.594005	99.614911	48.660581	-19.101588
-29.930763	-80.149229	-99.651030	99.818139	37.094562	-28.854199
58.568380	-92.213453	-99.371535	100.000000	16.659307	22.401931
-35.321741	92.278159	99.594012	-99.977815	-12.271011	78.434305
-5.291009	-100.000000	98.367259	-99.632019	-64.673867	-15.668099
38.151196	89.935264	99.539672	-99.998943	-17.049877	-35.132341
43.046926	89.581679	99.689045	-99.340408	-18.516486	9.609205
-32.389589	78.022520	99.647782	-100.000000	-42.371062	-25.841363
86.260545	-99.288044	-43.001691	-100.000000	-23.865955	22.605290
33.199974	81.648712	99.870304	-99.169734	-33.123712	27.492426
17.303975	-79.222652	-99.892507	99.827193	37.411349	-50.613737
-51.317284	-85.053883	-100.000000	100.000000	26.501381	-22.705901
9.579114	99.910304	-99.585551	100.000000	79.960751	-26.338358
30.593946	78.443213	100.000000	-100.000000	-40.237096	-50.806129
22.924534	75.642111	100.000000	-99.151687	-45.395440	25.836374
-24.975944	87.770137	100.000000	-100.000000	-23.837141	-46.748673
-62.426386	-95.205112	-99.678677	99.907163	10.648664	27.380883
-80.466090	91.271535	99.773124	-100.000000	-18.166135	33.628607
26.385641	72.626266	99.891429	-100.000000	-50.852151	-25.712650
-33.065285	-90.492472	-100.000000	100.000000	18.626387	10.783954
44.597853	-79.152182	-100.000000	100.000000	38.755011	25.416723
15.554992	77.003801	99.867695	-100.000000	-43.441194	45.689950
15.866226	-100.000000	100.000000	-100.000000	-63.451738	-26.890396
11.826427	99.877525	-100.000000	99.918814	68.786287	65.203618
14.050424	94.977304	99.580588	-99.977328	-9.966278	-41.845746
25.527985	53.042766	-97.701602	51.763276	6.188567	-8.898450
-13.296131	-100.000000	98.831438	-100.000000	-93.186273	13.054287
30.855025	-83.426565	-99.764228	99.642243	31.282756	29.153101
22.668715	88.529571	99.859561	-99.814382	-21.921554	-59.011310
48.577422	-83.370186	-99.600070	100.000000	32.314819	50.967273
9.361963	-56.788648	-100.000000	100.000000	54.834581	7.011143
66.272947	92.545945	99.966829	-99.678317	-15.310990	-26.170326
-36.208468	76.340037	99.989172	-99.833837	-44.478448	43.421054
32.882074	-88.066079	-100.000000	100.000000	22.618917	-33.478568
15.373783	-78.599393	-99.749795	99.892411	39.815921	76.046308
-37.084441	86.444662	99.436670	-100.000000	-24.600336	-36.386204
-11.050516	-99.959243	100.000000	-99.969245	-76.403607	-31.055617
-24.208494	77.781335	99.817100	-99.958833	-40.109659	68.766413
42.248262	-92.341705	-100.000000	99.945716	12.707708	49.333422
-21.815117	81.218661	99.099705	-100.000000	-37.237503	15.215739
-22.342733	81.224541	99.767948	-100.000000	-36.047086	34.505375
-20.635741	72.805252	100.000000	-99.724760	-49.963855	-33.417485
18.006819	100.000000	-100.000000	100.000000	73.614909	68.685437
18.242095	-88.697377	-100.000000	100.000000	21.023272	52.751221
18.492112	-84.012009	-100.000000	100.000000	30.756072	9.091248
34.709398	-83.217917	-99.871216	99.895931	33.278281	93.589017
87.474304	100.000000	-99.591422	100.000000	59.832750	-37.218306
-40.810807	-85.506843	-100.000000	100.000000	21.783729	-5.691144
70.914681	-85.509888	-100.000000	100.000000	27.691043	-16.989730
-33.831415	83.621881	99.815828	-100.000000	-29.640649	-49.894612
-18.405203	-90.201663	-99.174419	99.901771	18.665647	35.914365
9.764306	100.000000	99.518604	-85.953939	5.982890	28.085760
-26.733889	-88.591322	-99.473084	100.000000	19.409494	-35.766144
25.754020	84.506401	99.273752	-99.676142	-29.819499	32.099297
65.311323	87.006300	99.904850	-100.000000	-23.948701	-66.075639
33.044147	-92.691929	-99.721702	100.000000	11.707861	19.196596
38.437612	-92.041122	-99.965045	99.930576	14.468519	42.074366
36.862076	-77.896792	-99.858746	100.000000	41.380200	46.146388
64.774078	-75.935633	-99.836474	99.889197	44.056823	37.483426
41.568859	-75.791883	-99.710501	99.752837	44.823872	44.769560
64.699955	83.440318	99.913142	-100.000000	-31.286493	8.839415
67.471990	86.654443	99.792105	-100.000000	-23.525896	-11.915524
38.229529	-89.596603	-98.875457	100.000000	21.161802	-24.747798
28.123205	93.860265	100.000000	-100.000000	-14.077943	-36.666304
-40.431572	-83.914707	-99.617617	99.747658	31.813403	70.508728
49.092864	99.779912	-98.963441	100.000000	63.890397	-16.255852
49.716360	-37.326247	100.000000	-99.988132	-47.264068	-35.295698
27.362184	92.357608	99.427185	-100.000000	-14.059975	84.051383
24.204470	91.142804	99.346694	-99.923939	-16.433285	29.854986
97.940230	98.898693	-100.000000	100.000000	70.945859	22.240232
37.466049	72.582499	100.000000	-100.000000	-50.264655	-38.956016
-24.932105	-80.943222	-99.971634	99.951259	34.608015	43.728761
-41.519263	-83.742053	-99.279678	100.000000	30.411077	-31.656052
15.223776	89.102018	99.074905	-100.000000	-18.400914	27.887084
30.300237	92.047319	99.497580	-99.810766	-15.112770	13.008122
36.441125	-78.999802	-99.874236	99.425931	37.558426	-27.398845
-42.545484	91.698278	100.000000	-99.859344	-19.854622	-9.310138
-36.084950	-100.000000	99.460832	-99.679576	-84.840134	-21.701481
18.678923	40.667753	100.000000	-100.000000	-50.515140	45.357038
-42.012602	-76.644629	-99.652412	99.573248	43.855872	18.784252
7.368333	86.896799	99.425032	-99.964692	-22.127520	-16.504023
-34.113913	-100.000000	99.880220	-99.858148	-80.146718	-31.900617
85.572126	-86.759309	-100.000000	99.658835	23.488688	-36.661442
22.694592	100.000000	-99.884943	100.000000	74.133655	-52.888159
37.766112	-91.899824	-100.000000	100.000000	17.516378	12.453348
-42.371252	83.988042	99.743209	-99.632161	-28.182496	23.486334
54.001932	-79.860474	-100.000000	99.849982	37.455122	49.113045
-33.939137	-99.926210	99.863021	-99.739534	-80.266957	65.733307
-65.394097	90.295524	100.000000	-100.000000	-19.000939	-33.198466
7.170454	73.698640	100.000000	-100.000000	-48.433840	-13.751538
19.657688	-86.721561	-100.000000	100.000000	25.468857	59.046012
60.762400	-76.153296	-99.786684	99.531227	43.341746	28.538082
-32.892977	-80.994423	-99.776349	99.972794	36.172376	-63.210810
-22.720718	89.198625	100.000000	-99.777365	-18.453805	8.594405
-19.166914	80.941377	99.664951	-99.693143	-36.303389	41.174753
-43.908768	77.898150	99.974351	-100.000000	-42.453782	35.782905
58.842000	90.897331	100.000000	-100.000000	-17.013231	-68.387381
35.712546	-52.117016	-99.522936	100.000000	53.435091	29.117235
58.086194	88.112667	97.538334	-100.000000	-18.710774	9.245742
-37.542428	90.478596	98.468049	-100.000000	-21.466961	7.752687
-37.401544	88.591805	100.000000	-100.000000	-21.015236	-28.263114
-31.700610	-84.012362	-100.000000	100.000000	32.140347	-25.659317
51.716658	81.293607	99.358736	-99.783633	-36.889393	35.447843
36.103599	-100.000000	99.856750	-100.000000	-63.978238	-34.969275
-41.059772	79.432951	100.000000	-99.782905	-37.640407	-33.499573
-50.554719	-86.292149	-100.000000	100.000000	23.911829	-22.506654
71.308483	98.135027	-99.440972	99.975480	50.639796	13.862733
59.957793	-79.297429	-99.509748	99.517479	39.992550	-19.135024
-45.478778	-90.062374	-99.386235	99.956761	18.673293	48.496136
43.981881	-87.069493	-99.884702	100.000000	25.191314	23.441262
-53.737845	85.785380	100.000000	-100.000000	-29.568209	15.646710
-22.444869	95.934082	98.801377	-100.000000	-6.834375	24.177201
32.359514	45.929358	-100.000000	39.455083	7.644130	65.073570
-48.114712	-83.503517	-99.991832	100.000000	29.706590	-39.017569
23.540951	100.000000	-99.933805	99.964851	69.080758	-23.151735
-68.197614	89.024677	99.631936	-100.000000	-21.012403	50.131593
1.195105	91.414038	100.000000	-100.000000	-17.023486	83.323128
46.223592	-80.453403	-99.999846	100.000000	36.981523	49.460206
36.842497	78.384421	99.186885	-98.790138	-37.945493	-7.338302
-32.108405	-81.578320	-99.636069	100.000000	34.718631	24.837353
22.083672	-100.000000	46.495987	-99.150963	-18.220088	-9.722705
16.461900	100.000000	-100.000000	99.977086	90.384455	61.592277
47.023538	84.021297	98.628575	-100.000000	-28.806783	-19.686514
18.015802	-81.048260	-99.373846	100.000000	34.105716	18.523016
-39.201028	100.000000	-100.000000	100.000000	83.518508	0.571706
12.887867	-82.622386	-100.000000	99.967445	31.389803	31.561843
-13.871959	-99.821792	100.000000	-99.576074	-75.910970	-30.071722
-18.868390	99.916020	-100.000000	100.000000	73.292278	-60.553479
-20.754539	83.502349	100.000000	-99.452048	-29.783664	-28.795333
-14.347279	-82.262924	-100.000000	100.000000	33.325885	24.491120
-11.688862	-99.818997	99.930250	-100.000000	-73.652129	32.866194
-58.649062	-92.653585	-100.000000	100.000000	15.805542	-29.336315
-32.921186	-77.437738	-100.000000	99.937840	41.013879	-34.887985
-58.932968	-77.237527	-99.886920	100.000000	40.993073	15.906099
36.481898	87.251817	99.558088	-99.993291	-22.433425	-27.114666
-26.338489	-100.000000	99.661787	-99.872669	-54.246028	-70.993524
9.717822	-76.433072	-100.000000	100.000000	43.389675	-97.889287
33.838500	-86.673494	-98.788947	99.798001	26.413855	22.035901
36.206175	100.000000	-100.000000	99.992338	86.342886	-26.276854
-16.277943	-93.192686	-99.937760	100.000000	14.619225	34.797213
24.071476	79.434467	99.976866	-99.895615	-38.438928	-52.150652
-46.748547	89.743138	99.865433	-100.000000	-18.365956	43.449377
33.947764	-88.456422	-99.375841	100.000000	22.585910	-31.540924
-37.201016	100.000000	-100.000000	100.000000	54.448882	-27.391396
54.603774	-74.693786	-100.000000	100.000000	47.075655	-29.106624
80.837417	-83.868418	-99.908861	100.000000	31.581434	-32.425244
89.797064	90.013925	87.476348	-99.975903	-18.412987	-55.785858
45.425003	98.058134	97.946487	-100.000000	-1.559322	70.147683
42.063506	91.235018	99.746661	-98.888140	-16.001871	23.444002
22.433676	100.000000	-100.000000	100.000000	60.387648	32.283816
37.756131	86.358574	99.642364	-99.954352	-26.299104	83.902093
21.841559	-87.543286	-99.307884	100.000000	24.355756	44.161879
12.391302	-84.052630	-100.000000	100.000000	31.522372	-22.631816
-32.085899	-87.817870	-99.970294	99.950886	21.822115	-57.307399
37.312097	86.305069	99.984666	-100.000000	-26.867082	-58.645714
-38.358754	-86.274068	-100.000000	100.000000	25.396321	-41.250247
40.387601	76.453282	100.000000	-99.910919	-44.519438	-27.917611
39.350645	89.446447	99.444371	-100.000000	-18.995735	-26.890724
-49.602104	81.708385	100.000000	-100.000000	-33.606209	57.452736
-95.561828	88.356050	99.261771	-99.914412	-22.625001	-34.141261
12.976329	-100.000000	100.000000	-99.904781	-61.834653	-49.281989
58.151780	22.901137	99.272562	-100.000000	-40.446211	-10.170933
-22.230929	81.598658	99.918373	-100.000000	-35.749460	20.582057
60.831323	79.914084	99.900739	-100.000000	-37.675615	-23.498738
97.990650	-88.339404	-100.000000	100.000000	20.514570	25.321727
16.810102	-90.562086	-100.000000	99.800280	18.550073	36.215109
31.348358	-75.676191	-99.867329	99.894380	49.219109	13.231831
-11.293695	92.131869	98.880470	-100.000000	-9.845946	-76.524735
-39.536709	-80.192631	-100.000000	100.000000	37.465393	34.685048
15.670770	82.794989	99.775647	-99.954871	-31.573405	86.424713
-54.076957	-99.369002	99.728388	-99.724527	-87.416904	23.361730
5.906154	-95.926806	-100.000000	99.728106	10.189498	-42.315782
52.735548	-86.344784	-100.000000	99.925938	25.955543	62.157104
50.430040	85.566029	100.000000	-100.000000	-28.115863	-28.049730
-19.347892	-78.926718	-99.973156	99.884798	40.991398	71.515769
27.246455	-87.847427	-100.000000	100.000000	22.705181	51.363143
12.610674	-83.035836	-99.807683	99.859866	30.612090	61.896491
79.384740	88.365530	99.213712	-99.977734	-21.464940	-20.565517
24.752409	-77.203361	-98.928812	100.000000	45.841608	-15.669747
22.898858	-77.985081	-99.858177	100.000000	41.455246	-15.719130
-27.424292	100.000000	-100.000000	100.000000	95.507994	34.145692
-24.406157	-98.378661	100.000000	-100.000000	-51.161612	55.116503
19.869414	-82.254076	-99.766877	99.440255	34.163836	16.239787
43.624703	86.698641	99.908261	-100.000000	-25.112207	-53.263269
-48.814295	79.839762	99.821559	-99.709279	-38.000565	-57.586955
30.086921	85.852794	98.881194	-100.000000	-25.576084	38.080877
63.867227	90.757177	99.644274	-100.000000	-16.944893	42.644693
-14.988539	93.669644	99.839180	-100.000000	-12.685118	26.599355
-13.546001	-77.817122	-99.374384	100.000000	42.008249	20.145101
-31.009301	-99.854771	99.986263	-100.000000	-70.375977	-38.343345
-30.826476	-80.039617	-100.000000	100.000000	36.123912	-20.025507
-20.141986	-92.642197	-98.809151	99.474225	11.668303	-23.927938
26.010833	-88.942572	-99.752619	99.998008	22.392286	65.731720
-36.447525	99.667200	-100.000000	99.868193	72.265956	-22.671322
20.459753	-87.377576	-99.346559	99.858212	24.596256	77.494137
46.014671	91.728577	100.000000	-100.000000	-16.625158	50.244775
43.739410	-84.415452	-99.958791	100.000000	28.772241	-29.004084
-27.948832	-100.000000	99.768334	-99.753670	-61.376132	-26.055454
48.223466	-85.905435	-99.637101	99.467649	28.670788	26.368952
-43.272363	-81.012027	-100.000000	100.000000	35.995708	24.671306
43.231148	82.612806	99.554145	-99.347859	-32.711171	33.022905
34.803757	-87.117122	-99.825149	99.809438	24.728911	-14.471316
40.007836	-84.615223	-100.000000	99.716488	29.350139	38.136287
-25.209746	-90.335411	-100.000000	99.787563	19.896996	64.594435
-12.287287	89.493519	100.000000	-100.000000	-19.832035	-61.508588
84.662591	-82.182202	-99.311759	99.621187	32.627110	-12.340476
19.707073	9.107937	-100.000000	98.391676	42.793256	4.956784
33.104764	-61.566989	-97.803588	100.000000	44.538827	-6.716934
45.994751	-87.930425	-99.914712	99.873364	21.545028	49.316740
41.760976	-75.059668	-100.000000	99.266305	47.386587	-18.266151
32.192471	-76.158353	-100.000000	100.000000	46.049229	38.539298
-9.301752	100.000000	-99.299203	99.718687	61.693904	13.071572
41.782950	80.127422	100.000000	-100.000000	-35.756787	-28.625977
59.978257	-88.572652	-100.000000	99.934783	19.367016	59.542245
67.937794	81.824367	99.155284	-100.000000	-35.045775	23.095705
25.146278	-77.198333	-100.000000	100.000000	41.593665	-57.600743
12.174074	-90.525018	-99.838219	100.000000	18.778695	79.684872
37.417447	-86.274062	-100.000000	100.000000	27.235834	16.425550
31.468237	-84.914696	-100.000000	99.051803	28.949195	-26.266343
33.792832	92.802180	100.000000	-100.000000	-15.958407	15.662342
36.894499	97.722893	99.497872	-98.791062	-4.763481	-26.416713
36.341740	-80.715670	-99.974224	99.754168	36.983714	-73.070541
26.288531	79.567918	99.781430	-99.794301	-38.146493	54.428607
48.653490	-78.002263	-100.000000	100.000000	41.095805	33.031176
33.315406	-67.873771	-99.828803	100.000000	52.922011	43.622417
14.975706	-81.775662	-98.083311	100.000000	35.937649	-18.613663
28.705259	-91.522395	-100.000000	99.946478	17.311725	70.360454
-53.368364	82.221453	100.000000	-99.438349	-33.899160	29.286263
20.538046	93.070304	99.858114	-100.000000	-14.492021	-73.492397
-45.372798	96.123605	100.000000	-99.739789	-8.310205	-31.599454
-27.314295	-99.356211	-38.273830	-14.106702	-4.752017	-13.885293
23.952875	-88.998659	-99.513193	100.000000	20.370818	10.745899
-24.689296	-80.869340	-99.925729	99.967664	35.929851	51.648871
22.868107	100.000000	-100.000000	99.908018	71.532881	68.951838
49.528091	-82.751615	-99.819923	99.855337	32.631216	-41.872447
52.938897	92.728303	99.919528	-100.000000	-13.895927	47.640159
-45.898767	-88.755973	-99.906202	99.790593	22.214105	24.962822
32.092952	93.070507	100.000000	-99.982316	-9.632709	-23.988925
-1.007242	-80.740831	-99.808380	100.000000	46.341144	-43.408674
46.511009	-82.119655	-100.000000	100.000000	34.410345	-25.388032
18.756253	-100.000000	100.000000	-99.753600	-83.568449	39.155991
11.579587	88.693977	100.000000	-99.774284	-20.528312	-16.930078
46.879778	-73.077459	-100.000000	99.882202	50.687972	36.343464
-19.735253	80.955306	99.948430	-99.797856	-35.334296	81.786937
-20.648704	-85.110156	-100.000000	100.000000	26.928509	43.692919
55.599688	-76.114889	-100.000000	99.851341	44.404547	42.146529
46.271497	-81.944294	-100.000000	100.000000	33.642919	-27.753549
-6.147248	-78.823983	-99.022660	100.000000	38.966499	6.959359
-46.159823	-83.730604	-99.674461	100.000000	32.310548	13.721383
21.369958	80.030034	99.888933	-100.000000	-38.098444	-50.369563
19.202667	99.920244	-100.000000	100.000000	56.110917	40.230389
53.988289	78.344708	99.830165	-100.000000	-39.152356	-24.861825
30.231799	85.916710	-100.000000	99.952863	49.682741	-45.518658
14.136196	100.000000	-100.000000	100.000000	83.611629	-48.213679
-17.326319	86.510579	99.557912	-99.954647	-25.409521	59.650179
-33.279758	-90.412983	-99.624355	99.815099	16.039001	-65.134643
45.911365	-63.244388	-100.000000	99.796923	51.772047	-38.261910
51.009232	89.030194	99.437212	-99.818790	-20.302951	46.109596
31.193334	-45.515432	-99.582727	100.000000	49.062954	-16.077318
50.434030	99.509333	-99.472930	99.685947	83.409686	-31.644508
27.921079	100.000000	-99.989131	99.769079	75.454212	55.634571
42.543060	72.222909	99.557801	-100.000000	-50.405717	-31.282927
56.679012	-100.000000	100.000000	-99.346539	-61.859944	-31.613776
90.913957	-81.439369	-100.000000	99.387448	36.413343	18.689336
19.074963	74.622558	99.550026	-100.000000	-46.295826	-64.873182
47.525001	90.364373	99.891584	-99.785739	-17.249689	-45.797149
-94.393257	99.310341	40.782746	100.000000	87.881374	-13.055607
29.385886	80.673262	99.687129	-99.666528	-35.671502	-45.815355
46.919355	-55.116291	99.197965	-99.056307	-38.744577	11.138811
23.283347	99.325483	-100.000000	99.831350	66.626058	15.500303
19.428935	-92.705115	-99.202331	99.766093	12.270214	43.054977
44.597494	-99.989930	100.000000	-100.000000	-64.062252	26.374900
-17.297291	99.970045	-99.816300	99.865105	80.217837	56.247364
16.470360	-85.291969	-100.000000	99.997048	26.789043	-86.513076
-61.599168	-91.916611	-99.027956	100.000000	14.455966	31.933475
-33.885507	91.475187	99.845478	-100.000000	-19.763247	90.097524
-31.252804	90.923420	99.630075	-100.000000	-13.759777	27.739718
27.656061	-92.013549	-99.704185	100.000000	13.284223	9.338659
15.053460	-87.622878	-100.000000	99.976669	24.045605	53.831871
-15.634589	-90.164927	-99.901677	99.898756	16.845029	-79.677306
-27.215029	-85.804853	-100.000000	99.960909	25.798952	44.814547
48.247796	-81.304390	-99.646764	100.000000	35.727265	43.713010
23.230035	87.401153	99.910214	-100.000000	-24.632420	19.343521
88.930653	-83.873270	-100.000000	100.000000	28.873373	-52.273672
-14.250566	99.710725	-99.956252	99.551635	52.609792	39.296729
-56.891159	87.698317	99.840514	-100.000000	-23.974177	95.912658
-38.558302	-74.757316	-100.000000	99.996767	48.319924	43.203824
35.467454	93.468910	99.493916	-100.000000	-10.842564	98.256344
32.477381	-83.036822	-99.260445	99.644955	32.720345	48.712965
-19.652797	99.625862	-100.000000	100.000000	93.891823	36.086167
36.653431	99.954889	-99.976566	100.000000	62.469766	-97.901616
-54.238111	90.552657	100.000000	-99.429349	-18.567953	-18.507593
31.182090	86.778490	99.941385	-99.939079	-23.312264	85.427783
-16.113805	99.373356	-99.832714	99.943566	51.625523	90.755299
65.084992	-84.898222	-99.701098	100.000000	27.323191	-20.508193
99.561760	-73.762855	-100.000000	100.000000	45.771891	17.105964
-23.679148	-83.334066	-99.896285	100.000000	31.760634	47.840515
-41.752168	-81.542059	-99.839794	99.934062	33.523943	38.027458
-52.762522	73.666892	-99.964594	99.556254	54.071302	30.418240
48.648177	91.488189	100.000000	-100.000000	-17.514580	-35.931508
36.496298	-86.795423	-99.905099	100.000000	22.746279	30.135732
-19.103343	-92.170099	-100.000000	100.000000	14.653329	-63.253077
32.221799	99.479466	-99.853657	99.656560	62.060104	-18.353802
-53.890614	76.597179	100.000000	-100.000000	-42.562064	-47.810018
21.263142	80.893068	100.000000	-99.859571	-37.083631	-59.826850
53.586005	-91.201127	-99.927518	99.754129	16.360400	35.775636
-22.511302	100.000000	-100.000000	99.725208	56.193811	-36.939152
28.160679	-78.683812	-99.698286	99.702038	38.045930	47.737432
-14.214779	-86.042918	-99.790902	100.000000	27.419944	-58.545583
20.650828	87.091943	99.701932	-99.838336	-23.557715	61.080276
47.840956	-100.000000	100.000000	-100.000000	-64.807681	23.090394
67.811481	-90.376093	-99.898991	100.000000	19.825809	38.619058
30.208543	99.857245	-99.793468	100.000000	55.126185	49.210594
42.574987	100.000000	-100.000000	99.929940	81.064777	27.926598
-88.876068	-100.000000	99.383981	-100.000000	-82.438386	-17.177315
19.437953	90.164313	99.951612	-99.777479	-18.479655	61.071277
41.154527	-77.899386	-99.401916	100.000000	39.237378	6.879317
16.600119	83.304303	98.849371	-99.067160	-31.819008	13.157933
-41.576531	-82.131797	-100.000000	100.000000	33.264530	33.101926
63.076238	89.678293	99.710571	-99.495064	-18.860267	-30.135415
-17.334308	-84.928048	-100.000000	100.000000	28.873674	17.906450
33.499500	94.816158	100.000000	-99.900345	-13.225234	-5.612223
-19.243555	82.577035	98.966547	-100.000000	-29.225899	9.968520
60.765183	87.093634	100.000000	-99.862664	-24.055322	57.421304
-43.308853	88.330256	100.000000	-100.000000	-20.963634	35.525683
-43.404204	-85.492677	-100.000000	99.753339	24.240559	-18.551330
47.409179	86.699373	100.000000	-99.521742	-23.314046	39.713965
25.489558	99.697783	-99.560406	99.596166	70.685438	20.012044
-59.649385	99.745027	-99.735338	98.992851	65.547522	-8.550358
-33.223770	82.918409	99.288533	-98.782187	-33.694895	12.842140
52.351912	-89.819359	-99.995705	99.909781	17.705038	64.708660
23.654034	67.308249	99.742481	-100.000000	-48.718516	-52.590391
-49.324926	-79.310947	-98.943313	100.000000	37.591077	26.232183
-83.805681	-86.597471	-100.000000	100.000000	24.706455	-28.418031
-92.886921	-66.885541	-23.935884	99.907127	25.504415	-33.709112
-27.897809	92.434186	99.806462	-100.000000	-12.697830	62.665991
54.718148	85.729587	100.000000	-98.377638	-22.988474	13.489208
25.690328	-78.107723	-100.000000	99.905161	39.569426	31.236989
19.030168	91.116677	99.706888	-98.959705	-18.839545	15.495226
20.994351	84.953185	99.665078	-98.657335	-28.545957	10.725420
18.664117	-100.000000	99.353413	-98.746854	-75.148215	25.228273
48.439261	-77.021113	-100.000000	100.000000	43.795038	-14.866327
37.695814	-79.110989	-100.000000	99.984060	39.182415	-30.302762
38.499552	-91.866585	-99.204325	99.924621	14.591643	39.207669
11.801873	99.315520	-100.000000	99.790538	92.360795	-17.624020
-13.974389	-83.051995	-100.000000	100.000000	31.269711	-77.217288
45.122553	-80.678591	-100.000000	99.877387	36.734397	76.172344
-24.408835	-94.270218	-98.268715	99.390357	13.731580	22.239347
-18.479489	-100.000000	100.000000	-100.000000	-68.635585	46.146491
44.535476	93.527943	99.082347	-100.000000	-10.427319	-12.590039
59.423023	-87.045041	-99.341514	100.000000	24.444997	-28.797188
10.307492	82.166403	99.810342	-100.000000	-33.152783	28.915743
-67.378626	-86.690814	-100.000000	99.935643	24.850940	52.501487
-28.083986	86.402482	100.000000	-100.000000	-25.506766	45.605096
-22.507299	84.367060	99.058014	-100.000000	-29.832495	48.289337
72.287863	-100.000000	99.484656	-99.774252	-66.309940	-25.454042
-58.631165	81.617501	100.000000	-99.946601	-32.313837	-10.425913
-23.303053	-74.754455	-100.000000	100.000000	47.912251	49.750308
-9.485017	97.993312	-98.905487	98.141513	60.442554	3.773728
47.885806	-82.481019	-99.928284	99.615186	31.798695	-22.481364
34.028128	82.918719	99.800224	-100.000000	-33.391690	34.792696
20.606613	-86.873082	-100.000000	99.886199	24.061449	32.762646
21.575583	-99.888230	100.000000	-100.000000	-64.777491	-52.657544
2.418480	85.143555	100.000000	-100.000000	-31.414576	-49.537852
66.365885	-77.378220	-100.000000	99.862487	41.689419	-22.777185
12.964711	92.930479	100.000000	-99.549186	-12.423010	-5.978097
36.126192	-85.475159	-100.000000	99.582695	26.540580	-35.041228
36.563438	-94.374303	-99.465537	27.958498	11.152925	45.898551
26.537315	79.759206	100.000000	-99.432869	-36.944237	34.128986
-23.844170	-100.000000	100.000000	-100.000000	-74.008996	-23.204312
-43.909988	-68.147293	-100.000000	99.880896	52.212736	26.898010
58.723976	-84.799755	-100.000000	100.000000	28.229460	84.721949
-30.472657	100.000000	-99.946747	100.000000	53.006803	-22.388120
10.752240	-28.272155	99.559083	-99.975427	-47.132612	25.129909
11.996604	-93.199672	-99.755986	99.237689	7.897481	37.283642
-58.502687	-86.569663	-100.000000	100.000000	24.337315	-52.555310
9.973828	-75.653098	-100.000000	100.000000	46.859606	35.958880
25.685749	-86.777051	-100.000000	100.000000	24.626485	-23.881062
-10.750463	84.672587	100.000000	-100.000000	-29.581828	62.449492
-16.945242	-92.875387	-100.000000	99.578294	15.993846	25.406637
24.739678	87.254985	99.825504	-99.982796	-23.033968	66.310673
21.192402	100.000000	-100.000000	100.000000	78.306144	-23.877558
56.841904	-100.000000	99.457255	-99.292316	-57.621431	-26.052611
24.786066	-84.938130	-100.000000	100.000000	28.294408	-39.068192
-16.580546	84.409326	100.000000	-99.814577	-29.446690	51.851111
-35.458252	74.002543	99.561265	-99.606441	-49.631382	-33.047279
-26.803583	92.334110	100.000000	-99.078248	-11.198839	-16.219119
-16.690171	29.197390	100.000000	-100.000000	-56.052838	10.292315
99.854862	-76.177344	-99.223740	100.000000	43.434201	15.772676
38.068934	89.874451	99.878968	-99.375401	-19.279444	24.783857
-45.974897	-100.000000	99.991245	-100.000000	-57.683879	36.578268
56.604072	99.967689	-98.565933	100.000000	79.273812	13.474477
37.197876	-90.138869	-98.724352	99.660080	16.691847	40.387435
21.184881	74.145267	99.489223	-100.000000	-48.291477	54.528977
-23.280242	-87.813797	-100.000000	99.969203	23.513383	-56.471979
-53.476404	96.728414	98.546473	-100.000000	-10.725695	-33.477224
-28.381186	-99.836920	100.000000	-99.866309	-79.493948	-90.610477
-40.848648	-36.430423	-99.936102	100.000000	49.563663	-14.133554
-46.648284	-79.268459	-100.000000	99.653553	39.983619	-26.618376
-22.622406	-90.024454	-100.000000	99.661029	18.534151	33.705418
49.078281	-91.846454	-100.000000	100.000000	14.265638	43.096827
50.193183	-76.067238	-99.819122	100.000000	44.582288	31.738888
26.137263	-76.434664	-100.000000	99.953293	43.748575	-38.520893
8.597547	-83.855022	-98.825010	100.000000	27.197266	25.655759
-22.198767	81.804538	100.000000	-100.000000	-35.739484	21.079650
29.470321	-80.011272	-100.000000	100.000000	37.937249	47.917710
60.727133	-85.149938	-98.738167	99.820984	27.362711	18.601874
58.151828	75.206971	99.762544	-99.899505	-47.919271	-32.558964
40.249634	-84.941042	-100.000000	100.000000	29.271414	46.662927
34.869295	90.868926	98.659481	-99.957325	-17.009764	-24.349923
-10.561801	-94.806036	-100.000000	100.000000	9.034100	86.107154
-33.394178	-87.520557	-99.642523	100.000000	22.305040	54.201553
-14.693681	-91.681179	-99.497981	99.948144	16.843633	-21.975567
56.055625	-80.576493	-100.000000	100.000000	35.891059	32.431659
28.043139	83.354619	99.473906	-98.324790	-32.881610	9.040393
-14.230164	-85.123002	-99.960126	100.000000	28.074099	29.985735
42.950276	-80.638798	-99.922603	99.935223	36.603703	-26.732314
-31.426713	-79.920332	-100.000000	100.000000	39.338531	28.624220
35.391308	-79.268319	-100.000000	100.000000	38.419730	11.628115
36.119571	-77.593795	-99.978747	99.857062	42.440008	65.408092
89.686140	-71.780288	-5.179063	-99.251042	-31.809791	16.695682
-51.850761	-85.626760	-99.641647	100.000000	26.050933	-18.357694
40.004097	-81.818111	-99.747898	99.790421	35.071266	39.684160
-25.317004	-78.434974	-99.921504	100.000000	40.126339	64.460145
-39.839015	-83.028936	-99.347600	99.947659	32.248876	-98.784974
-14.856783	84.965316	99.457564	-99.246004	-28.445178	13.926090
-7.404873	-95.608533	-99.520102	86.602623	7.464835	-43.628438
41.008697	100.000000	-99.763455	99.709980	71.925049	28.390130
35.300313	86.375887	100.000000	-99.933221	-25.452784	-24.234399
35.091922	-97.187386	-100.000000	100.000000	9.642503	16.919808
-9.496775	-94.370864	-99.640497	98.825952	10.439894	8.717172
-44.731940	-88.072438	-98.144769	99.859643	25.251051	-11.936906
13.989032	100.000000	-99.847876	99.736891	78.056782	59.567068
42.183390	-83.382058	-100.000000	100.000000	30.766655	42.722566
41.629920	-83.930571	-99.938838	100.000000	28.980220	-31.878933
-16.017764	73.916483	99.832916	-100.000000	-47.634657	11.122502
20.651593	-100.000000	100.000000	-99.296245	-65.800858	-12.425083
11.553549	93.897695	99.584465	-99.750878	-13.731028	-80.211238
87.916637	90.777669	99.003313	-99.611609	-16.683426	38.579801
21.397314	-77.357306	-99.802618	99.839617	43.317969	41.391548
23.049542	-84.213502	-99.601191	99.903082	29.607007	22.966294
68.343371	-83.832544	-99.249645	99.712284	28.694304	17.952735
59.557708	86.485371	99.771082	-99.855475	-24.433448	-52.048968
-18.768546	87.840445	99.695559	-99.826849	-23.158016	-62.306722
-48.187880	80.545862	99.524110	-100.000000	-34.872017	-16.222531
-27.274433	100.000000	-99.797930	99.873453	79.951217	41.535217
-30.291962	-93.920629	-100.000000	99.867710	13.319836	33.336573
-39.404449	-88.122999	-99.753104	99.795394	21.507643	20.297060
-29.155446	84.864757	99.763359	-99.930574	-26.989372	-19.789178
61.011250	-87.035309	-100.000000	100.000000	25.408525	22.738671
71.103220	-84.316628	-100.000000	100.000000	30.968464	13.640154
39.116815	-79.493126	-100.000000	100.000000	37.632790	20.084896
21.536886	75.275630	100.000000	-99.807279	-44.792957	-23.323057
28.364399	-75.585589	-99.945795	100.000000	44.527760	39.275766
17.062016	-87.775854	-99.831989	100.000000	22.351199	55.773784
67.433767	-76.091047	-99.377658	100.000000	44.712230	-45.880846
-38.895860	-81.480086	-99.769539	100.000000	34.203939	59.141251
40.440267	-85.841846	-100.000000	100.000000	26.267591	50.917370
-91.034232	79.891897	100.000000	-99.787862	-37.418526	-54.201090
38.393097	98.755609	-99.429391	99.840093	66.150561	15.311951
23.148412	99.845850	-99.509724	99.964060	53.312425	59.942432
-49.248783	99.642482	-100.000000	100.000000	53.613152	27.478747
-19.729604	-62.741401	-100.000000	100.000000	39.683665	25.058257
-28.913656	99.682145	-99.887682	99.854653	54.936072	-37.088470
23.617594	-76.617135	-99.890164	100.000000	44.639455	-25.703302
33.897900	89.031234	99.870607	-99.203626	-21.337245	19.753602
29.649307	100.000000	-100.000000	99.899932	55.763773	33.057842
86.450582	-88.227684	-99.610030	100.000000	21.203045	17.018015
49.906217	-85.944000	-100.000000	99.780123	24.407652	45.178567
-31.973604	-79.825763	-99.607828	100.000000	36.997237	-65.976220
21.568397	87.351170	99.021275	-100.000000	-25.712802	17.292922
30.105414	-83.372375	-99.776077	100.000000	31.589813	67.050337
34.913139	-94.345420	-98.675267	99.475435	9.160208	20.636649
24.820469	-73.175824	-98.963663	100.000000	49.163741	-29.315033
39.877534	82.706810	99.963418	-99.921906	-31.222705	81.935539
-31.403318	85.516943	98.755565	-100.000000	-28.124479	-26.527097
-19.914295	88.067795	99.093236	-100.000000	-22.600427	-48.192309
46.408986	81.605536	99.364051	-100.000000	-35.444547	-21.737329
29.999310	-92.004486	-99.587685	99.868758	14.804960	56.143092
39.906096	87.819991	99.872246	-100.000000	-23.839763	-35.834864
27.077106	-66.526632	-100.000000	99.511390	52.244095	-17.260810
-44.190935	-89.463610	-100.000000	100.000000	21.332618	37.300771
62.753204	-80.859480	-99.979775	100.000000	36.029466	2.926183
31.789860	76.571931	99.633684	-100.000000	-44.400419	40.853452
10.376868	83.450751	100.000000	-99.889199	-29.445766	13.516574
-43.450820	-89.438618	-100.000000	100.000000	20.190259	-21.972158
16.692798	-79.525360	-100.000000	99.517728	37.871108	20.865256
-35.895561	-94.813769	-99.636216	100.000000	12.630496	-24.467644
-25.427643	86.008585	99.789698	-100.000000	-26.519193	-37.487701
51.108149	80.326278	99.625784	-99.754848	-37.057898	29.085612
26.408612	81.313613	100.000000	-99.940057	-33.845792	-30.943416
64.707536	88.995142	100.000000	-100.000000	-20.289896	30.339181
-13.903557	83.452409	99.863232	-100.000000	-31.551968	34.628646
39.833535	-86.900330	-99.962150	100.000000	24.239762	-27.806080
66.825286	100.000000	-99.617892	100.000000	96.276848	-11.392491
53.228276	100.000000	-100.000000	99.765153	78.945870	21.433449
29.886793	99.530349	-100.000000	99.476463	70.527482	-9.431732
-30.160620	89.201820	99.965308	-99.556400	-20.445246	16.468526
-34.189407	77.458077	100.000000	-100.000000	-44.087727	-22.920504
19.320274	90.708851	99.495312	-99.204175	-17.515718	-23.588700
29.660360	91.459728	99.790684	-100.000000	-16.493596	43.100195
21.181215	-100.000000	99.738369	-100.000000	-94.264629	25.749196
-9.562089	-98.848705	100.000000	-98.823253	-98.310047	-19.349438
17.053871	-80.372265	-100.000000	99.451300	37.496368	37.086030
8.141985	-92.254008	-100.000000	98.738601	20.538470	10.027934
-48.991830	-88.381628	-99.057042	100.000000	22.762891	-26.993612
45.434580	84.755679	99.759459	-100.000000	-28.589644	55.688515
53.040049	79.537141	100.000000	-99.796574	-38.900206	-55.374147
47.649744	99.971503	-99.677564	100.000000	57.470469	-27.223830
44.576644	-76.624362	-100.000000	100.000000	44.181707	-47.425623
54.916228	-88.768483	-99.805830	99.898914	23.013862	51.813489
-34.602343	-83.466034	-100.000000	100.000000	30.277025	-22.831410
89.285740	-87.857030	-99.739443	99.226555	22.434525	30.608400
85.028340	80.977910	99.363926	-99.787856	-35.052535	-24.104537
46.672789	95.502082	100.000000	-99.848829	-6.890293	-19.288699
-45.867461	-78.860602	-100.000000	99.741512	38.008450	-13.431555
27.097544	-87.763666	-99.976959	99.810048	23.315928	-52.490245
82.395892	100.000000	83.009104	-84.281642	-0.020920	-13.178172
21.365339	-100.000000	100.000000	-100.000000	-73.390265	15.182381
-46.791955	87.797959	99.630154	-99.792641	-22.667846	12.755309
7.931324	-3.621954	-99.824779	99.878568	58.486337	51.619199
-24.394502	-83.062773	-99.797760	100.000000	31.982835	48.517844
42.715557	-83.110452	-100.000000	99.295254	31.657927	29.612795
-68.283699	86.907316	99.904467	-99.968992	-24.834180	-70.701146
-20.718344	-79.225038	-99.762643	100.000000	39.724037	-47.430070
56.209485	-92.236693	-99.979891	100.000000	11.459776	-26.576231
48.386675	-79.658746	-100.000000	100.000000	37.406250	46.825686
60.169847	-82.853975	-99.196591	99.667778	32.673730	26.292278
32.677524	89.501367	100.000000	-99.971128	-21.457901	50.298829
-17.783435	-99.959694	99.714982	-100.000000	-79.953621	-28.081684
58.080184	-78.643042	-100.000000	100.000000	40.491885	-16.646795
26.632225	-81.797847	-100.000000	99.813998	33.628274	-16.041602
-22.302797	-89.500374	-99.578875	99.840921	20.689017	-48.362809
14.890916	82.210707	100.000000	-99.571157	-32.562487	27.112573
56.571178	-92.957797	-99.383906	99.183389	13.227080	-12.726717
39.433908	-86.169573	-100.000000	99.954785	26.210508	25.309771
-19.574110	100.000000	-99.936954	100.000000	71.956275	17.305331
-29.201792	92.053351	99.637171	-99.833433	-15.151766	-53.338171
-15.900087	-84.159858	-99.936617	100.000000	30.474345	42.678066
47.009995	81.287107	100.000000	-99.604500	-33.578861	24.570440
37.393585	-99.891644	99.454783	-99.766196	-66.887231	22.642085
-42.518812	-89.822217	-100.000000	100.000000	18.390192	53.481194
20.841798	99.992353	-99.811449	100.000000	84.526222	-23.174381
-21.641857	98.925947	-100.000000	97.651544	82.430631	-8.914646
-85.192974	91.460644	99.686168	-99.798326	-17.036347	-24.825854
35.494396	87.582255	99.828471	-99.969153	-23.213343	71.756507
31.349570	-94.330175	-99.602231	99.735589	12.928672	-30.766257
-16.925198	99.917071	-99.431163	100.000000	88.567907	28.001743
82.853297	90.608915	92.604184	-99.555274	-20.854489	-15.038689
-8.023609	86.957119	100.000000	-100.000000	-24.658517	83.845929
-39.380545	-86.127313	-99.440199	100.000000	27.526315	-32.926901
-24.526282	100.000000	-100.000000	99.778891	63.158044	28.758461
33.031650	-74.879440	-99.530919	99.900013	45.962604	19.845085
40.629179	-100.000000	100.000000	-100.000000	-88.749878	37.170020
57.852813	99.271147	-100.000000	99.748650	59.950624	-27.508198
-10.186542	99.898804	-100.000000	100.000000	97.768880	-11.030108
-26.306273	-77.582082	-100.000000	99.850826	42.328189	43.234237
100.000000	-91.408246	-100.000000	100.000000	16.095070	25.763713
48.669218	-84.844430	-100.000000	99.702610	28.470887	33.078166
-70.393470	-82.389495	-99.325938	99.663695	31.940690	32.875684
-2.556551	-89.963728	-100.000000	100.000000	25.549508	25.983366
32.465895	91.527166	99.812712	-99.802811	-17.115643	30.554178
-41.062944	-79.916230	-99.790881	99.745245	38.324216	-33.925998
24.681052	99.561639	-100.000000	99.916434	53.251568	-31.729333
-27.538703	-88.476492	-99.827414	100.000000	23.293587	-12.048689
57.619577	92.827198	99.827237	-100.000000	-13.669154	46.697663
33.782821	-83.244572	-99.609485	99.946378	31.053456	52.471569
50.426590	-99.940305	99.820076	-100.000000	-93.114564	-42.982483
37.309906	-75.244100	-99.502354	99.923572	45.323308	-41.791127
99.284648	-95.131109	-99.656405	99.827841	11.402128	58.425830
25.403064	100.000000	-100.000000	99.917082	57.968505	56.511032
-55.515555	92.652246	99.987233	-100.000000	-13.927563	38.013375
-42.272161	88.332075	99.372366	-99.854430	-21.416259	-44.168513
13.129454	-94.276420	-98.009969	99.564252	9.431942	23.393119
86.260705	-89.621092	-99.395322	100.000000	19.930895	-23.860238
39.344993	-77.512136	-100.000000	100.000000	40.188405	13.123982
-33.129827	90.815596	100.000000	-99.980834	-16.195566	-86.252111
51.137864	-76.597042	-100.000000	100.000000	44.539953	23.724306
29.639041	-79.778978	-100.000000	100.000000	38.895837	53.496405
19.070102	39.247744	-100.000000	99.903456	49.701577	63.803190
60.495497	100.000000	-100.000000	99.462051	63.215127	28.213217
-23.477566	75.622560	100.000000	-100.000000	-46.460839	53.930805
17.055761	93.008726	100.000000	-98.897364	-10.591151	-14.526485
26.088660	100.000000	-99.984094	100.000000	85.007454	95.632719
19.248661	-76.953530	-99.870025	99.902390	42.737208	-42.789687
39.588647	-75.349517	-99.986525	99.805231	46.190448	38.424456
25.303565	-95.034882	-99.896995	99.418734	10.153246	40.783113
21.606035	87.424427	99.523787	-99.734730	-22.422108	78.461500
43.945817	-94.590633	-99.614604	99.953393	9.510706	25.067369
-83.044912	-96.923791	-79.538763	100.000000	7.706544	-12.922214
16.147865	86.579563	99.694988	-100.000000	-25.958810	62.902783
50.705481	93.387948	99.863165	-100.000000	-13.480641	41.715155
41.831152	97.875472	95.611488	-99.922549	0.567296	26.063402
-35.784444	-81.516921	-99.773778	99.045843	34.939415	-18.785554
14.592246	-84.265682	-99.603065	99.967412	28.950066	-62.058943
40.644618	-91.783674	-99.638797	100.000000	13.172943	52.871301
55.918357	-91.097073	-99.937077	100.000000	19.861147	61.966354
-45.081779	82.573699	99.852370	-100.000000	-33.530947	-43.915189
-25.494527	-80.022181	-99.720728	100.000000	37.263586	28.288918
33.649576	-77.266111	-99.971385	100.000000	42.210726	-76.455635
-49.147098	85.774152	99.253891	-99.728950	-27.279199	39.492396
15.813536	13.508635	99.922678	-99.822044	-51.334377	-77.200129
48.507788	-94.849722	-100.000000	99.852065	11.262735	50.110315
-25.811752	-73.727826	-99.745045	100.000000	48.302885	26.585717
-32.479959	100.000000	-99.517325	100.000000	56.932189	54.474451
-48.274991	7.043889	-100.000000	100.000000	54.076255	-10.550361
-22.061861	77.485004	99.657679	-100.000000	-41.490512	75.124343
78.827194	-100.000000	-100.000000	27.754106	0.055705	-71.649528
-30.710335	-84.481109	-99.558656	99.973709	29.627597	-63.533865
-12.754665	99.791559	-99.557702	99.833973	83.943283	74.476492
15.113831	99.647454	-100.000000	99.442149	58.747040	-21.349225
-53.419715	-88.531546	-99.340630	100.000000	20.469452	50.880030
-15.990062	-98.973075	99.177568	-99.305719	-61.749320	-11.047085
22.835486	99.769293	-99.596155	100.000000	79.338059	53.583946
31.002464	-78.921544	-100.000000	100.000000	39.169461	-29.370935
-43.677547	85.327951	99.752573	-99.823899	-27.425593	59.436929
50.719392	90.266799	99.998550	-99.487296	-19.032808	-17.251552
-10.759594	-100.000000	99.981521	-99.907649	-78.979240	69.573679
14.736092	72.745293	99.094755	-100.000000	-49.190214	21.373643
41.986672	85.967824	99.902974	-99.971319	-26.905623	-42.504475
18.231051	-82.633889	-98.898924	98.373446	33.304520	10.390014
10.094036	84.893515	100.000000	-100.000000	-27.463838	-25.562378
20.220616	-87.861000	-97.811948	100.000000	20.435600	-18.512674
35.238078	77.941449	99.695472	-99.810281	-42.864307	60.378983
-5.090599	76.356310	99.313011	-99.815441	-41.225719	-23.790582
-26.750754	100.000000	-99.005365	100.000000	70.748985	-27.820018
57.946637	73.704592	99.737406	-99.629486	-50.418769	-34.163033
23.127749	-64.142796	-99.910128	100.000000	51.128499	43.195558
-43.517018	81.358607	100.000000	-100.000000	-33.420302	47.687874
38.640466	85.878463	99.962665	-100.000000	-27.835586	45.879224
-65.116802	100.000000	-100.000000	100.000000	64.875980	30.806547
-37.599796	90.507396	99.954203	-99.962720	-17.225488	86.095283
-85.182685	99.422512	-6.368897	100.000000	45.282231	11.654841
34.413867	81.845144	99.411920	-99.430146	-33.611397	-41.250191
8.116906	-39.631204	99.506818	-99.861151	-53.671672	-29.239790
-43.706251	100.000000	-99.910461	100.000000	98.319692	28.962949
-16.998253	-85.148491	-100.000000	100.000000	28.582487	22.856435
60.443274	-84.526494	-99.250416	100.000000	27.714828	22.073151
-21.290035	-81.799378	-98.512305	100.000000	32.232342	-13.026663
-51.412964	90.297972	100.000000	-99.626714	-15.350475	-22.926972
-49.060736	-81.187757	-99.816136	100.000000	34.478114	53.238007
-34.894041	-80.769091	-99.736585	100.000000	35.339877	56.088691
-30.764728	82.249769	100.000000	-100.000000	-32.406656	-23.311667
-17.518598	91.259969	99.643493	-100.000000	-16.625379	19.840532
24.351319	-34.560665	-100.000000	99.624895	53.181529	30.253672
55.599573	-69.595441	-100.000000	99.388331	52.122424	31.197310
41.699541	100.000000	-99.432462	100.000000	56.229095	46.799647
-39.810084	100.000000	-99.941644	99.948991	90.191331	22.477673
97.175891	-100.000000	-40.861425	-100.000000	-29.800913	-18.360468
-36.145610	-77.808131	-99.687309	100.000000	40.311592	31.778128
-36.834083	-89.553933	-100.000000	99.654851	20.716647	45.530942
18.501349	-79.804865	-99.946773	99.818876	39.034572	30.554610
39.548822	92.415318	100.000000	-100.000000	-11.870042	-34.553044
34.218070	-86.002244	-100.000000	99.721421	27.189725	31.584257
-19.153048	-99.775169	100.000000	-100.000000	-95.510882	25.449579
40.599220	-99.791387	99.699262	-99.383455	-56.695488	41.427079
29.687074	-49.917304	-100.000000	99.702500	45.552901	-20.480343
-13.234172	-87.177512	-99.961719	99.556451	23.791687	-33.648415
27.843926	95.598898	99.911740	-99.796706	-8.995943	-34.955859
1.668289	100.000000	-96.527744	100.000000	50.221657	8.604876
35.532351	-100.000000	99.978671	-100.000000	-91.541391	32.630628
81.759045	-87.445628	-99.870131	99.891620	23.791396	67.201254
-57.284868	74.261807	100.000000	-100.000000	-48.282913	-33.656632
14.735133	-91.632089	-100.000000	100.000000	11.031941	-6.030262
-23.231762	99.872975	-98.856638	100.000000	83.577752	-10.819528
22.667400	-99.511689	99.816144	-99.659719	-77.517773	47.578001
43.960037	-86.851359	-98.249288	98.688391	24.266874	9.617076
7.943301	84.544224	99.886630	-100.000000	-27.355265	-49.504188
52.829502	-100.000000	100.000000	-99.513638	-72.105361	-41.186512
-16.259029	-93.499778	-98.097637	99.961859	12.413520	55.705336
-52.495256	-99.908699	100.000000	-99.628693	-86.437712	-44.267520
23.932708	-82.906829	-99.648362	99.858118	30.623224	31.901500
52.953463	-81.875765	-99.774083	99.349842	33.913638	16.369131
36.425019	-89.185444	-98.669986	100.000000	18.605956	23.374409
75.912335	100.000000	-100.000000	100.000000	55.053780	-24.312645
13.319767	-87.006417	-99.480904	99.972659	23.322371	22.315290
24.510138	-87.691840	-100.000000	100.000000	22.625954	-31.319180
-78.807622	-79.878594	-99.825291	100.000000	38.044698	2.231185
-35.494465	-78.931425	-99.766530	99.647774	40.896220	32.939468
-54.049765	-88.098227	-100.000000	100.000000	22.218990	40.479953
-36.456927	85.817848	99.550630	-99.972647	-26.658080	-85.396313
31.789647	87.549628	99.643634	-100.000000	-23.186645	-47.410085
36.620578	-81.473301	-99.691359	100.000000	33.738641	16.413090
23.351650	-94.591233	-100.000000	99.847030	8.739196	-41.444176
-27.195876	-83.685707	-99.215805	100.000000	31.489933	85.294819
22.317250	89.789859	99.718270	-100.000000	-18.873202	32.966056
-93.763978	100.000000	41.499532	99.987494	12.748200	-61.150611
59.879511	-30.759952	99.868618	-99.773632	-22.928143	-28.136626
30.694723	79.875817	99.991840	-99.952039	-36.359910	83.651965
17.246198	100.000000	-99.851002	99.245248	63.045880	22.470686
50.384687	86.947325	100.000000	-99.949122	-22.865951	35.851757
45.685503	75.867477	99.466810	-99.593783	-46.647260	-15.341319
-24.477337	100.000000	-100.000000	100.000000	61.334186	24.172868
11.406679	99.732370	-99.766871	98.927383	93.884558	12.101775
-9.674018	-88.435997	-99.942721	100.000000	22.808806	69.191229
-92.790517	100.000000	43.211090	100.000000	6.724647	19.555060
-16.489877	78.679735	99.820503	-99.659466	-40.699760	-23.968965
27.034255	76.694659	99.425156	-100.000000	-44.904690	-36.954452
25.343126	-78.217921	-99.706999	99.359210	41.531638	22.988258
31.470192	87.286423	99.988992	-99.944424	-23.053410	77.239012
24.804309	99.523897	-99.561153	100.000000	82.419674	-23.612931
18.835211	-76.993388	-100.000000	99.802221	43.124316	34.681677
29.943927	90.376086	99.496990	-99.969421	-19.613815	49.927131
-20.044173	82.098676	100.000000	-100.000000	-34.085779	98.182953
37.068299	-82.867212	-100.000000	99.733307	32.428378	24.163553
97.852690	-99.319298	-41.688403	-99.822826	-30.463277	17.268157
55.281842	81.887773	99.569730	-100.000000	-34.959868	-29.263293
33.747170	83.915382	100.000000	-100.000000	-29.399332	-29.075971
26.759421	93.842483	99.775619	-100.000000	-13.186559	61.889756
-49.329016	-78.586466	-98.899805	99.230430	39.328117	14.348656
67.409649	94.025819	98.791158	-99.971192	-11.230982	-28.670379
19.745895	-100.000000	-99.703552	5.691047	-12.926749	73.960065
20.763662	99.337021	-98.761948	99.437013	96.106449	7.966335
23.232203	-76.359155	-100.000000	99.842682	43.965697	26.515535
-30.206076	100.000000	-100.000000	100.000000	63.452275	36.702553
51.282590	79.930783	99.888756	-100.000000	-37.994599	-35.266591
20.563142	-99.837221	99.982909	-100.000000	-74.044718	55.534102
21.818855	98.766456	-98.117211	100.000000	64.613752	9.987252
89.450174	-99.560854	-41.592769	-100.000000	-19.086815	22.114573
-29.131044	-86.918101	-100.000000	99.826995	24.334320	48.189938
-35.670528	84.448083	100.000000	-100.000000	-28.390807	-37.462673
34.531035	100.000000	-100.000000	99.643768	73.456505	43.638962
25.527818	-92.397683	-99.536135	100.000000	14.501350	47.777068
36.066465	-89.927709	-99.704698	99.648198	16.682769	46.060488
-45.830374	-85.599946	-99.756038	99.757128	26.679806	56.864648
41.912175	80.265323	100.000000	-100.000000	-35.621152	-37.136682
96.106695	-99.913638	-41.908235	-99.748657	-19.635728	-22.624310
-47.254214	82.576487	99.718683	-99.772460	-32.476837	-16.515951
68.331931	99.985002	-99.590578	100.000000	60.371269	-25.419872
-19.416523	-100.000000	100.000000	-99.817189	-73.620218	-76.877625
-14.350136	-81.696758	-96.077786	99.319486	38.715126	4.305626
56.545891	-91.940543	-99.281552	100.000000	14.912032	11.729729
26.971684	-83.293740	-100.000000	100.000000	31.948206	55.295020
-36.527977	-88.023769	-99.732315	99.803745	23.497228	43.932985
37.572435	-78.002645	-100.000000	100.000000	41.852406	36.299894
25.943046	-100.000000	99.877245	-100.000000	-83.979521	62.706640
50.523440	-74.831338	-99.456004	99.872606	46.855285	-41.365532
23.381194	-77.058114	-100.000000	99.531656	42.532678	35.738179
-16.421960	100.000000	-100.000000	99.939653	85.009085	-88.858721
24.214793	-78.855889	-99.409762	99.872817	40.145655	61.978897
66.790354	80.509551	100.000000	-99.719769	-37.218878	24.929722
98.028364	-100.000000	-42.581666	-100.000000	-35.186275	-11.035851
30.123592	-92.629204	-100.000000	98.938316	14.288504	20.518173
22.491401	-99.969508	99.859882	-99.882117	-58.848275	83.883650
-25.024644	100.000000	-100.000000	100.000000	95.139642	-36.022480
11.516970	99.872963	-99.926120	99.920830	59.324810	55.311493
27.888853	99.792024	-99.539986	99.957177	56.841967	28.382850
19.890586	-83.419667	-100.000000	99.957378	31.039523	21.537028
-61.031692	-88.036814	-99.315921	99.950849	21.140484	-37.055063
30.400184	-86.590549	-99.802477	99.707391	26.440853	33.660811
22.468643	-82.465816	-99.953838	99.772816	33.526655	52.806734
31.780582	75.240439	99.837837	-100.000000	-47.168796	15.160285
73.342362	-82.332164	-100.000000	98.741080	33.582778	18.916479
-24.548208	100.000000	-100.000000	100.000000	90.806578	12.133025
45.101913	84.445518	99.257573	-99.789264	-29.570925	47.486804
2.998570	88.318208	100.000000	-100.000000	-24.829698	-65.302330
39.671033	-87.629052	-99.850487	100.000000	21.566691	-51.788209
-27.052771	93.366463	99.826742	-100.000000	-14.340496	70.299586
70.265607	93.705522	100.000000	-100.000000	-10.432070	-57.693992
-15.994619	91.191858	99.485325	-100.000000	-14.956831	-25.863099
-51.240362	-86.194220	-99.665648	99.983319	26.441695	-53.441942
33.547304	-74.415101	-99.314906	99.905673	46.826709	-40.086849
59.945951	50.011360	-100.000000	99.951051	50.877602	11.552684
