10.000000	10.000000	10.000000	10.000000	10.000000	10.000000
6.875417	10.446168	14.064661	7.662352	3.982964	16.422208
0.573967	9.881645	11.376658	3.861729	0.471245	32.282023
1.207065	15.305575	15.574916	3.306685	-12.561374	30.666962
10.182667	1.589369	15.507723	3.410413	10.000000	40.641575
13.670148	-0.296217	19.170882	1.754225	10.000000	47.323941
13.796384	10.000000	25.107304	5.080169	10.000000	47.668041
6.679294	10.000000	28.703913	-2.476610	10.000000	57.713286
7.260994	10.000000	30.139969	10.000000	10.000000	66.839924
8.095811	10.000000	33.766498	10.000000	10.000000	80.889755
8.436934	10.000000	36.449486	10.000000	10.000000	96.387491
8.861475	10.000000	38.113228	10.000000	10.000000	100.000000
7.788843	10.000000	41.315802	10.000000	10.000000	100.000000
8.623266	10.000000	42.077518	10.000000	10.000000	100.000000
8.631007	10.000000	45.343386	10.000000	10.000000	100.000000
8.299399	10.000000	47.617714	10.000000	10.000000	100.000000
7.312733	10.000000	50.221290	10.000000	10.000000	100.000000
5.193816	10.000000	52.926387	10.000000	10.000000	100.000000
4.745023	10.000000	55.046443	10.000000	10.000000	100.000000
1.802520	10.000000	56.023657	10.000000	10.000000	100.000000
7.179041	10.000000	54.041462	10.000000	10.000000	100.000000
8.423111	10.000000	56.850374	10.000000	10.000000	100.000000
9.423053	10.000000	59.737272	10.000000	10.000000	100.000000
10.194385	10.000000	61.685858	10.000000	10.000000	100.000000
11.269098	10.000000	65.069311	10.000000	10.000000	100.000000
11.233998	10.000000	69.737316	10.000000	10.000000	100.000000
10.513697	10.000000	75.117992	10.000000	10.000000	100.000000
9.849418	10.000000	79.390467	10.000000	10.000000	100.000000
9.875297	10.000000	85.482179	10.000000	10.000000	100.000000
9.012390	10.000000	89.094332	10.000000	10.000000	100.000000
10.004440	10.000000	92.793955	10.000000	10.000000	100.000000
11.144682	10.000000	96.276910	10.000000	10.000000	100.000000
10.597073	10.000000	100.000000	10.000000	10.000000	100.000000
11.167755	10.000000	100.000000	10.000000	10.000000	100.000000
10.502391	10.000000	100.000000	10.000000	10.000000	100.000000
13.063969	10.000000	100.000000	10.000000	10.000000	100.000000
11.982846	10.000000	100.000000	10.000000	10.000000	100.000000
11.211873	10.000000	100.000000	10.000000	10.000000	100.000000
11.115948	10.000000	100.000000	10.000000	10.000000	100.000000
10.728513	10.000000	100.000000	10.000000	10.000000	100.000000
11.443317	10.000000	100.000000	10.000000	10.000000	100.000000
10.083560	10.000000	100.000000	10.000000	10.000000	100.000000
9.185156	10.000000	100.000000	10.000000	10.000000	100.000000
9.929562	10.000000	100.000000	10.000000	10.000000	100.000000
10.934777	10.000000	100.000000	10.000000	10.000000	100.000000
11.858817	10.000000	100.000000	10.000000	10.000000	100.000000
12.188566	10.000000	100.000000	10.000000	10.000000	100.000000
12.252191	10.000000	100.000000	10.000000	10.000000	100.000000
12.119890	10.000000	100.000000	10.000000	10.000000	100.000000
11.241125	10.000000	100.000000	10.000000	10.000000	100.000000
11.536478	10.000000	100.000000	10.000000	10.000000	100.000000
11.430075	10.000000	100.000000	10.000000	10.000000	100.000000
12.122970	10.000000	100.000000	10.000000	10.000000	100.000000
13.184188	10.000000	100.000000	10.000000	10.000000	100.000000
13.062262	10.000000	100.000000	10.000000	10.000000	100.000000
13.945651	10.000000	100.000000	10.000000	10.000000	100.000000
13.615046	10.000000	100.000000	10.000000	10.000000	100.000000
13.592850	10.000000	100.000000	10.000000	10.000000	100.000000
12.208047	10.000000	100.000000	10.000000	10.000000	100.000000
12.382641	10.000000	100.000000	10.000000	10.000000	100.000000
13.845383	10.000000	100.000000	10.000000	10.000000	100.000000
13.049041	10.000000	100.000000	10.000000	10.000000	100.000000
13.942118	10.000000	100.000000	10.000000	10.000000	100.000000
13.952798	10.000000	100.000000	10.000000	10.000000	100.000000
14.104350	10.000000	100.000000	10.000000	10.000000	100.000000
14.535185	10.000000	100.000000	10.000000	10.000000	100.000000
14.589636	10.000000	100.000000	10.000000	10.000000	100.000000
14.695013	10.000000	100.000000	10.000000	10.000000	100.000000
15.094761	10.000000	100.000000	10.000000	10.000000	100.000000
15.920808	10.000000	100.000000	10.000000	10.000000	100.000000
15.892987	10.000000	100.000000	10.000000	10.000000	100.000000
15.630150	10.000000	100.000000	10.000000	10.000000	100.000000
15.967526	10.000000	100.000000	10.000000	10.000000	100.000000
15.291004	10.000000	100.000000	10.000000	10.000000	100.000000
15.259393	10.000000	100.000000	10.000000	10.000000	100.000000
15.445396	10.000000	100.000000	10.000000	10.000000	100.000000
14.466606	10.000000	100.000000	10.000000	10.000000	100.000000
14.912628	10.000000	100.000000	10.000000	10.000000	100.000000
14.844916	10.000000	100.000000	10.000000	10.000000	100.000000
15.183387	10.000000	100.000000	10.000000	10.000000	100.000000
14.950122	10.000000	100.000000	10.000000	10.000000	100.000000
14.232347	10.000000	100.000000	10.000000	10.000000	100.000000
15.409963	10.000000	100.000000	10.000000	10.000000	100.000000
15.130678	10.000000	100.000000	10.000000	10.000000	100.000000
15.282602	10.000000	100.000000	10.000000	10.000000	100.000000
15.880234	10.000000	100.000000	10.000000	10.000000	100.000000
14.765864	10.000000	100.000000	10.000000	10.000000	100.000000
13.904445	10.000000	100.000000	10.000000	10.000000	100.000000
13.127921	10.000000	100.000000	10.000000	10.000000	100.000000
13.034067	10.000000	100.000000	10.000000	10.000000	100.000000
13.609852	10.000000	100.000000	10.000000	10.000000	100.000000
14.243124	10.000000	100.000000	10.000000	10.000000	100.000000
14.552039	10.000000	100.000000	10.000000	10.000000	100.000000
15.441321	10.000000	100.000000	10.000000	10.000000	100.000000
16.805988	10.000000	100.000000	10.000000	10.000000	100.000000
16.306360	10.000000	100.000000	10.000000	10.000000	100.000000
16.843120	10.000000	100.000000	10.000000	10.000000	100.000000
16.872300	10.000000	100.000000	10.000000	10.000000	100.000000
17.495935	10.000000	100.000000	10.000000	10.000000	100.000000
17.631093	10.000000	100.000000	10.000000	10.000000	100.000000
18.573740	10.000000	100.000000	10.000000	10.000000	100.000000
18.244176	10.000000	100.000000	10.000000	10.000000	100.000000
18.202624	10.000000	100.000000	10.000000	10.000000	100.000000
16.623599	10.000000	100.000000	10.000000	10.000000	100.000000
16.281612	10.000000	100.000000	10.000000	10.000000	100.000000
16.555353	10.000000	100.000000	10.000000	10.000000	100.000000
16.972103	10.000000	100.000000	10.000000	10.000000	100.000000
16.889839	10.000000	100.000000	10.000000	10.000000	100.000000
17.614033	10.000000	100.000000	10.000000	10.000000	100.000000
17.396050	10.000000	100.000000	10.000000	10.000000	100.000000
17.491801	10.000000	100.000000	10.000000	10.000000	100.000000
17.981920	10.000000	100.000000	10.000000	10.000000	100.000000
16.554624	10.000000	100.000000	10.000000	10.000000	100.000000
16.142180	10.000000	100.000000	10.000000	10.000000	100.000000
15.778668	10.000000	100.000000	10.000000	10.000000	100.000000
15.798960	10.000000	100.000000	10.000000	10.000000	100.000000
16.266497	10.000000	100.000000	10.000000	10.000000	100.000000
14.281853	10.000000	100.000000	10.000000	10.000000	100.000000
13.537506	10.000000	100.000000	10.000000	10.000000	100.000000
13.045589	10.000000	100.000000	10.000000	10.000000	100.000000
13.437261	10.000000	100.000000	10.000000	10.000000	100.000000
13.853139	10.000000	100.000000	10.000000	10.000000	100.000000
14.202219	10.000000	100.000000	10.000000	10.000000	100.000000
15.486990	10.000000	100.000000	10.000000	10.000000	100.000000
16.008172	10.000000	100.000000	10.000000	10.000000	100.000000
16.419371	10.000000	100.000000	10.000000	10.000000	100.000000
15.208698	10.000000	100.000000	10.000000	10.000000	100.000000
14.306605	10.000000	100.000000	10.000000	10.000000	100.000000
14.938932	10.000000	100.000000	10.000000	10.000000	100.000000
15.266306	10.000000	100.000000	10.000000	10.000000	100.000000
14.657126	10.000000	100.000000	10.000000	10.000000	100.000000
14.452520	10.000000	100.000000	10.000000	10.000000	100.000000
13.906411	10.000000	100.000000	10.000000	10.000000	100.000000
13.369010	10.000000	100.000000	10.000000	10.000000	100.000000
13.812061	10.000000	100.000000	10.000000	10.000000	100.000000
13.797512	10.000000	100.000000	10.000000	10.000000	100.000000
14.565233	10.000000	100.000000	10.000000	10.000000	100.000000
15.576358	10.000000	100.000000	10.000000	10.000000	100.000000
14.540758	10.000000	100.000000	10.000000	10.000000	100.000000
15.433290	10.000000	100.000000	10.000000	10.000000	100.000000
15.984436	10.000000	100.000000	10.000000	10.000000	100.000000
14.351561	10.000000	100.000000	10.000000	10.000000	100.000000
15.046884	10.000000	100.000000	10.000000	10.000000	100.000000
14.631125	10.000000	100.000000	10.000000	10.000000	100.000000
14.251974	10.000000	100.000000	10.000000	10.000000	100.000000
14.902751	10.000000	100.000000	10.000000	10.000000	100.000000
14.684614	10.000000	100.000000	10.000000	10.000000	100.000000
15.742440	10.000000	100.000000	10.000000	10.000000	100.000000
15.367839	10.000000	100.000000	10.000000	10.000000	100.000000
15.067432	10.000000	100.000000	10.000000	10.000000	100.000000
14.573467	10.000000	100.000000	10.000000	10.000000	100.000000
13.383629	10.000000	100.000000	10.000000	10.000000	100.000000
12.643335	10.000000	100.000000	10.000000	10.000000	100.000000
10.747393	10.000000	100.000000	10.000000	10.000000	100.000000
9.644945	10.000000	100.000000	10.000000	10.000000	100.000000
11.191175	10.000000	100.000000	10.000000	10.000000	100.000000
10.795258	10.000000	100.000000	10.000000	10.000000	100.000000
12.198510	10.000000	100.000000	10.000000	10.000000	100.000000
13.011916	10.000000	100.000000	10.000000	10.000000	100.000000
13.501514	10.000000	100.000000	10.000000	10.000000	100.000000
13.824298	10.000000	100.000000	10.000000	10.000000	100.000000
14.150191	10.000000	100.000000	10.000000	10.000000	100.000000
14.542712	10.000000	100.000000	10.000000	10.000000	100.000000
12.946815	10.000000	100.000000	10.000000	10.000000	100.000000
12.037895	10.000000	100.000000	10.000000	10.000000	100.000000
11.069408	10.000000	100.000000	10.000000	10.000000	100.000000
10.248159	10.000000	100.000000	10.000000	10.000000	100.000000
11.753572	10.000000	100.000000	10.000000	10.000000	100.000000
11.393620	10.000000	100.000000	10.000000	10.000000	100.000000
11.160905	10.000000	100.000000	10.000000	10.000000	100.000000
10.781349	10.000000	100.000000	10.000000	10.000000	100.000000
11.302429	10.000000	100.000000	10.000000	10.000000	100.000000
11.389143	10.000000	100.000000	10.000000	10.000000	100.000000
12.371192	10.000000	100.000000	10.000000	10.000000	100.000000
12.184978	10.000000	100.000000	10.000000	10.000000	100.000000
11.394717	10.000000	100.000000	10.000000	10.000000	100.000000
12.853801	10.000000	100.000000	10.000000	10.000000	100.000000
11.976186	10.000000	100.000000	10.000000	10.000000	100.000000
11.728869	10.000000	100.000000	10.000000	10.000000	100.000000
10.952083	10.000000	100.000000	10.000000	10.000000	100.000000
10.561790	10.000000	100.000000	10.000000	10.000000	100.000000
8.994173	10.000000	100.000000	10.000000	10.000000	100.000000
9.349928	10.000000	100.000000	10.000000	10.000000	100.000000
8.914190	10.000000	100.000000	10.000000	10.000000	100.000000
9.054972	10.000000	100.000000	10.000000	10.000000	100.000000
9.402254	10.000000	100.000000	10.000000	10.000000	100.000000
9.431800	10.000000	100.000000	10.000000	10.000000	100.000000
8.753204	10.000000	100.000000	10.000000	10.000000	100.000000
8.557970	10.000000	100.000000	10.000000	10.000000	100.000000
8.038296	10.000000	100.000000	10.000000	10.000000	100.000000
9.432670	10.000000	100.000000	10.000000	10.000000	100.000000
9.818279	10.000000	100.000000	10.000000	10.000000	100.000000
9.417174	10.000000	100.000000	10.000000	10.000000	100.000000
9.170341	10.000000	100.000000	10.000000	10.000000	100.000000
9.441843	10.000000	100.000000	10.000000	10.000000	100.000000
10.547312	10.000000	100.000000	10.000000	10.000000	100.000000
10.256783	10.000000	100.000000	10.000000	10.000000	100.000000
9.846611	10.000000	100.000000	10.000000	10.000000	100.000000
10.421605	10.000000	100.000000	10.000000	10.000000	100.000000
9.848127	10.000000	100.000000	10.000000	10.000000	100.000000
10.379313	10.000000	100.000000	10.000000	10.000000	100.000000
9.936045	10.000000	100.000000	10.000000	10.000000	100.000000
7.843417	10.000000	100.000000	10.000000	10.000000	100.000000
10.059044	10.000000	100.000000	10.000000	10.000000	100.000000
9.888667	10.000000	100.000000	10.000000	10.000000	100.000000
8.922994	10.000000	100.000000	10.000000	10.000000	100.000000
8.114549	10.000000	100.000000	10.000000	10.000000	100.000000
8.955428	10.000000	100.000000	10.000000	10.000000	100.000000
9.692891	10.000000	100.000000	10.000000	10.000000	100.000000
10.314407	10.000000	100.000000	10.000000	10.000000	100.000000
11.635485	10.000000	100.000000	10.000000	10.000000	100.000000
12.393884	10.000000	100.000000	10.000000	10.000000	100.000000
13.093693	10.000000	100.000000	10.000000	10.000000	100.000000
11.792966	10.000000	100.000000	10.000000	10.000000	100.000000
12.121774	10.000000	100.000000	10.000000	10.000000	100.000000
11.528474	10.000000	100.000000	10.000000	10.000000	100.000000
11.330014	10.000000	100.000000	10.000000	10.000000	100.000000
11.211633	10.000000	100.000000	10.000000	10.000000	100.000000
11.151185	10.000000	100.000000	10.000000	10.000000	100.000000
11.666061	10.000000	100.000000	10.000000	10.000000	100.000000
12.302411	10.000000	100.000000	10.000000	10.000000	100.000000
12.641311	10.000000	100.000000	10.000000	10.000000	100.000000
12.889939	10.000000	100.000000	10.000000	10.000000	100.000000
13.268095	10.000000	100.000000	10.000000	10.000000	100.000000
13.545325	10.000000	100.000000	10.000000	10.000000	100.000000
13.765203	10.000000	100.000000	10.000000	10.000000	100.000000
13.878159	10.000000	100.000000	10.000000	10.000000	100.000000
13.709544	10.000000	100.000000	10.000000	10.000000	100.000000
13.442881	10.000000	100.000000	10.000000	10.000000	100.000000
13.680292	10.000000	100.000000	10.000000	10.000000	100.000000
12.008651	10.000000	100.000000	10.000000	10.000000	100.000000
11.961340	10.000000	100.000000	10.000000	10.000000	100.000000
11.607135	10.000000	100.000000	10.000000	10.000000	100.000000
12.461471	10.000000	100.000000	10.000000	10.000000	100.000000
13.195365	10.000000	100.000000	10.000000	10.000000	100.000000
12.910318	10.000000	100.000000	10.000000	10.000000	100.000000
12.530907	10.000000	100.000000	10.000000	10.000000	100.000000
13.771268	10.000000	100.000000	10.000000	10.000000	100.000000
13.458564	10.000000	100.000000	10.000000	10.000000	100.000000
13.017492	10.000000	100.000000	10.000000	10.000000	100.000000
11.960444	10.000000	100.000000	10.000000	10.000000	100.000000
11.952195	10.000000	100.000000	10.000000	10.000000	100.000000
13.991782	10.000000	100.000000	10.000000	10.000000	100.000000
13.809876	10.000000	100.000000	10.000000	10.000000	100.000000
13.784455	10.000000	100.000000	10.000000	10.000000	100.000000
14.340270	10.000000	100.000000	10.000000	10.000000	100.000000
13.395055	10.000000	100.000000	10.000000	10.000000	100.000000
13.805908	10.000000	100.000000	10.000000	10.000000	100.000000
14.366320	10.000000	100.000000	10.000000	10.000000	100.000000
12.933867	10.000000	100.000000	10.000000	10.000000	100.000000
11.716641	10.000000	100.000000	10.000000	10.000000	100.000000
12.739375	10.000000	100.000000	10.000000	10.000000	100.000000
13.308552	10.000000	100.000000	10.000000	10.000000	100.000000
13.881367	10.000000	100.000000	10.000000	10.000000	100.000000
12.016393	10.000000	100.000000	10.000000	10.000000	100.000000
11.501180	10.000000	100.000000	10.000000	10.000000	100.000000
12.407122	10.000000	100.000000	10.000000	10.000000	100.000000
12.614817	10.000000	100.000000	10.000000	10.000000	100.000000
13.194395	10.000000	100.000000	10.000000	10.000000	100.000000
13.424361	10.000000	100.000000	10.000000	10.000000	100.000000
12.759838	10.000000	100.000000	10.000000	10.000000	100.000000
12.741974	10.000000	100.000000	10.000000	10.000000	100.000000
12.980748	10.000000	100.000000	10.000000	10.000000	100.000000
11.713407	10.000000	100.000000	10.000000	10.000000	100.000000
10.638277	10.000000	100.000000	10.000000	10.000000	100.000000
10.813340	10.000000	100.000000	10.000000	10.000000	100.000000
11.930981	10.000000	100.000000	10.000000	10.000000	100.000000
10.873322	10.000000	100.000000	10.000000	10.000000	100.000000
10.926180	10.000000	100.000000	10.000000	10.000000	100.000000
11.064064	10.000000	100.000000	10.000000	10.000000	100.000000
10.509264	10.000000	100.000000	10.000000	10.000000	100.000000
9.761779	10.000000	100.000000	10.000000	10.000000	100.000000
10.683443	10.000000	100.000000	10.000000	10.000000	100.000000
10.809892	10.000000	100.000000	10.000000	10.000000	100.000000
10.111899	10.000000	100.000000	10.000000	10.000000	100.000000
10.840826	10.000000	100.000000	10.000000	10.000000	100.000000
10.945674	10.000000	100.000000	10.000000	10.000000	100.000000
10.304323	10.000000	100.000000	10.000000	10.000000	100.000000
9.275761	10.000000	100.000000	10.000000	10.000000	100.000000
10.244946	10.000000	100.000000	10.000000	10.000000	100.000000
8.939165	10.000000	100.000000	10.000000	10.000000	100.000000
10.422040	10.000000	100.000000	10.000000	10.000000	100.000000
9.102128	10.000000	100.000000	10.000000	10.000000	100.000000
9.377637	10.000000	100.000000	10.000000	10.000000	100.000000
8.032973	10.000000	100.000000	10.000000	10.000000	100.000000
8.444618	10.000000	100.000000	10.000000	10.000000	100.000000
8.405800	10.000000	100.000000	10.000000	10.000000	100.000000
9.778667	10.000000	100.000000	10.000000	10.000000	100.000000
10.156285	10.000000	100.000000	10.000000	10.000000	100.000000
10.734645	10.000000	100.000000	10.000000	10.000000	100.000000
12.109196	10.000000	100.000000	10.000000	10.000000	100.000000
11.965269	10.000000	100.000000	10.000000	10.000000	100.000000
12.132040	10.000000	100.000000	10.000000	10.000000	100.000000
12.188488	10.000000	100.000000	10.000000	10.000000	100.000000
11.560795	10.000000	100.000000	10.000000	10.000000	100.000000
11.637890	10.000000	100.000000	10.000000	10.000000	100.000000
11.756299	10.000000	100.000000	10.000000	10.000000	100.000000
10.635861	10.000000	100.000000	10.000000	10.000000	100.000000
9.249648	10.000000	100.000000	10.000000	10.000000	100.000000
7.530755	10.000000	100.000000	10.000000	10.000000	100.000000
7.070868	10.000000	100.000000	10.000000	10.000000	100.000000
6.149524	10.000000	100.000000	10.000000	10.000000	100.000000
5.927489	10.000000	100.000000	10.000000	10.000000	100.000000
7.832354	10.000000	100.000000	10.000000	10.000000	100.000000
7.112648	10.000000	100.000000	10.000000	10.000000	100.000000
5.107065	10.000000	100.000000	10.000000	10.000000	100.000000
1.833580	10.000000	99.820532	10.000000	10.000000	100.000000
2.493731	10.000000	96.032442	10.000000	10.000000	100.000000
-0.781920	10.000000	94.265257	10.000000	10.000000	100.000000
10.000000	10.000000	94.258185	10.000000	10.000000	100.000000
10.000000	10.000000	94.625969	10.000000	10.000000	100.000000
10.000000	10.000000	94.570168	10.000000	10.000000	100.000000
10.000000	10.000000	94.494344	10.000000	10.000000	100.000000
10.000000	10.000000	94.544884	10.000000	10.000000	100.000000
10.000000	10.000000	94.394233	10.000000	10.000000	100.000000
10.000000	10.000000	94.400241	10.000000	10.000000	100.000000
10.000000	10.000000	94.561066	10.000000	10.000000	100.000000
10.000000	10.000000	94.614933	10.000000	10.000000	100.000000
10.000000	10.000000	94.365054	10.000000	10.000000	100.000000
10.000000	10.000000	94.454900	10.000000	10.000000	100.000000
10.000000	10.000000	94.558930	10.000000	10.000000	100.000000
10.000000	10.000000	94.661936	10.000000	10.000000	100.000000
10.000000	10.000000	94.655789	10.000000	10.000000	100.000000
10.000000	10.000000	94.696281	10.000000	10.000000	100.000000
10.000000	10.000000	94.627682	10.000000	10.000000	100.000000
10.000000	10.000000	94.652100	10.000000	10.000000	100.000000
10.000000	10.000000	94.585394	10.000000	10.000000	100.000000
10.000000	10.000000	94.694813	10.000000	10.000000	100.000000
10.000000	10.000000	94.642843	10.000000	10.000000	100.000000
10.000000	10.000000	94.633174	10.000000	10.000000	100.000000
10.000000	10.000000	94.551121	10.000000	10.000000	100.000000
10.000000	10.000000	94.280884	10.000000	10.000000	100.000000
10.000000	10.000000	94.355259	10.000000	10.000000	100.000000
10.000000	10.000000	94.594540	10.000000	10.000000	100.000000
10.000000	10.000000	94.474872	10.000000	10.000000	100.000000
10.000000	10.000000	94.445258	10.000000	10.000000	100.000000
10.000000	10.000000	94.370486	10.000000	10.000000	100.000000
10.000000	10.000000	94.387303	10.000000	10.000000	100.000000
10.000000	10.000000	94.540282	10.000000	10.000000	100.000000
10.000000	10.000000	94.513943	10.000000	10.000000	100.000000
10.000000	10.000000	94.555917	10.000000	10.000000	100.000000
10.000000	10.000000	94.432094	10.000000	10.000000	100.000000
10.000000	10.000000	94.383539	10.000000	10.000000	100.000000
10.000000	10.000000	94.445987	10.000000	10.000000	100.000000
10.000000	10.000000	94.331106	10.000000	10.000000	100.000000
10.000000	10.000000	94.353094	10.000000	10.000000	100.000000
10.000000	10.000000	94.494732	10.000000	10.000000	100.000000
10.000000	10.000000	94.337278	10.000000	10.000000	100.000000
10.000000	10.000000	94.398224	10.000000	10.000000	100.000000
10.000000	10.000000	94.312355	10.000000	10.000000	100.000000
10.000000	10.000000	94.373031	10.000000	10.000000	100.000000
10.000000	10.000000	94.251695	10.000000	10.000000	100.000000
10.000000	10.000000	94.158881	10.000000	10.000000	100.000000
10.000000	10.000000	94.398628	10.000000	10.000000	100.000000
10.000000	10.000000	94.164575	10.000000	10.000000	100.000000
10.000000	10.000000	94.272682	10.000000	10.000000	100.000000
10.000000	10.000000	94.223133	10.000000	10.000000	100.000000
10.000000	10.000000	94.385388	10.000000	10.000000	100.000000
10.000000	10.000000	94.256481	10.000000	10.000000	100.000000
10.000000	10.000000	94.145799	10.000000	10.000000	100.000000
10.000000	10.000000	94.138781	10.000000	10.000000	100.000000
10.000000	10.000000	94.118020	10.000000	10.000000	100.000000
10.000000	10.000000	94.223060	10.000000	10.000000	100.000000
10.000000	10.000000	94.027777	10.000000	10.000000	100.000000
10.000000	10.000000	93.739851	10.000000	10.000000	100.000000
10.000000	10.000000	93.587246	10.000000	10.000000	100.000000
10.000000	10.000000	93.314667	10.000000	10.000000	100.000000
10.000000	10.000000	93.042938	10.000000	10.000000	100.000000
10.000000	10.000000	93.256877	10.000000	10.000000	100.000000
10.000000	10.000000	93.161006	10.000000	10.000000	100.000000
10.000000	10.000000	93.173589	10.000000	10.000000	100.000000
10.000000	10.000000	93.063775	10.000000	10.000000	100.000000
10.000000	10.000000	93.023845	10.000000	10.000000	100.000000
10.000000	10.000000	93.002513	10.000000	10.000000	100.000000
10.000000	10.000000	92.836943	10.000000	10.000000	100.000000
10.000000	10.000000	92.780182	10.000000	10.000000	100.000000
10.000000	10.000000	92.766615	10.000000	10.000000	100.000000
10.000000	10.000000	92.532897	10.000000	10.000000	100.000000
10.000000	10.000000	92.520650	10.000000	10.000000	100.000000
10.000000	10.000000	92.432334	10.000000	10.000000	100.000000
10.000000	10.000000	92.478418	10.000000	10.000000	100.000000
10.000000	10.000000	92.387608	10.000000	10.000000	100.000000
10.000000	10.000000	92.059838	10.000000	10.000000	100.000000
10.000000	10.000000	91.940079	10.000000	10.000000	100.000000
10.000000	10.000000	91.795225	10.000000	10.000000	100.000000
10.000000	10.000000	91.820333	10.000000	10.000000	100.000000
10.000000	10.000000	91.773292	10.000000	10.000000	100.000000
10.000000	10.000000	91.560023	10.000000	10.000000	100.000000
10.000000	10.000000	91.440789	10.000000	10.000000	100.000000
10.000000	10.000000	91.640602	10.000000	10.000000	100.000000
10.000000	10.000000	91.743668	10.000000	10.000000	100.000000
10.000000	10.000000	91.837762	10.000000	10.000000	100.000000
10.000000	10.000000	91.798244	10.000000	10.000000	100.000000
10.000000	10.000000	91.825191	10.000000	10.000000	100.000000
10.000000	10.000000	91.815539	10.000000	10.000000	100.000000
10.000000	10.000000	91.744363	10.000000	10.000000	100.000000
10.000000	10.000000	91.827947	10.000000	10.000000	100.000000
10.000000	10.000000	91.906707	10.000000	10.000000	100.000000
10.000000	10.000000	91.961953	10.000000	10.000000	100.000000
10.000000	10.000000	91.976784	10.000000	10.000000	100.000000
10.000000	10.000000	91.971458	10.000000	10.000000	100.000000
10.000000	10.000000	92.049312	10.000000	10.000000	100.000000
10.000000	10.000000	92.068089	10.000000	10.000000	100.000000
10.000000	10.000000	92.006750	10.000000	10.000000	100.000000
10.000000	10.000000	92.009313	10.000000	10.000000	100.000000
10.000000	10.000000	92.109787	10.000000	10.000000	100.000000
10.000000	10.000000	92.285483	10.000000	10.000000	100.000000
10.000000	10.000000	92.386281	10.000000	10.000000	100.000000
10.000000	10.000000	92.308114	10.000000	10.000000	100.000000
10.000000	10.000000	92.380617	10.000000	10.000000	100.000000
10.000000	10.000000	92.151766	10.000000	10.000000	100.000000
10.000000	10.000000	92.423593	10.000000	10.000000	100.000000
10.000000	10.000000	92.470548	10.000000	10.000000	100.000000
10.000000	10.000000	92.497261	10.000000	10.000000	100.000000
10.000000	10.000000	92.403721	10.000000	10.000000	100.000000
10.000000	10.000000	92.260057	10.000000	10.000000	100.000000
10.000000	10.000000	92.230614	10.000000	10.000000	100.000000
10.000000	10.000000	92.338504	10.000000	10.000000	100.000000
10.000000	10.000000	92.489435	10.000000	10.000000	100.000000
10.000000	10.000000	92.701314	10.000000	10.000000	100.000000
10.000000	10.000000	92.591105	10.000000	10.000000	100.000000
10.000000	10.000000	92.226597	10.000000	10.000000	100.000000
10.000000	10.000000	92.468081	10.000000	10.000000	100.000000
10.000000	10.000000	92.505778	10.000000	10.000000	100.000000
10.000000	10.000000	92.383221	10.000000	10.000000	100.000000
10.000000	10.000000	92.522665	10.000000	10.000000	100.000000
10.000000	10.000000	92.548622	10.000000	10.000000	100.000000
10.000000	10.000000	92.501043	10.000000	10.000000	100.000000
10.000000	10.000000	92.434247	10.000000	10.000000	100.000000
10.000000	10.000000	92.315270	10.000000	10.000000	100.000000
10.000000	10.000000	92.056028	10.000000	10.000000	100.000000
10.000000	10.000000	92.169674	10.000000	10.000000	100.000000
10.000000	10.000000	92.078232	10.000000	10.000000	100.000000
10.000000	10.000000	92.033462	10.000000	10.000000	100.000000
10.000000	10.000000	91.933708	10.000000	10.000000	100.000000
10.000000	10.000000	92.117339	10.000000	10.000000	100.000000
10.000000	10.000000	92.095862	10.000000	10.000000	100.000000
10.000000	10.000000	92.136035	10.000000	10.000000	100.000000
10.000000	10.000000	92.068298	10.000000	10.000000	100.000000
10.000000	10.000000	92.169496	10.000000	10.000000	100.000000
10.000000	10.000000	92.183729	10.000000	10.000000	100.000000
10.000000	10.000000	92.214307	10.000000	10.000000	100.000000
10.000000	10.000000	92.461442	10.000000	10.000000	100.000000
10.000000	10.000000	92.653214	10.000000	10.000000	100.000000
10.000000	10.000000	92.793672	10.000000	10.000000	100.000000
10.000000	10.000000	92.787789	10.000000	10.000000	100.000000
10.000000	10.000000	92.797546	10.000000	10.000000	100.000000
10.000000	10.000000	92.843071	10.000000	10.000000	100.000000
10.000000	10.000000	93.110867	10.000000	10.000000	100.000000
10.000000	10.000000	93.057516	10.000000	10.000000	100.000000
10.000000	10.000000	93.109060	10.000000	10.000000	100.000000
10.000000	10.000000	93.337749	10.000000	10.000000	100.000000
10.000000	10.000000	93.198442	10.000000	10.000000	100.000000
10.000000	10.000000	93.217838	10.000000	10.000000	100.000000
10.000000	10.000000	92.952022	10.000000	10.000000	100.000000
10.000000	10.000000	92.849207	10.000000	10.000000	100.000000
10.000000	10.000000	92.732011	10.000000	10.000000	100.000000
10.000000	10.000000	92.763910	10.000000	10.000000	100.000000
10.000000	10.000000	92.787773	10.000000	10.000000	100.000000
10.000000	10.000000	92.725252	10.000000	10.000000	100.000000
10.000000	10.000000	92.805753	10.000000	10.000000	100.000000
10.000000	10.000000	92.876902	10.000000	10.000000	100.000000
10.000000	10.000000	93.046255	10.000000	10.000000	100.000000
10.000000	10.000000	93.125374	10.000000	10.000000	100.000000
10.000000	10.000000	93.025783	10.000000	10.000000	100.000000
10.000000	10.000000	92.964552	10.000000	10.000000	100.000000
10.000000	10.000000	92.783052	10.000000	10.000000	100.000000
10.000000	10.000000	92.650725	10.000000	10.000000	100.000000
10.000000	10.000000	92.682545	10.000000	10.000000	100.000000
10.000000	10.000000	92.669637	10.000000	10.000000	100.000000
10.000000	10.000000	92.602396	10.000000	10.000000	100.000000
10.000000	10.000000	92.703402	10.000000	10.000000	100.000000
10.000000	10.000000	92.587789	10.000000	10.000000	100.000000
10.000000	10.000000	92.497100	10.000000	10.000000	100.000000
10.000000	10.000000	92.687374	10.000000	10.000000	100.000000
10.000000	10.000000	92.919939	10.000000	10.000000	100.000000
10.000000	10.000000	92.917259	10.000000	10.000000	100.000000
10.000000	10.000000	92.779953	10.000000	10.000000	100.000000
10.000000	10.000000	92.351613	10.000000	10.000000	100.000000
10.000000	10.000000	92.498067	10.000000	10.000000	100.000000
10.000000	10.000000	92.451007	10.000000	10.000000	100.000000
10.000000	10.000000	92.451782	10.000000	10.000000	100.000000
10.000000	10.000000	92.450580	10.000000	10.000000	100.000000
10.000000	10.000000	92.333843	10.000000	10.000000	100.000000
10.000000	10.000000	92.175021	10.000000	10.000000	100.000000
10.000000	10.000000	92.388759	10.000000	10.000000	100.000000
10.000000	10.000000	92.240436	10.000000	10.000000	100.000000
10.000000	10.000000	92.188917	10.000000	10.000000	100.000000
10.000000	10.000000	92.387547	10.000000	10.000000	100.000000
10.000000	10.000000	92.651240	10.000000	10.000000	100.000000
10.000000	10.000000	92.581042	10.000000	10.000000	100.000000
10.000000	10.000000	92.228968	10.000000	10.000000	100.000000
10.000000	10.000000	92.507239	10.000000	10.000000	100.000000
10.000000	10.000000	92.326410	10.000000	10.000000	100.000000
10.000000	10.000000	92.354981	10.000000	10.000000	100.000000
10.000000	10.000000	92.153067	10.000000	10.000000	100.000000
10.000000	10.000000	92.298504	10.000000	10.000000	100.000000
10.000000	10.000000	92.118559	10.000000	10.000000	100.000000
10.000000	10.000000	92.173828	10.000000	10.000000	100.000000
10.000000	10.000000	92.276680	10.000000	10.000000	100.000000
10.000000	10.000000	92.117725	10.000000	10.000000	100.000000
10.000000	10.000000	92.208484	10.000000	10.000000	100.000000
10.000000	10.000000	92.171117	10.000000	10.000000	100.000000
10.000000	10.000000	92.131230	10.000000	10.000000	100.000000
10.000000	10.000000	92.352317	10.000000	10.000000	100.000000
10.000000	10.000000	92.558809	10.000000	10.000000	100.000000
10.000000	10.000000	92.530638	10.000000	10.000000	100.000000
10.000000	10.000000	92.564457	10.000000	10.000000	100.000000
10.000000	10.000000	92.813713	10.000000	10.000000	100.000000
10.000000	10.000000	93.166663	10.000000	10.000000	100.000000
10.000000	10.000000	93.075061	10.000000	10.000000	100.000000
10.000000	10.000000	92.998766	10.000000	10.000000	100.000000
10.000000	10.000000	93.020667	10.000000	10.000000	100.000000
10.000000	10.000000	92.942854	10.000000	10.000000	100.000000
10.000000	10.000000	92.801719	10.000000	10.000000	100.000000
10.000000	10.000000	92.683983	10.000000	10.000000	100.000000
10.000000	10.000000	92.477313	10.000000	10.000000	100.000000
10.000000	10.000000	92.518956	10.000000	10.000000	100.000000
10.000000	10.000000	92.476231	10.000000	10.000000	100.000000
10.000000	10.000000	92.177811	10.000000	10.000000	100.000000
10.000000	10.000000	92.169892	10.000000	10.000000	100.000000
10.000000	10.000000	92.115905	10.000000	10.000000	100.000000
10.000000	10.000000	92.160448	10.000000	10.000000	100.000000
10.000000	10.000000	91.873159	10.000000	10.000000	100.000000
10.000000	10.000000	91.853661	10.000000	10.000000	100.000000
10.000000	10.000000	91.790159	10.000000	10.000000	100.000000
10.000000	10.000000	91.836452	10.000000	10.000000	100.000000
10.000000	10.000000	91.833328	10.000000	10.000000	100.000000
10.000000	10.000000	91.924197	10.000000	10.000000	100.000000
10.000000	10.000000	91.902931	10.000000	10.000000	100.000000
10.000000	10.000000	91.865429	10.000000	10.000000	100.000000
10.000000	10.000000	91.638623	10.000000	10.000000	100.000000
10.000000	10.000000	91.913692	10.000000	10.000000	100.000000
10.000000	10.000000	91.973939	10.000000	10.000000	100.000000
10.000000	10.000000	92.138643	10.000000	10.000000	100.000000
10.000000	10.000000	92.062293	10.000000	10.000000	100.000000
10.000000	10.000000	91.985712	10.000000	10.000000	100.000000
10.000000	10.000000	91.719642	10.000000	10.000000	100.000000
10.000000	10.000000	91.980800	10.000000	10.000000	100.000000
10.000000	10.000000	91.768364	10.000000	10.000000	100.000000
10.000000	10.000000	91.872563	10.000000	10.000000	100.000000
10.000000	10.000000	92.158022	10.000000	10.000000	100.000000
10.000000	10.000000	92.321411	10.000000	10.000000	100.000000
10.000000	10.000000	92.386569	10.000000	10.000000	100.000000
10.000000	10.000000	92.331926	10.000000	10.000000	100.000000
10.000000	10.000000	92.195037	10.000000	10.000000	100.000000
10.000000	10.000000	92.373391	10.000000	10.000000	100.000000
10.000000	10.000000	92.355779	10.000000	10.000000	100.000000
10.000000	10.000000	92.451892	10.000000	10.000000	100.000000
10.000000	10.000000	92.627113	10.000000	10.000000	100.000000
10.000000	10.000000	92.716802	10.000000	10.000000	100.000000
10.000000	10.000000	92.435703	10.000000	10.000000	100.000000
10.000000	10.000000	92.469698	10.000000	10.000000	100.000000
10.000000	10.000000	92.514416	10.000000	10.000000	100.000000
10.000000	10.000000	92.414344	10.000000	10.000000	100.000000
10.000000	10.000000	92.416081	10.000000	10.000000	100.000000
10.000000	10.000000	92.223047	10.000000	10.000000	100.000000
10.000000	10.000000	92.203953	10.000000	10.000000	100.000000
10.000000	10.000000	92.094060	10.000000	10.000000	100.000000
10.000000	10.000000	91.929428	10.000000	10.000000	100.000000
10.000000	10.000000	92.114076	10.000000	10.000000	100.000000
10.000000	10.000000	91.904512	10.000000	10.000000	100.000000
10.000000	10.000000	91.940865	10.000000	10.000000	100.000000
10.000000	10.000000	91.989647	10.000000	10.000000	100.000000
10.000000	10.000000	92.015952	10.000000	10.000000	100.000000
10.000000	10.000000	92.296869	10.000000	10.000000	100.000000
10.000000	10.000000	92.328925	10.000000	10.000000	100.000000
10.000000	10.000000	92.361238	10.000000	10.000000	100.000000
10.000000	10.000000	92.401754	10.000000	10.000000	100.000000
10.000000	10.000000	92.500004	10.000000	10.000000	100.000000
10.000000	10.000000	92.459705	10.000000	10.000000	100.000000
10.000000	10.000000	92.452664	10.000000	10.000000	100.000000
10.000000	10.000000	92.626897	10.000000	10.000000	100.000000
10.000000	10.000000	92.438403	10.000000	10.000000	100.000000
10.000000	10.000000	92.533867	10.000000	10.000000	100.000000
10.000000	10.000000	92.720949	10.000000	10.000000	100.000000
10.000000	10.000000	92.609790	10.000000	10.000000	100.000000
10.000000	10.000000	92.636461	10.000000	10.000000	100.000000
10.000000	10.000000	92.812883	10.000000	10.000000	100.000000
10.000000	10.000000	93.109872	10.000000	10.000000	100.000000
10.000000	10.000000	93.080237	10.000000	10.000000	100.000000
10.000000	10.000000	93.150580	10.000000	10.000000	100.000000
10.000000	10.000000	93.075363	10.000000	10.000000	100.000000
10.000000	10.000000	93.221099	10.000000	10.000000	100.000000
10.000000	10.000000	93.141461	10.000000	10.000000	100.000000
10.000000	10.000000	93.076993	10.000000	10.000000	100.000000
10.000000	10.000000	93.395669	10.000000	10.000000	100.000000
10.000000	10.000000	93.346840	10.000000	10.000000	100.000000
10.000000	10.000000	93.227610	10.000000	10.000000	100.000000
10.000000	10.000000	93.225349	10.000000	10.000000	100.000000
10.000000	10.000000	93.419530	10.000000	10.000000	100.000000
10.000000	10.000000	93.612242	10.000000	10.000000	100.000000
10.000000	10.000000	93.612853	10.000000	10.000000	100.000000
10.000000	10.000000	93.721762	10.000000	10.000000	100.000000
10.000000	10.000000	93.819518	10.000000	10.000000	100.000000
10.000000	10.000000	93.635754	10.000000	10.000000	100.000000
10.000000	10.000000	93.726695	10.000000	10.000000	100.000000
10.000000	10.000000	93.851193	10.000000	10.000000	100.000000
10.000000	10.000000	93.855413	10.000000	10.000000	100.000000
10.000000	10.000000	93.811532	10.000000	10.000000	100.000000
10.000000	10.000000	93.956425	10.000000	10.000000	100.000000
10.000000	10.000000	94.127384	10.000000	10.000000	100.000000
10.000000	10.000000	94.075380	10.000000	10.000000	100.000000
10.000000	10.000000	93.763733	10.000000	10.000000	100.000000
10.000000	10.000000	93.773914	10.000000	10.000000	100.000000
10.000000	10.000000	93.866923	10.000000	10.000000	100.000000
10.000000	10.000000	93.854013	10.000000	10.000000	100.000000
10.000000	10.000000	93.794339	10.000000	10.000000	100.000000
10.000000	10.000000	94.000043	10.000000	10.000000	100.000000
10.000000	10.000000	93.936244	10.000000	10.000000	100.000000
10.000000	10.000000	93.993198	10.000000	10.000000	100.000000
10.000000	10.000000	94.453618	10.000000	10.000000	100.000000
10.000000	10.000000	94.204377	10.000000	10.000000	100.000000
10.000000	10.000000	94.587655	10.000000	10.000000	100.000000
10.000000	10.000000	94.297803	10.000000	10.000000	100.000000
10.000000	10.000000	94.489946	10.000000	10.000000	100.000000
10.000000	10.000000	94.791879	10.000000	10.000000	100.000000
10.000000	10.000000	94.820105	10.000000	10.000000	100.000000
10.000000	10.000000	94.995652	10.000000	10.000000	100.000000
10.000000	10.000000	95.021779	10.000000	10.000000	100.000000
10.000000	10.000000	95.002343	10.000000	10.000000	100.000000
10.000000	10.000000	95.046905	10.000000	10.000000	100.000000
10.000000	10.000000	95.070623	10.000000	10.000000	100.000000
10.000000	10.000000	95.050828	10.000000	10.000000	100.000000
10.000000	10.000000	95.154717	10.000000	10.000000	100.000000
10.000000	10.000000	95.170140	10.000000	10.000000	100.000000
10.000000	10.000000	95.104092	10.000000	10.000000	100.000000
10.000000	10.000000	95.317925	10.000000	10.000000	100.000000
10.000000	10.000000	95.191456	10.000000	10.000000	100.000000
10.000000	10.000000	95.603401	10.000000	10.000000	100.000000
10.000000	10.000000	95.489708	10.000000	10.000000	100.000000
10.000000	10.000000	95.383196	10.000000	10.000000	100.000000
10.000000	10.000000	95.202031	10.000000	10.000000	100.000000
10.000000	10.000000	95.167069	10.000000	10.000000	100.000000
10.000000	10.000000	94.965676	10.000000	10.000000	100.000000
10.000000	10.000000	94.758893	10.000000	10.000000	100.000000
10.000000	10.000000	94.729160	10.000000	10.000000	100.000000
10.000000	10.000000	94.923217	10.000000	10.000000	100.000000
10.000000	10.000000	94.715636	10.000000	10.000000	100.000000
10.000000	10.000000	94.628862	10.000000	10.000000	100.000000
10.000000	10.000000	94.693125	10.000000	10.000000	100.000000
10.000000	10.000000	94.814026	10.000000	10.000000	100.000000
10.000000	10.000000	94.890579	10.000000	10.000000	100.000000
10.000000	10.000000	94.934941	10.000000	10.000000	100.000000
10.000000	10.000000	94.853657	10.000000	10.000000	100.000000
10.000000	10.000000	94.790281	10.000000	10.000000	100.000000
10.000000	10.000000	94.893932	10.000000	10.000000	100.000000
10.000000	10.000000	94.867051	10.000000	10.000000	100.000000
10.000000	10.000000	94.775332	10.000000	10.000000	100.000000
10.000000	10.000000	94.521887	10.000000	10.000000	100.000000
10.000000	10.000000	94.386500	10.000000	10.000000	100.000000
10.000000	10.000000	94.097183	10.000000	10.000000	100.000000
10.000000	10.000000	94.123347	10.000000	10.000000	100.000000
10.000000	10.000000	93.810794	10.000000	10.000000	100.000000
10.000000	10.000000	93.813704	10.000000	10.000000	100.000000
10.000000	10.000000	93.537226	10.000000	10.000000	100.000000
10.000000	10.000000	93.449746	10.000000	10.000000	100.000000
10.000000	10.000000	93.308709	10.000000	10.000000	100.000000
10.000000	10.000000	93.128404	10.000000	10.000000	100.000000
10.000000	10.000000	93.226146	10.000000	10.000000	100.000000
10.000000	10.000000	93.219177	10.000000	10.000000	100.000000
10.000000	10.000000	92.952230	10.000000	10.000000	100.000000
10.000000	10.000000	93.012454	10.000000	10.000000	100.000000
10.000000	10.000000	93.178541	10.000000	10.000000	100.000000
10.000000	10.000000	93.066883	10.000000	10.000000	100.000000
10.000000	10.000000	93.044446	10.000000	10.000000	100.000000
10.000000	10.000000	92.807728	10.000000	10.000000	100.000000
10.000000	10.000000	92.842469	10.000000	10.000000	100.000000
10.000000	10.000000	92.800502	10.000000	10.000000	100.000000
10.000000	10.000000	92.677070	10.000000	10.000000	100.000000
10.000000	10.000000	92.619795	10.000000	10.000000	100.000000
10.000000	10.000000	92.319630	10.000000	10.000000	100.000000
10.000000	10.000000	92.477322	10.000000	10.000000	100.000000
10.000000	10.000000	92.534504	10.000000	10.000000	100.000000
10.000000	10.000000	92.511947	10.000000	10.000000	100.000000
10.000000	10.000000	92.524372	10.000000	10.000000	100.000000
10.000000	10.000000	92.903106	10.000000	10.000000	100.000000
10.000000	10.000000	92.616869	10.000000	10.000000	100.000000
10.000000	10.000000	92.727282	10.000000	10.000000	100.000000
10.000000	10.000000	92.856311	10.000000	10.000000	100.000000
10.000000	10.000000	92.754043	10.000000	10.000000	100.000000
10.000000	10.000000	92.716293	10.000000	10.000000	100.000000
10.000000	10.000000	92.700515	10.000000	10.000000	100.000000
10.000000	10.000000	92.976125	10.000000	10.000000	100.000000
10.000000	10.000000	93.070634	10.000000	10.000000	100.000000
10.000000	10.000000	93.039097	10.000000	10.000000	100.000000
10.000000	10.000000	92.892359	10.000000	10.000000	100.000000
10.000000	10.000000	92.747429	10.000000	10.000000	100.000000
10.000000	10.000000	92.547844	10.000000	10.000000	100.000000
10.000000	10.000000	92.430215	10.000000	10.000000	100.000000
10.000000	10.000000	92.373149	10.000000	10.000000	100.000000
10.000000	10.000000	92.442208	10.000000	10.000000	100.000000
10.000000	10.000000	92.306416	10.000000	10.000000	100.000000
10.000000	10.000000	92.320347	10.000000	10.000000	100.000000
10.000000	10.000000	92.358926	10.000000	10.000000	100.000000
10.000000	10.000000	92.449893	10.000000	10.000000	100.000000
10.000000	10.000000	92.456104	10.000000	10.000000	100.000000
10.000000	10.000000	92.179366	10.000000	10.000000	100.000000
10.000000	10.000000	92.014408	10.000000	10.000000	100.000000
10.000000	10.000000	92.022828	10.000000	10.000000	100.000000
10.000000	10.000000	92.113267	10.000000	10.000000	100.000000
10.000000	10.000000	92.071924	10.000000	10.000000	100.000000
10.000000	10.000000	92.049538	10.000000	10.000000	100.000000
10.000000	10.000000	92.014671	10.000000	10.000000	100.000000
10.000000	10.000000	92.279221	10.000000	10.000000	100.000000
10.000000	10.000000	92.066538	10.000000	10.000000	100.000000
10.000000	10.000000	92.136127	10.000000	10.000000	100.000000
10.000000	10.000000	92.152580	10.000000	10.000000	100.000000
10.000000	10.000000	92.116215	10.000000	10.000000	100.000000
10.000000	10.000000	91.972391	10.000000	10.000000	100.000000
10.000000	10.000000	91.882355	10.000000	10.000000	100.000000
10.000000	10.000000	91.879696	10.000000	10.000000	100.000000
10.000000	10.000000	91.660950	10.000000	10.000000	100.000000
10.000000	10.000000	91.752068	10.000000	10.000000	100.000000
10.000000	10.000000	91.547677	10.000000	10.000000	100.000000
10.000000	10.000000	91.417639	10.000000	10.000000	100.000000
10.000000	10.000000	91.298838	10.000000	10.000000	100.000000
10.000000	10.000000	91.032874	10.000000	10.000000	100.000000
10.000000	10.000000	91.053923	10.000000	10.000000	100.000000
10.000000	10.000000	91.057485	10.000000	10.000000	100.000000
10.000000	10.000000	91.068539	10.000000	10.000000	100.000000
10.000000	10.000000	91.260707	10.000000	10.000000	100.000000
10.000000	10.000000	91.041751	10.000000	10.000000	100.000000
10.000000	10.000000	90.818783	10.000000	10.000000	100.000000
10.000000	10.000000	90.774082	10.000000	10.000000	100.000000
10.000000	10.000000	90.735192	10.000000	10.000000	100.000000
10.000000	10.000000	90.642615	10.000000	10.000000	100.000000
10.000000	10.000000	90.660364	10.000000	10.000000	100.000000
10.000000	10.000000	90.660477	10.000000	10.000000	100.000000
10.000000	10.000000	90.642819	10.000000	10.000000	100.000000
10.000000	10.000000	90.335124	10.000000	10.000000	100.000000
10.000000	10.000000	90.163134	10.000000	10.000000	100.000000
10.000000	10.000000	90.067416	10.000000	10.000000	100.000000
10.000000	10.000000	90.092006	10.000000	10.000000	100.000000
10.000000	10.000000	90.155620	10.000000	10.000000	100.000000
10.000000	10.000000	90.038434	10.000000	10.000000	100.000000
10.000000	10.000000	90.004873	10.000000	10.000000	100.000000
10.000000	10.000000	90.082842	10.000000	10.000000	100.000000
10.000000	10.000000	90.063885	10.000000	10.000000	100.000000
10.000000	10.000000	89.742874	10.000000	10.000000	100.000000
10.000000	10.000000	89.826869	10.000000	10.000000	100.000000
10.000000	10.000000	89.767357	10.000000	10.000000	100.000000
10.000000	10.000000	89.378987	10.000000	10.000000	100.000000
10.000000	10.000000	89.234263	10.000000	10.000000	100.000000
10.000000	10.000000	89.392075	10.000000	10.000000	100.000000
10.000000	10.000000	89.403792	10.000000	10.000000	100.000000
10.000000	10.000000	89.513807	10.000000	10.000000	100.000000
10.000000	10.000000	89.731030	10.000000	10.000000	100.000000
10.000000	10.000000	89.766151	10.000000	10.000000	100.000000
10.000000	10.000000	89.626863	10.000000	10.000000	100.000000
10.000000	10.000000	89.504363	10.000000	10.000000	100.000000
10.000000	10.000000	89.611679	10.000000	10.000000	100.000000
10.000000	10.000000	89.632390	10.000000	10.000000	100.000000
10.000000	10.000000	89.579520	10.000000	10.000000	100.000000
10.000000	10.000000	89.254357	10.000000	10.000000	100.000000
10.000000	10.000000	89.306875	10.000000	10.000000	100.000000
10.000000	10.000000	89.349030	10.000000	10.000000	100.000000
10.000000	10.000000	89.256751	10.000000	10.000000	100.000000
10.000000	10.000000	89.025931	10.000000	10.000000	100.000000
10.000000	10.000000	88.883977	10.000000	10.000000	100.000000
10.000000	10.000000	88.663377	10.000000	10.000000	100.000000
10.000000	10.000000	88.511448	10.000000	10.000000	100.000000
10.000000	10.000000	88.421859	10.000000	10.000000	100.000000
10.000000	10.000000	88.461677	10.000000	10.000000	100.000000
10.000000	10.000000	88.559001	10.000000	10.000000	100.000000
10.000000	10.000000	88.407461	10.000000	10.000000	100.000000
10.000000	10.000000	88.410613	10.000000	10.000000	100.000000
10.000000	10.000000	88.350399	10.000000	10.000000	100.000000
10.000000	10.000000	88.704052	10.000000	10.000000	100.000000
10.000000	10.000000	88.475190	10.000000	10.000000	100.000000
10.000000	10.000000	88.413701	10.000000	10.000000	100.000000
10.000000	10.000000	88.395795	10.000000	10.000000	100.000000
10.000000	10.000000	88.372188	10.000000	10.000000	100.000000
10.000000	10.000000	88.541087	10.000000	10.000000	100.000000
10.000000	10.000000	88.500148	10.000000	10.000000	100.000000
10.000000	10.000000	88.421166	10.000000	10.000000	100.000000
10.000000	10.000000	88.468544	10.000000	10.000000	100.000000
10.000000	10.000000	88.413010	10.000000	10.000000	100.000000
10.000000	10.000000	88.514596	10.000000	10.000000	100.000000
10.000000	10.000000	88.805918	10.000000	10.000000	100.000000
10.000000	10.000000	88.897076	10.000000	10.000000	100.000000
10.000000	10.000000	89.026999	10.000000	10.000000	100.000000
10.000000	10.000000	89.359728	10.000000	10.000000	100.000000
10.000000	10.000000	89.279701	10.000000	10.000000	100.000000
10.000000	10.000000	89.436723	10.000000	10.000000	100.000000
10.000000	10.000000	89.334742	10.000000	10.000000	100.000000
10.000000	10.000000	89.274543	10.000000	10.000000	100.000000
10.000000	10.000000	88.977696	10.000000	10.000000	100.000000
10.000000	10.000000	89.027006	10.000000	10.000000	100.000000
10.000000	10.000000	89.046820	10.000000	10.000000	100.000000
10.000000	10.000000	89.083402	10.000000	10.000000	100.000000
10.000000	10.000000	89.074994	10.000000	10.000000	100.000000
10.000000	10.000000	89.035619	10.000000	10.000000	100.000000
10.000000	10.000000	88.955763	10.000000	10.000000	100.000000
10.000000	10.000000	88.951171	10.000000	10.000000	100.000000
10.000000	10.000000	89.137303	10.000000	10.000000	100.000000
10.000000	10.000000	89.269190	10.000000	10.000000	100.000000
10.000000	10.000000	89.143716	10.000000	10.000000	100.000000
10.000000	10.000000	89.044824	10.000000	10.000000	100.000000
10.000000	10.000000	89.037880	10.000000	10.000000	100.000000
10.000000	10.000000	88.968987	10.000000	10.000000	100.000000
10.000000	10.000000	89.079315	10.000000	10.000000	100.000000
10.000000	10.000000	88.985526	10.000000	10.000000	100.000000
10.000000	10.000000	88.917495	10.000000	10.000000	100.000000
10.000000	10.000000	88.918501	10.000000	10.000000	100.000000
10.000000	10.000000	88.907989	10.000000	10.000000	100.000000
10.000000	10.000000	88.851775	10.000000	10.000000	100.000000
10.000000	10.000000	88.911413	10.000000	10.000000	100.000000
10.000000	10.000000	88.622808	10.000000	10.000000	100.000000
10.000000	10.000000	88.509131	10.000000	10.000000	100.000000
10.000000	10.000000	88.527342	10.000000	10.000000	100.000000
10.000000	10.000000	88.528074	10.000000	10.000000	100.000000
10.000000	10.000000	88.408910	10.000000	10.000000	100.000000
10.000000	10.000000	88.390942	10.000000	10.000000	100.000000
10.000000	10.000000	88.173238	10.000000	10.000000	100.000000
10.000000	10.000000	88.414150	10.000000	10.000000	100.000000
10.000000	10.000000	88.384841	10.000000	10.000000	100.000000
10.000000	10.000000	88.502165	10.000000	10.000000	100.000000
10.000000	10.000000	88.639160	10.000000	10.000000	100.000000
10.000000	10.000000	88.547438	10.000000	10.000000	100.000000
10.000000	10.000000	88.278073	10.000000	10.000000	100.000000
10.000000	10.000000	88.481895	10.000000	10.000000	100.000000
10.000000	10.000000	88.180081	10.000000	10.000000	100.000000
10.000000	10.000000	88.256377	10.000000	10.000000	100.000000
10.000000	10.000000	88.430989	10.000000	10.000000	100.000000
10.000000	10.000000	88.513010	10.000000	10.000000	100.000000
10.000000	10.000000	88.666631	10.000000	10.000000	100.000000
10.000000	10.000000	88.736461	10.000000	10.000000	100.000000
10.000000	10.000000	88.816808	10.000000	10.000000	100.000000
10.000000	10.000000	88.809923	10.000000	10.000000	100.000000
10.000000	10.000000	88.730323	10.000000	10.000000	100.000000
10.000000	10.000000	88.617038	10.000000	10.000000	100.000000
10.000000	10.000000	88.633169	10.000000	10.000000	100.000000
10.000000	10.000000	88.724730	10.000000	10.000000	100.000000
10.000000	10.000000	88.627287	10.000000	10.000000	100.000000
10.000000	10.000000	88.358335	10.000000	10.000000	100.000000
10.000000	10.000000	88.320932	10.000000	10.000000	100.000000
10.000000	10.000000	88.056072	10.000000	10.000000	100.000000
10.000000	10.000000	88.136443	10.000000	10.000000	100.000000
10.000000	10.000000	88.108874	10.000000	10.000000	100.000000
10.000000	10.000000	88.136373	10.000000	10.000000	100.000000
10.000000	10.000000	88.224302	10.000000	10.000000	100.000000
10.000000	10.000000	88.154906	10.000000	10.000000	100.000000
10.000000	10.000000	87.997847	10.000000	10.000000	100.000000
10.000000	10.000000	87.899095	10.000000	10.000000	100.000000
10.000000	10.000000	88.033824	10.000000	10.000000	100.000000
10.000000	10.000000	88.017204	10.000000	10.000000	100.000000
10.000000	10.000000	88.126630	10.000000	10.000000	100.000000
10.000000	10.000000	88.190439	10.000000	10.000000	100.000000
10.000000	10.000000	88.103567	10.000000	10.000000	100.000000
10.000000	10.000000	88.042290	10.000000	10.000000	100.000000
10.000000	10.000000	88.096687	10.000000	10.000000	100.000000
10.000000	10.000000	87.993827	10.000000	10.000000	100.000000
10.000000	10.000000	87.888689	10.000000	10.000000	100.000000
10.000000	10.000000	88.045437	10.000000	10.000000	100.000000
10.000000	10.000000	87.880323	10.000000	10.000000	100.000000
10.000000	10.000000	87.929026	10.000000	10.000000	100.000000
10.000000	10.000000	88.033855	10.000000	10.000000	100.000000
10.000000	10.000000	87.922455	10.000000	10.000000	100.000000
10.000000	10.000000	87.781237	10.000000	10.000000	100.000000
10.000000	10.000000	87.762721	10.000000	10.000000	100.000000
10.000000	10.000000	87.745135	10.000000	10.000000	100.000000
10.000000	10.000000	87.802202	10.000000	10.000000	100.000000
10.000000	10.000000	88.139696	10.000000	10.000000	100.000000
10.000000	10.000000	88.154988	10.000000	10.000000	100.000000
10.000000	10.000000	88.115023	10.000000	10.000000	100.000000
10.000000	10.000000	88.386905	10.000000	10.000000	100.000000
10.000000	10.000000	88.513812	10.000000	10.000000	100.000000
10.000000	10.000000	88.764995	10.000000	10.000000	100.000000
10.000000	10.000000	88.591504	10.000000	10.000000	100.000000
10.000000	10.000000	88.408148	10.000000	10.000000	100.000000
10.000000	10.000000	88.477855	10.000000	10.000000	100.000000
10.000000	10.000000	88.299051	10.000000	10.000000	100.000000
10.000000	10.000000	88.046409	10.000000	10.000000	100.000000
10.000000	10.000000	87.929003	10.000000	10.000000	100.000000
10.000000	10.000000	87.805738	10.000000	10.000000	100.000000
10.000000	10.000000	87.910819	10.000000	10.000000	100.000000
10.000000	10.000000	88.101706	10.000000	10.000000	100.000000
10.000000	10.000000	88.163081	10.000000	10.000000	100.000000
10.000000	10.000000	87.992562	10.000000	10.000000	100.000000
10.000000	10.000000	87.795757	10.000000	10.000000	100.000000
10.000000	10.000000	87.819980	10.000000	10.000000	100.000000
10.000000	10.000000	87.701585	10.000000	10.000000	100.000000
10.000000	10.000000	87.846157	10.000000	10.000000	100.000000
10.000000	10.000000	88.157733	10.000000	10.000000	100.000000
10.000000	10.000000	88.027110	10.000000	10.000000	100.000000
10.000000	10.000000	88.254294	10.000000	10.000000	100.000000
10.000000	10.000000	88.266722	10.000000	10.000000	100.000000
10.000000	10.000000	87.954848	10.000000	10.000000	100.000000
10.000000	10.000000	87.786096	10.000000	10.000000	100.000000
10.000000	10.000000	88.116317	10.000000	10.000000	100.000000
10.000000	10.000000	87.858211	10.000000	10.000000	100.000000
10.000000	10.000000	87.894397	10.000000	10.000000	100.000000
10.000000	10.000000	87.896704	10.000000	10.000000	100.000000
10.000000	10.000000	87.850130	10.000000	10.000000	100.000000
10.000000	10.000000	87.811797	10.000000	10.000000	100.000000
10.000000	10.000000	87.935917	10.000000	10.000000	100.000000
10.000000	10.000000	87.886716	10.000000	10.000000	100.000000
10.000000	10.000000	87.714378	10.000000	10.000000	100.000000
10.000000	10.000000	87.686783	10.000000	10.000000	100.000000
10.000000	10.000000	87.764200	10.000000	10.000000	100.000000
10.000000	10.000000	87.782243	10.000000	10.000000	100.000000
10.000000	10.000000	87.701705	10.000000	10.000000	100.000000
10.000000	10.000000	87.715804	10.000000	10.000000	100.000000
10.000000	10.000000	87.810522	10.000000	10.000000	100.000000
10.000000	10.000000	87.756889	10.000000	10.000000	100.000000
10.000000	10.000000	87.583500	10.000000	10.000000	100.000000
10.000000	10.000000	87.635929	10.000000	10.000000	100.000000
10.000000	10.000000	87.549662	10.000000	10.000000	100.000000
10.000000	10.000000	87.676114	10.000000	10.000000	100.000000
10.000000	10.000000	87.577832	10.000000	10.000000	100.000000
10.000000	10.000000	87.245777	10.000000	10.000000	100.000000
10.000000	10.000000	87.069541	10.000000	10.000000	100.000000
10.000000	10.000000	86.991850	10.000000	10.000000	100.000000
10.000000	10.000000	86.830830	10.000000	10.000000	100.000000
10.000000	10.000000	86.915813	10.000000	10.000000	100.000000
10.000000	10.000000	86.903753	10.000000	10.000000	100.000000
10.000000	10.000000	87.001919	10.000000	10.000000	100.000000
10.000000	10.000000	86.879617	10.000000	10.000000	100.000000
10.000000	10.000000	87.019902	10.000000	10.000000	100.000000
10.000000	10.000000	87.107306	10.000000	10.000000	100.000000
10.000000	10.000000	87.089153	10.000000	10.000000	100.000000
10.000000	10.000000	86.945515	10.000000	10.000000	100.000000
10.000000	10.000000	86.793285	10.000000	10.000000	100.000000
10.000000	10.000000	86.920846	10.000000	10.000000	100.000000
10.000000	10.000000	86.767130	10.000000	10.000000	100.000000
10.000000	10.000000	86.566595	10.000000	10.000000	100.000000
10.000000	10.000000	86.539796	10.000000	10.000000	100.000000
10.000000	10.000000	86.607161	10.000000	10.000000	100.000000
10.000000	10.000000	86.546118	10.000000	10.000000	100.000000
10.000000	10.000000	86.521681	10.000000	10.000000	100.000000
10.000000	10.000000	86.347226	10.000000	10.000000	100.000000
10.000000	10.000000	86.406471	10.000000	10.000000	100.000000
10.000000	10.000000	86.614738	10.000000	10.000000	100.000000
10.000000	10.000000	86.807637	10.000000	10.000000	100.000000
10.000000	10.000000	86.512810	10.000000	10.000000	100.000000
10.000000	10.000000	86.430703	10.000000	10.000000	100.000000
10.000000	10.000000	86.299047	10.000000	10.000000	100.000000
10.000000	10.000000	86.176578	10.000000	10.000000	100.000000
10.000000	10.000000	85.965233	10.000000	10.000000	100.000000
10.000000	10.000000	85.933284	10.000000	10.000000	100.000000
10.000000	10.000000	86.003599	10.000000	10.000000	100.000000
10.000000	10.000000	86.224855	10.000000	10.000000	100.000000
10.000000	10.000000	86.299418	10.000000	10.000000	100.000000
10.000000	10.000000	86.342968	10.000000	10.000000	100.000000
10.000000	10.000000	86.096716	10.000000	10.000000	100.000000
10.000000	10.000000	86.073881	10.000000	10.000000	100.000000
10.000000	10.000000	85.998672	10.000000	10.000000	100.000000
10.000000	10.000000	86.163428	10.000000	10.000000	100.000000
10.000000	10.000000	85.993895	10.000000	10.000000	100.000000
10.000000	10.000000	86.110614	10.000000	10.000000	100.000000
10.000000	10.000000	85.925680	10.000000	10.000000	100.000000
10.000000	10.000000	85.970539	10.000000	10.000000	100.000000
10.000000	10.000000	86.017152	10.000000	10.000000	100.000000
10.000000	10.000000	86.182516	10.000000	10.000000	100.000000
10.000000	10.000000	86.268085	10.000000	10.000000	100.000000
10.000000	10.000000	86.088454	10.000000	10.000000	100.000000
10.000000	10.000000	86.026781	10.000000	10.000000	100.000000
10.000000	10.000000	86.205448	10.000000	10.000000	100.000000
10.000000	10.000000	86.248040	10.000000	10.000000	100.000000
10.000000	10.000000	86.260665	10.000000	10.000000	100.000000
10.000000	10.000000	86.210891	10.000000	10.000000	100.000000
10.000000	10.000000	86.201539	10.000000	10.000000	100.000000
10.000000	10.000000	86.192575	10.000000	10.000000	100.000000
10.000000	10.000000	86.226647	10.000000	10.000000	100.000000
10.000000	10.000000	86.039017	10.000000	10.000000	100.000000
10.000000	10.000000	85.950247	10.000000	10.000000	100.000000
10.000000	10.000000	86.034756	10.000000	10.000000	100.000000
10.000000	10.000000	85.895141	10.000000	10.000000	100.000000
10.000000	10.000000	85.890185	10.000000	10.000000	100.000000
10.000000	10.000000	86.022262	10.000000	10.000000	100.000000
10.000000	10.000000	86.032424	10.000000	10.000000	100.000000
10.000000	10.000000	86.129483	10.000000	10.000000	100.000000
10.000000	10.000000	86.491152	10.000000	10.000000	100.000000
10.000000	10.000000	86.164135	10.000000	10.000000	100.000000
10.000000	10.000000	86.065906	10.000000	10.000000	100.000000
10.000000	10.000000	85.546818	10.000000	10.000000	100.000000
10.000000	10.000000	85.492670	10.000000	10.000000	100.000000
10.000000	10.000000	85.504850	10.000000	10.000000	100.000000
10.000000	10.000000	85.517822	10.000000	10.000000	100.000000
10.000000	10.000000	85.417737	10.000000	10.000000	100.000000
10.000000	10.000000	85.453748	10.000000	10.000000	100.000000
10.000000	10.000000	85.523558	10.000000	10.000000	100.000000
10.000000	10.000000	85.724396	10.000000	10.000000	100.000000
10.000000	10.000000	85.898166	10.000000	10.000000	100.000000
10.000000	10.000000	85.892828	10.000000	10.000000	100.000000
10.000000	10.000000	85.848094	10.000000	10.000000	100.000000
10.000000	10.000000	85.738388	10.000000	10.000000	100.000000
10.000000	10.000000	85.593227	10.000000	10.000000	100.000000
10.000000	10.000000	85.531707	10.000000	10.000000	100.000000
10.000000	10.000000	85.376960	10.000000	10.000000	100.000000
10.000000	10.000000	85.287007	10.000000	10.000000	100.000000
10.000000	10.000000	85.361625	10.000000	10.000000	100.000000
10.000000	10.000000	85.405461	10.000000	10.000000	100.000000
10.000000	10.000000	85.230157	10.000000	10.000000	100.000000
10.000000	10.000000	85.319168	10.000000	10.000000	100.000000
10.000000	10.000000	85.119240	10.000000	10.000000	100.000000
10.000000	10.000000	85.162374	10.000000	10.000000	100.000000
10.000000	10.000000	85.261221	10.000000	10.000000	100.000000
10.000000	10.000000	85.268499	10.000000	10.000000	100.000000
