-7.750794	66.186959	84.001142	38.345361	-23.638319	-30.294604
13.650532	99.960419	28.183720	-49.698610	68.256155	45.301334
59.522787	20.496617	-59.541203	-22.749126	-57.873354	-84.929561
43.464688	-43.812844	66.964823	-5.725575	22.033870	-53.226110
-78.773602	20.250748	42.431998	4.235293	96.218724	-65.352523
94.865548	-52.294849	-79.775263	-85.441289	-27.126966	-28.537569
58.309623	79.710668	53.883855	58.314096	-71.507344	-19.489814
35.655279	-81.653306	23.428284	-10.064415	-22.746476	-48.844102
80.447218	34.787781	-35.640536	85.942368	79.768760	78.076451
20.705790	-17.463165	45.404412	1.986283	68.651609	-49.486078
52.534126	-7.615932	30.971751	8.551247	94.337450	81.918090
38.135404	46.801659	51.455552	-27.241092	28.362019	-30.234506
3.372838	-6.970675	-52.179793	-95.760649	-39.569421	92.502348
78.059482	-21.345662	66.126897	16.486747	-71.308393	97.465955
-27.497050	-90.437708	-36.822303	-0.360886	-23.415961	31.387871
-72.982831	63.396424	-90.957393	-92.152302	-54.436060	61.825758
68.629757	-91.102217	94.072313	11.999318	57.327848	12.083793
-47.959263	64.561085	-80.349489	67.745229	47.561307	-59.552004
-93.615395	87.285579	36.734986	5.264086	-66.357478	-9.718329
70.423976	0.120015	49.374733	-33.922337	-48.339565	-22.029196
67.438913	-51.437821	78.648039	65.329527	79.130586	-10.378306
-92.154322	96.578302	-77.017435	67.119398	39.824174	79.351819
-54.708752	71.789557	35.261795	-48.574815	29.806495	35.190092
-77.775747	27.463954	-6.120594	55.339433	-73.228048	-9.184396
-14.088621	-3.390500	77.561334	36.321390	6.702126	-79.586249
-84.969324	-80.244925	56.194676	63.678573	-82.206818	-84.822605
-19.106421	-57.186803	-95.219890	11.401312	-36.689425	-0.341582
61.168387	-73.643947	1.157132	12.110160	46.772709	90.506742
33.935205	-63.325756	-15.544652	57.713595	24.237676	63.974890
71.913907	19.970777	89.641802	-84.930864	22.575259	8.592062
100.324283	19.226703	-46.495486	-39.079328	9.995676	26.986800
-18.356005	41.388704	-40.755962	-84.823864	-24.809673	-86.553025
-51.302191	0.477514	17.216517	6.436129	97.577596	-96.468918
-30.448035	-34.461074	70.154166	-33.196857	-83.023351	-50.695689
64.362828	-58.597434	76.446745	-24.827892	90.117682	77.159790
-40.165094	41.850940	17.948137	34.855736	92.417402	13.701882
2.789112	-3.526587	-7.123212	30.970217	-78.886440	42.331310
-44.941058	-31.819232	-4.263330	-20.115127	96.427515	-43.174892
-3.055757	73.807014	8.759930	63.305446	44.074273	55.640346
4.695458	-26.204752	-18.511489	41.236441	-63.428959	3.033336
36.992487	23.822304	-99.545319	-97.557974	-17.807709	76.415428
-95.972304	46.524324	-75.458148	71.083284	-81.142231	-56.241064
-89.787272	62.892471	52.356094	99.902508	30.428906	0.317154
-21.063012	-50.428146	-53.476987	49.502115	17.073433	50.177232
-97.101794	-13.704746	-93.951146	38.733255	-71.883590	7.445024
77.895701	11.826175	-63.254419	-6.770267	-47.968389	39.264553
9.450846	-14.720244	-50.002901	68.630021	23.830987	-26.050602
10.791742	81.071476	77.813566	62.578101	-38.234787	-71.374178
-17.348664	-72.237870	43.032203	90.942068	-91.287949	68.408254
-32.319219	87.900253	63.743389	-26.019248	-30.919568	21.046885
-60.541490	85.011420	55.105296	5.528117	-48.387507	57.492518
52.195038	-93.287136	34.510325	-1.328282	20.683859	100.960742
-46.235618	37.940260	-49.460399	42.461829	-49.096537	-29.949443
-16.017667	74.106598	90.041651	49.112395	-43.222724	29.728424
-11.371144	24.547855	56.875831	15.485399	19.055723	97.744217
-79.920292	-40.375255	-20.464634	-20.572690	100.252037	83.443698
-58.936307	83.366357	-94.011796	-58.067387	40.997673	-96.584569
-56.550911	79.085971	-48.918052	42.360611	33.974646	39.849092
-26.945592	3.195970	58.336996	73.367946	-82.895644	52.102102
-37.409288	93.826023	85.030973	-40.357255	-37.840750	-9.242054
-21.319854	100.428540	21.027212	-83.488997	-62.741341	46.967496
52.696168	23.960055	-36.672121	-62.664189	42.556633	-89.410797
81.582648	25.106616	30.382279	52.073148	-29.751167	17.309841
39.793956	-42.464543	62.335117	2.934245	-55.964970	-7.560695
24.717890	3.098411	-17.372713	100.879806	76.873999	24.238474
-53.833799	-75.523059	-62.098564	-0.182083	-63.121197	69.339942
26.092507	-96.998168	-36.072838	-66.850883	94.641133	-30.756421
-75.913012	-78.721947	-68.069629	-93.408006	-43.876573	-50.803738
-21.643365	31.217581	-75.468040	-33.694813	1.853244	4.822936
-11.805590	-16.911559	-75.405555	74.747244	-81.759329	80.444279
58.570351	-71.861036	-69.055444	32.248094	72.843866	-50.118411
35.104032	-79.512321	52.343357	-59.677381	-96.486132	-61.110521
38.841578	68.869507	58.218162	-94.210315	-35.511970	54.209149
70.449618	24.797839	11.122655	-61.860807	-14.967879	32.599572
-17.763294	20.524874	41.618336	83.501679	-26.993467	-66.952529
-80.198377	-75.263998	48.113370	42.125989	-46.988907	39.410238
-37.484316	-46.157373	24.018160	-68.380351	-3.320513	20.350787
-37.801920	45.077204	-62.106817	70.669257	-41.777972	-55.040042
-94.469056	27.944159	-11.008015	-56.845504	72.809616	-72.529495
26.607617	-2.440930	-38.707630	-44.355138	-78.508220	-70.028776
-79.225136	39.320374	25.294403	49.517001	-73.793982	89.132120
-83.477067	57.002065	-71.199610	22.665488	60.336094	-39.029884
-23.660298	59.319306	27.277171	93.473413	-9.112445	-41.000237
85.505704	97.945557	3.654810	25.106892	49.449252	59.154214
-1.381416	29.163345	95.965078	18.427286	75.561789	-60.690769
86.893091	89.356509	21.281885	-23.505246	41.770908	52.880481
40.794009	89.838639	-27.640458	14.543150	25.730535	47.199371
-29.746686	-84.664592	-80.669765	34.803993	-27.806664	63.767814
45.649794	44.322019	-0.257198	-23.188039	-21.570452	-68.334989
56.336728	31.593399	8.657337	-65.949078	87.849056	8.495146
0.642082	75.898986	-76.374916	-27.709264	9.724056	53.067689
-23.650449	0.599296	-33.904868	-66.190964	-54.290596	-19.369074
-58.051879	-56.006063	15.617845	75.454559	-66.345087	41.729567
58.298931	-29.903733	71.188099	13.567807	93.597294	83.818124
7.378043	-55.019637	-74.620119	91.542039	-58.701002	-25.987576
-78.456256	94.419660	-1.431786	26.181725	79.322591	28.080820
-55.075252	96.753504	95.119174	27.596053	27.069609	-48.984219
52.780538	-48.950563	82.106695	-65.984869	-53.683306	75.143382
-32.726281	-41.582779	46.629620	-77.668599	-24.740759	-68.242312
83.308999	81.455971	-40.575935	-33.719929	10.321118	-41.380549
4.250275	-41.104851	67.210774	19.076742	-61.953432	49.377253
-75.762795	-24.550553	9.909371	64.241334	-31.321709	22.642452
3.829232	-75.497942	70.777000	-49.519773	-54.195640	-18.510780
73.982876	5.291496	-74.143970	42.800322	-3.956928	26.506134
-55.590254	-67.336218	81.885158	-55.027704	15.201083	42.715380
27.594796	-18.076745	-45.658729	61.606398	65.257637	-66.979377
33.133972	3.287025	-17.072348	-48.865900	26.245242	-49.591091
28.152240	-9.868439	-57.532950	-70.291411	64.182195	59.091212
-21.761281	-73.324510	78.779277	-49.426320	-97.183688	-2.235428
-22.595352	68.923010	29.589758	2.638858	54.029657	-18.206915
-32.723098	16.348173	-32.827885	-57.383832	-66.512519	-50.672250
-55.267323	30.118887	25.691478	-48.275780	68.408668	83.645231
-87.482111	46.561072	-60.804789	-46.469970	16.164653	-10.905331
31.279559	-98.664046	-28.436266	-86.229253	-47.522276	2.632658
77.721454	8.231463	95.722077	56.173072	88.541374	0.551082
2.781519	21.823719	-6.546932	98.408209	-31.677520	67.038202
-24.408019	-53.250221	8.112283	-87.620023	82.229459	-36.516980
-8.279877	47.006382	85.546695	70.870796	-22.137522	-32.392521
87.687855	-2.537977	-7.726682	-88.519758	-66.601225	-29.243822
-17.217209	-51.811688	-41.550369	-91.325416	71.451278	95.328037
38.059393	-20.296861	-30.151171	69.818188	-29.731703	-70.221686
71.575656	-76.738986	-52.748876	95.166502	22.504412	43.625316
-59.055728	88.371217	59.601168	-44.427368	-77.138352	20.713214
-32.163470	-17.873373	72.792737	-71.760873	-71.188293	79.482051
-59.651157	-67.118302	76.329735	-59.084974	29.340814	-26.601711
1.814124	-48.068695	-94.789693	-83.929750	-0.886860	-93.544862
83.426624	40.365918	-29.475965	10.134867	45.173142	-30.812286
-44.884152	-88.139810	-62.522003	45.888683	13.862572	36.634052
-28.360638	55.509771	31.343336	-20.140330	23.500902	-76.856366
64.852982	-36.318990	87.138170	-49.464725	-36.712034	35.300641
12.431291	-87.952952	56.527585	-2.332961	-76.850232	-42.282919
81.669189	84.959175	-3.270550	-92.037140	-95.849366	-36.318162
49.643558	-27.441675	11.821151	18.101449	-35.221082	-9.747984
-27.216174	-63.592707	56.184565	-32.731872	28.842196	18.842447
-14.502624	-39.443565	-32.380617	-54.456445	-19.550564	-57.908485
-11.067102	-32.947733	95.686924	-74.385472	-89.177122	-12.051920
40.243543	17.637548	60.818447	78.738115	45.627866	68.830146
81.804698	-97.442749	49.135973	-34.517187	90.430414	37.458638
-98.151617	26.718202	38.042692	-45.270276	-49.720093	-29.464627
83.285071	-80.395264	19.844980	29.462452	34.540872	-71.006393
46.699419	22.956808	52.331956	88.036465	57.259666	-74.646845
59.267999	-15.297585	-0.925139	98.744117	-88.064390	-72.385934
-1.049822	-18.056738	35.660362	40.008690	75.209857	-90.958151
69.185588	-88.004170	-25.684453	-83.679562	77.694930	-80.959015
58.313643	69.151765	-28.729432	-6.206775	44.223807	84.999779
-37.303677	15.539340	64.374831	-99.775966	-61.755055	89.000339
-22.899899	49.674608	69.797081	-20.015799	44.152455	84.294317
49.812790	20.824901	75.333859	73.793840	-35.061765	87.159034
-91.283603	-98.059036	-60.181854	-25.127734	-24.757864	-76.097724
17.598450	57.988748	52.101033	94.286859	35.930390	-44.444429
42.838012	-98.965046	-16.711245	-35.303525	-28.766694	94.280454
-73.186148	-21.489760	-34.044169	62.887124	70.721635	17.796826
-69.143692	99.814281	35.315754	64.048496	4.534206	62.150486
8.127225	86.326656	-74.020815	-87.684532	-19.638711	42.061604
-75.705015	89.419293	-96.941110	-37.992710	56.011229	17.167063
-91.051051	-77.478319	-53.379243	15.904867	-34.547812	-18.349430
43.583896	-77.032691	-94.134359	97.148655	88.068196	-56.877780
77.541775	41.050193	83.147100	40.686051	-29.877049	-10.510852
3.841577	-53.290313	83.033419	19.100857	-96.225536	-70.856521
50.581696	29.131704	-56.758316	-58.310421	-47.387519	-81.685066
-95.145606	7.554943	85.833274	-93.628835	-9.225356	32.083229
49.339766	42.159751	-15.823980	-59.678403	-8.804051	-14.510222
-9.360033	-39.705493	-69.746653	23.911608	-94.173285	73.593964
-42.841933	11.390392	-70.254838	82.254763	-18.971628	88.476236
-83.414574	23.526908	37.693992	-8.861952	-67.822529	-17.662085
53.105285	-30.580588	40.955479	49.199158	85.261078	-8.724685
74.925938	18.308028	-26.007468	-4.118402	-4.127729	-9.903130
-51.105815	-51.435565	1.487221	57.899917	22.175721	29.351686
-69.679528	2.542465	-50.320566	17.979508	-9.365821	88.354916
90.135998	-61.156047	-61.140987	23.586621	8.556584	38.280898
-11.457142	-56.246341	47.549314	23.827097	20.599528	3.507996
-32.589520	-38.385593	-20.155513	20.286773	77.963192	-38.070373
-35.973753	-72.076757	35.496223	68.074169	88.063082	50.124722
-26.298170	-50.795702	-20.410503	-48.198090	89.038341	85.172987
40.587606	0.108252	-93.732572	66.502256	61.002780	-22.205756
-89.547029	-59.503885	-22.127921	-43.210365	-33.301724	-84.981185
-26.779996	69.646823	-53.960978	44.827864	-72.133235	-15.898867
-79.926716	68.730188	-71.916092	52.801793	66.545652	28.779666
5.024878	-74.113786	100.875750	31.909517	55.620607	95.991145
29.074864	36.204990	-12.015845	-15.655749	-47.789393	26.548207
-92.685191	-93.682612	94.125187	-38.676031	-77.686463	-69.691778
-87.880611	99.079218	4.639135	-30.960576	76.907583	-90.442963
-10.562629	-61.500390	65.308150	-6.277360	71.312409	-98.790248
-25.183287	-19.426317	-90.695227	-10.559770	-7.039128	59.053060
-75.247302	74.946962	77.806774	-19.095523	8.191458	93.892425
35.457701	25.580993	-63.410014	-96.304011	-94.396793	-41.435653
-36.453280	17.227978	43.971224	-34.052637	31.349461	13.373784
-15.490384	90.331028	-87.655167	67.059179	52.843244	34.079375
32.149327	-63.682568	-15.415202	98.119709	87.589939	97.511559
-94.608527	-49.633774	65.771247	69.387693	50.126065	-21.981079
-8.349668	-40.242385	-75.484648	-47.247740	5.404332	62.456821
60.881773	65.616866	94.772268	39.492929	-30.765623	93.038363
14.238322	11.820072	-83.496905	-89.439908	10.049338	-98.881452
-56.188991	-91.872456	-4.524766	-49.675832	30.543256	-70.561225
91.490476	57.621908	51.734564	34.486554	62.883195	-95.488573
81.295453	3.242213	-38.021242	93.878464	17.988468	-21.663145
-51.526708	11.876536	-24.869464	4.624106	52.971369	-5.688737
-38.357341	-33.944727	61.636744	-98.129112	68.692465	32.501316
-88.790249	10.016520	-15.119858	0.498455	72.945514	-55.918754
76.237831	-26.347145	41.030381	85.890730	85.069371	55.259365
44.028229	-29.486158	70.274433	-26.268349	89.182690	-84.650603
-61.231268	-57.889477	41.196166	73.452277	-63.423301	49.833268
-82.436592	8.682472	-51.258173	-56.516701	69.834128	-58.936727
73.341550	-87.997168	0.682682	15.694500	-3.114269	36.781490
-40.591511	31.689978	-38.176013	40.483523	-87.773399	-73.204885
70.971188	16.738721	33.282809	36.164079	-68.720215	-81.660724
-85.104137	73.220334	-87.307043	2.790409	-87.597138	84.431927
-9.429119	-39.802499	-10.199965	-97.165634	-55.246398	-67.426025
-3.864571	-98.106663	-11.779887	-15.946567	-58.166058	-21.367591
93.985057	-94.324846	90.224816	-14.512123	56.779470	-33.964134
80.968288	21.919123	-72.849693	30.592346	71.634417	-47.153744
-26.199140	79.505904	3.264290	76.144171	96.069769	-98.703484
6.700286	74.928670	37.413069	15.105203	-29.345510	96.683763
-52.623294	-28.840342	66.813369	-63.748701	1.412357	54.372264
-94.701914	98.483690	-72.484934	-0.694413	-13.252011	-62.610067
77.678250	-63.271551	-33.067943	-4.510266	-73.644333	54.536522
62.205562	-85.220304	59.330723	11.763360	11.655776	-38.353402
-28.750226	46.060749	91.753218	-37.053522	-31.746748	67.300802
-60.494682	89.221554	-6.411339	-33.293478	63.849295	50.742857
-77.861267	0.085591	43.081931	-69.325936	75.953502	-64.050765
-94.387346	52.127112	-68.244560	-67.504739	40.317634	-2.444710
-8.326071	-21.288361	-53.937844	-55.017008	-76.795043	77.855489
38.597807	-34.105361	21.053160	37.213473	-36.386825	36.035070
63.875769	83.836235	78.089564	-9.330204	40.101088	63.475699
-20.927358	-10.653040	30.845301	99.283303	9.200288	95.709071
61.562699	77.034980	-0.291298	-62.001613	69.939014	-95.634420
-15.303579	-62.477325	85.898075	30.630916	-20.520287	-55.085849
73.538058	74.892961	-39.843085	91.501081	-32.255889	-13.999591
84.131776	-6.215449	-9.255034	-26.091335	-8.035032	0.691291
-42.357647	38.818584	4.788845	-85.729543	-10.707757	-18.247043
9.502720	92.059885	-90.820105	-18.628732	57.136909	80.175478
71.213485	43.402014	24.848039	100.006666	-46.001800	19.405553
-90.431950	69.029103	91.086082	58.370498	78.277973	-48.286735
80.131979	-86.911749	59.374775	7.275680	-74.141541	-27.621233
41.926473	-85.519563	59.200991	56.031202	-33.656968	36.691191
59.078633	91.273047	-62.543885	99.828802	-28.314563	-53.003209
93.496693	11.267523	36.036083	52.329976	-18.701842	99.410327
43.186013	-91.507107	60.151005	-32.961074	-20.081436	-86.742701
-85.532185	-76.553117	-14.877460	96.550126	24.560951	-89.571167
30.483466	56.672949	48.463175	66.811196	-65.028997	-76.541779
-54.396672	64.221974	24.610197	-76.649821	-66.210958	-67.451040
28.222662	-92.831350	-91.193423	2.224445	-53.404125	63.545055
10.653999	11.612092	92.127165	-59.443077	21.408356	-0.942066
-80.600090	-58.814742	-54.212422	42.646542	14.476032	31.668387
-5.551322	51.544953	25.977173	41.820910	-46.274747	39.162725
48.811812	25.516060	-68.036214	-79.225734	-16.247341	-87.297282
-7.940146	84.385355	-93.976470	90.148371	-36.026472	18.489891
-46.358114	9.236261	99.942340	1.706377	98.340749	-11.275843
84.861715	37.339203	71.645038	1.476397	-65.438400	83.493271
-12.251989	38.973525	27.263193	61.480388	-19.408732	79.525351
92.466163	35.414559	-31.748025	-15.802121	79.094948	42.707675
76.599331	-64.284407	-19.303003	-90.052281	-72.442004	-95.790339
33.531009	64.522411	72.803376	66.340928	-27.135357	-87.994661
51.446972	-69.832221	23.830434	7.040071	46.639939	45.413138
-90.453002	7.695937	68.996982	-99.241328	-90.638066	-30.309439
-76.080684	-24.561081	7.949010	-15.360167	98.679352	100.829839
85.801266	-71.895769	7.470610	75.773910	-28.140679	35.301048
-33.427491	40.094887	66.471165	75.569049	9.658251	-59.807495
66.183642	-30.513747	80.897922	88.505983	-2.785099	71.864782
-8.991653	92.551346	-44.604479	-26.517033	73.348911	31.309169
-93.681158	65.272591	8.320877	29.938819	-27.825434	-68.959566
93.439239	90.324301	49.363101	10.741700	7.970768	-22.775808
32.347885	-62.063874	-69.354305	1.907455	-5.177287	81.454498
-56.009844	-51.285865	-15.430463	37.018158	45.782351	-59.969808
-79.996705	89.320800	-51.139542	-69.400682	-42.265547	28.335450
53.638846	2.890335	40.922799	51.292821	73.871528	30.987910
-53.086981	52.743204	-56.034186	-22.872791	0.782889	14.703108
-41.126049	98.046655	13.553316	-15.105413	31.320597	44.515902
-75.765163	64.879050	-37.544865	-64.881560	31.972535	76.176134
-65.706643	61.972697	-60.578629	-56.139003	99.624580	-34.941854
77.139653	96.684429	-78.237481	74.434917	-48.255156	4.442100
-66.105017	19.765829	-67.333904	82.508763	-2.078979	-35.602374
-57.390775	-14.977956	-91.399326	99.820303	40.984919	82.547277
80.891175	-92.977374	-63.113449	-47.424951	3.885235	33.909656
39.457318	94.895710	88.380840	97.882747	-46.665704	62.732402
-75.729086	61.902461	-67.178765	-12.668094	-70.913347	53.676487
1.968633	94.217812	51.673022	-81.383836	-5.005596	68.953503
-33.286491	26.385706	99.058902	46.604619	58.825452	-41.686878
-24.630613	-74.603583	-49.923358	81.481830	-24.414218	-12.540673
26.100804	-49.426124	-55.701860	100.616389	-93.381573	-26.437018
-24.682270	-20.742313	27.694578	-29.641214	-81.353667	32.913725
-34.413418	80.725308	48.001811	-40.927528	-66.083706	74.423754
-69.756513	32.073413	-11.223628	74.443852	-70.319555	-86.710582
20.321270	-87.116959	-35.996512	10.419481	-13.119690	42.310677
91.686651	71.906096	94.199423	97.873265	-96.019076	45.098714
-8.713791	-5.247538	69.306645	31.350842	89.283082	54.773827
2.286876	-12.675292	4.701488	-47.456095	-96.157214	70.837545
-28.079021	-9.180082	-2.814828	-67.637811	-38.234101	11.747896
-2.214534	66.372833	68.775509	42.785006	41.955267	32.547875
99.753064	95.576053	22.703130	10.119916	60.629546	-33.587717
-69.808085	6.154429	-36.910699	22.730956	38.304473	2.709178
-96.083656	41.406499	-85.363631	43.598059	-68.035611	40.926120
-75.664669	4.752147	6.378048	3.930997	66.065315	-61.299520
-54.019021	-21.125789	-60.116836	61.371586	-14.189874	-33.597705
-86.722951	13.289263	81.786540	-21.381823	2.860098	-15.085952
17.008011	99.177403	74.507730	91.411678	61.663070	-7.814479
-34.076995	49.622666	-16.135628	-57.739295	47.994120	43.537311
85.541010	46.210638	-3.585522	-0.269510	6.086863	48.376854
-38.441393	-3.309906	86.193579	1.248057	-46.777783	29.416738
71.092365	-41.861213	91.603301	-72.388354	-79.028899	36.357619
-15.681296	-99.093784	17.879914	42.876814	35.500589	96.824386
35.077557	9.876628	-67.042305	-16.466782	-9.924611	-36.339784
61.944723	9.316396	-86.594382	82.073476	83.826985	-55.233545
49.988347	-11.037996	-0.107069	35.826816	73.643939	-92.442113
-78.175864	-44.423981	-20.636587	18.339789	18.342252	-70.907121
65.727222	-14.391268	3.886221	-58.236873	-60.472106	54.219902
-6.840054	70.202698	-61.430911	-92.001981	47.501717	-18.106592
36.456916	-76.105690	-70.599133	-53.864379	17.246753	18.989256
7.124294	-90.543585	55.964590	24.890543	-49.643905	-96.469979
-10.572755	-72.133115	59.381866	44.399480	18.972520	24.351456
51.231260	30.587358	-92.828220	-44.384884	-66.530136	-12.942597
33.296161	14.100531	-55.966298	51.558397	-26.658392	-28.657894
-89.290079	-92.463444	-22.876875	43.550759	6.706854	70.480096
-75.724235	-68.057276	32.395781	47.964226	-70.833176	-56.756752
-43.008674	46.125450	-46.966163	-24.221812	87.396031	-96.638168
-52.884194	-75.702156	69.108325	-41.774811	-25.031097	28.755188
-39.431044	-56.593665	-87.317044	2.560576	-28.506360	-6.078646
-40.085031	-58.659681	-38.349102	41.254010	62.117102	-1.471189
8.174264	-92.513335	81.197050	59.288212	12.182266	0.565400
-10.602846	4.835106	22.327845	92.353833	-7.012263	7.689491
10.191294	-94.477604	11.841578	27.686977	-86.708469	10.313108
-39.776417	60.434993	-86.487699	62.085705	88.825128	-47.760996
92.218574	-41.807325	30.556299	-94.248697	-1.754285	-64.208444
25.836175	-83.507068	-62.160414	18.493278	-81.215183	-48.830470
47.800501	47.123607	75.382929	-63.201728	-1.256250	-56.761291
-30.938940	-11.370627	-42.101384	-30.531493	-5.028240	35.201421
50.799015	72.812984	-15.711945	-99.134155	-76.688655	-68.178081
-94.929220	-76.310054	74.218685	33.417547	58.744497	68.537824
7.042451	-45.225579	-64.146900	-88.094071	-27.736782	12.028220
46.791174	-93.968486	98.178903	34.406778	-21.300500	18.931152
3.967697	40.804552	55.789571	55.080005	-24.182991	-20.752207
-81.103536	-68.877771	70.054017	3.654035	-51.802448	89.982325
-19.705497	-2.428787	33.701113	-4.605856	27.309706	8.447366
42.362380	2.639870	66.361126	-63.602574	-75.006191	42.048140
59.806258	-25.113668	41.320583	-82.757960	82.766637	-2.236364
21.173399	-8.919398	35.766846	63.267320	-80.371533	-68.438578
-9.019359	-41.527501	-97.345623	29.962545	36.933660	62.709441
23.759203	-5.336577	-83.145804	49.078609	8.652559	-53.432691
13.340000	44.597085	-4.101470	37.678220	-30.860616	79.456247
37.443239	-52.090713	70.185296	-55.653978	-48.442755	-34.932916
53.429793	94.753270	-49.516286	19.989259	-91.141529	-22.812450
29.144186	-16.773551	-73.950561	70.223432	-45.480912	34.591502
5.018746	9.362029	12.335459	-80.128441	31.845449	-97.131516
-59.325214	-42.138651	-75.161405	-21.084107	-1.506266	66.438707
45.644048	-48.959621	63.879360	80.534735	-31.734811	-13.220740
-95.213335	32.704815	-21.959664	86.227850	71.107980	-43.769324
-50.710794	97.824501	-32.929649	90.852767	52.784769	37.598314
8.694267	11.328908	-30.976614	3.631536	-79.593711	-71.027223
-63.575237	-40.237887	95.584475	83.815608	-27.871369	-41.072653
32.091681	-88.215285	-34.997534	36.730235	-32.031860	17.008388
-96.992517	25.267700	-25.740925	-82.550867	42.156007	-34.100823
-31.495639	85.841030	8.082543	21.162171	-74.388666	90.502072
39.134926	-62.089937	-49.981706	9.664053	-33.560718	-45.784726
-53.167661	45.840300	-82.809678	-27.508069	40.143894	94.367759
98.405319	-77.616157	7.056174	-25.468683	-9.039903	-57.211927
71.461757	-36.224690	-13.794378	-22.178656	85.372821	-62.636287
20.872604	95.787299	-88.334223	53.970075	-11.133450	15.897587
14.375122	3.401668	-72.555181	81.401248	66.104743	46.496808
19.955701	-93.980442	75.412271	-83.423492	-32.846009	-38.142329
-18.850472	44.980277	-41.875970	-15.775865	77.645576	17.053658
36.865117	-89.011734	84.458360	2.665796	1.774187	-53.736278
16.007139	-97.729573	-40.474707	-55.878049	-59.939686	-75.582883
54.160316	-42.070600	8.019002	-33.407677	-27.297286	92.445840
47.586680	-6.238554	-92.262256	68.802312	75.031467	82.176045
11.606570	81.345112	-9.584463	-89.664923	80.285823	32.230620
23.405540	-11.678695	50.151718	35.819253	86.616287	88.356927
1.511366	-3.253420	19.076079	-65.335400	96.949796	-79.631654
61.238801	-7.011790	45.116623	-67.638573	90.127931	42.732014
22.053413	11.294277	-70.722826	-84.129854	16.650221	-3.770716
61.519075	85.756990	19.939806	7.054640	-27.330352	70.873297
-78.815836	-30.460355	-51.518553	14.431536	56.769704	29.169030
-32.349832	8.626789	-35.872334	-99.571738	55.298530	65.360326
24.916749	79.452401	56.698620	17.046024	-5.701372	55.703670
55.155662	-34.242720	44.911497	-17.374410	36.524003	90.724530
68.082982	-11.334368	-61.258226	88.507021	39.427079	-75.332131
80.600765	37.523564	36.803039	-39.966700	-7.383348	-94.151682
1.915071	-77.416518	-19.502086	-95.419873	-5.658841	97.082060
17.747844	-62.261446	-51.214712	-6.294380	-15.815208	85.609989
-23.002404	28.080661	-99.672267	49.229397	-65.853035	-96.141951
39.303971	-62.482452	5.101702	73.749887	-2.502213	0.726398
3.084568	95.714685	-24.441795	-89.013286	-51.830656	-46.112381
-47.629261	70.422028	-6.060107	-20.736582	-8.766025	66.073208
31.764744	-3.350103	31.099591	-42.624443	48.292021	19.004432
83.485165	-7.530381	60.573350	-41.636518	40.098721	-80.015632
-63.413696	52.401220	-82.190073	61.343396	59.037741	-84.142866
83.903358	-21.438773	96.861578	-44.795088	55.034909	-60.419792
-51.353409	-34.936512	-0.461964	-37.540920	-33.775757	-30.418099
-19.052596	27.680053	-65.195563	-14.317372	0.378725	67.223120
12.067828	94.185195	-81.964313	-26.026912	77.223695	9.402230
-99.734461	5.731960	-34.858951	-5.103180	-66.023824	-13.356708
-14.194155	45.973261	99.881459	10.857971	-21.141069	-69.681206
94.095440	100.249862	-26.577373	-4.818929	34.329799	-5.882599
6.360342	-4.811688	4.429586	97.198453	59.789578	30.943705
85.792056	47.607943	27.344299	23.901401	40.289894	-58.170674
90.667439	-61.484811	-10.498247	-60.710292	-90.571093	-63.482514
-7.979149	-30.626470	-85.041100	-38.112942	88.715272	81.909165
93.335354	23.800847	0.686996	30.655616	9.127581	46.436552
96.119228	-77.787596	92.154966	23.821026	29.096668	-34.738286
95.879731	-52.266198	-96.211685	-33.989635	84.346000	54.908177
-60.567516	-4.577500	20.354234	83.789389	-3.480444	8.708415
81.526177	-77.883657	-80.396552	-29.812404	96.086566	36.584572
-37.723654	-24.715391	-82.570178	-25.611678	-13.991576	-52.533058
-80.214401	-28.244521	61.749733	49.619206	-89.930552	63.283173
3.054507	-36.674069	35.575148	-30.420252	53.996015	-85.971634
-51.181581	-69.397765	94.769861	87.684972	-54.468799	55.026085
32.857807	-43.678967	46.017764	6.858559	-39.436852	-36.083495
-40.508441	32.081487	-50.335676	97.475699	-15.340465	20.117080
-69.507576	-51.172726	-66.709681	85.454845	41.307474	-53.430852
-92.730087	-53.173493	-60.777378	92.796353	97.138306	-29.210040
58.738826	72.362704	-52.985892	77.180816	3.373812	8.459342
-83.260459	86.597418	59.039889	30.538552	40.701644	-35.884482
14.999998	67.481109	90.049331	16.817371	-30.819506	-76.282853
9.023861	73.406485	14.757757	-14.071057	16.279870	69.178359
-80.218920	-47.793088	55.005302	49.559231	-62.801575	-44.967719
50.512137	-62.186247	39.202164	-82.048567	39.918130	-19.602073
92.365626	88.056678	-96.451607	20.314944	29.778683	94.187034
-69.743947	22.640570	37.117013	56.228206	-56.479327	-59.165150
-59.420112	52.159919	-69.560193	94.243065	56.008847	-79.474735
-23.925184	-48.112468	-90.457084	-75.093105	35.217099	89.509332
-50.266986	71.101529	-3.950200	6.807728	-36.446438	-40.634425
68.985441	-0.900631	-60.859756	-85.408757	-77.995058	28.518581
-59.225303	63.691825	-37.316533	-42.708828	-42.490159	-19.867259
-65.455582	-38.108016	48.053208	-27.001134	-91.284932	6.813562
1.087662	28.609560	16.396908	50.123750	-10.605867	-0.033870
-36.474692	-88.921688	-52.280051	25.383905	-26.500763	94.281278
3.449461	-53.499238	33.206169	55.920844	-19.839928	-57.451084
-99.331379	-82.785730	22.027637	-14.927271	21.444694	-76.053021
-29.375933	53.731160	-34.521306	-8.463528	-54.422795	14.729020
-97.590885	-96.071207	14.074956	6.634611	26.723782	-7.288446
-19.382393	-68.865603	-74.584122	-1.304861	-51.860778	-49.255241
93.334883	1.910610	-90.751643	-78.763360	99.123551	42.475862
30.723987	80.823614	-32.525592	-7.418566	96.907474	-73.397570
92.897255	93.721485	-23.952302	64.820754	-47.049431	-48.631900
15.661204	-4.195117	92.866301	-4.022179	-5.599634	-22.797778
-54.990474	-61.546170	28.357390	-93.716986	-50.591853	98.449066
-26.967542	-23.254986	83.490181	62.477039	9.308974	14.624568
-40.739836	-26.004826	19.977512	-55.896737	71.471372	82.782406
-28.098327	-10.288982	92.926909	54.617859	-78.924028	95.941048
29.831147	0.051830	61.686324	-44.179934	28.899073	-5.116028
4.509068	89.031429	-50.670116	-34.033374	64.805300	-59.150728
60.949844	98.799342	67.830387	-15.779047	-63.516334	11.977363
20.402782	14.186949	-36.405836	96.107622	76.109035	-72.007207
78.112221	-6.740112	-73.535228	-12.175657	15.210969	17.847782
-98.434722	86.709013	63.366367	-86.289230	-12.661052	59.473639
80.879375	-96.684148	92.399265	11.020847	-2.348231	22.457417
-13.017724	-13.536773	-23.372353	-8.583056	-75.142711	14.780974
51.812638	-66.592517	-65.154610	1.758387	51.866223	40.741090
-15.818072	-72.969030	49.615374	15.376523	-47.372825	33.380241
-99.765915	86.296771	77.925319	69.987630	-45.970173	76.595565
89.453272	-13.243456	-77.865116	-79.074667	36.430321	51.250676
89.983654	2.127504	70.189654	-77.663195	-76.352336	4.700061
94.231404	-93.186351	-60.934145	-81.076436	-52.926344	-14.111740
5.557533	-6.149726	-7.850410	30.824029	-45.724993	-79.226969
-77.091707	-97.373894	-73.600764	21.677396	100.687820	12.913879
7.883608	-51.238843	-36.918692	-30.336259	22.225343	-62.107081
92.003585	-89.742097	-13.993445	58.338203	-25.490755	42.659023
41.978414	-5.730333	24.457566	-6.414389	-19.836226	45.022243
-58.682519	45.433676	-72.627505	-51.322381	10.114243	-10.308730
-15.392347	-27.935239	-49.982944	97.960537	-28.299455	45.884091
50.099453	-57.519076	-74.631461	-63.389178	82.990090	-17.603342
95.621270	100.757118	-6.100075	16.886262	9.122647	56.523757
96.276366	-33.328506	-17.364590	-95.698847	98.944011	-13.613227
100.495937	-5.658266	45.090906	-76.504463	83.910487	-69.911903
21.516893	-3.083116	-8.827283	86.544832	-14.822883	45.580297
-17.795494	-66.524009	-59.393737	-83.030210	-1.250471	-14.809115
-87.270153	-30.935969	-43.666397	-67.085575	12.042895	61.664922
37.938316	-52.142690	38.587039	-48.122858	-75.702120	-49.914950
-25.021293	36.936706	-58.582675	-72.981136	-53.961839	-95.504005
-50.149217	-34.766196	-56.192958	22.964322	11.124857	2.192372
72.047472	54.197866	24.473194	-73.857869	-42.545264	-48.600770
-60.850479	69.337834	-69.725847	35.266466	100.492190	-44.051762
60.940980	73.285469	-10.775591	-36.279850	9.522027	-67.088279
58.165416	-91.080098	-86.554936	-91.973781	-93.997858	0.356277
44.292437	-64.069062	-63.889005	17.851114	31.187375	75.505941
-59.059315	-85.916921	-29.335278	-46.431391	66.021776	73.746453
-32.909434	71.372995	-71.873597	4.455382	82.157841	90.852633
83.316615	73.596810	-28.593747	-4.335117	-87.035577	-84.441289
-81.343336	-98.166850	82.244958	-75.120699	-16.002612	66.153875
97.312340	-8.814780	-14.157878	3.493668	-89.050614	23.571318
95.491878	1.377780	-15.296001	89.706250	15.010303	-61.385049
-3.276728	76.200667	47.110391	-25.426724	20.867257	40.441445
-90.788629	100.972379	-40.152090	-88.508820	-10.999336	7.062455
-91.829311	-63.675460	-54.385543	1.956882	83.920972	-94.604530
11.772695	38.000767	-98.754279	-18.589935	-19.097994	-85.166972
43.011920	-7.600653	45.049628	49.176593	-50.327066	53.352380
5.855001	-67.862372	-31.719953	-81.553880	-67.266160	-98.856694
29.194283	28.917740	39.338414	20.777295	-50.735338	42.237936
5.313390	40.931837	-29.617220	-93.832713	96.745635	60.998219
-91.205986	-45.261513	83.037341	-42.081420	2.864681	13.710878
-48.813212	-27.373000	-95.035409	58.575785	74.333715	96.138173
-48.700551	-37.304210	57.242404	91.764450	-64.909037	56.470888
-35.349133	45.823021	-0.703016	76.666102	73.853831	-3.570517
-26.431237	38.887682	3.771770	-63.523558	-52.661043	-46.798343
-56.281353	-54.421634	-21.265444	59.863933	24.025313	97.252546
-61.211817	-77.766036	-82.393803	-79.260717	-26.873081	92.664851
-23.358246	-72.376096	32.433597	3.605553	100.129075	46.836776
88.145529	-92.320412	56.420604	-38.851296	-24.553566	2.955420
62.171867	87.101567	-20.998059	90.026994	26.101916	93.364721
-97.913045	60.123932	92.184358	95.747563	28.930265	-3.704084
75.321901	-1.167160	-5.376449	49.070572	-41.339053	-61.510332
6.147551	-37.117718	-69.413904	-48.872912	-7.747584	-65.870957
30.435157	-22.917850	94.781329	0.011644	-38.752810	-12.129068
-10.241409	21.718605	0.304613	36.315815	92.883106	48.221603
21.483239	-36.599789	-68.331641	64.688753	16.321945	83.457981
37.561673	44.085518	-64.159312	42.925226	14.730080	-93.550348
0.330204	20.767904	-62.245586	-22.081891	37.960779	-56.206655
-43.180376	-55.395778	-40.855402	56.672201	-4.739264	14.212928
-79.387736	36.231099	-99.217409	90.321057	-41.358203	-62.617718
10.394387	-40.818214	-92.633069	37.968895	89.256683	47.692654
6.644641	97.327722	-11.616318	-24.624035	-59.874102	-71.708506
12.044843	29.739055	-15.569583	-49.001228	-48.676264	-27.246001
77.499728	-81.110538	-80.430317	66.987805	11.917148	-32.380760
35.899078	65.827653	10.590199	2.587005	90.435238	-78.386373
-58.547794	29.737325	-75.574985	-20.173546	-23.448339	63.412437
-85.125646	56.266284	-86.603858	6.130754	41.439456	-19.840326
30.187892	-30.961747	87.129972	-83.174461	-90.836796	-60.606270
-24.196693	7.029867	30.107034	-14.745129	91.772465	9.109501
69.323101	68.169945	-6.200114	88.070268	-52.060373	99.794180
-18.607416	-61.320425	-3.762364	-78.251088	23.280655	-38.060400
7.130815	-46.397404	-32.553352	30.846539	-89.321633	16.191570
-38.999189	62.465791	66.530947	95.540947	-81.657915	28.736991
-0.569083	63.558490	-59.485759	-72.582967	54.857936	15.274450
83.240519	66.032612	87.903296	-24.084172	9.751723	-1.375614
95.474631	99.002759	93.158856	-34.279231	-59.173195	73.347438
37.651013	12.202370	48.234411	95.962217	-17.840431	-99.619730
73.987402	-86.857993	47.090571	51.889979	-58.206512	-5.619764
35.953830	-83.428301	80.977109	75.667370	98.903679	0.386816
33.098625	-38.993614	-85.092176	83.662889	9.082192	-31.583264
-95.735041	-72.175232	16.742090	-25.083314	25.214404	17.402755
-73.541196	-18.932000	60.563465	-33.624829	67.316009	-16.709245
89.814991	-1.297700	96.135698	-67.410928	-12.343345	69.455026
-50.710067	-83.938979	14.026101	-21.746178	52.853016	-28.307545
-23.306967	-85.703516	-9.460390	5.495293	-94.242338	26.953627
-72.031511	-50.445176	-11.222639	49.873229	53.356229	35.726097
-35.130011	88.076587	93.327623	-61.010878	76.283531	44.107738
-3.004084	97.477538	-35.126911	-61.624089	-50.547335	56.026987
11.015111	49.934457	-72.174937	-30.456677	18.661136	1.794343
10.142142	-65.387489	54.329550	-33.518910	8.770704	-67.672359
-27.237426	-44.960241	85.585441	40.808661	66.100561	18.089799
-13.058769	-37.442968	-41.509556	-78.335106	-46.718062	5.786781
-2.533815	58.586276	-78.989618	-54.064459	-5.146292	52.212223
23.387337	-7.239463	-35.765422	-68.092607	72.346801	-47.546203
-4.942149	-36.002987	-5.019691	-48.363703	41.222820	94.997940
8.338242	19.692507	50.712953	17.431030	65.993592	-87.031134
13.071170	-34.220159	-64.978495	26.806648	42.946803	19.267660
-13.473316	80.237845	-97.520050	-35.877530	-19.641548	-62.074514
-52.625320	-91.443943	33.064427	31.310414	-33.780567	11.531777
32.745451	-6.316658	22.032440	6.808672	-7.300706	-71.044073
5.311074	-68.129963	0.639015	17.696836	-23.705472	53.141186
56.297431	10.192786	-17.550257	15.131337	-54.586306	-81.781285
87.300414	-67.837290	-0.000015	-93.401692	-47.771660	-57.891364
-50.049724	-43.105987	-18.983503	-95.879936	76.586564	-76.336944
66.849087	48.980491	-36.629758	-27.127653	63.791741	46.225121
35.419384	-78.430121	11.163189	70.640717	-88.673833	89.037684
-13.611551	73.021811	-32.978697	-68.563507	-42.814378	-70.564445
-37.289870	76.086556	-79.446363	-62.451309	-10.004628	-77.820099
-9.842088	-90.159991	100.646556	82.109498	6.188336	-79.998309
52.018258	23.201889	-27.072014	88.352508	-75.317652	18.791055
-77.352521	-5.857066	1.964930	61.348361	96.887188	-93.099255
-49.374585	-69.802943	17.120255	48.516372	-77.722877	-74.334180
-34.515800	13.072209	86.671960	73.291796	-63.858086	37.773222
24.874128	65.551860	36.327004	-67.157468	14.096905	84.216914
-61.067264	-30.924717	-20.095079	-21.868281	-97.897864	-39.435406
31.327469	-66.635679	-11.721346	-54.310628	27.296950	-43.680474
40.385388	-23.521023	46.197604	-37.157277	-41.446041	-64.055040
-92.960155	-88.958506	82.318535	-85.231708	61.290649	-20.384734
97.578741	75.330217	58.445857	-68.647880	-87.268565	47.358899
-37.979984	-55.515677	-77.692976	-25.444072	-13.124422	-74.149197
-43.528129	-25.420125	13.268837	-80.849997	-30.878923	-9.916354
-26.711001	18.842495	77.138492	-8.921882	-60.875946	37.611334
-43.986047	-78.860179	-12.346258	-47.174273	18.556737	-58.056846
19.604060	-76.540561	71.299739	-55.334894	-33.939250	-8.229306
23.454590	-64.099444	-97.547526	62.746960	98.575899	-34.593855
-81.102354	-65.086632	63.480300	39.182435	-79.266243	2.024353
28.390258	13.098014	-6.213295	-68.278405	-15.175169	-35.512366
9.582269	-54.896601	87.189356	64.503614	-86.515352	-1.967002
-33.012565	-97.018760	31.739171	-49.118565	46.718237	41.451314
23.744160	-30.239424	50.822440	-67.262347	66.780963	83.881165
20.859205	-80.334974	-69.997435	92.412361	87.355426	-69.791581
30.860911	-98.550503	-73.189137	62.375488	8.814414	21.824335
6.403098	17.747567	-55.623230	-73.829299	-34.341033	-6.125705
69.747959	65.302958	35.116440	47.660202	-64.090710	-15.102177
-1.234808	-57.640503	-71.016302	13.128926	60.900771	-6.280333
96.672349	-15.619257	72.216861	-39.562354	-41.969719	78.023658
87.353808	-2.737009	41.071044	60.681776	-35.368458	-59.922456
-1.476886	2.865481	41.674143	54.755648	-54.704139	-15.147178
-96.268682	-46.009303	-21.938303	-53.970726	-56.933059	86.516134
96.923046	-98.402653	-57.772444	96.934834	65.915099	-68.118361
48.674717	-22.847660	99.264318	20.336697	-61.356270	98.386213
-35.769315	71.657911	17.080755	19.201244	-61.446798	-57.958361
-60.475898	-99.479186	49.241593	4.934033	-0.105429	53.968230
-79.684989	39.926425	73.917035	-8.074475	1.521295	7.808146
4.732043	2.316363	-89.249950	36.608909	-52.459332	72.725542
-17.029360	-21.405823	36.971574	34.683657	81.986477	-10.637622
-25.635710	-15.739129	83.938632	-0.260518	-13.413547	49.012981
77.348710	78.182147	-39.494461	-3.642688	-57.494675	67.859240
-85.049700	14.057661	85.690414	52.893241	70.861833	82.712997
-45.696962	-48.182777	-46.222431	92.848233	-64.575921	-61.852509
65.942787	-83.164834	44.609140	-63.802323	-87.260336	-61.643474
-48.843899	-40.327447	12.835268	68.491942	24.353112	16.317943
-89.882467	-77.267192	3.048875	80.675633	-13.310457	18.153338
25.242156	40.727625	-47.041566	47.482573	-69.792726	-49.592591
-98.146345	-4.960485	61.693701	48.691657	-59.616988	-16.446788
-56.957982	-70.655987	41.506047	20.517388	-19.278308	64.920715
-75.261647	-80.453562	-56.046242	56.388993	-44.255871	-79.858697
-97.341492	99.691628	-91.510681	-69.600909	-91.490498	0.713325
20.909498	-86.546199	70.812744	22.784995	10.150764	43.395096
-55.595888	-22.311499	-65.591957	-99.468932	47.743226	-44.193031
35.967223	-65.189711	56.314204	51.717017	-83.088456	31.217187
2.705968	-67.938871	-31.888833	48.544826	-82.932790	67.065905
85.461531	-58.690950	-2.501731	44.782167	-55.495903	-83.475022
86.651229	75.645723	-4.605096	-62.596741	95.411933	-92.593664
50.831851	33.602353	-98.828892	-56.753458	-83.410526	53.343987
1.129044	-56.673546	51.197256	-49.823143	98.034216	77.299908
43.464673	20.970918	-85.415702	48.678758	85.870277	44.458706
75.207635	51.740091	75.823221	80.183791	71.314827	-3.183348
-76.975772	47.306485	-18.251181	6.396643	6.420037	-52.181438
-58.426321	-18.097539	-1.855128	56.400437	6.193897	-2.920659
93.501420	-8.823548	47.169793	-65.526986	-39.536720	-34.839945
-1.142142	15.892029	-12.591084	50.532495	64.621926	70.385400
92.436412	-69.384866	70.276617	65.167636	83.232787	-25.466547
-64.740230	-31.530712	17.676636	-66.912005	59.550494	-14.111063
23.512018	83.414495	20.964738	8.828363	18.628872	-54.220908
26.461084	-74.508949	28.155311	18.538523	79.337228	-0.899846
57.372184	6.052693	25.842375	80.858916	-50.269814	-49.779878
-34.748914	-78.382470	-44.935403	-37.570524	89.260101	41.563485
43.190681	-98.259722	-54.388144	22.933629	59.296124	35.052420
-46.338621	6.044875	-76.794364	43.927702	23.832742	-24.941190
2.203645	87.015161	27.170203	-36.175330	-85.303840	-88.422856
9.949185	-24.569966	-32.791955	1.570674	44.159348	-44.839985
54.721130	9.151538	-2.226193	77.265205	97.840852	-82.625184
27.547097	80.720223	9.269675	80.488377	-67.942410	-30.232163
100.799943	-17.587084	-89.158765	51.063788	44.098110	-25.896658
8.215577	82.435798	-77.174250	83.950993	41.163497	64.788288
-20.643260	82.924703	-20.734400	-12.561756	38.044095	-16.762893
97.076963	21.080493	-25.067841	20.714055	-82.709646	-16.793403
-95.432625	8.796945	-43.825980	54.625058	-23.020205	87.333565
75.637056	46.634439	60.125434	97.552746	20.109045	96.730311
-11.967216	57.050044	5.986596	24.962130	-65.575647	-31.056314
-39.535494	-10.535067	-55.967862	60.553609	-52.836813	89.726729
5.043427	-33.362846	-41.375864	-45.452446	-38.379054	88.591114
67.849657	99.508898	-5.731479	-40.047242	-94.194468	94.530043
-94.033257	-1.988938	-17.784194	-5.920570	29.681570	-71.276934
-85.364362	82.542200	29.091489	27.818112	-52.118049	41.816000
50.300212	8.342857	-28.109240	-20.144436	-48.077635	-84.768199
85.194099	-84.329770	-50.446067	-89.639841	-13.775978	-81.768521
-70.472163	-84.468768	17.024318	41.673886	-44.470115	-21.306067
94.377337	-54.053408	81.691810	59.929386	96.483330	-78.002959
-29.317578	35.043283	36.977172	98.091153	-57.348203	-30.648853
-12.827385	-11.998926	-50.321407	86.701543	-66.813504	7.963781
72.924575	-91.174491	96.997991	-55.448052	31.383798	72.601855
-22.516733	-29.335228	-9.104706	-63.720841	-6.796792	59.874645
-10.077900	-95.283380	45.879517	-40.581510	59.366187	-5.155689
44.573934	-66.229677	30.941601	44.477916	-88.174468	-4.366240
-7.677102	62.631555	-31.031442	47.650882	10.515985	-42.116154
87.087300	62.963245	-15.056294	20.835391	-8.121415	64.244307
-28.993421	-13.982580	40.379428	-85.566763	-1.263898	-96.091395
5.546614	44.249466	-28.674187	25.826950	57.377253	16.282710
71.082988	3.370995	-63.666142	74.195882	-91.323842	71.854245
-12.881357	28.785474	-51.013751	-0.667405	1.081061	-8.541132
86.314278	47.856619	48.076682	-84.968604	61.278909	-29.423560
47.415842	-90.109496	-97.776898	-14.168283	37.144577	-59.482800
-15.000595	76.836392	55.880235	-54.155434	73.261702	69.346704
-26.717903	16.414980	1.608290	41.786406	-35.669534	87.843444
85.372497	-89.832187	-41.917643	-81.740553	-21.211696	86.485904
-81.752580	29.874727	63.846568	-31.192017	72.817704	69.303210
46.049964	38.401650	47.421088	20.369385	-53.775957	7.779920
-28.095134	-26.696280	-30.090795	67.137561	46.477087	48.316242
21.573669	84.282696	-37.316161	28.146262	-93.914591	-24.156544
-43.160137	-16.417481	83.919408	-17.438734	84.123673	27.052751
-76.983644	95.836448	-89.490816	-9.248028	30.835158	-91.520484
6.229954	22.571848	71.677008	50.310561	-83.817034	98.597624
36.189202	50.444836	-94.489037	34.926695	-86.389492	-60.420003
-9.518318	-54.121353	-41.385453	62.051624	54.836673	-62.466853
19.503955	57.344167	93.630854	76.995190	-89.867696	-31.681281
60.353690	40.021426	-6.549850	64.335939	-94.405569	15.142379
-39.790009	-8.079430	-75.794452	81.460662	22.559140	100.217190
76.408144	68.882742	57.829033	-21.564852	9.514657	-25.862235
69.855811	-58.441638	10.160709	97.968924	15.445539	77.147723
83.412579	66.471583	99.224979	-96.979092	-8.638135	-22.483109
23.783909	22.078013	-51.221770	20.062339	14.914984	-40.006874
-90.325186	20.876277	-61.417199	-67.126811	-83.466720	70.433360
22.752666	25.881964	82.492717	-82.774608	84.270437	23.596238
-16.373609	1.395622	-77.102296	80.792387	80.567863	17.721304
83.347011	-12.404007	93.027168	19.238505	-16.011630	-96.890784
-2.022152	-57.913976	-39.251307	-86.594687	-48.895343	-19.634647
11.793502	-62.629168	-76.605188	10.801586	84.579050	-84.824263
-24.603573	-65.498440	-61.218757	-67.138429	-66.762037	36.060996
-40.358486	98.055069	-99.307399	49.442674	-89.438336	-87.009750
93.660262	3.886066	-25.082526	87.252078	22.933334	60.770932
5.629662	30.806810	-66.868623	-71.993717	-42.239343	86.538119
16.290037	-6.200020	-22.158888	29.869726	-0.259799	-0.579434
84.742581	-42.877203	-78.194639	21.129394	18.503749	-39.956895
26.820077	-83.314135	-4.621348	-39.924706	2.219660	16.919311
-95.961268	13.421453	56.038568	44.515628	2.418102	46.829541
45.628535	-98.748270	94.125342	-8.183551	-92.098635	-34.176489
-25.212859	-79.486117	29.305683	-14.949294	63.248713	-46.217182
48.254717	81.905625	-75.218941	48.145164	-35.435436	20.533117
8.612190	-75.378661	61.977214	-36.639632	-69.145625	-90.128107
-3.974730	-73.484093	8.230169	-82.677561	-41.407075	98.734061
38.923596	-1.240848	0.533846	-43.693395	81.966053	-10.007212
-10.744125	-10.360597	-50.521283	-6.487016	-54.427640	-56.266275
-72.998740	-47.184893	9.516182	36.096521	10.017671	90.236118
51.876434	11.472789	-27.163854	-56.451816	31.172414	-94.162839
53.684067	-5.659537	85.836552	-2.696729	-95.288534	53.445857
-44.585958	40.569693	-29.360791	-74.648298	54.110556	-89.665361
-36.179044	27.706530	-47.593189	-40.042837	88.927246	-76.728430
-52.335723	45.162698	56.389668	-52.984142	31.520344	-78.318561
-98.676380	-73.258023	3.524987	81.149514	30.594559	69.502100
-73.290562	62.892090	96.528960	77.365791	-18.495946	48.725698
-13.415090	95.439094	-95.188297	-55.441703	-57.623575	-80.970845
-77.743378	9.005390	-6.165520	-28.582452	-37.036294	99.340821
47.325359	15.876092	15.569066	84.624701	-27.972111	-41.007726
52.499356	99.069217	45.611386	-44.793843	10.669638	86.805016
-95.670913	25.570523	77.758113	70.048405	-95.813722	95.158992
-81.557683	9.730371	33.564699	29.919918	36.300433	-48.282678
41.827626	8.949145	-65.988098	-71.403225	-4.063454	-88.055751
14.314712	87.012643	92.393875	-30.985708	23.170152	9.686013
28.361679	-24.360731	52.510245	-34.899838	74.852306	15.674042
-6.506523	59.873568	38.813914	16.366496	-3.562354	-64.220647
33.505828	-55.519654	-7.022284	36.960555	71.132008	-60.911188
-66.114015	69.639248	74.726817	34.466073	-56.015414	99.287328
-64.850077	91.532110	33.648348	-80.996069	57.905086	65.429152
-39.692292	-63.055878	79.925638	-77.857803	87.464617	-98.974194
-80.171347	-45.203741	89.988204	99.218356	-0.223590	-91.618930
9.152137	19.103903	12.804183	5.491967	53.612151	2.864805
-86.479980	-51.772812	-85.243132	66.453900	69.970332	73.395252
-32.218830	-28.649748	-18.792129	4.882238	-43.846820	41.263477
7.611771	-48.315388	81.037604	96.672726	-59.640677	-2.758701
45.002787	-42.633743	-41.649999	35.162464	18.970846	45.919444
15.085838	93.856899	2.106336	22.588094	88.656437	70.845358
96.978481	26.313617	-90.321495	5.962074	100.994959	42.556762
-52.492136	26.376705	-24.822754	-61.506941	44.057358	62.691481
35.256541	-80.447965	34.883939	-47.333153	82.879808	-85.483573
-72.900385	-65.219560	23.114363	7.670537	32.916621	-2.009731
-12.508777	-31.863409	-74.617347	23.698603	17.585054	35.031906
-22.329689	54.380333	62.810511	51.987001	-84.370925	34.221680
-78.550358	78.506479	55.670076	82.511138	-1.189838	-27.824326
-96.486923	-2.968110	61.198390	-24.046579	93.381430	-94.763068
-47.958763	-14.110676	56.733344	-2.325645	-22.783791	40.009236
80.031271	-56.064321	-37.801638	-44.091121	41.730673	78.634067
-53.755415	41.547313	-35.929379	68.828259	-74.779851	33.968231
69.323915	-53.345174	-81.227433	-82.844441	28.130511	-91.549981
-85.787153	-32.938420	39.825856	64.757691	9.111689	18.499767
-87.059898	64.053596	-86.468707	6.103940	-33.618477	30.052680
76.037585	51.909605	12.378454	50.356458	63.728299	37.646200
-21.440687	-72.866734	-40.058809	71.032335	75.938947	34.810208
-9.021980	50.853420	76.323263	-82.124748	-77.466812	26.977620
87.435454	-27.434285	-99.516851	-21.941832	72.112821	-62.101607
-58.996231	4.357775	-98.117099	52.823248	-15.018158	58.917307
-75.095673	-66.050124	-49.809569	29.916072	-28.321207	-29.079989
-92.073172	-60.424561	-3.979518	-43.060259	58.912948	-58.166949
-59.448263	-73.501809	68.259817	7.061130	-63.315051	-67.012779
-8.913927	-1.776028	-64.470818	12.262211	44.207538	80.881699
-51.830335	-46.163147	4.275494	-55.453133	-35.352942	74.848433
89.305815	-23.834724	-91.104634	-92.428372	-46.396083	-13.857103
-26.393457	-42.564362	64.295610	77.277990	-48.127801	-87.822103
78.411044	-68.551775	93.135276	-51.129694	61.918861	23.141820
77.070992	-9.534653	67.023040	-7.912251	69.392429	-62.669861
-89.896092	-15.697887	-80.261726	44.900449	4.643792	61.094373
75.945309	76.359829	27.590240	85.938356	-24.814751	-93.293951
-1.854769	87.186850	49.441989	-53.209493	60.852448	-52.408621
-52.467037	-10.103700	52.337355	-58.605860	9.327847	-21.988449
71.784935	-70.944669	-92.901470	64.132401	-40.205872	-86.723246
-81.888055	77.822966	-77.234326	1.703636	44.480571	-23.626727
75.111058	-26.947102	-55.873346	66.643062	-73.424812	-97.085518
42.615406	95.204316	-22.990826	-30.321839	4.754576	92.392622
42.299889	-46.689931	-55.092314	62.161397	-18.833488	-70.828876
40.477440	71.461990	97.328250	5.281416	70.325930	79.146592
-54.431751	-48.652920	-48.330234	33.915351	-8.416642	-38.713159
-27.853629	76.232277	25.773272	-17.741576	-34.223406	-45.274140
34.967794	-26.192386	38.291757	-4.953569	70.962374	92.322776
82.583299	-99.665647	-46.019335	85.176360	75.593912	-33.765145
29.545924	48.573962	50.703434	46.227187	-33.381927	29.193881
-32.614544	-69.491335	95.366433	-22.754499	-46.862303	-30.626746
-74.063673	84.905641	1.435662	-21.089914	58.609115	29.902357
-62.557990	86.661974	-27.580215	-30.708678	23.062429	44.732933
-42.772233	-22.700098	-87.750713	22.429276	-13.682874	56.953100
19.651366	-51.880049	90.475909	-49.794368	30.805518	33.611444
-76.005048	75.942369	13.518974	22.603027	72.796551	-98.366459
46.571430	-85.191698	-27.140927	-97.184379	-28.037528	90.033531
-62.065186	76.802266	79.935488	49.053184	-24.831184	-29.193329
36.039560	-43.683907	77.883000	19.995490	-87.843490	51.938336
-19.975407	3.546007	50.973419	-16.316540	65.740036	11.880308
16.023007	32.356040	99.570834	-40.179682	-27.943067	-57.746143
92.581806	-32.664789	-58.035048	-60.162727	-62.617257	95.963715
96.699526	-6.367414	-84.172482	0.137522	0.866254	51.225359
37.641877	-20.228640	23.793744	48.417723	-35.743604	-76.394570
60.337139	55.952803	-66.969092	-20.686824	27.227840	-77.893805
-11.136571	40.340010	-81.991797	-81.583371	40.640604	-37.956975
-11.955500	86.432025	43.737493	27.279721	-42.188692	-97.677343
-14.880276	59.455655	14.691364	-87.409192	-62.732827	-68.229380
59.716624	-10.859169	-84.620030	81.179287	7.498166	-78.724674
20.098151	3.548232	-47.313961	-91.158299	-51.568071	-6.255791
75.441808	92.150852	-25.330522	-75.366520	94.703386	-70.684959
37.492244	-10.824407	-84.942438	-15.702400	58.663815	-46.340812
-43.602938	-25.160685	-11.109657	-62.605333	10.911400	-11.734456
8.355707	-70.968326	-21.234055	7.012573	-79.003465	-3.053547
59.871635	-51.771066	-61.739808	-32.914260	80.216527	-65.662555
93.431345	34.907596	-93.932885	-2.419415	53.664276	51.347591
9.723501	-53.520461	85.378499	-71.685888	53.804482	-28.866628
44.691382	-4.643691	36.390104	-8.431938	-38.412043	-29.144550
-42.759993	95.816413	-73.122178	11.631228	95.776892	-58.276261
40.039469	-3.525715	-25.069967	38.448689	7.944735	-90.940228
17.843973	-87.252231	-82.103004	-15.850407	-29.512170	15.941541
98.004108	-71.368541	80.622351	53.317966	80.120914	1.224315
-9.129055	-5.757043	43.388843	81.549596	-73.848912	73.756863
-49.810383	-26.632376	60.539520	64.017045	81.002206	-35.697868
58.905637	7.167078	-87.980277	87.563247	7.803538	-15.157521
67.297218	74.588374	-3.703756	72.857294	37.929016	18.771292
-4.670900	-10.984253	5.038165	-9.579919	-67.990712	56.238549
14.108513	-81.470553	-41.490369	-20.710169	-10.551443	-76.015288
86.083392	-4.317550	-39.359343	-92.794128	99.808685	-66.522060
95.769809	63.980176	59.895227	7.787999	-81.597967	-25.677037
43.011649	-59.260076	-76.489789	-17.478195	-17.778730	-13.531065
-20.432262	70.105446	41.490897	49.506379	54.013702	-51.203051
50.725461	-18.490511	46.158751	76.934324	-92.545700	45.919947
81.233675	49.988642	31.103151	-63.970974	69.827542	-96.909868
-24.051569	-73.258053	-53.735732	88.413899	95.610129	27.559243
1.928835	-61.265788	76.533737	-34.352534	17.519851	-13.681296
25.917431	0.077790	87.625243	26.993853	5.937235	63.116039
97.952094	-98.292427	-57.342093	0.121263	57.448111	-29.717735
41.638611	-77.603272	-23.851315	-53.609987	-39.395913	-32.746950
45.530939	-80.835596	-21.861694	39.331213	93.028709	-57.792318
65.281750	6.759886	25.446921	50.122487	33.163658	-14.997886
-47.343705	-48.632885	6.920440	37.771634	26.696048	-51.250058
-16.959177	80.342879	34.256732	62.128011	-98.829552	76.915686
-72.107122	98.442710	-17.565553	26.480381	-99.701007	-16.374329
97.889310	-61.897038	-40.403879	92.234593	-15.040039	95.170110
-91.054141	-84.472044	-75.575692	6.330650	-68.915861	-1.661950
-11.418060	36.760044	79.266306	-79.169830	-52.098327	40.796539
81.075839	35.473144	-55.781145	-89.561830	-53.153839	23.129934
-18.134934	73.108115	-66.212126	78.693384	34.685376	82.792577
21.435919	-13.714150	-81.468228	81.782745	-22.345518	3.175318
81.008112	29.097736	-6.455954	3.927895	-86.038147	-63.372552
20.901253	49.036754	-98.285359	92.867844	-18.429964	86.592370
84.256445	-68.636131	-47.499374	-18.132204	-55.983670	-32.503183
-64.037493	-16.285098	-27.036605	49.652110	38.986035	43.821920
9.574114	-17.339160	63.001775	-16.694225	-65.413474	-38.743932
71.958954	-24.308465	14.968936	-34.256398	17.874958	-31.677085
-17.811348	44.767438	-70.186972	8.400680	50.374515	32.565960
56.706424	-14.170418	90.654261	100.638009	52.868693	-77.808478
-91.982308	-87.952770	-24.757557	50.274236	-57.459818	-55.979993
32.562513	-59.352923	-85.427211	-73.366834	-65.937374	-48.892869
-47.951958	90.840844	-46.267874	98.512240	-3.770178	25.145078
37.143290	27.321149	-66.344754	-26.777593	-35.219647	41.287568
27.271931	25.766254	86.532468	-47.108026	-28.403828	78.423756
-58.160717	24.006002	60.396990	56.487159	85.727583	-99.834609
30.988372	57.938233	39.840818	-42.442915	-6.234708	72.617009
-77.945094	15.991310	-39.414461	-91.579590	-97.030722	67.591004
86.005725	52.908238	-7.507378	-60.136825	-23.678388	-92.460653
-44.199771	89.991895	34.676275	-3.750033	-96.074341	-52.499758
73.257911	92.970486	98.784386	-72.811396	0.356820	91.726528
-27.437235	31.534072	-95.589790	-68.429066	-14.385933	30.977250
-34.182068	-48.815078	26.357804	27.929788	97.673765	62.450110
-14.802418	-43.982973	38.384133	-81.258691	76.574459	90.366735
-71.463684	-17.409344	13.418324	-88.202716	-88.718645	67.498395
48.123221	-15.762327	39.841136	78.822701	-95.921537	-77.155531
-25.341435	92.554290	-24.834508	46.461228	43.258750	-95.448972
33.081033	-28.458554	-86.925655	-30.427320	3.171627	62.936843
-94.259704	-10.442498	-36.159235	23.495384	-24.810554	18.854164
-76.224766	82.936722	-14.041849	-85.098526	-95.441182	-12.900563
13.489017	48.995852	-1.103949	38.739340	21.374615	23.591681
14.395423	-44.954016	95.611424	-71.283715	-80.587928	48.198836
-65.349035	-27.848174	11.209954	96.211163	-60.658845	53.875582
-26.925502	-46.735123	30.073366	56.029749	-67.966204	14.481734
73.939666	-47.245279	-54.928517	-93.637969	26.528336	78.350882
66.984608	-60.179058	68.244962	100.011647	-46.306505	-17.561188
-14.073010	42.357336	1.139783	48.192384	-16.006571	51.936763
-40.012966	27.558615	-8.201432	-12.005110	25.616333	-6.061817
55.869180	62.660739	35.333444	51.168404	66.655771	-84.571015
-9.420847	-14.368597	13.478535	-59.403983	77.598605	8.118735
-57.330405	-41.848757	-43.959663	14.903064	-89.724133	-58.385903
5.825776	8.417455	-84.919014	-6.911245	27.288242	62.142864
-94.813522	-92.987767	-86.007482	1.762134	62.677211	66.807955
18.566516	64.956905	-38.312172	-54.552970	-67.573510	48.798560
-33.358612	-20.385073	-31.095421	-73.931671	-85.292291	5.899235
4.484022	-19.045316	-94.539028	-78.979859	-33.574139	75.749916
45.344389	-27.818763	-33.438531	-71.752861	95.910330	-22.482099
37.566770	-67.811426	74.104371	1.736169	-92.025128	-82.104912
-50.264565	-56.010721	29.969511	85.342088	69.935606	54.306665
-70.949692	9.906390	66.916904	-70.572307	-40.963438	36.764898
-8.256142	-36.306780	30.460065	-84.471461	-53.649813	5.180857
-93.696014	-20.829995	82.555222	-75.891155	86.341339	-48.191881
6.791341	-49.370195	-6.134789	-11.565473	-6.886760	-88.424615
75.094444	-74.352318	-13.370083	81.895708	-36.583780	64.114190
-17.376401	56.038412	64.471027	65.431771	-12.343856	97.095052
13.660943	59.955277	-68.065019	-73.586363	-17.750771	63.387118
-64.020269	3.010077	-51.987297	-37.584507	49.926930	7.895075
-86.973050	53.151466	-96.995268	7.002467	98.890267	-29.744870
-43.713660	-30.341073	-82.510266	17.711501	83.606643	12.283251
42.731524	-50.717203	80.759815	-38.158602	-89.971690	-64.064766
8.995105	-16.756867	41.600012	-89.046991	35.884184	-22.780964
-97.596773	-36.581675	-15.854702	-82.570410	-85.863656	12.262189
-40.001502	-92.428961	-19.295718	100.317567	68.651950	63.289347
-70.376106	-8.882281	-86.657727	79.276087	-88.957069	68.717175
18.526485	-55.678739	-99.344484	-6.384012	-99.938909	-77.248736
-58.172934	-97.784042	46.273362	73.782214	-21.003266	-71.639057
-44.316847	-32.880732	51.608333	-71.724415	-60.926207	-64.962289
-17.277852	-71.317781	58.707935	63.898639	36.620510	3.810389
-46.575616	-17.221495	73.311245	-45.780042	-17.897049	65.401296
51.337457	-18.452266	86.532239	15.772509	-37.935084	1.095353
-78.568395	-79.831609	-75.981366	70.266960	-71.600163	68.428304
72.723013	8.303525	28.632382	-79.688093	-35.790509	-97.842195
-7.276071	80.353446	85.641601	-43.274228	-80.231153	2.047685
73.415937	64.197111	100.752358	-45.116361	-95.781030	-52.928307
99.287949	79.909733	38.687310	3.076984	-72.724490	67.674981
-65.280591	52.145946	-11.220852	-49.574720	-48.864875	-93.675924
-66.467678	-4.553282	-81.737407	-17.842710	-62.563739	47.168677
40.322099	-41.962993	-53.304534	11.184801	-65.893104	19.109190
-68.313774	-45.922492	97.784726	-75.819004	-14.209795	-12.157910
-28.482795	-52.968448	70.391158	59.830593	81.449022	-88.652581
23.621872	-13.106130	47.399080	2.104872	-0.648315	94.466147
88.261380	20.898503	-89.298028	17.428018	71.535897	-72.915133
-23.616713	71.221098	-17.390040	-42.732069	90.745473	0.424188
73.143067	-13.025239	13.833847	89.409527	41.266019	50.480861
-0.287609	76.469722	-93.974390	50.059308	69.114305	2.384867
76.032904	55.631845	-15.638828	15.738771	-98.048717	11.496849
31.468203	25.351609	3.917512	-41.545367	46.581510	60.975982
66.334511	80.881618	-29.479994	-24.222151	72.475752	64.215107
-7.830391	-71.279471	71.790425	25.438693	-6.560737	-36.463080
80.589839	30.728599	32.016889	7.653845	11.908546	39.213151
19.060441	39.048043	-84.705173	78.918265	95.544171	54.861417
0.583168	-54.419255	98.416349	-48.443940	-62.053923	-43.667624
56.784400	-37.412040	57.979712	-37.377810	64.344260	10.140717
51.976408	24.144293	-7.190496	66.413495	-71.673012	72.439951
-81.283939	58.292482	7.315565	-46.110509	70.817776	-82.332495
-63.508911	88.554743	80.414541	-23.254759	59.628076	80.647353
94.232613	70.645818	46.569690	100.947410	6.940079	1.219799
-26.841763	-76.913446	65.183123	-74.658345	41.035674	21.906554
96.875485	-65.572609	-30.339399	67.649808	55.864260	2.126848
16.183109	-88.366043	-32.767730	65.680455	-21.719985	49.654019
-83.189471	90.696771	-20.185991	10.236158	-97.060199	-38.361503
-26.214180	20.818967	47.522383	-73.347669	-5.825424	27.526634
71.463504	83.419723	-74.727443	74.853796	40.721179	70.986866
53.623161	-43.098541	-61.014293	84.307548	-85.316634	-84.802985
-33.791508	-30.145446	24.364905	55.933703	75.349468	-99.693248
-76.324917	73.727256	-26.010022	68.928213	-88.077979	-28.721215
-8.722638	10.538728	-86.898133	37.891658	-55.320829	49.481760
24.989842	60.753107	-36.090925	-79.521785	8.866945	99.919791
-39.748652	74.976560	89.701911	84.833950	34.725169	-52.392751
-21.999821	-90.479815	-4.866572	92.341280	89.353594	84.037108
74.946500	-78.733447	9.453310	-66.265635	41.219887	89.234868
44.441763	-65.114796	-8.132148	-25.758116	-18.056984	12.814637
44.228767	-50.533719	94.352879	73.093688	37.039657	-26.999314
-18.951205	-12.035339	-9.606273	-59.558370	98.862253	-15.441036
7.168887	-32.847185	-7.837252	-35.992766	-77.894875	2.562921
-0.399162	94.790552	-76.424318	-70.595593	-98.045754	-30.428547
-48.749291	-24.367167	49.135803	-71.802920	67.431426	-19.068783
14.376957	-56.411537	-55.972103	22.326677	65.454271	-98.752793
3.159972	56.321371	41.957035	-12.221573	-33.580318	61.897606
34.135751	82.118846	-37.995083	10.235458	2.531201	45.366680
66.454280	64.270479	6.210353	-74.657437	43.380271	-82.345449
99.755896	-22.876063	29.426540	-46.296877	0.975360	-79.557708
38.591010	-39.927360	41.387193	39.245648	58.794224	15.014061
46.423384	36.724802	70.214293	76.246692	-11.917735	-68.258126
91.288069	-83.773595	59.215850	89.075577	-6.760903	-80.039155
-98.757863	-44.535343	5.192022	-64.869500	-2.122390	76.564958
-83.650560	52.171578	46.973310	-67.302153	-27.489980	-82.261124
-24.286422	-48.253587	64.341458	-72.482764	-80.028834	96.403760
100.296583	56.988979	-92.683332	11.122480	-88.866598	-73.946356
84.793888	-10.035263	-2.896664	35.765573	49.702875	-87.096626
-12.647319	-68.011130	-37.816939	-97.733097	-77.514814	-51.608026
-94.400266	-51.897205	-36.516697	-57.829825	-57.826841	-4.487097
-1.906739	11.428933	-64.320432	75.023745	-13.454942	-23.927212
-71.782479	63.224889	-6.493577	-65.745129	14.174912	14.549227
20.758607	62.685326	-49.878641	68.258278	-11.425885	59.420198
-16.762098	-31.014162	19.462240	-92.643610	-96.555808	-38.233469
34.526723	85.264878	-20.432422	25.169654	52.177578	75.198142
7.150872	-85.092401	-88.817742	4.959923	58.783337	91.521694
99.489057	-41.266164	25.557507	-3.147694	-89.017993	58.397511
98.710737	-27.828452	-61.131666	67.990607	61.389541	91.698211
-3.599317	94.196160	95.037725	60.143527	42.190960	-4.020726
81.065370	-88.783225	-73.710428	76.654611	-77.822269	-40.872196
58.297029	58.570668	-26.151356	79.750035	59.855579	62.097063
27.303256	5.227802	77.423888	-1.899147	87.664860	-78.573942
-1.247711	-72.122542	-86.832709	-33.395928	-94.272327	78.760984
-55.865895	-6.353899	83.444793	79.728823	-92.489484	-91.697610
0.483842	86.295977	-54.413363	27.296471	-8.943346	79.658665
-9.459945	34.958104	-34.886397	-80.928717	68.072189	45.139131
8.456092	-24.178366	-41.308059	14.205353	-54.203792	72.344299
74.681926	-26.434976	-38.139095	-85.430708	64.263837	-61.901941
80.282184	-59.713805	-99.648910	-10.257728	-70.993760	-46.698815
-73.020937	36.807565	-60.999240	-39.118078	100.585662	-7.174360
4.410895	72.084768	-68.268723	-77.775312	27.697290	-35.152092
91.405724	-2.116612	95.866765	1.857771	30.778846	-60.767276
-0.340835	-99.155702	-69.345523	-13.360493	52.414558	-15.445606
-70.887699	11.895305	37.836153	-4.409236	-37.117803	-28.297165
88.086008	3.145280	-30.612899	-25.048341	89.631812	56.588648
-27.584904	-36.925878	-90.809308	-77.483124	94.024344	20.659387
-74.319984	-70.357170	-56.099941	53.411464	74.291832	-64.961123
53.859996	-24.520697	88.611158	65.605028	7.198483	-68.712773
14.231819	-21.746445	72.566267	72.863584	46.569128	-5.196260
-68.575140	-58.808998	2.259421	51.529266	44.033817	-12.189589
-44.633339	41.479569	-6.976532	69.798542	81.822574	35.627723
88.807766	70.254463	13.775213	73.862879	-79.162770	90.967511
31.692702	-71.775515	-52.666579	64.173368	-94.198696	2.662784
-67.046434	64.179858	17.700424	-72.169669	14.042810	-55.392295
13.609226	54.168428	87.128606	4.018837	-75.106264	5.676300
0.000000	0.000000	0.000000	0.000000	0.000000	0.000000
