-24.407171	66.164661	-95.667429	86.019595	-52.161785	-72.507365
-13.881393	85.528460	61.294730	36.506580	-73.038797	-0.083999
-92.052873	88.118034	74.817850	19.123805	-5.105805	-13.905713
-71.711630	-6.256422	18.659647	-58.509888	95.822911	9.500503
28.075673	-17.112112	74.342523	-20.539831	37.169370	12.419062
-75.127815	53.830071	-60.485115	25.908038	-21.408374	2.404898
-63.892847	-14.130482	10.703336	23.754972	-82.709810	-47.046809
57.841841	67.452484	-15.683290	-22.644745	-79.504567	74.633631
-60.523305	99.774168	-11.035621	3.166900	8.296724	73.668173
-50.149738	39.508077	-21.658632	-68.302047	29.997417	89.122106
-94.532216	-76.071801	19.559471	-25.058958	-28.181662	91.831910
-32.945094	25.881308	-87.745516	36.623920	-34.953175	-69.368914
-7.308614	51.098301	30.206638	-57.989854	-1.851953	18.678808
29.327280	-65.305708	-61.764088	94.411333	-74.220735	4.662195
-12.187908	-69.835793	-68.336015	-81.276694	85.620419	26.985087
-90.103757	73.029291	70.985447	-62.560950	-57.654448	-50.502800
-35.279499	-28.865326	74.829139	37.615060	85.874420	23.290957
-53.901719	-80.001100	-58.589591	45.125866	-13.229667	-65.246886
24.258723	-71.427052	-87.221073	96.142412	7.037198	-7.914208
59.042278	44.241968	-34.868875	-71.139303	61.451339	-13.628775
-60.877399	-73.034876	50.879806	41.387376	-23.465672	-3.139171
91.642997	11.548437	65.892699	-78.638867	90.843290	65.395474
-32.829226	48.341104	-25.901395	-59.924825	70.247390	-73.660835
8.723232	14.177183	91.625167	-56.384746	68.493328	17.248574
-84.806694	-61.760505	-10.251755	-81.978474	-35.575163	-3.906521
-0.232168	-56.257935	66.890874	85.221628	-76.125816	-60.313624
26.106394	38.822837	93.977541	-80.961566	100.700833	51.625719
-24.370486	94.472053	-34.952036	-3.251835	-8.674945	13.414116
90.121169	46.267932	-91.275519	-44.715318	-64.631961	62.166527
-47.060810	1.026173	21.070205	33.268761	-23.623730	93.225808
39.943495	-92.736142	-6.615154	-85.137475	-78.186386	45.282002
-80.917494	10.591453	-55.737342	-36.761207	34.653642	-93.934196
-76.495176	-72.794201	55.997292	-63.761978	-3.637593	-77.665405
34.864510	13.143374	-93.636372	-84.430209	17.507534	8.934939
0.586234	25.597986	-86.875409	-22.595890	44.910911	-20.722893
2.001544	1.394451	58.598736	32.701037	55.450729	97.750857
77.784673	65.161117	91.323245	-19.329631	100.274189	-67.715743
-11.849872	-70.959806	1.328471	45.338781	-71.413471	25.681555
18.588829	-8.856082	-1.855459	-59.563564	-29.779317	95.481529
5.214370	-22.609543	57.279425	54.127265	93.857411	-17.073102
17.880472	90.646168	41.688073	64.267787	10.289964	-67.298436
71.509399	44.230624	-38.074143	-55.854564	34.690876	-12.181261
-49.218428	-11.707112	11.137585	-23.596626	-68.961682	2.495134
28.544585	-15.954002	-50.320408	-51.112027	-39.735617	-1.280349
-41.645769	-38.884906	-10.423443	-78.994977	-73.033519	-65.890446
59.013680	-44.735786	94.783238	98.543373	-12.333547	95.202225
-83.214966	-85.899951	54.306658	99.443007	-96.089421	-28.407157
-7.858859	19.808610	49.045161	-62.987785	79.186613	52.863471
-58.095718	-10.613470	38.216245	-46.869808	88.557690	79.445254
79.731920	58.653115	-46.491842	-89.802818	-25.249315	-15.811724
65.804201	62.355596	45.237320	-85.717979	-25.544906	0.073405
77.539964	-32.352516	-1.085693	92.126240	81.034958	12.528057
39.726790	59.613566	-64.524240	65.229978	-89.905176	89.867647
-4.623430	-87.949746	-39.270554	3.572845	61.112157	85.661520
-67.608170	38.925305	55.628899	-19.573954	-14.775633	97.970979
56.142545	-74.379749	-48.022502	6.292189	99.795654	40.270462
72.528698	4.407627	-66.022722	61.823883	94.540668	92.587701
-15.340777	4.303582	-67.916116	-38.888084	-98.679643	-61.697335
86.886615	-48.742930	-36.706929	-0.568944	0.342451	-45.789459
-3.380278	74.838250	-34.174154	-70.682188	-41.776352	-24.702535
79.869305	6.123061	-8.734002	-47.982504	-55.713897	83.338015
28.609660	-98.259900	-74.134454	-72.309571	-52.397415	26.881608
-33.233687	18.220001	3.977459	-48.353673	-17.844749	50.330171
-34.794221	98.017221	47.029302	-37.423192	-21.786676	-21.034762
74.598000	74.563812	-71.753280	-73.044020	-65.620743	47.031190
39.039856	41.702053	-73.822211	80.477940	-35.696441	76.275860
63.820438	-2.799922	-26.389998	-7.168038	81.407304	40.182365
-69.570681	18.891885	-51.717295	-8.109711	0.952226	-28.277620
96.283783	77.298866	14.194578	9.652678	-9.484573	12.627718
9.659736	-23.270642	54.340255	52.526251	-45.454622	15.394195
28.247489	-38.425785	67.264272	-88.140890	-92.507474	-88.496196
47.082986	-27.591285	77.269582	77.694777	-34.365575	-78.157420
61.412624	-54.146439	-49.244391	10.459065	-26.634091	-7.390710
62.441858	50.879458	26.554959	-83.661042	-72.100716	51.493951
-18.903923	25.013374	-10.603291	-59.694019	81.305124	100.820841
-91.184860	-93.361252	35.500141	61.246656	76.043761	-89.819336
53.651357	-40.468426	-58.471279	-95.202593	69.144227	-80.265873
-54.058772	17.265711	-6.117762	70.327858	27.666375	14.928072
60.746713	-75.860531	34.917042	55.644503	-4.085523	75.718049
93.131155	-37.820236	90.700883	51.195145	11.696085	13.863509
48.843986	79.462128	-2.255537	-87.379333	-6.286855	15.631394
-41.199182	-22.502448	63.218342	-81.227498	-28.577822	-15.076275
-59.001021	-7.426834	94.445063	41.123133	-86.475711	-0.892551
-74.463237	3.857335	56.589480	1.739048	-49.853308	88.812467
24.536357	2.166661	-85.433509	70.216658	33.515763	-88.705833
65.528270	19.939608	-0.083677	-49.415880	-28.164268	-80.066932
86.066655	-95.268120	100.742478	-75.857761	-9.519760	-51.636222
14.252967	10.498367	-64.581289	74.082422	37.296749	56.022800
52.437868	-48.431448	45.435053	-32.982031	-4.299636	-88.747816
-13.208910	-85.179664	40.315383	-8.280329	6.515920	-72.267017
39.566041	85.364704	-56.726831	-36.225246	6.373338	8.630196
24.048641	-19.583672	36.125278	57.281817	-20.862759	-27.267847
-50.937798	20.062636	95.569182	82.695625	51.220351	-49.985429
-40.997850	6.926583	63.946606	-90.206394	-55.465470	-4.875317
-61.462319	42.975372	-59.810903	-29.897866	-58.689797	-3.633612
64.001306	-45.480539	54.962049	-12.429076	87.406580	-15.407128
18.882554	66.277288	-32.364460	-0.364319	23.070004	-31.775985
-22.311181	-83.663124	-19.307787	-25.697602	-22.646388	-79.362184
-53.583181	6.799824	87.043259	82.905996	-45.610044	17.910645
-40.456790	-10.980361	-27.996494	-45.134407	12.005482	-29.793731
76.652707	6.701496	14.499454	-84.297034	-63.527324	-64.401815
-17.909271	-17.891233	-50.817139	8.697532	40.812483	-5.851155
52.734839	-53.291339	-22.400212	-86.511530	-5.810368	-66.177285
-41.192506	-67.373729	-10.899157	33.745915	87.357211	39.192527
-36.033281	94.695345	-6.249725	52.216118	-6.711796	57.560461
-22.895820	10.185925	-21.352354	42.411611	-72.276102	95.690492
4.984945	62.669454	26.252725	-68.655552	89.694717	-95.980385
-49.159489	-76.151494	73.598848	87.112846	-42.483555	21.241461
-40.087945	61.195296	72.257074	21.066401	98.026278	41.399377
1.106115	-93.353418	35.230022	-37.238341	-23.068368	61.577342
64.342762	0.566127	93.447235	-46.302183	-76.888867	-28.691520
-18.774092	69.911175	-93.851013	100.127030	-77.834525	33.338408
-77.744006	-17.090708	-97.228058	-71.902998	-33.073401	14.078605
57.693859	-14.675545	-47.039916	-5.997159	90.831545	-35.873621
62.874770	83.190338	19.372744	96.490681	-1.858124	-21.510525
-70.665716	29.622437	-11.456490	70.842610	-53.802867	14.724005
-77.749383	33.345354	35.394536	-60.318899	0.422666	69.863865
10.689575	-57.205980	-78.878059	-95.142174	47.099466	-70.131000
24.723292	71.354088	-48.325423	49.283226	-68.262673	-99.380760
-53.626910	18.745625	59.706844	84.047682	-7.694110	-0.342528
89.924882	-91.005040	68.430667	-55.860347	-65.715834	57.307320
-23.287160	13.984579	-17.559090	-76.735420	96.270915	-34.930912
69.442168	90.155307	-1.620029	-11.416160	12.294430	-74.728019
-42.871891	77.842717	-60.485618	-43.562534	-55.849598	-11.322884
-28.245292	1.957360	16.009031	-92.418408	35.650849	38.010435
-27.232529	-47.593912	38.870415	55.646390	-38.303770	81.118302
96.779385	-44.881720	-67.235313	-8.596745	8.431629	67.161380
-43.275472	73.987137	31.981143	-31.086137	9.016516	-59.558368
12.400882	-95.432064	89.945462	2.849148	-77.444020	-98.741577
-52.383728	-53.495862	-62.828193	-5.284670	33.507360	33.916282
89.427622	74.947487	-48.572598	37.128206	98.074808	46.199974
1.117355	40.861836	-70.776957	26.763694	89.726773	-63.670632
63.493732	16.226832	-64.038368	-55.147666	-9.220978	36.190993
-34.926247	88.472307	-93.210873	48.678991	83.514713	-38.031593
-19.432856	44.672729	100.506052	-69.524408	-63.081936	69.913893
69.351189	-92.596379	72.758909	74.246503	70.023847	-52.130230
-16.661232	31.833531	-49.854955	-28.820758	-97.336626	13.710762
-0.403896	32.355341	27.456420	-51.419463	11.767315	22.676792
63.115084	-95.680638	61.099580	-20.054331	-42.370546	85.337854
-47.661329	-90.545651	35.037445	34.916217	-66.141688	-83.188297
31.544194	-33.053486	53.128160	-41.933554	4.611730	42.549497
-81.199667	-16.251475	28.463046	-75.574235	-30.798380	28.706370
7.847727	92.639342	35.091934	7.807634	55.021988	20.474341
-46.689864	49.690258	66.971171	-8.325220	-15.982692	94.826025
-43.662484	-98.865902	-52.109753	-95.190240	-47.788953	99.957595
71.808945	-70.761479	-79.236457	9.231103	72.421557	-71.656941
-74.869880	10.978395	-16.482050	14.092225	-12.673824	-20.158550
78.082962	-15.574421	38.975476	74.094688	2.435682	15.056634
-6.236214	-43.231292	-94.011083	-79.686959	-98.507925	-51.033353
57.164989	-64.297648	-24.144249	-88.291569	41.434231	32.411197
-97.075278	-23.238933	43.151219	-64.080970	50.621281	-42.924884
-40.507344	-43.705525	14.997889	51.397813	91.765340	-6.017437
-66.729128	88.748281	68.361933	-83.532770	90.691617	-83.045325
7.359294	44.970799	1.327226	58.647415	86.135099	-52.607548
-63.060795	55.491067	72.267696	-68.913139	-92.795344	-25.141694
70.313646	71.395337	44.347065	-5.750252	34.027656	-33.446884
74.235945	-10.588447	-87.358340	4.178881	70.291733	-17.010557
-44.837818	97.639376	-27.819144	-26.468419	27.905807	-77.830162
-27.316769	52.646202	-91.714144	-0.835747	37.173224	48.991473
10.779646	86.936506	-23.457065	-40.363605	48.758588	85.146085
82.853052	72.127768	-56.508218	69.518323	8.684629	34.915074
-18.104548	-68.214911	-95.411346	-74.128192	28.200056	-80.127956
-22.745950	6.017098	-62.303395	-15.644017	17.409455	-51.150267
36.292467	-32.595864	-92.623561	-59.920024	-9.409287	38.582917
39.688283	12.960251	-51.547152	12.158826	58.370941	-62.008365
-82.022452	-18.064870	91.750271	75.764583	-96.636722	20.149526
-8.789364	-8.974424	27.262453	78.907396	20.041925	6.494046
59.168733	-58.385307	18.861693	14.475596	-61.967196	-0.336864
40.968230	49.976211	84.332768	8.397316	77.189882	78.836931
26.200992	-25.110677	30.861387	-43.602838	-62.725164	-4.028312
69.050585	48.722000	11.621188	-60.334682	-5.734451	41.193196
83.964372	25.043971	-37.086426	21.431898	4.313039	-7.729401
-21.882504	94.357828	68.366354	40.069413	-27.528480	66.785219
30.630819	-52.651046	11.148878	42.874265	-95.806722	-29.989643
73.112612	-57.459412	-37.159338	-6.637175	77.718764	-38.372213
91.412452	-42.535100	-44.097331	94.572225	-59.605955	43.552145
37.780163	-4.735358	23.460154	98.603929	27.950907	-84.124474
68.685883	99.783613	99.877952	46.098757	-19.604101	-27.666704
5.674078	-94.962174	-70.191511	-32.776878	-85.163497	58.235293
-87.219183	-43.097153	-48.711083	-73.587010	15.710103	-82.609867
-85.891752	-18.504645	68.459021	0.155968	89.066335	-11.091804
-19.067382	-88.449679	-41.477041	9.702969	-91.159257	47.847931
64.914771	-1.225097	-63.210470	61.296511	74.883207	-42.855756
-52.844848	68.448184	-44.924254	99.087522	-0.221236	-13.803246
-28.670264	-80.903292	27.283107	53.168079	13.924335	36.318217
65.162637	-25.361981	-74.209128	-52.839099	35.597610	79.963867
-70.372982	-4.098630	-75.066866	-74.427098	-97.134911	-10.327476
-98.047558	-2.407948	-74.209708	-70.061658	77.954740	-76.992426
-59.397935	72.304995	21.741294	29.730748	6.142467	18.359420
19.090142	68.693919	88.223623	-9.645046	79.283116	83.710045
-9.858018	13.986574	49.548032	25.130791	-26.473776	99.087461
-93.732648	-67.988951	17.231647	-9.258873	40.755231	12.164761
-95.503003	41.082634	66.803589	-76.483499	-80.867108	17.364728
-16.412017	67.072490	-84.811690	-76.643191	-98.126039	-13.678563
23.468064	86.891928	15.170078	31.650072	47.308805	-21.750566
92.753298	37.465786	-31.775888	-87.258710	78.153611	92.808826
-35.228740	-20.247645	23.357547	46.462949	-51.962092	6.634708
100.488296	1.476629	20.683459	95.886510	-10.034032	39.913116
79.182300	-38.446515	75.294832	-74.279231	1.499147	-20.073554
55.218246	42.349180	73.102221	24.447014	41.862862	63.624666
72.210765	69.790862	33.745343	-19.992338	-3.084153	2.409745
-20.233577	-99.782805	96.576049	71.333054	66.810608	52.534183
-64.402170	28.623560	-22.815267	-41.558597	-81.565027	-65.787171
-46.556225	67.203469	49.805785	14.467639	43.772694	94.256352
-16.053277	42.325985	-28.818831	-60.819656	60.472283	-85.961432
-53.055067	38.395233	17.632353	8.409463	-42.996259	-23.542222
-67.338860	29.600608	-80.203890	72.466375	96.422683	28.128721
-71.226883	-75.670965	-78.628140	36.550691	10.774085	74.695170
-89.853974	-71.687479	72.950527	-90.600798	90.379456	55.125249
-45.625971	-79.682515	-81.819969	-65.687725	8.975045	52.793710
20.548862	43.894775	45.359796	-77.482279	-51.947202	-2.149715
-84.180400	66.924334	37.607851	11.600110	-32.161447	53.098552
49.979995	13.538372	-4.180118	-26.244135	50.896717	90.461701
62.264182	58.487103	-36.815950	13.308598	-14.821284	71.392467
13.955674	-81.995262	-12.059738	15.345027	-0.403080	32.759792
-61.090641	92.219990	94.797223	-95.563905	-48.108377	-22.914734
-4.008061	-79.558797	-78.083587	5.288663	-39.713454	96.820211
-89.590181	-78.738248	74.896602	64.717062	83.126254	25.149170
-30.143124	71.470364	14.814747	58.788226	83.142233	-80.899492
-64.645686	-27.547127	80.303741	3.256235	-62.352321	-63.743325
93.076978	-43.119236	-89.078614	59.269669	78.099616	-64.256503
-29.494232	-97.809489	91.963459	34.155898	-98.328988	80.406056
99.587103	-7.161826	-54.570998	23.094489	22.521012	-14.473711
-68.956585	-84.993054	-11.301733	9.283374	70.612406	-59.329077
36.432424	-3.902414	2.929353	2.555621	-21.942939	41.217528
97.495156	84.830663	37.451499	-23.927964	-18.528377	59.458789
47.633756	32.330869	-78.730683	-52.297019	85.502004	-20.996534
-27.368434	-44.123677	-51.115377	51.244743	49.960138	-24.344513
-2.800864	-57.660926	90.762689	1.425527	56.041467	73.945533
60.442986	93.976320	47.931330	-9.168188	41.457648	-52.250050
93.012523	8.035155	71.556657	-25.544534	-88.046406	-0.116184
-28.585364	25.757564	-46.462976	-23.875631	80.206708	-85.120760
45.302505	-4.234999	98.125060	85.106348	-14.736057	-0.182784
83.121721	26.042480	-74.600054	-75.686534	-80.407830	-99.914463
-29.588915	42.265660	81.953152	-51.536632	-56.803004	23.547593
-28.312256	33.219929	59.393776	39.737433	-29.993821	-25.035456
-4.396575	10.459574	-57.545357	45.175529	38.482548	34.744429
61.347482	-45.463188	33.008731	80.936741	3.882789	-30.360062
71.994776	-46.243194	-51.071305	-69.707277	-5.249522	-24.506312
-69.633426	-82.697682	21.418825	19.213131	29.444084	-73.070436
48.136833	90.842386	63.586518	26.454265	-13.383698	-91.839793
23.761077	78.436170	0.268221	70.850507	24.440956	-76.600877
-63.235307	3.112935	64.493408	30.174563	-56.128367	3.541493
-12.809559	59.437426	-36.712761	-86.430922	-63.226850	46.659819
-72.385699	64.215213	78.997075	-50.566628	75.115841	11.766062
-98.549698	-26.592558	-90.567863	-8.591431	-95.148085	-45.447281
60.915428	34.615440	76.993399	1.189837	-54.050550	34.300668
-19.034588	-18.921671	37.558807	-1.122213	47.446168	31.516269
34.181154	22.090100	75.306355	87.207290	-74.050750	90.861120
51.628016	-98.386901	62.830162	-93.365379	55.657167	-99.938795
-15.803088	-28.259617	49.400532	-73.367811	26.873650	39.915552
-13.493251	-22.179300	-12.402048	82.064855	-47.439793	60.078443
31.839898	-41.595559	-6.608986	-28.484138	-66.060952	96.901640
-97.392003	-16.840355	37.658459	-33.685505	-26.382147	31.093477
-8.398183	-26.897549	45.992000	75.615773	-47.385920	-86.590070
-0.937101	0.943687	-33.264038	66.318367	100.564351	-74.714108
-33.129279	69.318542	-78.029323	-72.114587	-39.674584	46.774052
32.731051	36.182331	-60.423435	-89.577344	31.798603	23.000994
-95.633412	61.900461	87.681060	11.744076	53.935593	-95.295672
79.094553	-50.593966	-89.910741	30.405499	-84.950454	78.706088
59.728785	-31.576229	-15.575097	-57.209071	-18.615523	12.767262
80.052995	-48.923979	-84.611970	-10.781577	-11.266999	-38.904844
9.217421	68.966275	27.258947	-86.109989	-37.088686	48.352035
2.427366	-19.979739	93.377492	4.437779	91.148060	59.190214
40.761977	-87.635921	-68.828801	18.049344	-48.135611	46.374950
-17.742698	80.441018	69.689091	-38.965508	-1.685865	5.779176
44.293275	79.589767	-58.132696	-2.392554	75.802073	-93.255135
55.335577	69.245894	7.814465	40.497459	-78.523748	-50.322753
-48.169429	25.090965	-17.140168	32.327153	63.765617	-27.045567
39.447735	-46.540489	42.577072	-85.567024	72.954626	32.925346
23.887270	12.087450	50.836591	-24.263946	-45.671528	-33.533425
81.315446	-49.541714	100.368306	-77.938258	51.936099	11.658616
15.511097	96.437652	-63.818236	67.215356	97.005379	91.663245
-12.035654	-55.393116	63.309882	-16.305725	85.214338	77.634691
-83.118013	5.817964	-35.363911	-43.254250	-84.507559	35.540937
18.200502	-66.235942	-17.615673	93.969550	16.250032	69.267212
21.524172	-79.177926	31.146306	-95.430456	-90.694671	-6.092734
31.822245	-49.390387	20.585112	31.349335	21.031038	61.189898
-31.044544	-85.212986	68.463398	-93.338112	46.973134	-58.424751
87.093823	53.793954	-38.066592	43.787407	99.804926	59.533456
-23.816305	18.451580	43.588523	-17.812436	-42.755284	10.425118
-51.003398	-85.664271	-15.210845	32.334003	0.199192	72.637561
100.603353	36.450677	70.642100	19.941112	-40.546484	-49.958353
-16.529226	24.427274	64.162526	57.924191	-51.894659	-20.109752
-17.481573	-13.891709	-64.885927	-89.050471	84.886378	-98.465484
59.752776	-65.992388	-68.088997	26.011450	-60.526812	64.348496
-64.917866	63.230368	-4.059292	71.298170	74.925118	-7.468145
65.224111	94.140301	-11.331074	-75.446969	2.077170	94.168892
46.219202	84.335398	-30.074231	69.581861	51.848421	73.378343
83.950952	-83.812040	-94.543648	29.733174	-85.326079	53.691262
55.132934	-54.306271	-38.132131	94.944691	40.943084	27.895532
-55.627016	-7.410998	-1.943512	-40.716322	7.535756	56.275615
-47.222404	-10.935780	-95.223115	9.760111	39.057369	-44.995257
78.678032	32.704127	99.245601	56.855359	-5.981320	71.725818
78.208859	76.664056	65.991492	-5.262930	18.789035	-6.853490
-60.171325	68.305945	-22.640145	-87.021096	92.467701	-41.650093
-1.499352	2.624482	-71.518375	-10.146674	10.187455	80.886949
44.066736	-6.429257	-73.637651	-43.916598	-16.917311	0.536566
-16.145097	-12.504298	65.641967	-29.938872	-7.691830	75.547578
52.583796	55.360170	-50.184587	-48.860168	12.836020	-45.087841
60.571571	40.144572	-64.613491	50.058386	78.850527	75.619967
-43.732522	-83.663653	-40.741121	-86.576507	-19.802042	85.080504
-87.284459	-65.779463	59.644791	-41.715270	17.873739	37.779110
85.473216	-0.941446	86.923735	-27.852254	90.740737	-12.318980
12.543053	78.704728	0.221828	-75.707202	-32.398245	75.545489
62.415394	-69.416955	-37.561284	32.321600	-25.732052	51.021394
85.016335	-99.730322	66.131869	50.209486	99.503726	-29.525017
-47.893187	-78.505986	59.443085	-96.916281	72.250987	95.182996
-5.420434	-48.362628	0.025577	52.563760	-94.901771	-66.816777
84.720647	-76.861673	-80.294419	-52.636159	-74.302221	85.352158
-41.865876	84.819891	-1.626362	-61.012389	16.741580	39.606056
88.086682	59.228641	49.845221	-71.596721	-20.434572	-33.040174
3.835262	63.371535	-55.173283	-86.814404	66.942687	83.045041
67.328984	-15.998506	-2.990097	1.004641	-1.484095	-53.358595
-73.357744	19.376163	28.158341	-65.115491	-52.722737	-59.664213
84.397309	50.660840	-29.021598	27.763645	98.931336	-31.587546
-91.258900	-13.474040	3.538133	35.291915	48.229388	20.890753
-68.506463	-97.419097	98.862174	53.344288	60.103846	39.840365
20.436919	-59.045489	55.341822	99.563978	-57.764758	-14.892804
84.497048	-15.480176	1.329804	51.317218	-72.934907	78.791419
90.437845	-18.267000	-4.901163	-70.278271	-79.904724	38.787491
74.656617	100.974683	-81.638564	85.599765	-93.902678	-6.564740
-5.990600	83.486710	39.246595	-38.809210	-82.735458	-23.403209
45.131252	13.476176	88.561738	8.325676	-31.192978	-52.056703
71.294358	-42.617262	2.177519	-4.734027	-24.863215	-25.050312
-34.712983	15.633570	63.401668	-55.726906	36.966212	-57.860118
71.391465	-16.245779	34.772312	86.778498	2.619705	59.861531
9.697353	-36.060828	-99.780868	-91.330950	26.762438	-17.895637
-56.301128	46.303538	-67.213856	-99.568602	-11.160415	37.350985
95.434648	-26.638418	-36.771048	33.944746	31.291223	2.821803
-90.411642	-36.900290	-29.885310	-99.361636	51.706936	17.742696
98.241050	57.589474	-22.690545	70.596865	13.262010	19.139280
-26.889963	71.683598	13.579491	66.771762	-39.234137	84.633157
67.528497	98.940644	54.288865	-12.802390	33.081354	-55.836871
62.715589	56.165786	-96.424927	-76.514331	-46.278565	-47.771726
96.004108	66.932727	22.915526	-73.515539	56.388960	50.498773
44.916392	-88.032868	-50.354850	12.486255	-23.205031	-34.015107
4.026849	-97.822420	78.331225	83.472438	-89.352304	93.544267
91.672580	27.650640	-59.642573	-81.504970	-54.027320	100.711482
25.758797	71.813692	-71.674372	-6.721797	-30.638383	9.578163
12.894679	16.670105	-57.054060	87.703307	3.741067	-85.768074
70.753887	35.785182	-30.251896	41.338862	-80.627198	-78.506319
24.986114	44.659013	-84.004027	33.354730	-88.144012	-2.454552
-27.175459	41.412297	46.037044	-12.786345	5.631872	-57.323815
48.355557	57.743806	-7.362232	-70.535602	-27.781887	-58.705613
15.158643	-29.502177	-55.566432	-44.660463	4.249134	89.716548
85.048739	-40.321667	0.288187	41.615204	37.891083	18.546881
-42.328745	-51.405622	-55.385831	21.934308	-82.577903	-58.048215
24.998457	-34.306431	-14.693275	-24.628912	100.408202	-84.634746
-64.095623	-59.852873	-97.312561	-79.408373	8.561466	16.782952
96.427546	-39.320253	-55.008349	-16.132649	71.836274	96.703270
-49.876081	-47.517184	-79.092545	-20.021932	23.589767	-44.948608
70.561312	98.768271	36.907012	28.442884	-58.343961	53.012956
48.541837	91.474777	46.482226	93.320924	83.762362	11.613306
-60.267821	-3.095857	-3.119072	23.032099	-83.297238	33.217839
-23.447605	-73.672970	14.213891	95.140726	73.422554	58.341368
87.130301	7.308918	12.464840	-62.750883	10.988637	58.229002
58.500088	-75.989957	69.858590	69.383819	-56.606307	32.695948
62.331336	-56.848943	36.838662	-64.019252	-1.044125	-8.834998
51.102953	75.234659	58.162111	32.954823	-33.207712	20.907437
-99.714840	-52.002841	-57.896300	-38.295681	24.985773	-5.790212
-99.636397	-45.118236	88.991928	-3.062490	94.379284	-90.360655
-89.938941	93.496920	88.776153	78.644647	66.200224	-55.471168
34.825922	10.642139	56.001472	-78.286178	-70.216287	91.318390
-88.291727	35.125630	-98.599369	-3.617993	-92.627183	87.116988
78.969459	55.802144	47.328230	38.461943	73.991540	-70.996787
-81.377162	83.067294	-72.898704	82.916874	-13.525290	42.709277
-76.406872	-49.337867	41.759265	-84.634414	12.245514	-23.415216
-89.759965	5.493618	-17.361034	-50.590327	15.360212	-4.685757
75.704628	-48.377550	95.063615	67.546191	27.066797	76.182180
33.823414	44.310059	-55.776247	-99.585987	67.967151	19.419213
91.758738	-3.234709	-93.435863	-24.312905	19.039128	-7.380083
-68.828572	-67.418502	66.131543	72.415875	-1.165768	-34.225123
66.187384	-54.148344	13.950515	88.364746	-64.480260	-22.292203
68.262325	-97.875033	59.316766	-22.886150	-58.303743	47.977499
92.632024	5.493424	79.112775	49.346170	-71.790806	70.699692
100.293754	66.403105	16.778269	7.588179	91.888887	-30.751179
59.405721	95.072873	-74.096603	-44.696508	44.790086	4.744991
96.487058	-18.957151	-56.242264	-35.383231	74.680032	72.443354
70.585287	-37.345446	0.877877	-58.904465	72.061374	25.549860
-78.036763	-77.983200	89.855032	73.845833	-71.071355	-93.894150
67.026354	14.970122	67.525106	-36.071328	71.276062	36.351758
-85.862186	-19.988121	53.390423	-25.890556	67.723630	94.376198
62.209382	82.551450	43.421696	-8.433457	8.047119	56.469386
-31.201832	28.687928	-14.379398	-98.886810	56.928673	-81.209893
88.103873	15.529838	-77.954898	18.361668	75.487822	17.655220
-18.863808	65.511333	53.470216	-73.193621	-56.369081	-25.776548
-64.900849	-77.294038	32.747605	-83.365321	94.153308	94.935650
16.326128	14.944488	-18.509760	58.879881	54.833849	42.629859
23.193178	-94.418395	88.718592	59.611062	46.956375	28.582084
-93.687470	69.512185	-82.007685	0.970219	54.919114	-29.082964
93.407236	-81.199464	-55.729485	55.888907	77.245651	-77.903855
-76.009593	-46.641297	78.564009	96.889071	-73.472197	-78.996847
17.877448	-31.951889	-19.179315	9.183616	11.892939	93.004089
74.586836	91.433192	-97.007872	6.676356	35.350649	-87.670536
77.429059	41.558424	9.167172	-81.757636	13.502866	-76.291680
100.524684	58.842888	12.212879	43.449439	-62.277887	52.228784
90.176067	-44.925488	-19.856811	-72.163838	85.024986	7.754426
-90.579898	-73.621066	-9.439880	73.975487	63.831259	93.405519
-72.435464	-58.026028	53.642836	23.026470	97.335521	-22.303083
-54.944556	-71.596202	-88.372618	31.721452	-97.427511	-28.040769
-33.754034	-30.807620	66.847927	-62.225150	-73.230784	-44.876920
31.094533	-2.716152	61.663765	-31.300952	50.917591	5.494789
-82.303314	33.624270	17.194220	69.557931	81.650360	76.869952
52.672446	71.771530	-37.668528	-20.426776	-8.205099	-58.604115
35.004576	3.868614	9.538761	88.642559	-68.803347	22.744789
-35.617717	68.088601	-51.904287	39.432987	31.741538	47.286080
-81.710398	-4.134462	71.929770	-29.284926	-81.084437	29.104343
14.717625	25.422440	-13.062551	-35.435454	-26.266938	20.457345
51.116828	-26.386825	0.690205	31.931060	71.113455	41.775702
77.583121	43.997737	-83.190356	-68.514473	-73.851815	-14.769281
28.041205	-0.329849	88.112692	46.025609	38.003390	66.592826
-24.646106	64.671079	7.421400	-98.084547	-0.161354	37.211193
-43.791318	-30.947842	-87.453311	62.946680	28.039353	-49.381656
99.560492	97.696990	96.841308	100.567647	89.369888	-48.975341
-71.766158	92.802993	94.754458	67.249989	62.856813	0.074305
-30.971474	30.283585	44.021766	-90.140184	6.444500	-40.629824
-29.249743	42.102993	-39.575022	-64.887960	0.293848	-6.319551
-92.722722	70.937934	93.526643	35.904182	87.417002	-64.294526
-39.681888	-60.021936	-4.147730	-32.029090	-86.524078	-20.560263
41.456543	-52.834390	45.527569	37.248111	98.836985	41.608494
35.327527	-29.277001	41.758087	10.025071	-62.373748	-60.604089
-61.073960	-86.128986	75.106100	-62.863342	-39.867626	-28.130529
43.629172	34.030875	-13.989519	-82.669319	-46.563590	-44.068523
-85.623828	33.061470	-19.317543	-35.836245	-85.495484	-45.334170
94.851113	-5.887242	77.123526	70.253162	-92.006987	58.281006
-13.510691	-46.017887	56.031720	-35.758951	-1.363613	-16.036338
-91.530831	28.803612	-50.105145	-5.844478	47.535609	77.866463
35.040815	-84.584626	-16.590646	-40.217132	-67.508681	-21.664637
66.431798	-56.197905	1.000398	-43.221346	-32.759766	86.387462
-56.119816	-31.716507	46.431773	53.781630	39.940507	33.234701
-37.584314	40.471404	-16.597901	14.819212	29.268573	-3.104622
-2.373530	-31.668336	-21.481284	13.319024	-29.767303	76.844085
35.385991	66.763176	97.104186	49.002707	92.465416	64.517199
20.838855	100.766172	28.763993	-6.406931	82.364670	-5.181229
-52.168530	-55.512230	-29.791917	83.109487	-15.589350	-13.752845
74.071351	25.879871	10.448469	9.616742	-28.641813	9.570469
-79.266792	-74.216165	-71.637799	-9.478207	9.081874	26.868926
0.817462	34.493495	-2.751352	-70.667880	-6.887532	100.787105
-11.946594	-68.968748	61.037116	27.029027	-99.744555	86.986401
71.416208	100.179329	-70.009755	-58.648952	12.654506	-8.024126
-40.073652	52.881773	30.030306	-47.715904	8.955658	45.817130
23.877421	47.263261	-9.688222	11.225120	44.823172	-35.803581
31.172757	31.613045	-93.353447	65.246402	20.474434	-0.924375
42.651791	10.020098	25.437176	-59.131399	82.304179	55.781270
26.172916	24.473333	-63.161343	-84.106862	26.939182	94.895339
39.328663	-96.287521	42.114963	-11.301324	-81.431960	23.954015
97.425386	-0.372781	18.679369	84.107921	-83.293720	-61.905119
88.613146	-46.244565	-75.514774	17.129999	31.219777	95.083008
15.146081	-30.399541	-20.130326	40.940951	43.938421	-39.335795
-69.953109	-89.618471	-45.511630	90.481129	67.927616	-15.129505
50.747653	-4.628210	40.064843	24.282750	0.254662	-93.206611
-75.430588	-70.066777	-45.595780	-91.971577	32.686956	57.105248
-8.505236	50.712630	68.892210	82.846787	96.007372	-83.097593
-10.543504	40.141053	-7.270697	54.571715	-87.705702	-34.259117
1.899042	-22.660529	-11.574341	-60.600251	70.489407	37.737939
-58.737070	-87.329118	21.746299	43.053658	43.425922	85.243348
88.152662	69.861546	-37.482724	21.905708	41.721969	3.114970
70.154326	-69.289942	-41.717611	-16.187633	92.290809	60.315114
73.190553	-63.839517	-75.737934	-62.761165	-72.206912	-7.516069
-16.880956	-78.245360	81.647177	-44.300315	-42.228855	-8.327747
76.051109	60.001066	70.063325	-82.325521	-97.197525	-99.719557
69.121570	87.381193	-46.068197	-96.467780	-76.097818	-82.936843
-14.349923	-78.281209	18.603391	-84.389346	49.092265	-71.080644
57.005588	82.149674	7.309318	77.805324	27.312247	-28.430962
43.946998	98.848963	-22.104394	-1.207175	16.587820	-76.351162
55.059569	-60.001647	-40.748232	94.276728	-31.608642	58.737894
-56.228592	-19.001343	-94.070879	44.761970	2.587196	38.752742
-81.531004	-77.547621	-52.211961	-50.614686	-5.898142	82.356750
94.853042	-12.011831	53.364464	72.657624	-9.509783	-33.231144
46.963859	7.044443	-79.121275	-26.537026	-18.053596	-91.136112
-94.162601	-59.964616	97.430893	80.560489	79.375915	31.591688
-13.749719	-69.565689	65.492450	84.316640	68.292856	62.298831
55.135077	-75.427839	27.114288	70.294282	-85.787304	-91.436580
-12.757832	-47.882173	53.305258	21.811432	-48.263104	0.803904
62.889490	78.442172	87.969386	19.707636	12.958067	56.385777
-33.396943	55.281007	23.692901	64.987369	-32.755335	-53.009519
-62.068780	69.326882	0.513955	69.477355	32.821592	34.924695
12.921400	-83.068464	70.227209	18.937166	-18.686443	-0.572222
-14.292383	-61.639339	-61.938775	65.773705	82.594503	48.610624
42.217368	36.505398	95.080309	87.296445	21.403641	-19.976868
6.721226	-36.274505	43.534558	71.956483	91.648965	78.905794
-11.255612	-12.139349	54.907483	6.301668	-23.372077	-82.542128
36.194580	83.679957	67.967985	43.320157	-41.341322	34.524491
-88.514530	19.210994	83.870450	-2.521440	-92.009082	-41.055134
-67.343275	13.192770	15.218823	88.814541	-58.892570	66.418390
-14.422378	-51.120644	69.205673	-78.302138	92.527694	63.616463
0.889880	16.392271	48.358744	80.242103	-30.455446	98.370990
-38.830598	-38.038798	67.786523	-80.348890	-83.284266	53.192042
60.699974	-65.397458	-24.757383	13.531179	30.058141	-15.586069
79.475971	-54.209295	71.550190	-21.001719	-42.085961	-0.233031
-30.571933	12.773943	-52.528433	-57.431472	97.429660	74.283879
4.980300	-66.517143	54.483227	-3.617710	-40.504020	-81.286758
53.159325	-66.403542	71.095530	-86.985647	10.507144	19.376637
55.060994	36.444334	23.439519	-10.480788	1.426130	73.248776
57.829658	-91.275908	14.196804	35.700489	-4.509593	12.664675
-19.116813	-60.028135	-51.361455	-15.923977	29.467032	85.434449
96.834368	64.108569	12.528451	51.528305	-60.233409	91.124811
-62.924201	62.500772	85.036086	-49.061264	-66.274838	-94.670451
100.409964	89.772342	6.574800	82.369496	-46.584993	-26.783378
-49.247203	-14.282947	-14.592712	-53.863713	-80.243021	-86.353496
-33.048800	5.500371	29.075733	-61.712865	-57.155017	-89.768887
-45.254141	-71.383930	79.488828	-87.166575	11.684859	5.348991
-31.979893	-22.900162	51.784497	73.470414	73.053593	79.668542
42.442538	-36.367899	-10.530599	-63.835019	-7.333422	88.298289
94.592549	78.290192	-56.909006	-67.334277	19.142896	-93.303593
-31.567387	37.205014	-38.027955	21.366399	99.314359	-53.402700
-72.496266	88.742608	30.624475	38.277229	-3.874941	-43.176797
-95.258043	34.844170	47.471434	-43.735246	-48.249469	16.039988
-67.037947	-40.579898	80.333968	-92.281563	25.981114	-57.552728
-53.373887	-75.139780	-17.352327	21.034780	24.311628	86.418210
-97.437069	-50.741905	-60.582822	-4.089025	96.312080	-4.221106
37.026068	-7.651876	-85.374438	27.539625	-1.401428	-53.623422
19.350065	-94.860418	92.796390	28.424145	90.476571	97.297532
-31.191095	-91.092257	25.041193	-29.858358	-14.065232	-6.761550
76.072827	-34.095076	-70.966184	5.600662	75.499800	-92.806672
12.100878	-33.836082	72.581795	80.015302	56.650007	43.936123
-77.983825	-49.735665	-80.084825	11.562554	-37.327200	82.482967
-58.377072	-94.836916	18.743239	3.674423	-49.346132	51.822373
-82.297312	-17.088364	-41.212825	69.137286	-30.045520	31.871942
80.535166	88.937499	-47.327487	-2.832669	-42.820515	24.575610
14.096760	-48.740685	-97.973547	-70.123086	-53.799460	-43.755047
62.651232	-68.077725	-94.470938	18.848261	75.957790	-92.727699
-97.953843	-88.281842	-34.096266	0.691279	-85.414096	22.934496
-52.253317	-16.181885	71.124289	-24.902580	51.821962	-55.434860
-72.310729	61.311844	51.046584	76.569157	-55.790029	83.316267
9.602520	21.693729	-25.335304	-45.206224	-67.393247	1.411695
-54.136560	73.854664	97.373051	-79.138273	-4.312611	88.256922
84.115181	-41.602010	-18.290932	47.421713	-86.375302	-22.116858
52.993213	10.561017	-12.837981	-69.356635	-62.573138	96.092395
-45.122909	19.432088	52.341899	100.873045	-44.572479	-65.651255
-20.178437	-75.383848	56.039044	26.225495	88.556687	-8.565129
51.759974	-45.385793	64.924393	91.990363	-79.491154	72.601006
-20.563077	78.590240	34.425804	65.907336	70.295082	-20.079602
65.170058	-71.683488	-25.668425	74.514100	-53.578473	14.177514
-76.782282	-11.684494	-92.524091	-13.044996	-54.351598	-80.099663
61.970039	-75.890982	-15.807263	92.251921	-78.334346	-58.272491
-81.225635	57.583129	-19.539710	86.373736	9.652780	-2.206791
29.929537	32.477780	97.521401	61.075383	13.624589	-38.557935
0.509058	-40.754352	-82.334910	87.754374	65.174031	99.119983
75.670540	-74.990688	-62.226356	64.380982	67.107215	60.479798
84.017020	-57.606806	24.806568	-2.714600	-68.244073	-78.202964
-10.809414	-8.421325	30.289144	10.502761	60.349755	17.869063
-94.446238	82.151979	18.600960	1.582031	75.335881	53.511960
7.630972	25.254850	-64.803111	8.353249	13.400869	-5.285336
92.296492	60.342011	-89.590933	87.489811	-43.161784	51.182618
29.947072	-13.465858	-89.262062	-61.050942	76.250918	56.746986
83.886488	-92.874649	58.636995	80.837935	-33.662342	-83.478798
-32.006344	20.269176	62.000731	15.323139	59.315283	-49.889756
25.498686	63.211421	73.127706	32.017929	-88.402215	-90.669714
-27.513855	47.757175	-46.601403	-14.374237	98.645638	4.352363
-51.738786	-64.900177	12.583614	-13.304989	-63.115342	79.163236
-41.312886	-57.790427	90.701321	16.466657	10.730455	86.286062
-62.909722	76.647136	-98.277720	-8.938910	49.881617	-22.552555
-90.497355	56.337984	37.747123	24.041278	46.707389	-3.106799
6.362044	-26.691706	-10.214458	-77.279833	22.009039	1.026020
50.189659	-26.291787	-71.684305	90.728715	-78.838884	-61.469771
53.016592	45.995577	76.297361	74.832205	58.627032	-44.727959
-51.532257	-17.716039	-12.971778	36.406336	49.767773	77.221091
-58.998979	-4.311705	44.055906	-72.134945	-34.978035	53.223411
93.785375	-86.868334	-35.028190	56.255707	-58.034932	48.486631
-33.687165	-99.343682	1.685260	73.239258	-25.357362	-66.516129
-63.498733	74.889011	-76.419898	94.293521	-71.625856	0.780821
-0.128183	38.558009	69.560482	-83.330091	-84.300338	57.447111
-71.341007	11.844843	84.998045	89.687747	-77.757414	-94.391946
59.259838	73.148249	-32.286996	39.085812	5.245640	31.897427
-45.641199	61.243811	62.845135	-45.107214	12.573375	42.046709
62.545904	-26.711336	-38.227134	11.423185	-10.301491	-29.235878
-54.151255	78.785873	76.808699	23.443634	-43.492130	-45.877653
-77.055892	65.792385	-16.306090	-70.946000	-23.372466	-94.059494
-59.684440	98.172950	89.248778	52.671344	-68.146735	21.308531
-96.470273	94.032315	81.870937	-90.835712	96.171624	63.653139
-0.216898	-8.370652	67.135144	20.234743	-53.052027	-29.177785
-25.422987	-91.154252	15.781169	-43.772715	38.202149	-45.808521
-70.982445	16.953180	97.319931	-53.458079	-19.287073	11.469691
56.246321	77.179085	-55.754597	8.256267	-42.163296	91.038241
40.767688	7.700884	17.270577	55.721135	72.659833	21.531267
6.823877	78.209860	-72.927417	1.204916	-2.761647	-98.542112
-13.189828	27.452198	35.891867	-36.537936	-11.009629	91.071448
-51.743662	-78.775452	-1.909604	66.196321	-74.423167	32.234174
-82.977744	22.387089	86.692092	17.913159	24.665715	-59.201891
-70.746150	-39.541669	-42.477001	-7.851114	-8.584164	-70.175806
43.427090	43.343281	96.305956	-19.249189	22.237349	-54.239789
62.050595	39.521746	79.905476	-89.690147	24.140643	-3.532869
-39.776008	45.187775	-24.946198	69.026242	41.074356	13.703675
1.113416	-15.264463	-42.046640	2.444418	-8.420820	12.611079
-45.883435	81.183935	-60.249759	25.504138	47.922814	77.858401
85.935722	58.808673	-9.390445	14.060353	-23.196055	27.420351
49.014252	58.865612	-67.453252	-65.041402	80.840006	36.718756
-36.342430	17.996593	100.620687	12.599084	-35.864713	51.600751
3.234378	85.043703	-68.114958	57.306922	21.421196	-63.251776
22.517185	86.176413	9.231731	-63.314865	-66.439565	-59.626077
-24.596753	100.935645	31.946087	5.600580	56.045598	90.673726
-60.722746	-66.267561	-2.665102	-87.255982	-96.547036	-92.806088
70.868471	82.832616	29.573724	28.525003	-22.981406	81.493617
94.114267	64.674679	76.724589	-38.835409	-90.295061	29.944752
51.586252	46.853869	18.002044	59.168170	85.493651	-90.610175
53.194600	-12.684964	88.291776	67.091681	10.147969	46.810016
71.439368	-94.897097	2.222630	6.258739	-17.036143	-92.005975
97.522895	-68.236270	-61.610152	8.025192	21.387376	91.625099
34.860197	41.849125	36.208743	76.032728	17.144784	-67.284710
-5.039025	32.173910	-49.816229	57.537633	22.351823	96.496867
-11.360912	-93.836315	-87.512551	-22.491097	-60.287810	60.541231
54.486185	30.809977	28.546811	38.657674	47.347076	56.220459
35.501543	-72.026771	-68.937368	73.365453	35.634862	-21.714547
-53.098756	87.258616	17.584141	80.904631	-45.272838	-18.369851
9.059345	2.928513	-62.469997	6.918785	-4.391045	56.753884
-78.297653	59.749792	-20.737272	-52.202926	-52.797239	-27.738200
-80.534230	78.790299	-31.978376	7.125243	75.186434	3.906453
79.587805	-29.760604	1.784860	-9.768861	-82.032148	96.547558
22.893768	93.470445	79.810281	-60.197249	-23.356619	67.683326
31.479426	53.577683	-67.230350	68.454258	-34.743987	-89.062393
4.380435	38.692809	93.707134	-72.280284	-58.275623	65.925751
65.555689	-95.386374	-81.182050	-34.482808	78.669358	59.921566
48.191684	72.772823	24.041944	71.137684	-43.730866	7.526621
-67.583250	-92.702446	-58.724743	70.665385	-73.646491	-65.302191
100.546318	-3.840871	16.882170	87.866527	95.187638	17.909908
99.448868	69.219876	12.597914	-63.438752	-25.608949	-90.173517
-17.319257	-61.637468	99.106280	65.260753	-82.111997	85.382300
-88.957451	92.955840	2.329468	-9.453145	81.399063	4.073515
46.257357	57.851988	86.004382	-82.521887	-78.695386	-62.538935
-8.710815	22.607142	44.840662	-93.841393	40.161323	-99.345716
92.312220	89.014381	-76.472233	81.846823	8.692211	49.172884
-78.312196	-88.535428	-98.149188	-99.690878	28.906312	-83.883574
20.050858	21.625278	66.929464	96.841849	-41.397901	91.931394
82.559667	20.497532	-80.933107	5.688449	88.569214	50.369629
25.435075	68.713970	86.385717	-13.627891	-43.097770	-70.173381
-76.641940	-19.441079	-8.327088	-27.890510	12.022195	-62.989346
17.685705	92.651538	53.795397	-91.353889	94.062400	-39.861247
-0.341819	99.798597	-10.140837	6.791115	87.378826	94.753214
-28.185959	-25.141291	93.281568	55.636963	26.549045	16.456543
-16.210849	-85.739950	27.452379	84.087714	74.976761	39.689827
18.903620	-73.138348	-2.644048	-61.207252	84.231661	15.784656
96.028857	-90.043746	33.792310	-98.373306	-91.290696	-63.745783
-42.216525	91.279446	-51.147674	84.490711	24.604154	92.174382
-72.580754	-43.963807	29.102073	94.186526	17.161259	49.809227
29.824934	77.984757	-15.961166	-49.213418	9.860576	-87.272121
-96.308225	-14.111076	91.624526	53.177704	-75.258197	-84.367304
-79.573754	37.014722	-68.769894	92.200032	-55.334279	77.927580
7.480799	-97.613170	-18.003501	68.347040	-61.490487	-5.351324
-95.852277	-99.315828	-34.803248	-36.674174	-70.554138	-19.476091
23.401594	-0.927865	25.488920	-60.164528	-65.173809	-7.686034
-99.985548	86.618167	-93.444135	-47.563812	46.283174	63.729536
-81.851369	-68.815828	-9.898243	-17.512265	-28.606136	67.968983
-72.787623	-11.815916	-90.686160	51.400896	90.954132	51.115861
-77.560027	46.465502	-71.256883	-22.810843	-10.617465	74.696009
23.979940	85.999258	-13.187231	2.819742	-46.217649	62.690934
-77.159062	-51.362864	-6.213975	-45.967219	62.693585	-34.525853
44.331140	11.435584	74.563030	-79.985365	-25.578126	3.264263
100.493254	-24.222790	-17.215308	3.223190	48.820236	-49.584715
-79.057562	-5.752144	-11.405791	80.139289	-37.577647	-0.373835
-84.376281	-44.364082	-75.375315	89.718763	36.923506	-89.830906
16.231062	-77.304488	51.221317	5.920597	62.669892	-42.814666
60.341156	20.919767	-87.205353	-65.836741	4.508891	68.732329
-58.945019	-28.151573	26.761194	-91.799737	-27.348884	83.414686
93.593844	94.923434	-30.663968	-27.125451	42.956416	92.210617
100.913346	-86.105420	51.335653	-36.774586	87.236456	-55.564942
56.266834	-63.794407	97.988331	6.946586	-65.583860	57.379109
78.220870	-58.339206	-59.112692	-34.800741	60.254552	86.780686
37.697944	-92.200628	41.824399	71.892967	-0.838901	-49.682400
5.836665	52.622154	-71.800536	-34.800942	6.917913	-29.924545
47.067439	-47.018450	-14.874452	-22.674575	-13.614117	18.682655
-77.379293	-3.688571	53.994722	82.282091	-74.473539	-32.966351
-86.410779	-32.943135	95.239409	-54.348883	68.998533	-44.821250
-41.018724	-78.725317	88.756737	68.143552	-96.399422	24.058987
-91.545374	-92.117065	19.238578	96.066421	-4.550188	88.404859
35.766425	-59.599634	31.690253	58.121104	-22.315815	63.978440
19.494218	-96.959013	37.664906	81.632218	36.184737	-59.687639
-69.596589	85.717235	16.980352	-32.678681	-58.414534	-84.741374
-51.235449	-34.195446	-36.766693	-90.015042	-48.814249	55.974449
6.199526	-60.036959	-79.331915	56.893210	13.544602	-39.331540
-82.145218	45.270718	96.124059	56.845246	51.722129	-6.055573
58.205461	13.649333	78.992560	-85.553490	49.279019	68.651515
-85.518642	-76.839732	-95.800486	64.312694	29.360591	-68.936111
91.545593	50.466028	19.465173	-51.130909	33.010189	49.876854
32.531068	56.421400	-72.855730	-1.601785	95.635253	-56.187766
-38.034732	-66.996691	-43.030814	1.111608	-89.496373	90.544046
30.609246	-86.946830	20.636932	32.233182	51.517801	98.919111
-9.672262	-85.287510	-47.239011	99.947402	96.468066	67.154098
-48.467935	14.949764	90.076955	-72.409765	40.918646	-32.459228
34.901060	-4.980807	5.911214	23.824568	-39.603659	-39.841984
9.878181	97.426999	-49.997466	-73.889622	-90.493013	90.041222
-93.097587	-75.522522	12.015142	-63.485015	-76.448687	-58.219397
73.011125	-94.118447	15.963414	21.196210	86.312118	-73.701215
-14.152372	-55.972780	-21.994231	51.323472	59.942822	48.627213
-49.441962	-62.578033	-73.921991	-66.375463	-68.199832	-0.731322
90.213640	83.086358	78.291684	38.953216	-37.863875	12.593881
-21.517359	-18.661780	13.213086	36.964711	33.610050	22.023011
-55.242539	97.447061	52.414574	89.922133	-5.695609	-74.988895
12.013050	30.951195	-21.578371	-22.957795	4.185360	30.171293
-23.314509	-59.505139	-87.247175	86.140973	95.052368	-82.893602
12.611325	96.348686	-46.560098	-55.591783	83.154566	88.047423
81.363410	32.920574	46.824660	-87.839021	-71.042370	-89.627418
70.344576	-30.416909	-84.019800	100.694186	10.615047	46.977800
40.975116	-63.360654	93.158943	-86.936829	-57.075957	-32.394946
64.652993	16.763664	77.533793	70.891785	-13.708477	12.782446
41.883174	-99.020367	-55.166590	-7.103589	43.858620	-42.105886
-11.186021	-25.013841	-38.198659	16.862304	-88.406926	-58.533429
67.498872	11.184999	-67.913394	11.046757	91.336994	60.609928
-79.769956	-29.020997	-32.140980	-12.825893	-72.624549	-27.833608
55.426242	54.149149	60.807975	26.533897	75.351324	18.983758
62.267996	95.674459	71.333652	25.604053	50.153912	-59.472363
-91.076146	70.604592	-4.611642	-87.762274	94.928531	32.062463
-20.501145	-25.015537	62.304228	67.969796	-37.910263	-12.331097
27.422286	-38.971499	-42.004628	-20.849286	40.308551	-52.487559
90.822926	-68.971803	62.972142	31.965065	-66.662145	-44.603687
-1.538439	9.752360	43.923659	-65.628268	-31.103128	83.463670
-72.959780	-53.649719	12.479649	-10.966430	51.525297	-47.622280
-13.899191	20.927936	-89.850086	-21.555417	8.902572	20.678679
-64.278781	86.720103	-14.234535	75.407884	-79.368831	-93.099533
-4.592073	90.938386	-67.040787	52.629018	-83.801937	-71.730658
-34.844025	0.712611	-1.792673	-66.582307	-83.302337	76.938607
100.613346	66.383425	-77.044956	-19.976979	-1.470113	-58.563910
-40.204232	100.839771	39.219710	94.979107	-13.279165	-79.351214
-73.864682	35.449217	-18.786249	1.933102	6.362945	-18.625184
-40.525835	-88.827386	-26.892274	-69.146781	13.561257	0.323058
-79.992681	-4.107467	-26.475145	-10.945296	22.569219	62.869984
98.621658	-61.773102	54.178896	37.605670	10.499839	99.520142
19.733172	-21.176925	-31.641018	-42.362967	11.689205	31.678047
-19.785188	-97.928346	-94.979175	-15.360136	7.637660	-19.185070
81.021793	-45.954140	2.359907	42.844142	-59.812688	-43.679719
36.214115	-26.220684	82.605300	6.421433	-52.407942	61.639904
30.314495	-21.926000	98.114206	39.370825	11.408593	-86.208277
43.659165	-16.205494	57.872705	60.978824	51.657747	82.388324
-36.917486	34.162391	41.868299	-76.319550	17.218514	16.495034
14.807137	57.208674	-89.516969	-85.976793	2.900345	90.627734
20.594416	-67.962563	73.764585	-60.755616	39.274002	-62.643605
-99.999375	-54.499693	-10.241587	82.368010	31.710449	8.712000
-14.721203	84.563591	-55.769301	-67.948627	34.820557	43.991355
24.807726	9.553996	-46.126341	59.789102	-66.615613	-91.396271
-50.162556	-67.074955	-0.910864	69.120821	27.023718	8.102541
-63.035686	-89.719136	-84.197413	13.115250	-12.426785	4.028482
22.072777	82.075055	91.302495	21.455173	49.286561	72.767585
-76.347089	-40.342102	-55.792203	6.241260	-26.389946	47.032471
22.642853	55.507251	-14.270296	6.689667	53.126315	12.964702
-73.812873	-81.589322	83.927182	-85.863334	-61.561293	-75.289111
-99.039911	32.811551	-75.353559	-56.205619	-39.394717	43.635917
81.019759	57.790676	67.758360	36.962361	72.601259	-31.119953
20.671649	44.863532	99.034322	-75.010676	60.276654	16.324541
26.967563	35.482658	37.772592	40.325864	-16.652099	-10.199145
43.077953	-40.145245	83.498736	-81.321778	81.393022	43.530251
54.707565	-61.585334	-99.017153	-77.191402	-88.389835	18.083409
-72.321057	81.864323	-24.920903	30.209696	12.230973	78.785686
-62.997171	-61.205300	20.865279	62.443973	89.373813	13.921630
90.064322	-58.158370	-24.600635	-21.285157	28.840196	-89.146840
8.986655	-54.082653	-71.569010	-79.530860	-52.931472	-20.079451
-5.204093	-81.415092	-48.153891	-92.944490	-54.112293	72.865660
73.402505	-48.472594	-35.495405	-37.432590	66.892599	89.024994
49.358492	32.028108	83.599411	51.432643	-57.163401	-83.480617
-13.438763	-60.386421	-22.579959	-76.739644	18.364490	-75.394806
-47.590002	-90.992449	-86.997444	-97.979522	-96.172133	-9.335725
-9.763999	39.576602	-50.706705	78.723632	46.987206	-27.146098
-32.468784	47.735946	68.121515	15.004767	91.198531	16.465193
-39.705012	-41.467830	-46.922346	-23.967867	-21.290071	-42.730009
-85.066534	88.305830	-25.294085	-75.399125	75.792779	-63.732478
58.786013	18.692348	-85.264403	57.365024	-58.685054	58.389801
-19.408931	-58.796948	-59.046827	-65.325315	12.714154	69.834248
34.600789	-34.958427	-98.315248	-9.430696	15.426383	67.416255
55.907620	-43.207111	-93.739397	-10.801741	64.668292	-60.369858
-12.333332	62.123042	66.621238	67.512772	43.449115	-55.728053
42.044978	2.154219	-79.410414	30.426762	-4.744095	85.677006
92.765289	98.401786	-12.263435	-36.552999	-0.283813	-83.510340
-18.265811	-32.532331	-53.816810	-35.824412	-20.367220	6.875573
-39.021575	-28.498701	70.100329	40.172210	-90.704434	87.775076
-67.941813	-42.580699	85.148777	-4.460385	-43.162276	-20.438202
11.246927	-77.704277	-16.643274	58.898387	65.175725	74.494585
-81.197783	-43.924637	44.113548	93.239288	-66.047156	-6.770733
92.241992	96.744577	7.764904	81.917196	-18.892045	-61.118542
45.641162	-49.245277	-3.648742	-10.923528	74.640822	-52.384741
-75.131241	-99.449012	7.655269	84.798185	-90.258025	-31.110281
-8.440629	-99.686896	-61.862422	45.046740	-18.746746	32.242983
-94.843527	-20.512518	-3.178592	82.278897	44.547869	34.997067
-60.227782	80.734888	72.796813	-95.990825	93.003381	55.533815
16.637027	86.621268	5.690901	-31.994781	-89.230499	-79.469826
-34.369210	-2.066474	-23.727702	-26.548236	94.946416	-37.652708
58.174024	-21.789996	4.299019	-44.482367	-56.034603	3.284972
-82.345719	71.402392	-39.614502	99.175536	-85.793020	65.133956
-19.311669	-32.671544	-10.858472	20.316440	93.748543	51.493381
-87.451173	-47.306614	-45.849416	69.300653	20.772788	23.607856
57.363778	46.503897	9.303378	-30.420405	65.959760	87.151870
49.799543	-14.528024	-47.962085	-1.391300	-38.537421	-98.186251
34.157759	16.296694	33.301974	90.400180	-12.905922	21.633336
-38.264090	-63.490786	29.374748	89.529317	-97.522471	-45.334361
38.833329	-2.690780	-68.275442	-33.271398	95.832262	38.492946
92.001477	72.927943	67.193394	-45.281808	-84.241360	-15.165914
-21.303805	-20.883901	3.386599	-72.977053	48.365769	-23.200613
26.925919	15.628348	-11.013481	-71.510296	26.559092	12.039698
-63.285822	-46.942700	-98.345827	56.878483	-83.244780	77.334791
40.245444	-8.778405	82.525517	39.265431	-46.683557	-40.535481
97.716662	-53.834815	-92.419232	-7.316818	5.528931	21.629980
-71.989507	49.978419	80.660919	99.428776	78.778983	48.202941
82.069138	72.312551	7.143355	50.799927	-22.088877	-8.107481
87.161538	13.646038	-55.277645	-27.686048	78.441442	82.229275
77.881270	-87.758005	-62.465007	86.907699	-32.500197	50.632469
51.711606	17.788710	-91.000412	-41.809503	53.799865	51.222959
-47.687426	-2.571757	10.191311	10.320570	-46.214918	-71.792530
83.712548	-10.829138	-49.321422	-43.462164	-40.331562	-91.165537
21.006694	56.471820	-99.953558	37.074143	-68.250913	-18.590471
70.266247	5.561066	2.660081	-58.630941	-19.386092	68.406281
74.067533	94.784321	-11.577319	-89.454081	80.363174	-97.503430
11.692490	2.619746	-4.591450	-92.128229	6.562995	-45.353275
83.515454	54.191314	67.990482	53.410168	-57.142556	45.447304
54.218717	-36.231770	69.150823	-17.133488	-47.675794	18.197253
-19.248885	-55.450657	-10.438700	41.630613	-24.305743	-89.338382
99.311011	95.881781	0.035885	-84.425001	90.824236	-37.940472
-22.289678	-96.940728	-37.611992	19.646461	18.457958	34.708888
86.222110	45.540471	83.363206	-13.548733	23.202127	-19.469251
66.421946	22.373677	1.417410	-52.684388	-9.060990	-76.798746
-69.504327	-88.426111	-85.543146	-32.081572	25.230960	17.382817
-37.986718	-93.925110	71.519349	-55.536834	-12.805011	-48.754866
-21.294576	24.944482	-57.260863	77.156318	-2.644891	95.922760
-59.096009	-7.818162	53.880085	92.444084	23.867481	81.852955
62.298539	27.658479	29.458868	37.922859	45.804368	-49.294579
60.682825	-32.774774	-66.704562	-57.359092	23.004771	-76.892968
-86.765545	77.827999	-39.081646	55.602332	72.378530	8.358644
-80.892313	-29.340318	49.002122	-10.417167	-69.353329	97.580695
97.855704	-35.835979	65.803710	-53.979251	55.683948	-75.848125
39.948307	-6.065976	67.692139	-97.666115	-33.097507	-92.275628
96.600062	-47.230076	-89.646732	93.478873	92.934422	-94.719078
-86.044919	-95.669840	-50.154680	-3.353738	11.957286	-90.052362
-85.193500	77.224903	-61.936491	31.659453	73.812369	31.646759
-75.287505	-96.945801	42.236484	40.354108	18.799694	67.986795
-87.519810	98.138352	83.605715	-98.352976	50.097916	38.450336
-93.562796	91.459009	-64.497733	-33.371184	8.667539	75.142818
-93.015270	-34.520164	-9.006593	-28.862681	47.751271	96.895279
100.788480	-13.186821	-12.778783	-66.522365	32.668318	-2.275143
7.589068	42.594141	-65.233218	-52.533000	-99.863796	-21.568506
-70.272311	95.885396	-34.091784	-47.550590	90.146470	-20.792608
-35.296350	-57.883975	67.778234	90.521899	-0.808144	1.278070
62.546318	-55.430998	11.781774	64.887532	-85.422848	-88.289278
75.188758	67.311647	-49.342606	14.625004	15.075801	11.617904
-94.678547	-34.160553	-38.788756	-40.329137	-84.137147	31.379128
54.521981	-38.259587	17.286647	-9.250638	-24.823384	-62.214592
2.046428	43.558134	-45.213722	-96.232533	75.379062	-8.150705
84.846010	-27.253364	-15.427905	24.376596	29.139161	98.118401
-19.693772	-36.414989	-65.703127	-63.133076	28.038185	70.592017
-75.939686	-72.517779	3.456012	12.828577	55.325313	70.084370
58.164271	41.134441	74.708682	-45.258269	-4.585799	15.040070
70.786351	-90.264680	-11.032235	-80.202077	-53.393198	-15.610170
35.522547	74.678953	81.728962	6.222065	-89.532039	67.426431
-86.222888	67.778342	-60.721460	-47.378623	35.874548	-38.407106
51.204273	-62.537695	-51.403552	-67.166887	-83.466099	-69.848963
55.752092	-32.050418	-38.227262	-80.741286	-81.955978	-60.602063
-11.188651	73.369767	37.962417	85.042140	-41.866426	52.978773
6.777042	-3.210383	-65.819051	34.386199	69.275995	-83.132909
-11.989065	-30.715407	-22.862639	42.787949	3.685851	40.604868
17.993367	37.257510	32.406947	92.651547	52.363519	13.738007
-64.910650	56.346711	50.717948	-27.955788	-62.171209	-47.627586
-46.556860	-63.256351	-29.914808	-1.725508	-58.033796	-10.932984
82.569881	-78.468886	3.518846	-30.470936	-93.788227	-34.388679
64.518380	82.651903	-44.302989	80.806045	45.352426	83.009018
70.903361	8.958957	37.938902	-11.162542	48.744394	-18.102528
-83.529455	53.453123	-77.473417	29.736026	54.174018	-27.746511
-82.242665	5.936458	-84.669126	72.064740	68.730732	7.157313
-16.904134	30.173166	-20.718175	-29.220718	65.375316	-94.700124
91.929666	-31.220625	-6.035515	69.981009	50.846890	-1.670565
71.012599	28.326144	-76.481267	-32.453722	35.156214	-98.880670
8.219327	61.808416	1.726960	-5.663981	-65.951002	-2.912279
87.481569	-18.335759	94.740740	35.473140	94.851275	68.114556
77.192157	92.076033	83.518735	51.377077	88.676226	85.716148
-84.326817	49.645413	73.192097	65.793216	-47.265535	-64.559536
-51.914876	-57.010612	-71.091707	60.162158	-62.067335	-45.614686
63.287458	63.738433	90.041855	-19.562815	-78.916167	-87.649268
-50.946125	-80.925299	34.986234	57.988286	-15.423672	-49.120586
65.025415	15.032177	60.398336	-10.703229	3.999801	-67.496530
-81.946533	-35.403833	-29.956393	59.169330	-5.066510	-18.243872
75.978239	74.626937	5.948166	53.387345	-86.587292	-40.802276
-49.223237	63.306093	40.107032	-35.131936	48.689157	7.772207
-25.750905	-6.626321	-64.304031	48.611793	56.305881	-23.262247
82.456474	-0.019077	-63.847647	54.576052	11.343532	-91.081587
-98.291429	-6.214886	5.616327	-10.136932	80.558354	27.714475
3.278155	-28.694513	-34.449037	-1.673824	-13.780344	-37.258155
7.497263	77.470968	22.551199	-72.102131	-61.748546	-23.196462
86.149047	-15.984505	47.287195	-94.698036	-91.271047	64.599937
-69.928190	-77.568567	63.339000	-5.446270	61.933696	29.440793
-77.273164	-24.893750	-42.426403	-24.134959	-19.966449	30.673775
80.606185	13.965068	50.605866	-20.692600	-54.152344	-65.421763
-77.374206	-90.726968	78.065110	-44.993176	-4.144073	43.067926
81.200647	-94.050319	-60.354970	23.438996	-17.131815	71.686973
61.913369	-65.199935	-33.190725	-9.864800	-92.929597	74.555528
-10.775877	88.449408	-24.686817	-74.540780	-19.694367	5.443159
-72.830037	10.050110	43.372900	-42.190278	-68.708407	-91.638109
-55.673246	40.355141	42.596838	-18.024903	-37.218160	95.687293
100.878015	75.223501	11.179803	-95.347711	-23.955964	16.610212
12.073666	-68.581726	23.187156	30.547871	-33.681743	-10.463298
76.660019	70.779984	-32.402644	6.604885	7.268660	57.906946
96.135093	-48.012211	92.625830	56.269370	-49.100559	14.072151
42.646616	4.995345	-53.213156	-98.246089	39.812048	-6.758031
89.792459	-86.607803	44.563948	-38.122737	-83.495765	-23.035029
-26.357755	-40.590995	-74.454137	32.045556	-16.737693	-96.871644
90.351527	78.677351	-16.237851	-26.962702	70.051530	-83.821082
10.991406	28.293409	-69.605491	39.917071	-93.025666	72.284942
-85.535222	46.641710	57.953681	-20.244333	82.850453	17.628843
62.751496	27.246065	13.274749	26.476693	71.217911	-32.753257
9.973525	67.286730	86.484834	-60.859839	-21.044939	-86.996271
-48.496856	9.053104	-59.225493	25.463111	39.050900	-19.049150
-95.363375	71.275549	67.993567	-94.803227	68.167456	45.499168
31.210647	40.215336	12.536731	79.306275	34.551190	63.896282
-77.687738	-99.066231	13.863993	58.709955	75.240982	-33.167391
-95.688531	0.350810	-35.726141	-39.754222	76.043075	78.870913
-25.657269	5.245613	9.511179	-44.401306	62.430020	-25.156249
-10.935333	-69.353859	-64.625367	60.658865	75.751702	-87.492535
-96.599033	-86.272684	30.023901	-58.055462	14.114646	95.212486
-90.501427	-8.560439	76.163415	-74.125860	-66.842816	35.930538
92.735133	88.422774	4.480739	-85.516319	2.455372	81.127242
93.363926	57.077213	17.058170	69.524721	-71.924140	-87.067545
61.887903	-48.983558	-14.049500	-75.704828	72.328960	50.024168
9.730289	28.936558	61.273164	-63.750335	-47.706603	-96.649610
69.433274	-48.677120	33.884257	21.240401	4.994054	-95.522993
-53.151107	-96.529652	21.358028	-62.412629	37.862903	-28.664066
-7.659513	73.031023	97.445272	-34.300382	54.527250	61.652284
-45.461565	96.474913	-85.079171	49.303781	40.485999	-13.029847
57.862896	69.465261	-8.217567	8.612999	-22.844611	5.079650
77.940546	90.042339	-63.486463	-72.793220	-47.191906	-18.178088
19.028280	-86.258302	-43.465276	20.095586	12.995925	-49.538591
29.482740	51.910246	-82.956141	-4.159559	-56.260876	61.886155
-66.096651	95.199053	28.509166	-4.950762	-95.803639	-9.925195
74.229658	-4.144967	14.666221	81.633873	-4.046391	96.065167
-31.911742	82.103673	84.087112	34.142021	-66.192628	27.347110
-69.353238	-77.481495	50.549580	-43.235827	4.216594	95.725934
-69.803211	-0.644092	-18.259198	99.675377	16.441359	86.286420
-28.340076	-56.080727	47.090648	-64.476900	-42.974299	97.547622
-95.545444	84.884270	-2.584471	-44.631841	5.397579	4.593141
66.732542	-60.725510	-14.587444	9.781747	-12.385784	90.345909
2.900798	-96.003533	53.622962	-42.836746	-63.835337	-89.465304
-16.875912	3.198787	-22.668633	69.874923	0.568009	-42.787565
40.432866	-8.562265	41.601426	64.182574	2.020932	-71.397869
84.650701	-63.210529	54.664965	97.808867	93.763367	17.559195
-34.710876	-4.181229	-1.798746	78.866559	-69.094465	19.177430
-40.364577	-80.128085	-59.768525	12.108988	-49.920596	-67.360236
59.150913	-46.774423	-91.036103	11.301504	33.492531	-28.936745
-24.099827	-69.795432	19.436691	96.528147	-60.349217	67.274294
48.673639	-46.053828	-5.465354	-59.044443	-22.007754	-45.688924
-72.738061	-46.985265	76.368748	-83.050321	64.675222	-19.148799
-77.799830	-69.149989	-77.600677	15.717436	-84.113618	56.204480
-89.636392	34.250628	-80.225890	-37.934208	51.294296	-78.355394
-58.108513	-62.402396	-76.035418	56.560304	16.731857	49.118728
-1.631707	-95.408559	-17.191660	-98.904332	-15.530079	76.733319
22.689471	32.856011	19.349893	-82.702871	83.531629	18.279370
97.050237	-68.779402	-64.059269	-47.149801	-91.239958	2.986829
-17.300726	83.417338	-68.007380	80.580762	18.830050	76.644989
-47.033261	-75.605565	-85.458006	93.557045	-78.097723	100.324533
-90.716125	9.950245	-45.273254	-79.360319	-54.566253	69.011639
34.516940	-43.823096	-96.020231	-87.993911	41.308680	-42.670492
-17.250174	-9.371191	-44.895306	54.251823	-41.830810	-26.953993
19.098917	-55.872956	99.689647	-89.731801	-34.802172	72.681234
-36.728083	-24.154009	29.817772	-51.430517	-78.912883	-30.650595
50.859072	95.522839	21.481793	84.939595	-16.557799	-9.658035
55.722398	7.635749	61.991796	34.798991	-20.896369	-42.048212
24.568709	92.587802	60.988895	97.859196	34.074368	-8.718316
-26.166903	-57.348808	-85.523236	37.556968	-30.949120	5.793089
-91.233994	74.585514	-25.700839	62.980688	80.259622	35.167561
6.093102	-35.654709	-50.224688	32.606081	73.568582	95.919681
-38.417656	70.673697	5.272702	61.627788	78.924411	-7.417676
-42.236434	16.598116	-93.377424	-48.766646	-67.647952	-5.970179
-65.594402	73.782282	-22.234164	-95.922192	51.135892	-49.675165
-76.208236	-95.605003	-7.593834	-79.305396	-93.158074	76.929405
67.590864	76.102925	-71.682860	97.715527	8.373704	-59.321511
-19.351726	59.602761	-65.837658	-74.416343	81.980612	36.046592
66.038770	-30.764510	86.507348	54.351135	-8.599334	62.892958
85.397681	-42.002689	-87.409373	60.125836	-72.962847	-70.889567
61.981767	-82.365086	-50.905982	50.179790	-88.817637	36.831129
34.278243	-23.350176	-67.822273	79.095112	73.510758	-29.371209
15.823516	-83.329178	84.729911	31.343970	5.584220	52.209125
-34.216575	-59.967509	60.709852	-90.215484	68.632264	-70.254340
43.572375	69.986769	-3.985322	-89.757576	-35.059874	38.883461
57.891084	48.544282	-8.724511	93.561716	45.241555	-83.471304
-88.645520	-85.286794	-61.399300	-4.991209	51.468793	-72.605131
-76.749674	-43.108030	54.742876	29.124232	-84.383351	-4.500208
23.427239	-77.550497	81.601379	28.521680	-46.042805	77.468334
-19.360570	-68.805480	65.668739	15.247594	57.292081	-74.831420
19.412132	-71.566062	-88.996887	-70.025507	85.952136	90.196841
37.311226	-80.431573	0.330768	-94.348000	41.319288	7.973200
-50.823643	-13.149238	34.318822	-34.793348	-45.370241	19.332351
-80.683741	33.914313	26.694275	4.857962	-59.387323	35.077389
-21.663997	-47.672116	-22.233808	79.887178	48.501963	-40.897927
-41.387143	82.068593	13.942450	-48.765821	67.534477	-94.862065
47.721072	-96.571236	-72.664273	55.241857	-19.808758	-63.659967
-15.972608	-53.671927	15.295869	-15.113091	100.704595	20.031972
59.398176	4.755077	-0.420692	66.991939	50.640851	8.005476
6.405533	99.511397	73.334383	-65.379070	-59.029475	43.452046
-19.741005	21.377968	-77.671365	-66.699868	-66.123313	72.907145
20.353817	72.808533	-94.188511	-33.390783	-28.640310	-11.667447
-63.878689	-9.228753	1.002274	-48.235755	-19.874454	-61.081225
47.196299	-28.821848	2.011887	-69.867384	26.043491	-0.859674
-38.770476	79.292520	-52.817010	45.844553	56.230977	-0.416175
-53.913315	-59.250365	-82.422689	-12.866234	-18.832475	60.835297
87.780600	-73.486177	94.508344	96.833866	-35.403566	54.360774
-99.580151	-32.937605	35.622270	83.057418	-77.832588	56.367124
23.462759	32.329666	-29.461031	71.333417	46.151234	-91.209336
-56.437474	-23.676859	-5.640599	16.922465	-5.657115	35.139307
76.547553	71.010908	63.429712	80.157250	78.749630	-35.227019
-51.590488	42.139232	52.291236	-79.389852	-66.285049	-13.597063
-98.621263	-16.288403	-35.609965	30.590178	-25.622512	-97.972362
-48.719526	-79.507895	71.971023	7.266722	40.741891	-71.230845
59.469955	-83.633718	-24.307818	-98.857378	97.204421	61.626149
91.644533	96.093183	-73.693286	49.212426	62.097009	33.506593
52.730572	-87.916020	50.164863	5.467166	-35.722481	85.817993
20.856505	92.744996	-57.190748	-69.738682	67.260852	-87.647550
0.000000	0.000000	0.000000	0.000000	0.000000	0.000000
