100.000000	-99.823091	99.610578	-22.544816	60.577041	19.840900
-100.000000	68.350188	100.000000	-21.735700	31.614183	-53.969101
-100.000000	68.706704	99.461721	-21.466853	34.401238	-33.397763
-78.322925	99.599758	-100.000000	50.662539	40.589175	30.753409
100.000000	-85.787037	-44.899486	-5.516022	38.830989	38.471479
91.690417	-68.633993	-100.000000	22.268545	37.334680	16.625926
100.000000	-99.302950	99.548704	-29.101578	67.381315	17.767513
89.382165	-100.000000	98.973347	-63.840221	-35.718108	-15.877636
100.000000	-99.489464	100.000000	-37.171509	30.252031	24.695099
-100.000000	98.790064	-100.000000	77.997941	-12.726854	-46.002099
-92.210840	100.000000	-100.000000	65.888141	-69.030372	9.619753
100.000000	-99.181333	100.000000	-14.943073	-56.172372	12.814455
-80.471341	99.608018	-99.606755	65.006243	-25.600016	28.035156
100.000000	-68.225210	-100.000000	17.401208	-32.863850	61.816423
93.080958	-68.277305	-99.612272	15.619049	64.075704	16.606545
100.000000	-99.498050	100.000000	-25.777037	75.900042	62.641664
100.000000	-99.886528	100.000000	-19.062932	45.377655	23.400647
100.000000	-68.051942	-99.944204	11.546416	59.868633	50.351933
100.000000	-66.343629	-100.000000	10.643022	43.349851	32.494376
100.000000	-100.000000	98.973600	-69.021000	24.841334	21.524670
100.000000	-67.582108	-99.727121	24.026467	99.014584	27.873938
100.000000	-99.855523	99.835427	-12.436610	36.542701	45.048010
100.000000	-99.583936	100.000000	-53.832634	-9.436587	34.204862
-74.661218	99.898153	-99.683495	52.560173	-37.674564	36.379179
-100.000000	99.856935	-100.000000	12.895696	37.075131	-35.386556
-100.000000	100.000000	-98.107068	40.096266	15.518361	-9.537891
100.000000	-69.527166	-99.528571	19.113796	34.570245	55.555524
-100.000000	100.000000	-99.840849	13.415459	27.018575	-34.702112
-93.781563	99.047047	-100.000000	41.499106	-46.874921	11.265851
-100.000000	99.779432	-100.000000	32.827089	-70.295136	-23.103967
100.000000	-68.815075	-100.000000	38.585240	-45.364653	45.048037
100.000000	-68.189603	-99.769119	32.656045	43.554824	41.286186
-100.000000	68.606196	99.610259	-41.721186	-32.656919	-60.813593
-100.000000	68.070865	99.913728	-22.187857	68.630547	-48.816728
-76.021706	99.602519	-99.227491	54.607202	7.472875	31.107969
100.000000	-99.883659	100.000000	-19.403961	45.527370	24.771424
-78.068025	100.000000	-99.624648	58.411495	-43.893212	30.203387
89.864255	-99.835365	100.000000	-29.326229	84.004369	-13.443398
100.000000	-68.376745	-99.957311	26.703421	-38.648268	59.089861
100.000000	-68.536210	-99.407469	29.903933	26.948251	71.072076
100.000000	-99.747912	100.000000	-57.996461	46.476394	23.113030
100.000000	-100.000000	100.000000	-25.902977	40.598603	11.066677
-84.633594	99.099029	-99.101229	29.015529	-12.974113	19.850385
-86.183320	99.168647	-100.000000	14.965917	62.935645	17.366815
71.442502	-100.000000	99.967996	-64.787328	73.634756	-39.364843
-100.000000	99.778667	-99.370764	26.942627	34.887346	-34.422579
100.000000	-99.747758	100.000000	-33.822799	36.915565	17.067847
100.000000	-69.589876	-99.434002	29.638371	-15.284830	31.064147
-85.287664	99.059885	-99.099977	42.491960	-43.140205	20.087960
-88.296836	69.406674	96.018061	-12.553253	-96.500326	-1.075576
-100.000000	69.437032	99.385934	-20.271955	-42.561437	-37.134036
100.000000	-99.869127	99.890880	-45.275198	43.067886	20.815321
-100.000000	67.218802	99.927317	-17.333388	60.003073	-48.668743
100.000000	-68.095839	-99.849363	31.381721	28.130763	41.606919
100.000000	-99.771959	99.612030	-41.674194	30.391095	37.692437
100.000000	-67.822761	-99.869000	28.939575	28.467142	65.431006
-78.330790	99.840235	-99.415291	97.396863	-21.097418	29.506068
100.000000	-100.000000	99.848465	-68.225070	-27.016922	39.193273
100.000000	-69.386708	-99.809902	30.120853	-73.317609	52.092477
100.000000	-99.217433	99.820093	-24.638868	43.927560	46.915610
100.000000	-69.241511	-100.000000	15.373245	52.803728	39.291351
98.558064	-68.797988	-99.222085	25.957227	-9.374000	20.936041
100.000000	-99.480394	99.555954	-31.660966	-47.200584	28.316219
100.000000	-99.615108	99.555985	-21.448781	27.179862	71.603019
100.000000	-99.766969	100.000000	-21.013515	-17.061592	26.876057
-100.000000	99.910298	-99.993720	60.683315	36.109098	-31.356719
-100.000000	100.000000	-99.693911	65.997226	24.582772	-70.152124
100.000000	-67.929439	-99.278209	54.445420	23.043637	55.550127
-81.257001	99.972144	-100.000000	93.625921	-34.391909	26.977354
-100.000000	68.523252	100.000000	-22.222246	-60.073757	-39.039489
100.000000	-67.198738	-98.713466	18.501200	-5.879009	64.991431
-100.000000	67.578903	99.465085	-37.602817	25.189115	-56.629031
-100.000000	100.000000	-100.000000	19.113303	11.695029	-15.860428
-100.000000	99.878405	-100.000000	47.718843	-13.852733	-14.400830
-81.032610	99.277392	-100.000000	46.045414	39.964966	27.526782
100.000000	-100.000000	100.000000	-15.355589	87.641592	31.333423
-75.491719	100.000000	-100.000000	85.954788	-27.030063	33.768961
100.000000	-98.129243	99.350012	-14.641577	62.022049	21.013145
-100.000000	99.426971	-100.000000	38.392052	38.668029	-57.858405
-100.000000	99.530126	-99.787184	15.558361	59.971698	-39.724743
100.000000	-69.112653	-100.000000	29.527779	-42.893673	38.843783
-100.000000	97.920160	-100.000000	35.873255	-22.758638	-7.796943
-100.000000	99.358792	-99.821943	33.419513	74.052469	-45.889624
71.914671	-100.000000	99.493075	-26.034936	69.055371	-24.497290
100.000000	-100.000000	100.000000	-45.270950	17.151137	13.804521
100.000000	-99.030771	100.000000	-66.390216	-10.527794	32.860279
100.000000	-71.157720	-100.000000	8.060332	14.853589	38.339979
-100.000000	68.482215	100.000000	-27.733086	89.982421	-37.751982
100.000000	-100.000000	100.000000	-28.226501	-49.590093	28.422085
-78.884202	99.664557	-100.000000	36.053594	29.834438	29.687737
-100.000000	99.339685	-99.950691	43.647426	61.555169	-28.798205
-100.000000	100.000000	-99.000496	45.161729	12.538084	-28.720986
-100.000000	100.000000	-98.368204	26.664808	-44.097529	-3.946879
79.292085	-100.000000	99.508494	-58.076840	-26.190064	-29.056296
100.000000	-68.973919	-99.999004	53.163910	23.568203	73.724164
-77.318500	99.885137	-99.811249	63.484950	71.724863	31.122474
-100.000000	99.514112	-99.820302	38.655645	29.472636	-37.678118
100.000000	-100.000000	99.653538	-10.149823	-36.235563	37.313662
100.000000	-100.000000	100.000000	-14.511242	35.186713	56.809181
-84.856266	99.946516	-99.040255	55.408893	44.399205	22.000574
-91.968835	98.676367	-98.260693	48.386959	56.009456	11.899093
-100.000000	100.000000	-99.188321	49.532832	65.633253	-22.641713
-100.000000	99.825958	-100.000000	32.651323	58.970987	-38.895681
-100.000000	69.008517	99.879921	-31.854325	-49.941032	-41.487379
88.874974	-99.444479	100.000000	-18.680201	35.410156	-15.102143
100.000000	-99.609283	99.947390	-38.156350	51.053041	87.864577
88.900910	-100.000000	100.000000	-33.107330	32.472807	-14.843709
100.000000	-68.688301	-99.842753	17.382494	61.851256	66.961298
-88.704792	100.000000	-100.000000	81.237240	29.867327	15.276446
100.000000	-67.828046	-99.875877	19.338610	21.226607	98.277737
100.000000	-100.000000	100.000000	-32.967317	37.430483	44.671431
-83.786684	99.220654	-100.000000	69.862330	-48.906940	22.040634
84.558914	-100.000000	99.628750	-42.144283	50.468769	-22.599771
100.000000	-68.802272	-99.530200	33.240082	54.204985	47.336879
89.178915	-99.421851	100.000000	-17.693947	-62.897003	-11.484625
-100.000000	100.000000	-100.000000	62.264665	28.589396	-53.291932
100.000000	-98.804844	99.793618	-20.113959	28.122652	83.006338
-100.000000	100.000000	-98.352648	39.170196	33.995136	-12.337564
-100.000000	99.138910	-99.373392	72.457436	-33.364839	-14.769461
100.000000	-68.676686	-99.672149	8.734191	54.246738	30.086886
100.000000	-99.762192	99.979742	-21.645977	48.479601	37.021180
89.995687	-98.524947	99.448909	-27.776748	11.696078	-13.603008
-100.000000	66.771027	100.000000	-12.566164	-10.588094	-35.968558
-85.970381	99.899264	-100.000000	40.957278	-18.900174	20.937922
100.000000	-99.944204	99.503356	-22.538337	62.800441	41.184009
100.000000	-100.000000	100.000000	-20.456227	37.389884	58.707453
-84.349868	100.000000	-99.748572	35.612748	27.879463	22.302810
-100.000000	99.393473	-99.926671	14.549905	-85.909203	-30.264385
-94.620712	98.970172	-100.000000	37.278517	-49.070246	10.224062
-100.000000	100.000000	-99.985698	45.835979	-36.061077	-34.891207
-100.000000	67.682821	100.000000	-13.989391	-35.972760	-34.761103
100.000000	-69.404923	-100.000000	26.131355	-42.442316	35.148111
100.000000	-99.832732	99.912588	-19.738258	79.162567	53.451828
82.976005	-99.802529	99.774731	-32.522704	21.502264	-23.358188
-79.172240	99.675182	-100.000000	36.051691	-26.705795	30.442639
87.586863	-100.000000	100.000000	-28.524689	50.798895	-17.987627
-100.000000	99.612728	-99.796441	26.336577	53.592084	-47.574220
-89.516385	100.000000	-99.615771	43.693695	20.591069	15.119737
-88.847254	99.278378	-99.875193	60.390818	-47.052279	16.478814
100.000000	-98.696187	100.000000	-9.857645	65.698246	31.394186
-100.000000	99.829448	-100.000000	90.738322	37.270174	-41.114774
-100.000000	68.331257	99.921611	-30.285346	29.775220	-92.309363
-83.279152	100.000000	-99.582345	100.000000	-17.890114	21.204854
100.000000	-67.897184	-100.000000	24.020962	-70.242299	46.381642
82.346938	-100.000000	98.261623	-50.708486	12.494755	-26.541687
100.000000	-99.741877	99.875459	-16.349544	38.589322	51.379366
100.000000	-99.280869	100.000000	-40.081475	-21.504251	45.352573
100.000000	-68.485981	-99.564738	35.881586	40.923388	38.044359
100.000000	-67.593862	-99.986248	36.600878	-37.347748	80.850979
-94.213913	99.537366	-95.394433	36.103406	3.838360	5.846102
67.793547	-99.985287	99.729259	-70.683425	-27.256800	-45.301057
100.000000	-99.538196	100.000000	-87.413539	9.829017	49.167699
-100.000000	99.887113	-99.961768	41.958107	63.653553	-35.779951
100.000000	-99.958998	99.915467	-23.861214	-49.990413	20.108746
100.000000	-68.357707	-100.000000	44.645781	-32.812143	65.037496
100.000000	-67.540344	-99.709966	21.073434	-66.617597	33.917613
-100.000000	99.820325	-100.000000	13.710993	8.135280	-16.819515
100.000000	-100.000000	99.526072	-33.994449	-26.068800	37.818286
91.618477	-100.000000	100.000000	-42.442685	16.614554	-8.662121
-94.440890	98.040541	-100.000000	37.775579	51.655658	9.323126
100.000000	-99.535705	99.858090	-58.617871	45.453581	28.084265
100.000000	-99.051166	100.000000	-11.810609	51.582029	22.985142
-83.075036	100.000000	-99.793256	43.575733	-14.747057	23.945645
89.372507	-99.327140	99.792321	-42.235587	62.522350	-15.781446
100.000000	-68.409900	-99.606707	33.298103	25.188179	41.191080
100.000000	-67.575997	-99.814332	13.705573	28.293325	70.207022
100.000000	-67.869772	-99.994507	24.536910	-30.747996	59.114706
79.917163	-99.614010	99.567875	-35.375132	-56.406660	-28.603085
-100.000000	100.000000	-99.621757	28.614292	18.194268	-20.449365
100.000000	-68.531980	-100.000000	25.343904	54.063320	44.823535
-100.000000	99.702387	-99.739301	22.275351	48.035532	-40.922301
-100.000000	69.866075	99.763232	-40.797608	13.361889	-54.636518
-100.000000	99.758299	-99.831292	40.257427	-35.654937	-24.511548
100.000000	-68.043756	-100.000000	35.177945	55.219697	96.995946
100.000000	-100.000000	99.274899	-39.249207	13.858940	84.942598
-72.526747	99.505570	-100.000000	43.886370	57.141767	38.547858
-100.000000	100.000000	-99.940602	29.678145	29.002653	-40.345815
86.521971	-98.652107	99.570631	-62.493914	44.839003	-18.694301
100.000000	-99.786233	99.304288	-62.035740	39.689108	17.957115
-76.933232	99.468462	-99.865794	45.490766	60.185334	31.977153
-100.000000	68.482051	100.000000	-12.612788	-30.666430	-37.268330
100.000000	-68.604184	-99.942638	28.982301	15.390601	89.991101
100.000000	-99.541012	98.908483	-39.991635	16.638120	29.929076
-100.000000	100.000000	-100.000000	30.976696	-43.806728	-12.179866
-100.000000	98.780657	-100.000000	26.257629	53.483529	-24.287605
100.000000	-99.918608	99.233027	-48.569128	-22.175821	24.860901
-100.000000	99.943028	-99.521710	13.324899	40.090339	-79.581101
100.000000	-68.234210	-99.812208	22.847846	13.104275	61.267137
-87.181296	100.000000	-99.039790	80.120299	25.264195	17.020429
100.000000	-99.074706	100.000000	-21.671181	43.865986	31.478195
100.000000	-67.842204	-99.710713	23.328481	27.818053	53.196170
100.000000	-99.608380	99.900945	-90.825614	-37.288776	68.274276
-100.000000	100.000000	-100.000000	26.651570	33.919061	-20.196005
-100.000000	70.783280	99.862655	-19.572042	-9.512703	-77.631694
-89.759193	99.314310	-97.817576	19.389327	20.416629	11.298425
-100.000000	99.757651	-100.000000	37.993943	-57.341056	-20.032584
91.970902	-99.684993	100.000000	-56.578654	34.458901	-11.007085
100.000000	-68.099488	-99.443126	20.770311	39.458555	37.558858
77.899599	-67.979238	-100.000000	75.809347	-17.823344	69.193054
-100.000000	96.921178	-100.000000	9.249716	14.976377	-26.700324
100.000000	-68.910561	-99.989938	29.456555	20.199949	52.991367
-100.000000	100.000000	-100.000000	87.775606	25.825550	-6.861277
100.000000	-99.630935	100.000000	-26.124450	-65.043344	54.880184
-81.119427	-69.084596	99.667089	-29.376414	-26.064790	-33.684248
-73.460689	100.000000	-100.000000	78.150516	-22.782299	36.128300
-100.000000	65.760979	99.667198	-14.169571	14.476252	-27.346713
-100.000000	98.838690	-99.034293	26.797251	-69.804157	-15.417932
-100.000000	99.987101	-100.000000	38.487501	-9.194811	-30.658909
97.094625	-93.115145	-13.044070	-13.855014	42.761764	-7.400929
-100.000000	69.181431	99.354181	-27.710182	-19.693450	-41.363662
80.104011	-100.000000	99.617413	-51.942668	23.421644	-27.918435
100.000000	-68.480718	-100.000000	16.801601	-38.738540	38.457419
100.000000	-99.831965	99.797936	-48.159054	38.818866	35.370895
-100.000000	99.023455	-99.481917	45.042942	-23.562054	-16.868846
100.000000	-68.382503	-100.000000	52.312550	39.606942	57.503584
-100.000000	100.000000	-98.095771	27.965974	31.870211	-3.804332
100.000000	-99.331816	98.904280	-9.101354	13.726605	32.593315
-82.266138	100.000000	-99.104415	44.065050	32.380419	24.268020
83.380552	-99.481777	99.203437	-44.781025	21.335623	-22.440923
100.000000	-99.326575	100.000000	-30.355104	13.166365	17.998630
-100.000000	98.932731	-99.878149	25.923975	-79.833764	-75.827017
100.000000	-90.962669	96.238705	-8.578808	-42.659883	66.485933
89.589714	-98.927343	98.702522	-30.620453	-70.002373	-13.505088
90.807406	-99.686892	98.614586	-45.273497	36.955771	-11.635736
-84.509000	99.646413	-99.558808	33.727850	-31.380688	21.300219
-100.000000	99.203055	-99.795527	40.395164	45.899830	-33.892193
-100.000000	100.000000	-100.000000	41.443901	-10.518525	-24.099090
-100.000000	99.258266	-99.363250	36.861545	27.504068	-35.105468
-100.000000	99.630879	-100.000000	26.678854	25.613089	-23.633289
-100.000000	99.617993	-100.000000	47.456876	32.866099	-20.625550
100.000000	-100.000000	100.000000	-37.584137	38.390609	22.612646
95.677971	-67.548755	-99.601048	39.216691	20.932290	37.638828
100.000000	-99.607611	99.465956	-43.673480	24.555854	26.971173
100.000000	-69.048586	-99.706268	20.302861	-50.757215	30.862454
100.000000	-100.000000	100.000000	-32.511904	-34.425665	10.820119
-93.548289	99.772655	-100.000000	90.520135	18.768764	7.245317
100.000000	-99.472458	99.207328	-10.283615	19.035290	46.070822
100.000000	-70.075581	-98.962041	8.833829	-37.770233	23.342956
-100.000000	100.000000	-100.000000	34.339016	44.328527	-30.633914
-100.000000	99.082637	-66.270052	-13.165829	-17.976710	-28.598916
-83.251441	99.738287	-99.211624	63.889710	22.794899	22.164542
-86.875813	100.000000	-100.000000	41.169207	55.133733	15.596541
-95.752186	68.713446	100.000000	-10.581176	36.871449	-11.738050
-84.634360	99.786377	-99.567856	35.935709	-34.875857	21.701937
100.000000	-100.000000	100.000000	-50.943491	-43.286741	32.916737
100.000000	-100.000000	99.973289	-32.660304	61.766972	57.676515
-100.000000	99.787476	-99.894928	16.245994	-33.984293	-85.852850
-83.401528	100.000000	-100.000000	93.306826	-39.569712	23.809491
100.000000	-68.113170	-99.724190	28.016587	-26.423659	87.667888
-100.000000	99.870103	-100.000000	31.931803	23.689838	-25.862421
73.748557	-99.608682	99.864691	-81.010577	-25.533566	-36.432037
-100.000000	100.000000	-99.922302	65.817949	-25.148351	-18.500002
100.000000	-68.232128	-99.617009	39.193331	35.328873	45.890050
-100.000000	99.235095	-100.000000	23.241324	38.150163	-21.903032
100.000000	-67.829944	-100.000000	24.619665	34.971190	35.381995
-100.000000	99.947781	-100.000000	12.948927	61.219067	-40.336931
100.000000	-67.880967	-100.000000	24.079649	77.286741	45.014758
-58.960948	99.884103	-99.692351	69.022783	-20.844888	57.258018
-73.978605	99.488142	-100.000000	89.835277	-36.431752	35.925175
100.000000	-68.855320	-99.895573	16.387273	31.375882	31.247860
-100.000000	99.526418	-99.830029	61.185053	15.851391	-75.816368
100.000000	-99.534189	100.000000	-34.367262	-62.246932	60.105788
-100.000000	99.260948	-98.932922	41.638016	-30.530075	-17.131714
-100.000000	100.000000	-99.824501	59.158050	-23.877664	-41.822200
-100.000000	68.556823	99.920014	-23.673636	32.386067	-38.293872
100.000000	-100.000000	100.000000	-35.361455	13.309640	5.310655
-41.770082	100.000000	-99.751291	89.573414	19.165613	82.077432
100.000000	-99.828178	99.656615	-29.630022	-35.998164	56.980394
-100.000000	99.928130	-98.758401	53.057526	21.942195	-16.653917
100.000000	-99.302466	99.689628	-35.261635	31.933659	39.201370
100.000000	-99.901218	100.000000	-45.634258	74.026583	37.223319
-83.669470	99.828773	-99.070713	31.431539	40.174705	23.195345
-100.000000	68.645873	99.763426	-35.664206	-40.990905	-41.920289
-90.115806	99.097631	-99.690988	36.872217	19.724530	14.533369
100.000000	-99.461491	100.000000	-82.333127	-41.898880	13.791229
92.993343	-99.353037	100.000000	-33.218838	-31.563028	-5.808256
71.688718	-99.828673	99.057698	-71.338357	-24.017225	-39.130716
100.000000	-99.846539	99.679379	-27.535321	45.624114	73.915192
86.560842	-68.264339	-99.867088	42.550707	8.752871	48.839508
100.000000	-68.072186	-99.689169	36.944521	54.561309	45.353521
-100.000000	68.296060	99.396457	-41.525625	23.098378	-41.318763
-100.000000	100.000000	-98.645414	56.473749	-21.554640	-20.833959
-100.000000	99.395031	-100.000000	27.503000	50.757547	-31.761024
-100.000000	98.864788	-98.713502	46.164209	44.571486	-15.554422
-100.000000	100.000000	-99.363208	54.536169	-17.027147	-23.358412
100.000000	-99.709491	100.000000	-51.854268	-34.405511	60.548446
100.000000	-68.560351	-99.870857	25.950003	63.824039	54.899010
100.000000	-99.591876	99.751632	-20.484098	26.493769	57.881795
100.000000	-68.292857	-100.000000	17.151436	14.493542	39.242628
100.000000	-68.011158	-99.738530	19.592844	-33.188770	47.618416
-100.000000	99.566084	-99.394522	30.347321	31.810581	-21.618964
-100.000000	97.955956	-100.000000	9.436665	-9.851757	-6.259361
-86.943709	99.767062	-99.404104	24.648878	36.467581	17.612466
-80.413658	100.000000	-99.774837	62.345176	16.845524	27.405606
-100.000000	99.450030	-100.000000	72.854581	-31.691416	-43.787383
-78.010886	99.872882	-99.765935	60.065638	47.594319	31.442360
-100.000000	98.797032	-99.509521	14.510302	16.088675	-53.962938
99.223011	-68.356481	-100.000000	36.376821	29.895299	33.079837
-100.000000	99.698178	-99.573826	97.499439	13.728239	-18.937524
-100.000000	98.995242	-99.456560	48.071951	-15.145083	-17.374883
100.000000	-66.930482	-100.000000	17.795282	-32.509157	34.645788
-100.000000	68.100979	99.720793	-34.589310	-41.765884	-36.217766
100.000000	-69.486105	-99.859593	14.409992	-48.045452	47.215003
79.754736	-68.236443	-100.000000	47.647005	12.161350	43.745032
-100.000000	99.715962	-100.000000	37.233359	44.627651	-30.843048
100.000000	-68.463754	-99.828227	16.150032	60.798841	52.062833
-78.494830	98.021564	-99.038374	30.179765	-12.182847	28.783298
-100.000000	97.900409	-3.075744	9.599725	-82.288813	-97.051271
100.000000	-99.460151	99.966500	-29.275554	65.312726	25.436635
100.000000	-67.519365	-99.629379	18.996855	43.498006	65.940914
-100.000000	99.629891	-100.000000	11.932731	-24.303595	-8.601316
100.000000	-98.501528	99.888215	-62.408325	14.092265	35.447259
-69.649788	99.962794	-100.000000	36.864195	-40.102369	34.596522
-100.000000	100.000000	-99.723696	50.693717	35.276606	-36.944948
-100.000000	98.702887	-99.858704	8.325020	-24.027894	-41.218583
-100.000000	99.808706	-99.941413	62.248396	-28.356676	-38.903132
-100.000000	99.864998	-100.000000	43.923320	28.995998	-31.138359
100.000000	-70.579607	-100.000000	42.983714	2.480523	71.875908
-100.000000	99.635514	-100.000000	73.423367	-46.891746	-20.872587
-66.312827	99.997527	-100.000000	48.159024	-33.876544	42.736946
-83.175574	99.674639	-99.964801	51.374689	58.797067	24.487254
-100.000000	99.654395	-100.000000	13.952545	-23.036179	-40.002002
100.000000	-100.000000	100.000000	-8.118755	65.230596	22.653562
-88.369804	99.048562	-99.774387	55.722911	35.913401	16.497302
100.000000	-68.407052	-100.000000	28.284826	-25.749512	51.741531
-100.000000	100.000000	-99.624826	13.989949	-41.640887	-10.912903
86.925341	-99.907365	99.726544	-27.924422	14.578255	-19.541581
-100.000000	69.454647	99.576013	-32.685634	-48.600918	-41.355527
-100.000000	68.443327	100.000000	-26.540676	34.832920	-35.861989
100.000000	-100.000000	100.000000	-48.721106	80.214926	28.210150
100.000000	-100.000000	100.000000	-28.869326	10.616386	17.563075
-87.523953	99.209460	-99.161683	33.708482	30.214649	17.300642
-100.000000	68.292193	99.664635	-49.161137	-37.672637	-86.505055
-100.000000	98.903990	-100.000000	36.603488	17.424152	-3.591243
-100.000000	68.527581	100.000000	-23.101863	35.146064	-57.846744
100.000000	-67.628776	-99.755430	25.463060	12.938305	78.673135
100.000000	-100.000000	100.000000	-46.402747	-35.507115	41.475444
100.000000	-98.607333	99.847130	-76.524128	34.886642	27.900205
-100.000000	100.000000	-100.000000	32.732065	36.842346	-14.508632
-100.000000	100.000000	-99.603878	22.581469	-74.542082	-38.667628
-100.000000	68.855371	100.000000	-30.749377	-16.449631	-48.572083
-100.000000	99.960028	-100.000000	57.090209	92.142259	-33.172119
-85.886098	99.435279	-99.599190	26.700701	59.802247	20.522378
92.636393	-98.902174	100.000000	-47.690630	9.313262	-9.508764
85.645054	-98.504627	99.221150	-95.671297	-19.641141	-19.361871
100.000000	-68.745346	-100.000000	27.412776	28.795590	37.669692
100.000000	-68.667155	-99.688892	33.325780	28.345157	51.061578
-77.039409	99.465069	-98.684539	59.925173	-8.159914	32.798882
100.000000	-67.685388	-100.000000	69.165639	27.275060	69.593646
88.980581	-100.000000	100.000000	-47.008736	-95.076667	-15.576966
100.000000	-100.000000	99.383108	-23.517211	71.554349	18.648463
-100.000000	100.000000	-100.000000	18.833981	-37.443277	-16.497558
100.000000	-99.618340	99.593237	-19.648947	51.946910	44.196911
-100.000000	100.000000	-100.000000	15.601604	-17.407381	-57.767410
100.000000	-99.628054	98.634972	-35.544527	42.997992	16.626057
-85.063052	100.000000	-99.587089	49.872497	18.340693	21.301317
-100.000000	99.531863	-100.000000	20.002546	-32.779183	-23.432290
-86.683162	99.846690	-99.786137	28.384575	40.343140	17.547379
-89.465130	99.096141	-100.000000	39.316472	-35.526293	13.797926
-100.000000	68.602702	100.000000	-39.744418	-43.443414	-46.254413
100.000000	-100.000000	99.872619	-36.585268	29.668426	26.768690
-100.000000	100.000000	-99.928969	9.174672	69.583902	-52.252088
100.000000	-98.805373	99.375495	-11.127022	68.615588	30.438522
100.000000	-99.296228	99.864589	-19.139323	52.550889	30.747645
100.000000	-71.586820	-99.644800	0.706387	20.925273	17.777319
71.584174	-100.000000	99.868064	-53.807676	-27.228428	-38.185452
100.000000	-99.505728	99.801494	-32.823450	-43.406633	47.109800
100.000000	-100.000000	99.258715	-69.917788	47.130531	15.956803
100.000000	-99.363246	100.000000	-21.136328	17.650310	35.270723
-100.000000	100.000000	-100.000000	48.863670	-23.481450	-17.991675
100.000000	-69.298916	-100.000000	17.395808	50.746489	70.249725
-100.000000	97.917612	-100.000000	29.552347	70.138992	-5.019217
-100.000000	68.268954	99.787246	-45.231925	29.747106	-43.936813
-83.879286	99.281474	-100.000000	32.934152	24.533040	23.107797
-100.000000	100.000000	-99.663977	16.501168	-41.484842	-19.903283
-100.000000	99.576333	-100.000000	9.530728	-89.824289	-31.645671
-100.000000	99.336185	-99.938900	21.121026	43.437074	-99.203647
100.000000	-69.406126	-99.595271	21.592187	24.926908	41.411572
-100.000000	99.885469	-99.948270	10.450189	10.279465	-59.687427
99.496905	-68.297531	-100.000000	25.797214	17.800646	25.444398
-100.000000	99.577935	-99.929185	37.398596	9.344866	-45.208106
87.105163	-100.000000	100.000000	-43.921787	-41.363770	-16.262359
-77.870333	99.156890	-98.782410	36.531831	-20.074937	30.964637
100.000000	-99.759112	100.000000	-49.369982	53.218802	35.374057
100.000000	-68.510083	-100.000000	41.169188	28.386575	69.815711
-80.526121	100.000000	-99.830175	41.979754	39.770348	26.566277
100.000000	-97.879411	99.719672	-14.543887	-16.239287	42.442859
100.000000	-99.893046	100.000000	-84.155902	18.841526	16.332795
-76.945849	99.701922	-100.000000	51.279440	30.950438	31.395376
100.000000	-100.000000	100.000000	-19.069785	16.885109	24.082930
-100.000000	68.924766	100.000000	-16.181795	35.431012	-29.437009
-93.567925	100.000000	-99.394516	48.960832	-16.810640	10.230210
-100.000000	100.000000	-100.000000	28.209236	-23.436191	-28.922736
-100.000000	99.771057	-100.000000	22.199398	-27.978367	-79.743013
100.000000	-99.961158	99.376986	-87.787022	30.302472	29.409257
-89.298408	98.344240	-100.000000	48.618815	-30.855971	15.058458
-92.912531	99.141683	-100.000000	40.315870	-30.196453	3.456038
100.000000	-100.000000	99.779604	-31.629609	11.186073	56.174690
100.000000	-70.614613	-99.580809	52.321141	9.560550	65.025144
100.000000	-100.000000	100.000000	-41.356725	65.955968	43.823201
-86.641782	99.012443	-98.967152	41.003714	59.124387	19.898939
-74.334177	100.000000	-99.804887	59.339579	11.098151	33.106026
-84.979289	100.000000	-99.411960	31.206257	19.554126	20.514122
-100.000000	99.615636	-100.000000	26.710100	17.013459	-30.226993
100.000000	-99.320262	100.000000	-14.880521	71.786105	36.477279
-100.000000	68.243329	99.573695	-19.853299	88.038233	-28.273826
100.000000	-99.906764	98.764725	-65.971170	12.855055	15.252875
87.289527	-100.000000	100.000000	-48.144723	-43.783118	-16.507121
-100.000000	99.636961	-99.999655	61.291062	81.891304	-22.108174
100.000000	-67.820641	-99.722804	20.520315	39.400288	61.161494
-71.786753	99.131985	-98.891211	47.590122	19.771652	39.015909
-72.764508	99.032428	-99.604878	44.170993	45.766011	38.141904
-100.000000	99.743343	-99.866018	38.474857	-36.659249	-54.705743
100.000000	-99.827205	99.521211	-42.170763	19.579492	16.483794
83.855735	-99.349701	99.728100	-37.481944	51.681657	-22.225831
85.943414	-100.000000	99.094298	-69.034059	-46.397617	-20.521416
-45.325528	99.653212	-99.356307	97.539841	27.551188	76.112948
-88.265724	99.665091	-100.000000	59.184346	79.844222	13.746062
-100.000000	100.000000	-99.810195	9.373483	-16.415593	-58.087377
100.000000	-69.235344	-99.288106	14.563131	48.796743	29.112620
-80.613251	99.739603	-99.176944	46.369884	-29.749077	26.793488
100.000000	-100.000000	99.881876	-27.319283	-30.215956	24.847713
100.000000	-67.615064	-99.711320	34.627107	32.133238	57.883898
-71.859265	99.549094	-99.416737	90.544110	46.981073	39.964661
-100.000000	99.347498	-99.558579	41.956838	-32.483425	-16.763162
100.000000	-99.440796	99.553596	-44.137111	30.743963	13.530248
-100.000000	100.000000	-99.867298	30.031555	25.056202	-47.022790
100.000000	-67.853123	-99.643305	28.715329	29.880888	49.447344
-100.000000	98.303046	-99.535336	34.176809	67.857491	-9.794527
-100.000000	100.000000	-99.797221	14.612158	43.799586	-33.656861
100.000000	-68.539264	-100.000000	43.212383	6.108058	60.090369
-100.000000	67.619055	99.818573	-33.549020	31.670081	-62.855023
-79.460061	99.680405	-100.000000	56.331675	83.078119	28.612392
-100.000000	68.712887	99.878484	-30.894153	56.344211	-33.358538
100.000000	-98.928336	100.000000	-12.246823	25.161589	47.927079
83.440080	-99.460997	99.136625	-56.390735	-18.346513	-23.462543
-100.000000	100.000000	-100.000000	51.200645	-62.648104	-5.086670
100.000000	-68.759994	-99.856135	37.081914	30.667652	39.982977
-93.084993	100.000000	-99.656569	37.998660	44.169746	9.816369
100.000000	-98.816262	98.802641	-49.037788	63.394724	18.129213
-95.893754	98.700411	-98.055897	38.871107	41.624064	6.594308
-100.000000	100.000000	-98.917718	86.039601	14.376332	-18.291844
100.000000	-68.494184	-100.000000	22.194540	20.476455	89.359920
-100.000000	100.000000	-100.000000	29.695972	36.569437	-45.681299
100.000000	-68.235870	-100.000000	30.238738	21.556602	38.332528
100.000000	-68.073433	-99.867918	34.493353	51.894139	50.101764
-81.796605	99.942453	-99.115510	56.968153	-23.146787	25.233419
-100.000000	99.057945	-99.495614	10.015907	59.835301	-21.237361
100.000000	-68.076520	-99.292406	39.042864	22.727768	45.801988
100.000000	-99.809720	99.012075	-59.089628	86.053408	17.348947
100.000000	-67.855280	-100.000000	21.691978	35.940761	53.433252
100.000000	-96.789892	99.888004	-57.080794	11.418067	81.855636
-100.000000	68.359418	99.462053	-35.809895	-50.438193	-44.180128
-100.000000	99.974579	-99.572770	31.285707	-42.922815	-65.202337
-100.000000	68.790794	100.000000	-16.259661	51.709269	-26.730357
-100.000000	68.253659	99.536887	-49.811307	15.698677	-87.215792
-68.842055	99.719626	-99.961498	51.247764	36.835946	44.320125
83.800550	-99.919177	100.000000	-60.385029	-56.203445	-23.494050
-100.000000	99.278141	-99.369792	43.699220	-9.576995	-38.652174
100.000000	-68.640335	-99.242825	12.234511	-39.243662	25.792791
66.952585	-99.698853	99.467548	-62.794280	-31.021672	-46.441690
-90.472780	98.202912	-100.000000	28.659354	-28.483936	12.197067
100.000000	-100.000000	100.000000	-54.804506	31.737089	37.812316
-100.000000	68.479161	99.957952	-32.672192	15.127562	-91.628012
-79.084885	100.000000	-99.790497	90.524753	19.324181	28.986527
-100.000000	99.985838	-99.947324	39.484419	-9.396325	-79.490506
-58.362153	99.383214	-99.569853	14.500475	58.948655	19.460624
100.000000	-67.756877	-99.603030	23.824977	39.627867	22.278540
-72.589538	100.000000	-99.640868	52.006592	36.880052	38.267094
-100.000000	100.000000	-99.700484	31.794415	26.586986	-33.250027
-100.000000	100.000000	-99.903387	40.966364	-81.789045	-38.094949
-79.415719	99.433260	-99.765746	39.603362	94.373182	29.036721
-100.000000	65.531663	99.461358	-22.283318	-36.829082	-35.430331
-100.000000	100.000000	-100.000000	11.261663	87.853753	-11.869981
-100.000000	99.893575	-99.936670	18.987297	59.873184	-14.271518
100.000000	-68.070843	-100.000000	34.388846	41.554714	39.658184
100.000000	-68.245411	-99.724680	16.065287	19.777181	39.116305
100.000000	-99.936122	100.000000	-18.630002	-38.025906	45.997919
100.000000	-100.000000	99.715249	-37.261865	18.523168	25.693042
100.000000	-99.453146	100.000000	-36.000196	34.822375	21.389266
100.000000	-99.747926	100.000000	-45.089334	38.070959	87.539756
100.000000	-68.372448	-99.536163	29.550892	22.865511	83.076746
100.000000	-68.570542	-100.000000	24.228716	-38.350036	63.826849
-100.000000	99.663312	-99.954504	32.212564	33.783717	-61.954519
-100.000000	68.266955	99.920718	-16.222555	16.918678	-31.222052
-79.859792	100.000000	-99.247606	53.551529	24.389311	28.552341
-85.291557	99.936379	-100.000000	42.767290	68.094539	20.378565
-80.402648	98.804966	-100.000000	41.685475	-35.449858	27.108461
-100.000000	100.000000	-99.912300	14.516205	45.930745	-32.601185
-100.000000	100.000000	-99.525622	49.492148	-48.326330	-21.096852
-100.000000	68.935528	99.545447	-16.454122	54.480136	-29.069642
-100.000000	100.000000	-99.174648	94.767726	27.235040	-13.652491
100.000000	-68.210496	-99.577790	22.742950	-36.521458	38.575897
-100.000000	100.000000	-100.000000	13.466398	37.729171	-10.532165
100.000000	-97.853831	100.000000	-15.143929	-28.781374	71.800438
84.128266	-99.519824	100.000000	-82.869404	-66.671539	-21.868494
-90.896733	99.474951	-100.000000	36.148284	75.533861	14.111136
100.000000	-99.964173	99.756347	-45.949407	-31.542915	55.570927
100.000000	-68.080097	-99.724313	17.670699	35.952603	27.375053
-76.241757	100.000000	-99.923060	50.527829	-18.809629	32.421286
-81.367995	99.760465	-99.665244	96.469053	21.020034	24.464392
100.000000	-99.612983	99.854335	-29.740608	-74.617562	29.244473
-100.000000	99.180028	-98.995515	66.164656	9.350123	-21.051425
100.000000	-99.941624	99.417141	-20.664991	-28.798749	8.989981
-100.000000	65.808385	100.000000	-8.255995	12.409262	-42.287164
-100.000000	68.376551	99.078064	-54.509113	-20.238419	-81.038348
-100.000000	99.313297	-100.000000	21.036826	37.972912	-57.848472
-95.152518	100.000000	-100.000000	45.457021	-19.837492	6.659717
-93.501455	96.836704	-99.183698	29.286913	-8.504399	3.107483
-100.000000	99.828578	-99.488395	80.839255	44.395808	-25.673481
100.000000	-99.257727	99.803669	-11.352004	-67.060413	29.502046
100.000000	-68.853571	-99.524509	11.347449	46.703954	33.072599
-88.482776	99.575342	-98.940248	58.498925	92.700727	16.451347
-48.900633	99.291647	-98.969989	34.105213	24.146559	31.412133
74.430383	-100.000000	100.000000	-48.851411	26.200295	-36.329711
100.000000	-99.653242	99.744865	-47.192047	10.773583	29.222679
-83.317304	99.743022	-100.000000	47.596947	-51.277007	22.785142
-96.596801	81.687165	55.073009	21.986987	20.445834	4.407444
100.000000	-99.459416	99.541279	-23.042562	30.920219	59.378305
-100.000000	97.179422	-99.364363	37.511321	2.086496	-22.217488
-100.000000	99.834983	-99.468620	37.975508	47.535978	-28.132892
100.000000	-68.254785	-99.484266	14.271472	18.367000	53.472365
-91.241053	99.438543	-99.202895	42.534337	65.855756	16.040672
100.000000	-69.119821	-99.749976	18.013966	-23.278610	87.132542
87.371370	-98.471454	99.479163	-31.704991	-26.753967	-17.179741
-100.000000	100.000000	-100.000000	31.246333	73.833230	-29.307404
100.000000	-68.682686	-99.952592	21.817840	-40.634563	82.983717
100.000000	-100.000000	100.000000	-17.599283	-46.762198	9.977005
100.000000	-67.917488	-99.346741	32.612729	47.068618	35.292420
-100.000000	100.000000	-99.756483	31.608629	28.073471	-76.355222
80.296523	-68.688093	-99.869956	45.562375	50.973875	42.061919
100.000000	-67.906427	-100.000000	34.748784	40.576574	72.273272
-72.533871	99.578098	-99.592026	90.427311	-16.870546	39.053700
92.475015	-99.253607	98.426832	-68.279020	47.779548	-6.113721
100.000000	-99.325197	100.000000	-24.597768	-35.557186	99.517928
100.000000	-67.917465	-99.734532	44.837691	36.485894	62.637152
100.000000	-69.482496	-100.000000	8.427224	-15.727782	80.893506
-87.718192	100.000000	-99.770102	53.738614	-67.162219	16.961788
100.000000	-99.498630	99.995894	-8.097058	22.431959	24.894981
-100.000000	99.031523	-99.103010	54.649012	8.109006	-13.133470
100.000000	-99.393057	99.817652	-13.707640	54.846896	43.175538
-100.000000	100.000000	-99.846129	29.778757	45.681062	-26.538721
100.000000	-68.516457	-99.959446	24.780719	55.104094	53.741741
-92.427157	99.924806	-99.939694	14.322892	-59.819432	11.100268
-87.313708	100.000000	-99.632670	24.719183	42.376411	18.924658
100.000000	-67.580712	-99.701724	13.657438	26.208596	57.105369
100.000000	-99.704403	99.744680	-21.526630	31.224343	87.753570
-76.806090	99.873622	-100.000000	50.758218	-43.211251	32.313066
-83.625371	99.540138	-100.000000	98.327140	-31.999018	23.221284
72.328768	-99.486532	100.000000	-50.190247	32.374816	-39.006980
100.000000	-99.804307	99.925410	-33.332146	25.261761	56.658847
100.000000	-99.777620	99.971442	-25.944560	-71.756553	31.810839
-100.000000	99.887119	-100.000000	97.991181	42.515369	-28.166833
-73.285279	100.000000	-100.000000	51.281459	87.617814	38.167583
-100.000000	68.616453	99.676536	-25.267708	-27.903124	-43.195770
-73.318809	100.000000	-99.954593	45.483816	37.386979	38.365001
100.000000	-68.433738	-99.759556	12.266500	-25.801799	45.282991
100.000000	-98.927747	99.479264	-17.526781	24.598031	85.460643
-100.000000	100.000000	-99.744443	15.874911	45.233302	-28.745952
100.000000	-67.141473	-99.974147	12.515230	13.756362	88.421879
-100.000000	66.838098	100.000000	-22.346978	19.876721	-50.072402
100.000000	-100.000000	97.251201	-0.163062	60.895805	41.398454
-87.123281	100.000000	-100.000000	44.565816	-27.555506	15.882126
78.064870	-100.000000	99.274258	-41.742354	-37.515781	-30.858191
100.000000	-67.926375	-99.729610	38.313242	-40.490387	89.447908
-100.000000	99.933550	-98.801530	50.770757	38.783639	-20.141227
100.000000	-67.785469	-99.922722	25.158840	-69.669915	66.638622
100.000000	-99.522516	99.935821	-15.819401	-62.150456	52.183317
100.000000	-66.767965	-99.737233	7.175607	-47.279411	47.937151
100.000000	-99.484711	100.000000	-99.640963	-19.196758	62.803402
100.000000	-99.615992	100.000000	-17.238268	14.433269	22.567531
-100.000000	99.552066	-100.000000	78.927373	-25.898376	-37.416735
100.000000	-100.000000	99.111177	-28.462207	57.474091	25.123096
-100.000000	67.603416	100.000000	-17.385235	92.636970	-22.916147
-100.000000	68.186987	100.000000	-33.707757	13.497474	-38.997383
83.585400	-98.556449	99.955874	-46.328448	41.179169	-22.068678
100.000000	-99.783486	99.899828	-22.226665	22.766396	53.102235
-100.000000	99.953615	-100.000000	60.521581	60.003862	-21.498838
-80.101371	100.000000	-99.595079	49.204555	32.003653	27.695326
-85.671772	99.856495	-100.000000	41.389451	70.902194	19.392543
-100.000000	100.000000	-100.000000	19.306661	-74.883452	-24.066390
93.002822	-98.216385	100.000000	-30.509287	-52.147331	-10.499444
-81.629566	99.486968	-99.620717	73.017653	-45.780571	25.501412
-81.198839	99.411937	-99.532992	57.753461	-13.210417	25.367594
30.928407	100.000000	-99.754234	24.165928	-31.767508	36.344914
-100.000000	100.000000	-99.963167	40.214987	26.427416	-58.196358
-100.000000	99.528081	-99.827060	34.459240	18.405504	-24.494275
-100.000000	99.504150	-100.000000	27.981107	-20.189722	-37.111776
-100.000000	100.000000	-99.595165	26.559644	-98.300996	-16.040128
-100.000000	99.884704	-99.881856	56.646323	19.786991	-45.826815
-77.823508	99.972980	-99.422063	42.176950	30.851150	31.039623
-100.000000	99.617754	-100.000000	60.615718	32.883201	-18.538101
100.000000	-69.093087	-100.000000	17.960737	-26.716182	35.650150
100.000000	-99.984341	99.860532	-61.449961	30.109175	60.632168
100.000000	-68.594778	-99.927886	42.676086	24.069925	50.442920
100.000000	-67.848297	-100.000000	21.416220	25.734122	52.988329
100.000000	-68.272553	-99.828617	36.590285	91.381717	38.646631
-90.584528	98.934677	-99.529962	44.991399	-23.010528	13.102982
-100.000000	99.695099	-100.000000	30.438696	-31.887391	-27.860725
100.000000	-99.491350	99.982432	-56.512367	-25.665878	47.234590
100.000000	-99.213574	100.000000	-29.890848	-50.866804	31.531679
-100.000000	99.402069	-99.806638	41.123020	19.862161	-53.372805
-100.000000	100.000000	-100.000000	37.798702	47.863085	-59.157271
100.000000	-99.289900	100.000000	-31.390047	-20.726981	64.162690
-100.000000	99.550070	-100.000000	16.492610	-41.334128	-79.794350
93.241212	-66.826323	-100.000000	16.445994	24.909440	16.093565
100.000000	-100.000000	99.734442	-25.325537	43.496451	15.568736
-100.000000	100.000000	-100.000000	84.271869	14.952240	-49.500193
-100.000000	99.164531	-99.980116	8.378567	91.777752	-17.010265
-100.000000	100.000000	-100.000000	18.104991	-29.883352	-25.623084
100.000000	-100.000000	99.521834	-24.529676	-42.506199	41.258562
100.000000	-99.317999	99.851849	-54.025194	-31.199673	55.884823
100.000000	-69.399143	-99.613841	20.174227	30.065117	54.560736
-48.021354	99.954586	-99.569493	95.266739	10.942811	73.618384
100.000000	-68.533551	-99.660634	33.078623	43.736722	34.140636
-42.627945	100.000000	-99.391831	34.356579	-28.340992	30.852407
-100.000000	67.891810	99.650323	-14.122190	25.245016	-62.370596
-77.331715	99.740769	-99.942818	67.668879	-47.163281	32.398079
-100.000000	68.218554	99.813663	-26.300883	-79.460282	-72.885971
100.000000	-67.351287	-100.000000	31.640259	82.889832	70.704865
-100.000000	99.671616	-100.000000	36.288932	-24.467787	-27.898193
-100.000000	99.912597	-100.000000	34.779896	-24.685258	-49.700205
100.000000	-99.954506	100.000000	-29.062525	21.733909	44.265222
100.000000	-99.555624	100.000000	-30.407225	-62.389236	22.844252
-87.758431	100.000000	-99.918879	42.465257	-84.404110	18.297859
-83.619792	99.139096	-99.562816	63.803727	-25.657257	22.479472
100.000000	-68.653444	-99.176231	28.410758	-12.965637	79.806070
100.000000	-68.001615	-97.827460	29.174394	-5.542198	59.399360
98.779461	-68.599379	-99.695859	22.511424	-10.576469	19.059338
100.000000	-68.344773	-100.000000	39.559267	-23.500551	59.190871
-100.000000	100.000000	-97.623639	48.190096	93.837224	-9.408316
-100.000000	99.801987	-99.400666	42.023005	28.335256	-29.498107
71.966657	-100.000000	99.762291	-83.540970	-29.590681	-39.411660
-89.979802	99.659710	-100.000000	43.523323	51.284739	12.800846
-100.000000	99.745979	-99.680521	32.022635	53.009763	-16.524371
-100.000000	67.143738	99.476545	-18.164334	10.435246	-23.053799
-100.000000	99.749459	-99.839130	8.432117	-35.199878	-39.726643
100.000000	-100.000000	100.000000	-76.701534	28.191100	32.282458
100.000000	-99.500654	99.750676	-77.347538	31.589564	43.588690
100.000000	-100.000000	99.878772	-31.737925	33.623674	66.227649
-71.932108	99.895266	-99.603042	48.213736	-56.297741	39.446022
100.000000	-68.691327	-100.000000	42.029369	53.785912	43.671239
100.000000	-99.931061	99.954686	-59.314840	40.817730	21.661901
100.000000	-69.175093	-99.981269	22.076100	-20.068316	79.748771
93.725226	-100.000000	93.500345	-10.536787	95.788432	2.066005
100.000000	-69.073750	-99.932985	47.918874	-70.378392	51.742111
-100.000000	99.247772	-100.000000	44.719816	-44.663984	-25.293996
87.607868	-100.000000	100.000000	-47.960843	63.244984	-15.559192
-100.000000	100.000000	-100.000000	30.408035	52.322426	-31.925830
-100.000000	99.540886	-99.503477	18.972824	14.995184	-23.758375
-100.000000	99.853969	-100.000000	30.130096	-63.751322	-54.662578
-84.561305	99.929902	-99.404234	92.161971	-24.388815	21.862182
82.033115	-100.000000	99.873135	-47.152497	-53.517511	-24.177834
-86.986237	100.000000	-98.998052	38.333125	19.932561	18.170011
-79.688741	100.000000	-99.126360	40.801146	-31.482439	28.522688
-100.000000	68.580260	99.643948	-27.003747	-42.325938	-38.207302
-100.000000	99.729511	-99.689294	32.170660	35.457112	-62.914045
-100.000000	99.693404	-99.626022	45.426327	-50.936896	-28.960559
-75.624603	100.000000	-99.620774	37.824102	28.557265	32.024184
-82.364504	99.523497	-99.692264	44.354901	-6.994383	22.394052
100.000000	-68.154584	-99.637130	14.201988	79.436315	34.501379
100.000000	-99.690779	100.000000	-8.286731	37.109802	82.539823
-100.000000	100.000000	-99.813484	46.064778	-29.119989	-16.988562
-100.000000	98.382623	-99.743365	12.143648	83.275644	-29.377271
100.000000	-99.380914	99.902217	-19.815430	-20.936712	67.827502
-82.838338	100.000000	-100.000000	33.891806	67.525772	25.010012
84.575417	-100.000000	99.938433	-64.534547	49.772379	-22.323515
-100.000000	99.632616	-100.000000	31.870210	28.453797	-62.161368
100.000000	-99.576165	99.948894	-20.476968	-32.930520	35.349500
-100.000000	68.096395	100.000000	-56.335608	18.529936	-63.618036
-100.000000	99.144231	-100.000000	58.654778	42.214650	-39.390681
-95.182181	100.000000	-99.346679	32.859384	-6.933047	10.559281
100.000000	-99.802200	100.000000	-92.621978	24.799191	17.725931
-100.000000	100.000000	-100.000000	24.525445	27.282066	-38.534263
86.078098	-99.259902	100.000000	-51.497543	-22.404073	-20.534161
100.000000	-99.494903	100.000000	-31.113746	63.779069	8.383930
100.000000	-98.791968	99.882273	-67.800057	10.029816	31.549326
100.000000	-100.000000	99.422174	-31.790529	82.606343	57.900132
100.000000	-68.251229	-100.000000	19.666197	-30.093918	56.723391
72.941707	-100.000000	99.925334	-49.439176	-15.496325	-37.843327
100.000000	-69.263630	-99.757342	37.885847	-26.374248	37.473187
83.787062	-99.681257	99.518317	-31.029038	40.586915	-22.942722
100.000000	-100.000000	27.164887	11.891340	67.898537	39.656929
95.292920	-98.142837	98.956460	-16.922292	-41.891351	-4.535396
-100.000000	98.637797	3.052063	13.717171	-3.868673	-71.476035
-100.000000	69.226901	99.930772	-8.814953	28.160846	-15.404714
-100.000000	99.789008	-98.511747	33.306327	-22.618589	-42.583806
89.505155	-100.000000	100.000000	-31.274866	27.413810	-15.351629
-86.488746	99.339793	-100.000000	26.122015	15.421548	18.455840
100.000000	-68.469039	-100.000000	35.061905	9.566785	42.727866
82.225010	-67.857711	-100.000000	24.167583	39.621369	19.424391
100.000000	-67.700213	-99.353517	31.174998	-30.885568	42.548084
47.860072	-100.000000	99.857279	-52.554253	6.024745	-49.101630
-100.000000	68.396566	99.955664	-22.121817	58.449587	-99.882124
100.000000	-68.356050	-99.770805	16.810688	-47.877102	31.988860
-86.167747	99.940865	-100.000000	62.362570	22.300016	20.580154
-100.000000	99.277865	-99.451282	26.855490	36.470911	-19.158146
-93.224547	99.061014	-100.000000	18.779913	79.857521	7.552698
100.000000	-98.244941	99.696955	-56.250003	-76.380454	11.422726
100.000000	-69.470145	-99.696215	20.827093	31.715203	37.941141
100.000000	-100.000000	100.000000	-19.029799	-39.456421	43.375504
-7.139573	99.831462	-99.862280	41.150569	-14.575286	42.949232
-100.000000	100.000000	-100.000000	42.395102	11.759022	-15.550896
-65.515375	100.000000	-99.731185	56.906364	18.365247	46.716855
-61.909105	99.840284	-99.846214	67.152684	-20.098645	53.802721
-100.000000	99.420060	-25.323049	-7.972574	54.053135	-71.311693
77.188513	-69.127089	-99.451249	22.473023	-49.142387	17.250186
-100.000000	99.467220	-25.076047	-7.555811	22.768752	-57.989941
100.000000	-99.964723	100.000000	-69.521103	-9.562474	71.090568
-100.000000	99.566468	-99.737111	13.017904	100.000000	-21.591996
100.000000	-69.752651	-100.000000	19.064823	-18.215658	32.192624
-100.000000	100.000000	-100.000000	88.576117	45.710843	-13.280920
-100.000000	67.787271	99.718332	-30.113118	-44.318691	-71.241883
100.000000	-67.868623	-99.913890	14.000141	16.792305	97.561606
-68.136797	99.930275	-98.989710	95.522001	-30.941804	44.659515
100.000000	-100.000000	100.000000	-38.523557	-20.137707	57.047708
100.000000	-68.645060	-99.740708	18.044856	-32.924698	61.787751
100.000000	-99.973639	99.830376	-40.535619	-23.235064	53.552329
-100.000000	99.829117	-99.658781	33.404789	-38.690092	-13.030846
-100.000000	99.774688	-99.427172	64.735032	48.753717	-35.049143
-100.000000	98.985313	-100.000000	23.723153	7.079273	-17.910447
-100.000000	100.000000	-99.912976	30.714739	83.012522	-12.948251
-19.111741	100.000000	-99.977815	37.485838	97.807899	37.538989
-77.242531	99.458637	-99.979407	54.283850	20.464629	31.664310
100.000000	-67.853266	-99.741420	27.143047	-46.273462	62.476310
-100.000000	100.000000	-99.658958	31.562029	-41.111920	-21.109146
-64.513214	100.000000	-99.836509	80.255957	32.321177	49.367979
-100.000000	99.154044	-100.000000	55.356549	26.570557	-31.462407
100.000000	-99.827914	99.965379	-13.328384	-51.928643	55.838130
100.000000	-69.125636	-99.399591	36.712239	-13.233687	39.137783
-100.000000	98.871385	-100.000000	23.086807	13.107988	-13.739765
100.000000	-68.506682	-99.524165	18.381961	46.903423	23.689245
-71.726158	99.509739	-100.000000	23.286111	30.189681	23.668026
-100.000000	68.407758	99.467007	-31.559062	26.991852	-54.803261
100.000000	-99.793092	100.000000	-42.016421	27.611239	42.529421
-100.000000	99.918128	-99.522959	33.316351	33.346016	-30.389260
-100.000000	68.630278	99.985437	-11.334741	12.887917	-32.052628
100.000000	-100.000000	99.951362	-47.664639	-22.014832	27.659524
-50.788834	100.000000	-100.000000	91.229391	-19.285625	70.855974
-78.807766	98.835720	-99.982880	8.843477	-10.573432	15.570660
100.000000	-98.435929	100.000000	-29.434168	-31.796274	47.035346
100.000000	-99.796230	99.730580	-38.277642	17.895053	43.777630
-100.000000	98.811659	-99.384514	39.593394	-37.511587	-21.222194
100.000000	-99.799057	99.981805	-37.445791	-30.142832	24.636447
100.000000	-99.984660	100.000000	-25.276734	41.806391	21.377829
-94.551025	100.000000	-99.356786	88.457890	68.521064	1.887165
100.000000	-66.998972	-99.532935	11.376803	22.231342	43.818972
100.000000	-69.388350	-99.782724	55.224549	24.484368	68.994912
97.994619	-68.924956	-99.523419	35.238977	43.309417	33.410022
-100.000000	100.000000	-99.134985	32.055118	10.079049	-39.550989
100.000000	-99.905896	99.712592	-28.642987	31.495826	29.629226
-100.000000	99.364717	-98.101098	29.903667	-17.086027	-33.316809
100.000000	-68.640301	-99.930869	25.925901	-35.213640	28.906103
-100.000000	68.974274	99.770834	-20.703812	-18.927143	-60.167797
-73.173832	100.000000	-100.000000	98.543430	24.738195	36.665433
-100.000000	99.795141	-100.000000	20.111935	16.979844	-62.954874
-100.000000	99.559438	-99.787947	27.505801	-46.910033	-53.507772
100.000000	-69.070296	-99.149785	34.511364	11.397265	46.873964
-100.000000	99.666213	-98.754640	58.588564	-12.870756	-37.361130
100.000000	-99.542484	99.926941	-33.316876	9.715924	49.473085
-100.000000	98.738254	-98.462523	42.026158	0.941261	-24.353195
100.000000	-68.203897	-99.482130	25.168189	-24.471326	44.263448
100.000000	-99.691488	99.977405	-36.147806	39.197009	57.155920
-100.000000	99.836488	-99.807965	46.780188	-28.647469	-40.965313
100.000000	-100.000000	99.940728	-21.337061	55.394343	92.085505
100.000000	-100.000000	100.000000	-14.681086	-29.461638	7.675676
100.000000	-69.770299	-99.606960	14.685076	39.449123	21.637383
100.000000	-67.705392	-99.894692	80.178269	-17.403237	86.465698
100.000000	-68.903735	-100.000000	17.165182	57.497520	21.429101
100.000000	-98.739444	99.686781	-23.588025	43.151695	42.486240
-70.996538	100.000000	-99.845850	48.592285	59.386241	39.916140
-100.000000	99.743618	-100.000000	25.952608	-33.195852	-35.905718
-74.149762	99.579339	-99.868463	67.895912	22.790841	34.758120
-100.000000	99.639395	-99.906903	15.358064	32.820747	-59.016994
-100.000000	100.000000	-98.219910	43.297634	-64.903252	-17.904709
-68.001173	98.404935	-99.093672	12.526114	17.712994	10.665742
-100.000000	100.000000	-99.395321	59.558835	32.744266	-42.313988
86.449910	-100.000000	99.203048	-26.478880	-46.518259	-19.935384
-100.000000	67.666251	95.799168	9.274910	11.194825	-68.101966
100.000000	-98.963030	99.876669	-14.203912	-65.745345	49.272378
-100.000000	99.844705	-100.000000	25.044808	-16.855577	-42.333733
100.000000	-99.548741	100.000000	-23.748360	-49.555585	27.125827
-83.132124	100.000000	-100.000000	61.250693	29.256557	24.657467
-100.000000	68.615444	100.000000	-28.715665	-27.617632	-29.695372
87.126346	-99.365865	99.530667	-34.477874	-89.012683	-16.557951
100.000000	-67.536279	-99.755250	14.628606	48.964235	46.395739
100.000000	-68.295482	-99.901689	24.672416	56.922289	52.734483
-67.818330	100.000000	-100.000000	35.455973	16.290201	23.966385
-100.000000	99.153084	-100.000000	33.083834	22.892967	-89.261869
-100.000000	99.624595	-99.882144	66.715018	33.515324	-37.038512
100.000000	-100.000000	99.515309	-54.144299	-46.213460	33.840276
-100.000000	99.517600	-99.890836	74.538302	25.448823	-30.810764
99.819382	-100.000000	100.000000	-86.750047	-30.059203	0.314952
100.000000	-68.759908	-100.000000	29.616520	-26.512355	47.560859
100.000000	-100.000000	99.086827	-31.768051	13.173607	25.587184
100.000000	-68.438868	-99.914870	25.829534	57.841064	56.781222
-78.749989	99.706969	-99.386605	28.103500	-11.716828	28.079730
-100.000000	98.081326	-99.690770	18.809886	42.334312	-4.609850
-83.047542	99.090406	-99.227000	47.842983	16.000857	24.861170
-100.000000	99.648955	-99.180080	16.579468	83.162509	-36.891654
100.000000	-66.759868	-99.903780	43.700831	-25.905978	55.748128
30.853820	99.961608	-100.000000	51.468923	-8.430708	44.623588
-88.966339	98.401570	-100.000000	38.963075	-11.791651	13.015780
100.000000	-100.000000	99.998315	-13.788627	-19.377496	66.466267
-100.000000	99.976429	-100.000000	21.421243	85.867168	-23.853572
-85.577670	100.000000	-100.000000	53.030239	-18.717872	21.136187
100.000000	-99.783770	100.000000	-27.145184	53.713841	54.028415
100.000000	-68.237855	-100.000000	9.986489	39.215501	38.891546
-75.789003	99.714203	-99.810446	86.969480	-38.561795	34.644214
100.000000	-97.157990	54.515976	-0.592029	1.781600	78.820932
100.000000	-67.643423	-99.640023	31.402699	45.209209	61.455746
-100.000000	99.320595	-99.723588	26.454923	32.650351	-22.154969
100.000000	-69.272624	-99.702614	22.658011	-32.120721	27.406307
100.000000	-100.000000	100.000000	-40.474090	27.006290	36.178158
-100.000000	100.000000	-99.832851	94.997106	-70.182656	-10.569033
100.000000	-67.252990	-99.676609	30.574811	18.349653	60.716291
-100.000000	99.437832	-99.942703	27.730305	-43.527950	-36.780310
-80.234750	100.000000	-99.721693	59.798486	-45.471845	28.322163
-100.000000	99.650870	-100.000000	40.988442	16.458365	-61.075571
100.000000	-68.397106	-99.711681	19.034234	-23.530310	37.003563
85.416723	-100.000000	99.474835	-64.681686	23.329915	-20.600730
-100.000000	99.696065	-99.893102	41.667014	23.478385	-25.521056
-100.000000	99.982711	-100.000000	47.015826	-96.002853	-35.532389
100.000000	-99.280148	100.000000	-23.816952	31.214796	17.960581
100.000000	-68.381434	-99.788785	37.961783	27.060095	81.592860
-100.000000	67.457140	100.000000	-13.166851	-36.766040	-63.024452
92.155213	-97.715609	99.064768	-13.908747	33.795184	-10.368117
100.000000	-99.672279	99.854436	-79.016677	-25.928872	61.357962
100.000000	-68.200941	-100.000000	36.484351	11.968951	52.096742
-100.000000	100.000000	-99.872018	22.366266	30.224911	-27.375478
-100.000000	98.267802	-99.741583	15.923917	46.426996	-19.520332
100.000000	-67.593927	-99.748687	37.220877	-20.069530	41.990045
100.000000	-67.438291	-99.536960	31.009444	38.358608	30.778094
-100.000000	68.715309	100.000000	-47.596267	-22.377136	-45.973695
-100.000000	99.441921	-99.398374	58.880029	-93.264088	-17.304378
-79.947800	99.465132	-100.000000	92.142959	-21.207114	28.065887
-99.200686	100.000000	-100.000000	56.020848	-61.622296	5.514931
100.000000	-98.581757	100.000000	-11.095651	41.262664	34.308535
-83.891244	99.808433	-98.940627	60.072503	32.064745	23.510009
100.000000	-99.996136	99.153537	-24.016255	-51.919596	42.157426
-75.925085	99.703449	-99.581764	38.947343	66.993405	34.087330
-100.000000	100.000000	-99.972340	63.528728	-33.297570	-13.906341
-94.783526	100.000000	-99.768192	74.882592	-46.758343	10.276969
-100.000000	99.685711	-99.433011	76.281038	22.288966	-25.598961
100.000000	-67.980668	-100.000000	19.618266	44.823481	82.365635
-100.000000	98.930542	-100.000000	33.627662	21.771502	-10.386977
100.000000	-68.530906	-100.000000	15.947549	46.494586	63.068110
100.000000	-99.709022	99.810103	-37.841898	27.280086	29.608310
68.931658	-99.613547	100.000000	-23.017703	-60.587188	-21.834011
-100.000000	100.000000	-98.161903	31.542329	32.254759	-7.216802
100.000000	-99.866514	99.910904	-20.164190	34.827767	75.609833
100.000000	-99.565337	100.000000	-41.956719	-15.578758	39.336117
-84.238114	99.943334	-99.878956	95.661880	27.091530	22.613210
-100.000000	99.337874	-100.000000	30.654914	41.494155	-33.203431
-100.000000	99.104240	-100.000000	56.152481	46.238200	-15.683085
-100.000000	68.294240	99.942608	-30.090591	44.224018	-68.539763
100.000000	-99.115601	99.554199	-60.852365	-34.288297	27.145137
-100.000000	67.697440	100.000000	-35.374567	39.757588	-38.623739
100.000000	-98.691112	100.000000	-17.713675	-45.133856	18.721432
100.000000	-99.272546	100.000000	-21.121212	-32.913185	18.912345
-100.000000	100.000000	-100.000000	44.704357	29.345277	-26.235120
100.000000	-68.043725	-100.000000	21.684568	-90.101693	27.615346
-100.000000	98.992712	-100.000000	50.546896	-26.898744	-16.914610
100.000000	-99.623991	100.000000	-26.596183	33.759747	20.835370
-100.000000	99.793669	-99.933992	17.446368	30.879555	-69.423861
-100.000000	99.219044	-100.000000	12.397390	-78.153591	-36.609504
-75.137789	100.000000	-99.879142	65.159220	40.789638	34.759143
100.000000	-99.436503	99.938126	-15.318135	-35.691650	64.859858
81.196187	-99.389826	99.889935	-32.319856	19.080714	-25.845239
53.960370	-100.000000	99.905224	-71.598034	7.917110	-64.735283
100.000000	-68.145601	-99.714428	33.198940	43.477124	55.536545
-100.000000	99.901306	-99.131619	18.456935	58.952664	-17.867999
99.390206	-99.162517	99.828834	-42.448079	27.132526	-0.093031
100.000000	-67.345024	-100.000000	14.647664	-19.691375	57.932047
100.000000	-67.816959	-99.861714	17.868629	41.236327	97.923995
-100.000000	98.893114	-100.000000	28.643179	11.447818	-64.956833
100.000000	-100.000000	100.000000	-15.820595	-29.712275	2.628006
-100.000000	99.760026	-100.000000	70.342107	-29.268767	-45.395932
-100.000000	98.897466	-97.806869	13.510024	58.291591	-7.552812
94.021731	-100.000000	98.263064	-39.625143	-73.964044	-9.399435
100.000000	-99.866632	99.553143	-31.271947	-59.968516	22.894725
-100.000000	100.000000	-99.760736	20.194286	64.457695	-36.249673
-100.000000	69.007417	100.000000	-29.555696	52.858273	-39.707596
-83.493972	99.782812	-100.000000	54.702971	60.491554	23.443570
100.000000	-67.657765	-99.828196	23.979240	-51.038944	35.501022
-52.057888	99.969405	-99.843124	84.534527	-9.041095	66.210053
-100.000000	100.000000	-99.740241	74.106394	23.541389	-20.222830
100.000000	-100.000000	100.000000	-9.621020	-23.065217	12.997387
-100.000000	99.921334	-100.000000	74.355868	6.406883	-69.878374
-88.836340	99.285381	-100.000000	36.808796	-36.312256	14.612944
-82.812630	99.850313	-100.000000	59.895902	40.905117	23.857576
-100.000000	100.000000	-99.470126	43.153566	34.444289	-34.330918
-100.000000	68.080092	99.546321	-31.475280	31.310193	-53.700113
-100.000000	100.000000	-100.000000	30.580863	29.830363	-48.692168
-72.623398	99.972405	-100.000000	53.377166	-12.118564	38.384685
-100.000000	99.987834	-99.387112	92.510452	12.856244	-10.568756
-100.000000	99.723144	-99.518086	48.172766	16.078617	-61.330062
100.000000	-67.542244	-99.833997	19.365944	51.564141	51.150648
-100.000000	68.607008	100.000000	-15.850089	-31.494005	-100.000000
100.000000	-68.168887	-99.903020	36.094728	63.083554	43.201465
100.000000	-68.607821	-99.316642	78.592967	23.160701	75.124289
100.000000	-67.389865	-100.000000	24.708490	-21.901455	36.287954
-100.000000	100.000000	-100.000000	90.323707	21.632663	-33.106768
-85.929673	99.664036	-100.000000	58.952495	79.800874	20.035112
100.000000	-68.139715	-99.937166	52.231843	-39.834517	82.567536
-100.000000	100.000000	-99.511979	78.631415	-78.008705	-21.624276
-100.000000	99.645747	-100.000000	15.750818	-40.473637	-34.754412
100.000000	-100.000000	99.258412	-33.911525	-15.594393	58.574772
-100.000000	99.892499	-99.625440	60.125001	-15.535595	-45.080499
100.000000	-68.264937	-99.951146	19.685147	89.398894	29.552511
100.000000	-99.928356	99.341410	-31.247857	49.115762	28.299900
-100.000000	100.000000	-99.813332	19.809893	23.035367	-23.142843
-100.000000	99.927099	-100.000000	22.825950	36.610308	-25.741098
-100.000000	70.423959	98.397447	-50.354631	6.734482	-55.137966
-100.000000	99.785052	-100.000000	16.473018	33.902031	-35.391354
-100.000000	100.000000	-88.364603	72.234351	12.758899	-7.523171
100.000000	-68.230915	-100.000000	34.725821	33.170590	49.083828
75.890906	-100.000000	100.000000	-32.165752	20.626617	-33.162401
-100.000000	99.749213	-100.000000	17.525360	-28.525287	-49.192313
-100.000000	100.000000	-99.816096	52.215867	28.946858	-35.098777
100.000000	-68.293305	-100.000000	17.537872	79.373175	33.706165
-77.641417	100.000000	-99.493463	55.099397	19.912598	31.585044
100.000000	-67.362838	-99.568817	15.562477	36.581798	36.905201
-100.000000	100.000000	-99.634415	21.054354	31.236974	-54.277469
100.000000	-99.679660	100.000000	-44.878799	30.145147	36.231287
100.000000	-100.000000	99.835917	-36.196519	49.073358	79.307868
-100.000000	100.000000	-99.774456	29.640576	-29.867058	-33.036614
-100.000000	99.841924	-99.321452	50.495567	30.829312	-34.292804
90.782985	-98.439643	100.000000	-51.096371	34.571225	-10.813029
-80.130803	99.808742	-99.851015	62.063675	59.308019	28.135049
100.000000	-96.172074	99.667925	4.901193	-6.300838	37.809808
100.000000	-99.543578	99.077682	-24.716221	19.166493	9.966230
-85.257252	98.838949	-100.000000	62.850959	-13.024260	21.547251
-100.000000	100.000000	-98.994521	13.825393	-17.859745	-31.225780
-100.000000	100.000000	-99.622343	61.530533	56.278170	-20.773448
100.000000	-99.719168	100.000000	-32.854782	-41.168601	48.274458
-100.000000	99.058499	-99.189936	39.186584	-16.008683	-25.891001
-100.000000	99.733181	-100.000000	38.339699	65.781480	-19.977813
100.000000	-68.469349	-99.946539	17.127483	39.627035	74.756379
100.000000	-99.518609	99.893992	-41.953767	44.860833	82.479442
100.000000	-99.818746	100.000000	-23.429823	-48.971556	81.248820
100.000000	-69.133532	-99.835880	16.427092	27.115502	44.173066
100.000000	-69.148181	-99.818175	31.205797	-27.672238	62.792647
-88.505498	98.151763	-99.819311	54.721177	8.893871	13.622289
-100.000000	99.536932	-99.691871	74.289273	-12.018600	-35.611824
83.291935	-100.000000	99.947630	-38.153103	36.718287	-23.682673
-100.000000	98.955280	-100.000000	52.618728	32.181339	-10.489753
100.000000	-67.125545	-99.890977	24.111532	-33.239479	55.017594
100.000000	-68.119440	-99.887499	25.430302	-58.097147	29.990089
-100.000000	67.998938	99.564742	-17.564127	37.835543	-46.214021
100.000000	-100.000000	98.656887	-34.283129	27.074797	18.499085
100.000000	-68.125139	-99.780994	30.771566	84.794294	55.030742
82.333780	-99.722336	98.730701	-40.456072	24.137670	-24.058676
-81.268179	99.547114	-100.000000	52.708101	-24.354069	27.335356
-100.000000	99.952619	-99.981223	56.147111	-33.978582	-24.378531
-100.000000	99.521764	-99.639282	33.472067	33.540731	-21.067486
-87.105570	100.000000	-99.142918	50.174918	19.693992	19.822700
100.000000	-100.000000	100.000000	-60.041102	36.563827	7.111433
100.000000	-100.000000	99.736949	-46.112492	48.012947	33.283034
-100.000000	68.548004	99.947917	-16.725372	-89.091817	-43.226580
100.000000	-99.913412	27.329110	3.785430	-34.552495	30.037022
-100.000000	68.086177	99.943316	-24.321876	24.426032	-47.545706
100.000000	-98.655106	100.000000	-68.389090	-21.874813	28.301468
-100.000000	99.977658	-99.946101	12.615206	51.156416	-49.857286
-100.000000	99.895590	-100.000000	66.332543	30.547140	-19.068846
100.000000	-68.761572	-99.810618	22.605809	-15.814774	59.594345
100.000000	-100.000000	99.474009	-31.742640	59.406703	18.193627
-100.000000	68.259141	99.898441	-12.668037	-20.950776	-24.604342
100.000000	-99.680703	99.982096	-49.621904	-22.385665	93.403260
100.000000	-68.960959	-99.475370	15.181162	-67.674156	53.378795
100.000000	-99.670093	99.391421	-73.687180	25.882251	42.706742
-100.000000	98.599765	-100.000000	24.515173	-26.335310	-46.040320
-78.230820	99.733996	-100.000000	36.859763	30.405491	31.573312
100.000000	-68.106221	-100.000000	14.054565	-37.698695	45.825747
100.000000	-68.093047	-99.771035	8.742168	76.326523	67.615427
100.000000	-98.357486	93.632833	-10.711479	31.372427	5.196016
-100.000000	100.000000	-99.042077	43.741278	57.066375	-17.229322
-100.000000	99.974956	-100.000000	46.121782	26.841672	-12.513820
100.000000	-100.000000	99.881565	-28.174577	14.322112	53.801638
-74.331301	99.636075	-99.947527	39.779738	-23.699270	36.605681
100.000000	-99.970180	99.618840	-37.054105	48.756361	45.885013
100.000000	-67.980557	-100.000000	27.073571	27.977252	86.269250
-100.000000	99.798137	-100.000000	37.245791	-73.789707	-22.189026
-100.000000	99.845330	-99.968907	8.212117	69.658819	-24.992835
-100.000000	99.526103	-99.741915	32.998260	-35.365526	-61.280414
100.000000	-69.066641	-100.000000	32.300121	74.046223	39.837266
-100.000000	69.155963	99.835590	-19.081272	43.024626	-53.599869
-100.000000	100.000000	-100.000000	31.419887	-68.801611	-14.456495
100.000000	-67.924855	-99.930668	32.179047	-13.937553	76.201232
100.000000	-99.915408	99.998065	-39.917332	12.269627	64.189106
-100.000000	99.278139	-99.848445	43.220655	55.870666	-33.086084
-100.000000	98.400187	-98.947130	20.049110	-34.055659	-20.768488
100.000000	-100.000000	100.000000	-32.162322	42.990103	61.236425
100.000000	-100.000000	99.697204	-39.499675	-27.827918	28.392473
100.000000	-67.739624	-99.792440	20.725812	-15.170144	22.606630
-88.582951	99.758013	-99.792991	27.420926	31.054792	15.330983
-91.839431	100.000000	-100.000000	42.339506	20.256379	10.582326
-93.106642	100.000000	-99.393571	57.382677	50.946766	11.400749
-71.195241	100.000000	-99.849730	48.467159	-14.346283	39.874774
100.000000	-68.855480	-100.000000	29.152148	-14.241081	67.823804
