-1.240241	15.733323	63.314338	29.724350	-53.443860	-81.813928
100.704978	-32.966313	94.243567	17.448633	85.948942	66.982349
96.321617	-85.790693	-65.212342	-96.541915	-3.441550	1.159737
72.209108	47.299082	42.154013	-28.116320	49.058742	45.765621
-68.812412	0.259059	94.178548	63.932749	-59.812558	1.490288
8.934537	75.884325	21.709503	71.021601	-58.570816	35.293286
27.816799	96.934715	84.386564	99.856901	47.492940	-38.131476
-27.046244	11.365287	-0.589330	24.670999	42.046419	59.195175
-70.746327	99.573810	-53.225643	-37.172633	-34.375801	22.697411
25.037002	-3.166001	93.360958	41.734593	-18.519521	-54.306710
5.568077	-18.520308	48.962714	69.989661	-51.713952	-69.519109
-67.271866	95.687409	58.360020	-92.206010	46.428556	-34.785575
-29.553715	85.069289	-66.176809	-85.814837	-27.787191	-68.961612
-9.390118	-27.207305	-48.513809	61.971030	-93.060831	18.697917
74.876451	-78.961117	-71.059021	6.567370	40.304938	34.087497
-47.935017	16.266571	-51.506021	-40.092175	-88.312452	55.387681
7.019111	46.366835	26.143582	-34.543454	-76.584574	71.472429
22.843306	5.178622	43.539132	67.647146	74.153193	45.746591
-17.488345	-97.286367	99.435085	39.364529	-46.708383	-55.460562
-72.653478	19.373912	13.235296	49.488496	-54.116827	-44.381482
78.139847	-19.782087	33.090988	-68.512283	-92.193474	70.320340
99.557479	85.359371	-37.194731	16.847405	-56.812627	51.074867
44.516120	26.610990	-64.260231	-63.364862	73.380480	-66.323625
48.088599	-17.296596	40.169930	94.143006	47.513539	47.673716
-8.781973	28.280714	14.055584	-27.013345	20.748502	1.016724
-29.428960	-5.894899	-18.453962	-5.832666	-95.508715	13.084008
-48.575660	-94.129746	-77.475023	84.763177	-13.243026	88.053219
-43.190430	52.121404	13.922744	28.579847	-45.499787	-51.494247
-9.341054	67.812900	-96.831635	98.224976	-16.120671	-51.346642
-81.922705	34.559675	-55.736254	-22.932432	-86.322568	81.765206
46.542471	91.080980	46.447193	67.578495	-83.167501	45.155815
-65.162383	30.491741	-5.518589	-99.056111	46.443039	65.742223
59.469186	5.760812	98.154140	-91.287387	14.423388	5.684026
-85.074532	-3.035039	10.625222	-87.516953	99.094721	96.951353
95.794399	-98.475225	-54.534506	-10.641443	60.899044	-50.857011
22.523449	-6.223053	-64.306317	-93.587620	17.566963	14.226416
42.043202	-0.869930	34.318025	59.596777	95.410255	93.728338
-49.860067	25.145765	45.734083	-52.078530	-4.454652	-88.890518
-22.683213	-33.412965	-53.496923	-78.215629	-67.244080	29.707215
74.913281	-95.292641	88.898735	79.656130	-31.572671	0.561558
2.022816	25.530607	-67.399507	-79.287966	91.234711	-27.029634
23.308220	-22.597021	-4.916501	-11.713442	-65.041156	-17.463848
10.344591	-34.048541	6.513521	-46.836465	-38.478796	-35.521373
-76.086684	26.464558	33.774149	-67.629591	-66.620442	-3.686401
7.223643	58.314743	73.983135	-40.803034	-34.101676	22.818640
14.095878	15.902870	70.261828	-60.314420	39.066879	39.902359
50.274250	0.437282	90.120218	-76.909395	54.026410	-70.405348
36.429939	-30.496860	-2.456607	35.870801	-37.448382	80.646683
-44.268847	-47.641290	-63.005604	-12.876834	67.365882	-18.760666
95.976095	-81.488284	97.045620	18.567080	-25.682848	92.377877
-71.746915	24.119172	-66.773834	25.572849	12.005100	5.679940
88.139026	91.435855	66.165914	30.372573	-79.117905	-45.981025
16.708833	-34.801969	-56.215483	-41.707621	-35.017202	-95.818989
98.897227	-47.094353	55.763983	-61.452605	-63.514846	-84.002317
13.606639	54.175329	83.293407	32.472392	5.602464	12.185302
-63.908553	41.633470	53.891360	12.403589	-85.323179	40.392108
59.295502	-62.655781	-15.726257	86.486912	-90.570971	47.553458
4.854710	82.480136	-69.091466	33.830389	79.928427	8.801688
100.023281	-58.070330	27.075294	-5.854458	99.867492	11.244228
-29.441678	65.183989	58.353987	22.141783	-58.920347	-88.869507
-83.623552	20.747644	-79.845593	98.720087	13.334985	43.367436
-1.871298	9.742958	-79.360928	82.910351	30.423731	58.521540
-57.998339	-3.393032	-86.062187	90.096627	77.599136	89.189793
17.895889	-82.048958	-52.791241	-2.596126	-26.370544	-10.672773
-75.813347	54.577088	-2.198397	-50.463052	-51.915627	-84.861884
-37.946939	13.029987	87.155076	-24.968182	17.241133	-2.866612
33.908114	86.920336	-81.184177	83.552863	34.785928	15.444903
-4.089432	50.827028	42.568866	93.131883	56.478414	66.451929
74.766575	38.706157	6.389437	71.886377	-32.465373	55.988710
-51.982936	5.338994	-95.570184	15.178188	-49.026550	-53.208080
24.495328	-86.356605	-73.790940	56.175285	100.940863	-70.983006
-6.594332	-19.162063	-14.157965	44.682131	30.699012	4.748159
-13.691618	-89.634280	-25.347323	-69.975691	-75.632232	-17.299110
-49.028337	-68.926900	-45.909792	-3.566532	-91.506580	71.672206
33.360648	-20.262897	19.948633	-19.870740	-10.560679	-50.278118
-61.341119	-3.664518	-96.826033	34.277914	-25.961243	-65.216972
-84.177021	33.751998	-7.328067	61.257598	42.071797	-56.087038
72.166750	-88.030052	100.158818	-72.962435	36.733078	78.128306
20.318091	54.371471	-5.899328	-91.633095	37.773120	91.768625
67.532957	0.389321	-77.230916	85.474482	-94.674864	-44.277946
36.929389	23.103924	-23.336475	-85.120666	-71.454057	10.417989
83.779279	92.038872	55.025935	38.311201	97.577114	-82.010236
-26.240690	27.251768	64.895093	11.420105	-41.249560	-93.996495
69.357596	23.169373	14.406317	-9.188170	-21.516168	36.764827
61.173938	-83.036118	66.788868	-95.408693	-18.627077	-39.871964
-52.088639	-34.806241	29.982777	-60.991819	-48.644541	100.792569
46.688062	24.117861	46.029073	-24.121393	9.627324	55.823048
47.770017	-54.180444	-36.946843	-96.543934	73.202835	61.057512
98.180040	-62.612756	-33.943006	-94.340069	60.467485	42.992549
-14.660789	-63.993720	70.999068	6.372217	32.318487	-84.161761
-15.155751	-67.370868	-28.821701	-37.033403	-43.079158	65.420682
-11.516834	-92.808789	-78.722755	-20.131546	6.879347	14.812045
71.172619	-99.183572	32.567367	21.666449	-72.142070	12.535049
43.480242	-88.003195	-78.464379	87.193831	13.305868	58.133971
50.466957	-73.507263	-18.040931	72.072632	-26.733714	-56.264877
60.778926	-62.360641	30.875412	22.863329	59.397181	-59.492099
48.512763	-32.386154	95.574994	11.145170	-28.004284	68.338116
-11.983112	-50.557100	-81.435221	-50.669959	-41.537212	-72.870681
79.941303	38.118249	35.321646	79.889069	17.320647	-94.847498
75.308009	36.556943	92.768153	-96.175769	-56.456257	21.690305
86.076547	-40.857717	12.375372	88.718364	-62.198667	1.424964
-25.894818	66.574172	3.553544	-9.277621	78.207220	72.487783
-28.967365	99.582357	-87.486087	-68.599972	48.345427	-7.570554
16.848722	-93.693837	67.835407	-11.946470	-53.261377	-36.320298
39.291936	-23.020185	7.989930	-97.837694	-7.929918	-35.129648
-22.903052	-54.238938	72.457211	-29.727448	97.619456	36.792956
-18.955259	11.103369	39.479986	65.156064	-93.425155	-78.962782
-89.563616	-77.904704	80.730737	39.202546	32.987650	-16.536713
-60.966858	19.543690	82.655256	31.231063	-45.453824	-88.287363
-74.894872	38.809107	-54.908649	17.923732	19.139850	-36.924600
-51.429184	-18.237832	58.111506	96.441063	-39.828106	-56.207412
-48.238790	69.461362	-39.166227	81.579792	58.683259	30.769308
89.669629	-72.684932	78.314763	-29.040663	-13.351654	-16.475022
-96.633877	-57.003184	99.900321	27.527934	18.357210	-92.005746
5.289993	72.454666	61.054212	58.501888	12.581609	83.719027
-47.786470	-75.043108	75.882469	47.593790	62.694596	-1.611504
-71.792228	10.374422	-21.652150	-56.760605	-97.250352	38.170711
-28.084427	33.844750	56.658621	71.360989	29.023424	-3.863110
19.788436	-35.912454	-34.471942	-86.773782	46.219233	-48.163227
-65.054193	66.148152	65.374204	-91.475280	15.260586	-58.803877
-34.670798	99.084190	-32.326361	-8.488117	21.155408	33.042471
6.798392	29.456493	-88.424875	65.408963	6.883945	61.735353
-63.892944	67.609175	-38.744259	-42.094834	-79.154982	40.566129
90.697197	-94.432979	23.363496	-99.200451	-3.873309	-45.817732
-49.514338	-65.672474	-85.399454	83.524146	-24.720646	-77.541426
-96.197905	-28.277510	95.406504	-44.659155	-57.122960	90.863694
-88.184209	-28.116233	-34.050994	39.369175	40.953300	99.347714
37.187725	66.515256	41.304226	-98.772378	10.437790	58.972122
-67.592243	98.989995	-76.476905	-3.442544	-55.194629	-25.612822
-43.852286	34.637646	-47.838192	33.598701	-74.186440	74.321472
87.499521	12.292076	-56.735853	-39.195422	93.743075	12.708257
-91.959157	90.053962	-67.037912	-96.187420	57.895998	77.344537
2.999436	-10.810526	-90.849863	-90.528476	81.501941	-75.693669
-77.542352	19.781096	73.774008	77.276590	25.604773	88.007136
-93.479250	-57.623983	-76.054739	33.262533	-43.491797	-91.303978
-1.116758	-11.093263	-11.551685	15.838997	-29.068035	-25.639461
16.327848	-65.357900	-92.106829	-51.814582	-87.198887	99.987068
93.752535	26.935166	23.900251	-10.986932	28.772586	-93.923378
-16.784780	67.640043	-47.290032	1.420492	5.163536	-98.642699
14.042197	52.574345	-74.365490	-9.908991	-92.285143	-69.583708
-80.848114	82.223821	-44.262667	-39.400586	8.894790	-70.039400
-31.473689	-20.004604	60.878899	-71.446724	-87.276222	74.312322
33.699494	32.069530	-82.760890	69.427180	-55.850967	83.415993
-56.666399	57.301972	-67.024879	-68.612758	5.694520	71.565636
83.892149	-98.603229	65.717560	9.177291	46.793647	-33.048969
-5.702720	87.846648	81.250917	13.275448	-34.043228	32.044578
-43.232420	-0.703185	77.966625	84.881068	83.519133	-83.063791
-53.907743	8.685933	70.956431	-89.296682	23.080439	-42.454698
25.457971	-98.666682	46.514772	65.826465	-24.758065	-72.331945
-71.864802	80.754392	5.107390	14.952063	37.281310	99.061416
36.988363	90.061115	-97.470778	20.797970	12.701602	64.341394
-87.609710	7.293573	99.301640	22.604904	84.027878	-45.560602
43.005286	-14.258564	41.644333	-60.879810	38.722916	9.885188
24.927208	-81.995848	75.011956	-86.191057	36.447378	97.375777
27.257265	27.331466	6.851210	14.183909	49.027259	-87.817248
13.202349	-55.647083	51.224300	-96.191027	-91.265049	6.977674
21.944951	53.152470	-17.725106	-8.721965	61.655263	-37.647332
50.724107	-39.137786	-90.450436	-71.963509	-72.577275	67.815321
58.278500	-68.492308	9.963515	99.861950	-81.878970	-81.308234
-67.873479	-35.177230	11.224773	94.262268	22.742707	-98.695036
-48.680070	-33.688028	-58.298048	55.324873	46.898910	-31.494768
38.458649	-3.413339	2.926999	-18.358292	-45.627803	47.723287
-74.757649	-89.591536	-35.385878	42.311625	16.665306	41.838409
-47.421836	-1.793258	-78.130032	-12.122708	69.090793	-14.884829
81.611884	-98.107366	-68.150749	-75.845142	57.172626	-53.343874
-8.752250	-71.937592	-86.826757	-51.811981	-50.896361	-54.648677
60.736210	27.504279	-94.706922	71.848666	99.544973	76.556869
-37.150627	43.807494	76.285604	-0.894310	-99.026063	-92.532838
54.806402	-70.167940	-53.383193	77.585947	21.567216	9.469517
67.841332	-34.848305	-46.531387	8.517355	-21.496645	-38.506651
50.344055	14.355615	18.231285	59.294899	88.339177	23.518327
-16.297430	-48.072333	-11.385341	-58.862595	-56.016616	54.203411
4.446062	59.297110	-29.573596	-85.222359	8.769600	-47.797326
-20.821249	63.351498	25.424985	55.848788	24.543118	95.949763
-80.350509	-97.728402	-75.489700	-69.162784	85.206475	5.252751
-96.908125	-39.884989	-70.580146	-56.488612	74.210858	68.710876
64.924230	-73.821452	-84.809734	36.759554	-52.370934	2.961742
-46.887508	-27.057576	-29.704479	96.751188	14.308474	39.464721
28.434411	43.711156	100.916453	-79.428473	-11.480536	93.566026
23.856313	33.568038	-33.764911	-12.755538	87.381869	-58.579423
74.872970	-53.353045	-25.212743	8.220585	-90.259416	-50.301477
-57.173210	-49.079447	28.665969	-99.009097	51.800567	50.123054
54.075398	-2.367783	-98.017161	-68.156747	66.922363	-62.502552
17.793935	-12.987405	51.162658	-55.579924	63.627418	76.924622
-83.345353	60.652194	-66.832651	-51.918355	-88.354301	53.099814
-53.059835	-29.182798	55.643497	10.216249	-36.804221	-50.954805
-66.205662	-51.762700	45.538460	87.543097	-86.422806	72.014974
-11.379044	82.985099	91.953176	57.950723	24.677160	52.264758
-35.201615	79.749350	-37.259761	0.351604	-72.794501	-73.164161
-83.475915	-92.863751	79.480166	-42.877647	15.849500	-56.930411
-42.092594	-95.659150	2.305219	-43.712260	-91.900592	-55.537303
-58.307815	1.290183	-46.884197	62.762397	-57.620778	6.241043
-74.830355	-31.731877	25.165487	97.767197	54.058756	41.399350
-18.561476	26.687298	-43.619239	-73.405750	-15.856096	1.653273
-44.097575	-86.684911	54.415736	-59.157922	-46.667125	66.204712
-29.897484	-50.173039	-53.411327	-31.343107	81.829464	45.748078
11.656656	-6.170811	24.342491	35.005896	34.128837	27.210173
-51.859878	15.215354	74.657173	-59.278937	93.250744	68.044763
-78.433011	-54.869427	67.811321	85.966972	10.755409	67.799330
-45.561501	12.732764	-87.586202	79.156316	58.404217	-37.728235
-88.506120	-61.757335	-0.908911	-19.993345	-74.820448	-45.289099
-92.077460	12.888353	-27.435858	11.960965	-88.991131	-58.787072
24.326524	22.790928	-69.237857	-1.896496	10.784698	-63.240296
-79.062991	-22.077252	-77.133311	-40.531772	-2.686121	94.037732
-54.104468	15.188086	81.800653	37.322132	7.899479	-63.007091
74.385012	-37.101326	-48.413711	-55.973069	-21.926358	100.128395
-85.919902	7.208204	82.475602	-21.238124	-10.857452	-43.413965
10.355485	62.265583	96.125356	-21.185147	12.469798	24.688691
1.253299	76.128287	-5.324684	-41.012658	76.977943	-52.750206
-19.793251	47.514750	-40.072055	-79.897472	-56.473577	86.939174
35.079579	-28.200618	7.552650	-88.306606	-6.061163	62.554721
-71.869456	-96.838070	-5.739586	49.835022	17.558537	-55.017425
-6.487943	69.014003	-97.929726	-12.536926	41.333040	-82.625205
-40.093071	22.443740	-56.791249	63.696224	-58.756285	20.984299
28.045978	-57.628821	-78.843543	2.735995	61.260082	-8.146298
-31.852523	-59.704566	23.633183	-24.927721	81.447571	85.250227
-75.675217	-7.602097	-30.053000	-57.373142	27.741573	-38.620269
-54.055431	18.431456	47.564905	-72.934017	-47.649802	6.537437
-69.268645	-49.745878	-12.408870	62.787935	25.347987	-34.049170
-81.376494	96.241760	-23.176607	5.893095	23.619098	15.434731
71.409288	-48.592478	-73.584600	65.119803	-50.587397	39.688618
-52.993459	2.138221	44.022950	1.578663	23.795762	-44.629309
-28.742209	-17.340581	-87.779569	-3.763955	-58.423081	-4.029545
-65.346342	-83.313036	-96.716716	77.440294	-31.712182	-47.380442
-6.351867	38.231483	-28.451388	50.925137	40.382890	-31.360059
-65.609719	-0.144172	-37.650312	79.513021	-51.705657	91.272819
38.460535	-37.948317	-75.501493	-26.122089	55.729561	-23.506119
0.098846	-76.476267	74.554308	28.330801	-49.687243	-48.304733
75.737676	83.728982	-79.113529	-38.168751	-20.121089	1.362400
95.132867	27.900629	-71.656090	19.563611	89.982076	-64.758743
21.607892	94.860538	46.149210	43.121738	-68.620086	-54.470988
41.964229	26.074865	-72.103742	-45.641253	-59.005318	18.497142
-18.989318	-92.145018	-87.117144	-20.403837	12.743316	82.305175
49.732413	43.463125	33.140282	6.772368	-20.168173	98.175300
2.485389	59.769685	2.983061	43.528852	77.413657	-26.376624
64.287714	-89.415513	97.745230	40.818233	-22.615945	-88.393984
-46.611561	62.405732	63.541158	60.402590	61.536507	-36.835368
26.972129	-63.479911	-31.378445	-18.957856	80.204323	53.371789
94.450607	96.766351	-77.170861	64.897566	36.421781	100.261103
-73.454137	68.607866	-24.579299	79.311185	-35.336988	-34.439765
-91.531296	8.986785	19.208223	72.772067	43.947541	1.858817
-96.551078	70.575900	-8.598506	-22.010212	72.685427	51.145456
-59.093556	-3.928827	-60.093373	-60.777447	-19.476002	85.720904
-51.087850	16.521344	97.002442	74.536330	14.416990	-88.481130
-0.972400	62.617759	29.352256	11.819026	71.238370	15.706625
28.505848	57.020767	-64.901228	-56.436632	55.347773	95.562938
-2.393570	-93.379701	100.451267	90.030495	-81.714060	80.946582
-99.864814	71.359462	62.934467	-45.728350	42.871376	-2.147907
-89.555086	-22.876221	34.740005	-25.127925	-48.494073	0.720030
10.225973	-37.880740	88.248416	-99.023612	-55.399758	55.698613
-68.687541	-87.699353	-86.060741	13.538069	8.342133	61.847807
-13.071723	-48.669693	29.465734	-25.643108	13.028931	62.407785
-42.920724	-79.095281	54.737589	36.546084	-29.372813	-95.587357
81.439802	-55.536741	-76.563348	-54.562671	53.471743	-64.400283
67.139996	4.870671	-46.285194	35.384939	-8.477310	-80.648509
-60.669516	4.752211	-36.373164	-86.724470	28.446213	79.690777
-77.581399	54.822350	54.437336	-79.309911	-15.955780	33.413751
-82.012513	-21.894691	41.193201	22.395126	-29.027760	32.250826
-20.720486	-2.885589	49.406086	41.737236	90.781352	-50.770954
42.415919	-47.868858	87.895575	86.224698	63.354489	-67.630118
64.124347	55.430365	7.584960	79.901885	64.377170	96.589063
-59.456252	46.556968	36.821842	-3.594393	-82.474722	27.583633
-4.797417	54.895967	9.521941	45.198549	3.196799	94.264137
11.700805	-91.605862	-66.935052	-84.679126	51.139891	-36.593884
-21.598043	-45.958715	46.666661	31.757952	74.922266	65.182137
50.540253	-4.723689	-76.772727	-77.662369	80.363172	50.883682
77.009887	47.552836	51.350531	37.645043	12.140842	2.659857
89.586493	85.115200	91.708135	24.849914	10.585053	84.903299
95.167905	-96.413773	54.693528	61.785887	-46.960117	-56.637197
-65.233635	-98.174060	53.994672	-23.591176	78.203693	-71.866452
-33.669126	92.969680	43.779930	-90.866334	-21.160423	-49.283418
-0.537627	3.601995	-84.768166	64.412651	-59.383505	-59.408573
100.305954	55.136071	11.306910	-4.959330	55.768357	-72.165245
30.481525	-75.419405	-89.260837	19.392559	17.172514	50.830162
-17.198705	28.221334	-50.940309	-33.601379	83.606094	-13.632746
84.574715	57.982165	-61.868467	51.656085	-39.507272	89.665399
-38.376814	62.869416	44.077576	88.770341	88.149326	-52.465314
94.451640	-7.486248	-27.631000	51.779272	46.400349	-55.484591
0.125201	-38.199724	76.219583	-87.048233	-68.511252	-2.911904
9.999775	34.326161	79.697508	-45.078666	-15.922155	77.257097
-46.829511	-31.175745	10.386823	3.115938	-78.344730	34.975854
-87.479918	19.038342	52.300024	80.349807	-47.546270	-61.225007
73.170517	21.578128	86.462953	94.004634	-72.663189	77.923728
-77.962559	-3.361923	-87.499246	1.170260	-42.555753	-37.951306
-35.752914	61.012132	7.359459	6.290409	-25.463884	68.985062
-45.885323	-33.636935	-5.443669	-13.923660	-82.455931	14.119655
-60.148725	-82.296903	80.137870	-92.969438	75.289472	94.870767
78.560015	-60.356484	-32.778906	-14.679422	-73.204670	34.958766
63.502696	-17.976698	91.485100	-50.075635	41.043296	12.317750
-86.399641	72.194543	3.609433	-70.652377	60.236244	-50.490527
33.345017	-98.275122	8.142712	19.800115	-44.396891	83.944427
-41.283826	-54.087149	-7.138220	90.880077	28.688934	53.127280
9.299494	65.775269	89.392923	48.224846	66.982497	-10.067578
-53.830715	13.451153	-42.875678	44.557718	14.252515	-18.457166
18.884738	-86.397986	72.318213	-59.375195	-82.399525	96.039477
-2.070654	35.071369	-46.198203	38.816452	62.474793	5.599391
-6.921554	92.926717	-56.780218	14.814157	-86.576337	52.167652
-59.516918	68.066037	-62.323012	-15.817144	-68.802020	-69.140120
-5.049135	-48.868214	92.016998	-75.191972	-70.404200	26.204379
-64.616673	75.186542	-93.024468	1.101191	80.242071	-63.283061
-46.032550	-23.767843	-15.657602	76.127642	84.408736	16.997957
-35.722997	3.105618	38.497210	-57.546949	84.847614	-88.813275
5.696432	9.167578	8.832330	-78.639541	90.725864	29.427904
-57.123098	38.763777	-54.789795	36.266588	3.062584	58.966895
-47.037150	80.746065	-55.129004	29.382818	-30.709442	-94.643855
63.615232	93.628697	-21.510890	-8.289333	76.014664	-93.488906
-83.433260	-4.186160	35.608646	42.518095	15.023467	-71.084550
55.409741	75.018253	-22.695287	-8.732000	66.812116	97.485102
-31.005252	-44.569476	12.746983	-62.259010	-85.671836	5.590496
-27.478529	99.438196	67.772105	-27.610573	-38.628195	12.474833
74.648114	-40.169928	3.610698	-39.749715	-71.058862	54.739827
-17.229293	90.495959	42.588208	58.026391	-22.247869	7.011852
52.390565	98.308392	-72.981758	-8.559841	8.895367	-71.047115
85.660844	-32.094255	9.714034	-88.775479	-46.645145	-2.099920
19.922319	5.058081	-57.074070	-86.842500	25.906675	-31.502043
-55.406649	-33.653907	18.336193	34.951435	-43.525048	46.994011
80.369701	79.616225	-16.875274	62.503602	-54.448191	-10.618451
80.162304	-76.096241	-89.501319	-21.697062	-1.858868	-54.921048
47.372070	92.111266	-75.956456	90.494328	30.485145	-55.777899
72.074944	59.525538	-18.914174	-20.673623	24.337163	-3.417712
26.411741	-31.267412	80.409243	82.261781	43.714964	-41.203972
-46.871475	-62.341676	74.424256	-92.569277	-7.202193	16.049338
-72.420707	-67.932729	27.638242	70.830324	32.738849	-13.967208
-12.258490	28.878487	-78.321857	-48.832082	75.644541	-23.297342
68.205601	46.738499	47.984941	44.836721	12.794799	0.399400
-11.341934	-70.496684	2.080256	-3.339840	-8.055707	-77.819381
-85.181369	-26.024561	-24.843521	67.782369	63.098943	-33.135565
-80.527944	68.998044	-96.631893	-70.982290	70.613472	-89.126837
-62.685583	42.951186	-48.144720	-18.705645	-10.338155	-7.068285
43.690986	100.459325	-84.871510	14.144373	-27.512426	12.883552
26.298086	-94.087067	-48.641018	-25.590761	17.528663	-5.220388
-87.897263	62.420799	-66.620034	-13.565987	86.552437	27.083058
-19.451865	-71.108077	-25.850076	-72.732606	-29.017045	69.968323
47.572688	-35.302077	-26.488809	-46.440267	97.261852	-80.324162
-5.751623	95.361075	32.407022	30.938417	98.466656	67.719033
7.909006	-34.975658	-65.623230	-91.660559	-46.065458	-5.316302
-37.415393	-0.522098	-87.602697	-13.032479	-69.462436	-99.166037
59.316343	38.393487	58.375554	51.649655	99.430570	28.123723
71.514535	47.663014	51.660105	36.019348	-95.329567	50.281963
-21.481766	23.374246	78.715862	-73.648677	15.922560	-21.797776
12.242675	42.253569	33.776750	-88.275555	-65.714477	95.694935
90.982395	-73.483737	-7.839829	57.377515	-83.231712	-26.278208
46.092785	17.933853	30.952328	58.805430	-87.054992	59.820408
-86.064807	-62.405403	56.624507	-17.188239	-51.422968	0.349273
-77.728984	-36.955153	-59.172834	-35.025534	60.730413	33.062319
-23.509760	21.675481	-62.497343	83.383779	96.230460	-21.441472
100.657190	-75.953251	24.753970	-73.864466	45.798721	-89.399886
-48.973629	48.529479	-27.047140	-73.436094	41.636681	-51.323639
-10.039128	-92.272189	100.359156	10.551640	22.654162	0.873529
41.646727	28.870691	-43.877253	-75.070691	37.485003	-87.667987
35.975911	-4.474848	-81.383495	-44.539811	-51.572205	57.169913
-56.144547	-55.008438	74.757394	-2.340059	-72.778698	96.071329
34.367986	-70.586244	1.748491	-23.070988	99.510752	44.199658
63.062449	31.103725	-14.674430	-52.537734	-32.210823	-44.437088
-97.320413	-76.988011	-9.633498	-95.490409	36.739375	13.877314
94.063294	46.767984	-53.034504	31.061285	-25.388076	80.788961
23.929342	-11.717152	-76.728496	-44.490303	-59.360159	65.922305
-91.016203	27.205477	-48.040087	94.085692	-98.686957	-43.882005
80.725403	-30.353946	49.288856	79.611017	-23.852036	72.363280
74.955794	47.230782	-83.950596	-39.549279	-97.339016	-35.051920
65.505598	-52.041003	65.462884	48.193321	99.957383	90.281675
-7.716342	-47.867985	-58.380045	3.777907	46.628399	-48.755921
3.957662	44.358469	-21.591901	64.280633	13.422341	-42.045863
-31.508875	65.058668	47.474168	10.723223	-68.954250	58.741506
0.620114	-79.232625	100.568961	-73.318886	90.571931	53.773864
78.388902	5.381612	17.665990	63.769643	34.116960	-80.235354
93.571018	54.512403	92.774611	-6.753684	98.205972	26.983315
78.396729	68.268824	-86.333760	17.067379	-27.303734	77.519483
59.612544	29.430800	-23.575541	-38.823445	-85.671090	72.925318
77.311097	44.850361	11.525793	11.838356	-31.075649	61.988934
-9.954791	-20.095280	-93.750988	-32.667004	-49.829181	-56.208227
-52.042424	-15.737706	-13.319466	-87.210272	-34.102937	-17.925625
-12.867594	8.315553	-50.844933	-1.990809	49.754190	92.629059
-66.561184	-68.187325	-51.106330	26.551109	3.401916	6.806672
2.771894	96.510418	-25.967341	20.547454	-17.226412	34.594097
-19.784014	99.427828	-87.533146	-45.674042	37.674092	62.085389
-86.807813	16.369918	-55.535173	9.305854	-77.304356	8.417960
89.959147	13.919143	3.588260	-50.656825	-88.709208	-63.696218
69.201833	50.655500	49.844341	-30.919546	16.008096	100.732353
68.715215	-23.461914	-48.857134	-64.046932	-32.233758	39.145095
24.707656	-48.929478	84.598136	48.218322	5.458459	16.921392
85.557507	-63.421373	79.065493	-94.986957	-13.667383	57.689158
7.015652	-51.291921	-30.895337	-1.898289	-70.946081	81.227128
-66.738258	-23.859053	-7.377343	-32.946607	-79.085104	28.826460
90.643208	-72.619520	-16.614490	-90.830359	30.429639	84.461156
-46.282130	39.339223	-3.292750	82.945407	-32.472825	-37.617175
59.741232	57.802984	-65.811499	-99.774305	16.314500	-95.308261
89.374040	11.260945	-63.575822	0.990423	34.607166	28.788157
-7.205236	-65.745166	37.463246	-19.283621	82.329154	-56.562954
46.521786	-85.579802	48.623715	-70.738220	-1.478978	-49.833540
33.479206	-32.546005	90.569291	-11.138068	-77.306043	7.863204
-94.073139	23.557510	94.779679	-10.900833	-27.059908	-43.534791
62.727044	-56.897409	75.660939	74.979897	45.249528	-15.012791
-77.045842	-3.358853	-88.304867	83.380462	24.729243	-91.444291
-85.800339	71.740498	-4.122319	-19.693892	-82.863161	-79.685169
71.751193	-51.649635	-7.817080	57.614413	-34.171031	-56.681751
-56.248526	65.755870	82.635699	-76.272481	34.845628	-16.823209
-15.165419	19.635951	11.621703	75.164802	89.348333	-65.197672
34.343836	0.458136	39.435923	-18.091009	87.441083	20.910606
-44.966981	17.066839	61.710601	-18.828019	-46.313577	-1.090598
100.125130	1.978977	-7.727292	9.365716	-34.378369	-46.191251
17.985090	-44.868065	82.491014	-87.796164	-26.015743	-68.229901
73.976673	-39.997431	-94.164927	88.189523	46.219912	73.465539
28.231670	-56.988272	-84.612874	-3.452199	-62.317673	80.333678
-65.051357	-95.534139	27.472700	-80.783982	18.805465	-88.526346
-3.239416	-62.376832	-76.848045	-76.750258	55.430280	-88.796275
81.064118	-37.262169	77.354114	-40.209237	-50.579378	-38.868782
-6.630579	-44.501005	-27.524173	-15.439065	-91.528557	67.403873
-24.018352	-59.231042	85.521479	33.451870	88.711119	-8.329822
-49.907132	29.474853	26.962643	-18.185870	10.195717	49.448436
83.434465	-72.527443	47.957436	-37.777303	21.406569	47.448784
10.313794	-84.658444	43.369485	-20.574184	-41.228537	-45.212966
73.473116	70.557349	-36.402605	-70.186786	-45.064103	-98.166458
-39.075699	-7.213865	72.528404	-76.070751	64.813942	-40.770232
-7.226207	-29.725149	42.051906	56.297593	15.321197	97.194598
2.205531	-13.174473	-85.572347	9.615707	33.258229	-48.350088
54.950922	-48.640808	48.804765	-72.054639	71.544770	100.831570
28.421003	44.643891	-3.475325	30.913973	-75.571629	99.702595
92.153670	-40.481243	-21.067144	95.426379	46.070132	-49.258524
63.355170	-72.853079	65.124242	-67.350642	-82.799611	-45.497162
36.919566	40.620547	-14.662265	76.552547	47.347037	21.137455
-52.362422	64.843279	43.165060	86.296652	39.764164	82.689976
-30.546611	36.994599	7.008246	-60.866923	3.249326	-88.901998
8.392137	-23.447177	35.139446	-0.748608	-24.104006	-14.281920
32.541086	67.336989	-25.197618	-70.162779	75.149996	56.717055
-57.746508	36.757439	-76.177626	-38.546348	69.717566	76.713406
-47.733412	-50.728622	-55.142527	-14.869504	-29.192010	27.592482
-37.491421	11.199173	-42.384636	33.526423	8.944437	-94.678775
29.872205	22.022748	-74.356672	83.289089	-72.211955	-59.005388
-91.308242	-50.877515	80.943331	11.848510	-88.961200	78.658557
10.454252	63.838576	-61.619952	-1.279708	-53.154838	-7.469599
18.875654	100.265937	-65.922168	-68.914153	36.361103	-45.753541
-25.104927	-28.845944	29.270212	42.434219	-65.519376	100.661738
-2.900174	27.369580	55.050603	4.904242	-13.633129	-74.139375
63.106877	-45.551791	84.788475	-15.709688	5.220591	31.219539
-93.919640	57.738510	-75.769786	-35.002588	-29.828180	65.658154
89.281593	59.274725	24.604204	82.405500	-84.576942	-93.397027
32.932460	65.027648	-44.101123	70.748217	-53.073872	27.468478
16.058775	-35.539492	60.994111	-33.042577	83.121055	-70.212143
-62.455396	-19.999205	-77.469109	9.804519	30.936589	-33.189234
10.045516	-67.083335	5.119241	13.093673	-65.912656	59.832413
44.460773	-7.071672	-87.700848	8.837339	87.568989	5.201198
-6.020814	-27.799699	-17.835117	48.939846	-12.035113	-42.746923
64.615067	67.888337	-62.262548	18.340557	-44.379558	-42.770574
-22.925923	54.758776	-28.653914	-20.751271	82.277175	-11.594200
71.002201	-91.026737	66.009808	88.960363	23.950423	25.860226
-34.275727	20.632624	14.755821	-83.979355	-26.690132	18.347328
-67.539298	-40.056021	-16.001040	31.234034	91.522478	-86.171846
-88.204825	-93.661758	85.000113	-54.698727	-20.025063	47.382034
-76.222202	-64.312364	64.540160	-42.501307	68.743384	27.140664
61.122042	-30.835061	-18.586978	80.867160	19.987827	-78.597933
7.210092	96.124392	54.947853	74.649980	-30.311486	27.873079
-46.226435	-85.736260	-24.791055	-56.147917	52.698583	35.524529
-97.708065	77.628818	27.063787	-17.284622	100.689672	56.746698
-87.632954	18.256562	11.674275	58.324874	92.974908	-92.613466
50.216390	-46.165790	0.309491	95.755912	89.530532	50.883235
99.504455	10.587651	-94.754422	-28.149036	-0.339606	-49.370402
-87.941698	41.178027	64.569564	-69.574665	90.898384	91.260101
13.369724	81.775625	68.533467	81.449333	-45.082963	33.710177
-46.851369	27.387175	28.408346	-16.407711	-57.995331	7.606325
-21.722907	37.973617	28.419428	65.010938	-14.938121	-29.346910
7.421524	-48.397139	-60.838360	-42.131259	22.390769	80.983444
-10.180003	0.207821	-85.897209	62.024407	86.222692	-23.389612
25.598343	-17.961667	89.496551	96.235246	-96.124223	28.989011
-97.281281	55.935673	40.879049	13.131089	77.802205	-21.201113
-81.125865	-46.584156	93.941625	-80.956641	-63.667519	48.170081
3.720347	58.752072	86.784802	63.501291	51.096857	96.579346
-34.450543	-99.008723	52.839992	6.605865	-66.992379	6.950308
47.814978	-19.461840	-96.133526	68.562258	-75.631489	25.448353
-72.247486	-33.896793	-68.863627	-44.258315	75.149529	-23.291892
66.464165	-95.279602	-54.436693	59.917964	33.796323	-29.673134
24.992493	-13.917684	11.727843	71.561184	-81.217881	38.423501
55.887236	79.003346	58.664766	-39.702319	41.044542	73.440280
-89.343481	2.643665	-5.316063	62.103431	59.536562	29.196638
-29.499798	-78.152330	55.079114	-20.993609	-67.873113	-72.065312
-88.887504	-42.881677	-77.791662	-39.714152	-18.502928	-94.554425
-74.691465	93.099672	89.759944	62.562001	64.297674	-75.071631
-43.737167	24.353147	-17.681224	30.505602	-8.806526	28.487583
73.247887	60.717986	95.092930	-84.286025	52.214596	82.959133
34.029228	-63.092433	-98.448102	-52.532085	-4.024754	72.410158
-68.579147	-48.665312	-47.808713	48.692503	16.106627	78.141311
66.105936	-89.614706	90.411894	-99.674827	-7.006263	-3.747559
-66.709169	-51.735329	12.535402	-51.838271	39.237414	-37.631505
-54.073248	24.551651	7.903000	-54.645392	-94.270925	-84.544080
6.333934	20.958295	78.148495	22.479035	13.442925	-98.825671
-52.612894	52.840534	77.378438	24.949988	-85.605057	-39.125824
-85.951447	2.995485	-91.224073	-29.815197	45.416180	-28.311130
92.462147	-46.569844	-27.990053	88.975502	-58.994658	85.982955
62.091383	62.763399	80.224865	-77.204506	27.944301	-80.930089
-35.652502	-45.089926	-59.888251	26.240979	19.585591	-50.337861
-43.857645	90.935014	-12.602118	-94.863528	59.985858	33.773527
38.597004	88.266398	93.121931	83.049357	62.211765	-95.953201
27.169142	-97.335729	-45.730325	59.295837	64.042583	-13.312075
-7.902939	50.622072	3.824258	-99.240718	39.491871	18.076927
3.314319	-84.458377	-8.743354	-7.548952	-77.127333	-14.169406
89.544829	27.018463	-93.991957	-59.144161	68.852067	-66.350840
-24.112037	-94.509354	2.265219	-23.410248	-11.844389	31.886689
7.783447	-65.395337	16.571068	-16.458520	-19.759245	-83.586786
53.775017	-66.461145	-7.228855	-48.489333	31.744111	-57.823939
9.110943	98.250453	66.874208	44.890805	71.152928	98.081562
11.617844	-1.792637	-32.871220	-69.670078	-39.644353	-47.014255
20.147559	-19.174627	40.241149	-83.750422	-63.028533	32.479006
-58.742291	-83.055681	-48.855778	-82.965792	-79.049139	74.569446
80.635449	-11.511790	93.412687	-33.022095	-62.288458	3.254036
1.863030	59.546026	-38.028660	51.561897	-76.024561	37.575305
16.016474	-15.038254	-52.005617	33.551067	-5.208760	-92.788577
-40.567097	-26.627778	-49.112827	72.430359	36.226457	57.851603
-96.091978	-53.174590	4.984293	-5.017110	74.191710	43.140347
-14.249325	45.689050	-26.589760	-26.254394	-65.440154	-49.563536
-86.955452	96.136810	36.383498	-81.898558	42.452713	42.998947
-3.266633	-99.053385	-44.137313	19.199871	-60.695703	42.536267
4.881226	54.286664	73.785966	-17.629490	-37.594702	-33.867527
84.278878	78.668972	70.602745	5.663314	-57.799789	63.408679
-25.422543	99.023921	-94.354421	88.985410	-14.795674	6.840323
64.362836	15.400806	82.920586	29.862032	-15.489451	68.598573
-27.626548	41.830417	21.922183	-0.548703	-60.908615	-47.879850
49.645488	81.234922	-67.222802	88.053324	6.588088	-55.115727
-25.786912	-92.190818	-72.172225	51.854530	-76.195747	26.317702
42.525221	50.501899	85.392655	-53.994636	-95.483399	55.987650
-57.741617	-16.516184	-79.275458	-4.666875	-58.347140	-15.814840
-93.645045	12.387642	-40.699716	-3.735222	-0.284149	-8.443627
93.342712	41.677942	76.631040	-18.832354	-11.364041	-33.537437
90.833593	74.719170	-69.510332	-58.265343	82.503027	-7.893160
-80.302253	-27.968276	52.614109	-44.004885	71.956237	57.184128
64.063705	-75.598683	18.409839	88.983471	54.582710	38.546796
-94.989904	-41.158672	-33.452878	-0.949114	-29.814167	-33.856721
37.503657	13.846977	69.509677	19.567147	-83.577462	100.029322
39.055458	66.596697	28.887298	-32.545303	-33.303426	92.188013
-46.230843	-42.176042	85.320928	71.276281	-0.161231	-43.797879
-73.329395	-19.324064	-39.488339	-6.995177	-14.305971	89.789585
76.095313	98.793815	26.044487	14.516823	-40.403598	-14.468471
81.579032	50.281185	-25.917288	-53.841442	-12.647790	-82.083799
87.218640	64.301731	29.471444	-53.184217	92.372283	-97.489666
-61.459368	26.808016	12.677000	39.465863	-61.947269	40.075685
79.231002	-99.623216	-43.625462	58.788110	-40.823157	23.018968
-11.203888	59.292190	95.866983	66.172690	-61.876753	-66.458387
54.564236	-87.623526	20.516477	-88.566029	3.685626	-20.719949
55.032480	-51.978073	76.421727	39.274614	-74.794387	-15.443244
-26.173405	-45.114805	93.378375	98.233599	-5.482992	87.011437
5.630866	-80.030808	-69.235151	-44.127241	-40.595489	-59.432851
62.915474	83.759045	40.146657	32.819153	87.449752	56.355577
-11.517813	-27.632061	-81.205927	-77.047792	-77.096838	-45.541671
22.179266	-64.290138	27.065595	-82.225166	-32.471646	88.359050
56.529774	-16.974838	0.159321	-97.681604	-59.039690	38.980631
83.076596	96.790569	-15.761027	-77.894556	-30.921162	75.716171
32.950976	16.023012	95.401755	87.639371	-34.833036	-76.697145
6.641072	-93.596501	60.918212	-42.337431	26.767316	5.521874
-13.702393	-34.525478	-44.277741	-61.906043	76.456715	-36.211073
71.497966	-64.528586	81.665278	-35.910867	46.709976	94.208199
-67.997379	34.206803	36.594877	-84.284853	-64.548307	46.048372
3.662125	43.960100	17.749687	13.371851	56.120728	96.632248
27.235045	47.753269	16.295220	51.706780	17.131603	42.118916
-47.925402	-48.017668	47.109684	-42.508928	97.175708	16.083938
84.674825	19.236218	13.992942	26.260839	-63.172154	11.875319
4.823047	23.772802	-17.256382	97.061449	92.218684	-40.053223
38.522569	51.923402	86.048540	-58.733741	49.225021	26.179535
91.027504	-70.195207	-21.424339	-11.017053	28.639404	6.295422
33.242319	44.579333	-94.715795	-92.434757	2.496571	-63.906904
-43.060921	56.141718	-89.668876	30.150555	2.249189	84.540138
12.989174	-90.113650	-49.543163	3.584296	94.568466	45.813545
-6.918936	-48.918689	78.802192	-58.371003	83.013837	-62.784560
33.650914	35.868801	37.089749	91.951129	-97.221927	38.402350
6.956340	-19.486082	40.769902	33.484633	88.523262	-58.877084
73.515111	-36.164145	82.819885	33.609868	-80.098740	-13.938481
-58.865637	-71.255703	-23.392824	84.152264	11.606585	-20.336825
-27.918183	-77.641349	-21.353032	14.922286	20.987958	95.434726
82.368961	-37.891921	31.145492	49.185806	52.096935	84.916952
-61.560074	-74.085886	15.838474	-77.761305	-83.807213	4.198484
0.681313	-48.242113	15.581079	7.030420	-26.009754	88.677486
-90.040627	89.474591	66.443258	50.445728	23.434044	19.886247
-85.901997	17.248314	18.586254	48.547346	-2.046440	-66.982566
-42.955051	-20.670315	-90.474689	21.551912	-10.667230	45.741049
36.837404	83.956960	33.859716	-35.441341	-90.583639	-77.888076
-80.991102	-59.532369	-1.052241	37.108099	43.656989	-16.925193
-93.010738	-7.909360	46.126001	-90.794257	39.814665	30.184942
-99.836713	37.782262	71.682077	11.148182	28.305996	-37.895637
74.493715	14.194812	49.215127	81.836781	89.234807	7.249634
92.983835	-84.929701	-52.517249	33.463732	33.030074	27.496642
35.887160	16.555537	-88.184425	98.767675	36.998319	-16.259737
32.454216	-45.787459	68.362643	72.466032	7.209961	79.341974
-48.877186	-74.728174	-11.374222	76.566722	73.024684	41.549659
-97.985414	-48.187847	-27.699843	-1.018770	93.765439	1.134149
60.555382	68.156304	-43.147910	-36.989281	-90.174452	47.940650
-23.204037	43.673829	-55.672498	38.674340	-96.515852	17.705785
89.957993	-73.461888	11.457907	-81.449168	71.189938	19.106206
-17.562022	-88.789370	-32.346427	64.125516	-15.440904	-49.434838
24.605388	-90.537004	86.873911	42.277478	37.733453	-17.816216
-46.218314	-36.353347	97.672330	-33.992004	-36.679724	93.872458
-88.955566	-37.287605	-7.765654	42.508373	-66.747808	-36.638905
-3.466554	-84.180247	51.251901	-80.364064	-2.415031	-44.387833
40.840178	67.431418	-98.574436	46.856605	-11.177074	-4.646745
-62.115338	-20.353281	-60.517533	54.324447	-41.954634	-9.165356
54.257860	-22.628232	45.119493	-4.200218	52.529860	28.951881
-82.517825	-76.445328	-50.298341	60.398257	-16.254829	15.471445
-5.427377	11.620449	61.350799	56.540236	100.582581	-93.574862
-13.287354	3.876455	-36.168344	-7.032071	-2.995931	8.287882
-72.647874	-71.404481	83.715312	34.366057	97.913753	26.520448
-7.194968	-67.506869	68.807927	47.637923	-25.745004	-88.050383
-99.725089	-87.554298	72.471245	54.623360	-85.120743	97.492066
59.181775	-1.854694	-2.201621	21.515779	29.307206	42.331524
-95.463276	10.282630	-9.093472	72.807019	5.624336	-36.525140
83.467956	41.227736	80.676370	-70.655228	-77.689874	-69.845316
17.733184	88.574518	35.671734	11.534440	53.680813	-18.242197
-39.635419	-67.724328	-18.360307	-17.287191	98.069934	-25.449589
76.109917	-97.107384	47.948980	-66.541929	-30.847251	48.644816
23.969990	-1.290576	-16.929295	67.756356	39.291898	94.016504
74.514952	50.495065	-57.707307	15.944694	-34.302218	-50.035468
-13.028167	98.139805	-18.181927	-53.153740	-20.412376	-63.999204
62.995498	-33.353532	74.367723	-12.118288	35.684902	-64.898159
-67.747207	-30.939369	-55.884784	-48.438955	-13.092474	-0.338458
-57.523196	-65.581653	40.424020	-21.020553	-18.021592	76.193567
-64.093666	-43.441229	-85.207856	-43.066435	-17.047194	20.640760
-24.730088	-34.675495	61.211449	91.790772	50.386794	-60.463839
19.754814	-56.904657	98.052810	89.478349	19.259547	-88.829756
-83.058474	-75.828984	39.145127	36.904699	-80.717520	12.746913
9.124195	9.748242	51.426943	42.590939	-72.045628	41.179972
44.534559	-23.764889	53.584283	43.152004	-6.347440	75.652761
-55.328207	-99.081421	3.794249	20.657308	77.152206	52.237095
-63.806574	71.131449	19.458878	-66.111399	-5.659265	-74.071360
91.789722	-80.720515	-42.115169	-3.831464	2.187746	94.508799
45.559543	74.574753	-87.556426	-33.590715	93.805252	-4.900870
41.240841	-53.458607	-36.539804	95.926285	83.035617	36.108025
14.681944	9.499372	-32.884298	38.904952	-34.530509	-66.671681
-86.919127	18.217844	66.912439	69.132040	-75.942353	-18.041983
34.065206	26.392529	-44.921855	-65.789717	-43.111784	89.289293
-22.536885	9.647127	-46.779676	-77.846239	14.582807	5.449916
-84.968248	-90.311420	68.266587	34.370315	24.927564	-75.982335
-98.397343	32.089126	-31.312901	49.075322	-23.038590	-73.216297
-75.267290	90.193306	90.337726	-38.585647	63.063884	23.267903
15.059785	-12.877687	4.118354	34.114868	-76.018859	67.660313
-70.607459	-2.800387	-96.543369	52.778645	-88.416758	-55.370175
47.660422	-72.136198	98.300358	-89.875953	78.930822	-99.734209
20.600069	1.601658	17.175053	5.564139	21.594081	10.155954
82.981679	46.253120	-32.224760	-4.247637	9.145624	-12.598322
15.656824	1.985536	-7.771149	-62.552664	78.884064	-10.647584
77.288233	-50.940961	0.036597	41.346119	99.175140	-86.617058
26.952938	-81.139018	-56.575410	-3.750260	61.972179	80.912156
0.014414	-27.211327	98.529588	-70.618076	-46.856949	-49.848946
-74.224332	-8.838708	48.673027	26.507372	40.730964	10.448702
-26.239363	-83.615009	94.268363	-63.318765	-66.794377	12.145362
-68.507990	30.089370	82.609700	-20.154602	-76.885576	64.022112
45.920326	-55.590272	-20.003666	-25.579977	49.916271	61.733950
25.969380	-20.255475	-76.984108	-98.035248	70.862991	-6.945162
79.888467	50.494901	-73.423794	-12.224403	47.238120	13.041739
-9.195146	-99.343305	65.251284	29.034532	-38.327435	45.697628
-77.078409	-7.617160	7.757692	76.878391	87.020128	-10.317703
46.559812	46.901483	-90.021351	-17.862831	5.204230	0.147742
-61.037765	44.182448	2.760559	-30.525982	-47.159017	-69.573215
-39.529726	-15.609671	-12.644123	33.866518	-83.870889	-26.802348
-93.559958	70.901082	-76.460491	-88.072026	53.107862	-79.694087
13.642770	-39.113121	0.227933	32.478362	-10.436137	-32.124602
-93.708206	-7.494558	-31.512214	40.883156	-7.498797	-78.846302
-64.215426	86.034361	94.455635	16.298249	-12.316491	-1.838477
63.656464	35.401384	98.845538	89.623778	1.988189	84.987310
-99.573931	-20.469875	21.421731	-78.264726	13.147606	-91.874022
5.413594	14.981076	39.754146	69.630926	-38.036259	3.016570
11.160911	-73.101901	45.745211	-8.236181	-0.077335	62.268174
-75.003903	56.523755	-0.504715	-2.190970	9.674172	-54.266805
2.620570	-27.369313	-54.190401	-32.489500	46.380986	38.094528
52.097274	32.596716	-2.780371	93.641202	29.167317	-90.970083
-46.078548	-60.792542	-56.485813	90.759360	92.946278	-95.089256
90.283236	1.375710	87.128891	70.845752	-90.155706	48.453103
79.275645	16.704847	-80.414740	-10.498504	19.748429	-16.829908
-61.192520	-75.687391	44.451799	6.639076	48.596517	51.005466
85.807168	-75.149007	-6.388067	-15.546127	39.166029	41.815245
-88.272547	-69.519419	92.956376	-3.008564	29.536108	-46.545261
-41.908434	70.605775	-4.539199	24.758939	75.752613	82.864571
-80.279375	-80.600766	-10.074270	-48.084010	75.799096	-65.325406
87.798793	-66.965749	77.559915	78.951973	-14.602722	-40.288080
99.888626	-14.670265	77.324121	26.246994	57.402054	47.320450
98.450404	47.134279	-73.617430	51.556677	45.496286	100.822650
-28.035257	-98.650164	-33.551066	-56.706411	-85.364962	67.217973
-66.429827	82.169077	-50.924879	54.861020	44.764811	-13.084638
76.163420	80.349561	-25.435956	-63.851317	67.000973	-28.610460
-63.202507	0.436465	-31.713969	-79.505138	91.758671	-29.691218
99.112158	29.173833	47.178048	-86.604757	-70.754437	-60.596197
-78.129321	-56.702300	-70.810884	22.473909	94.569485	-92.451585
-98.368816	17.572507	10.573484	57.432008	-90.648634	-53.701527
-59.566835	49.551549	57.015169	88.203711	78.184398	25.974059
54.839370	77.072540	59.800811	19.703062	45.998948	89.187820
8.394692	-38.178273	-19.039976	-16.421886	-56.651573	47.351525
31.957228	45.180863	83.630120	59.377864	34.244746	-96.900667
-98.490068	94.439549	95.905304	-62.054256	90.782714	-43.771792
-15.441366	26.718808	-31.174159	16.705100	-60.358874	40.489664
-99.995157	-24.779703	-44.787935	33.163266	-28.792714	-33.954543
66.738498	-99.501530	31.544005	-96.125317	64.495709	100.424059
-9.665872	-6.599648	24.469147	88.170527	63.989486	-11.450684
-28.862045	78.621180	33.976565	-38.905485	48.672628	-23.212997
27.833037	-67.856844	16.867522	-7.925505	-47.882694	-30.024257
58.148623	93.667773	17.935936	70.023438	-7.367786	-27.962995
9.464113	-64.564540	-2.125278	5.725383	-14.916800	-27.588477
35.406738	25.993685	26.770979	-14.934876	-91.976711	-92.166453
-72.232401	45.154863	16.728707	63.965821	78.190327	-83.180706
4.852466	-28.167853	52.416082	64.943780	-64.533479	-27.850009
16.755582	66.721765	34.241705	95.611971	60.723760	-40.645730
41.627829	-36.488454	70.524261	47.518143	19.241431	-6.216167
54.502328	-1.592599	-74.714220	-94.837862	-4.146643	90.250604
-2.236714	9.043839	-91.925837	6.963945	21.036709	-57.033983
47.789280	46.620226	-92.377517	79.756772	-30.019399	-67.153051
-93.714728	-49.518256	87.281777	-36.669214	6.086350	92.823376
-25.303211	9.088001	-43.378105	-0.387629	0.299528	-68.855028
-76.198264	7.263902	73.664001	86.032268	24.577799	-56.113293
66.811202	58.948936	70.629125	-28.413700	89.416796	-3.216189
100.587430	30.835338	-9.867044	-89.159961	-33.445591	-25.766819
-77.926132	82.938838	75.410852	89.035569	0.596961	-92.779025
51.422814	63.961466	70.391126	-56.011378	82.562260	91.511422
99.650260	29.828030	30.333796	-75.262526	-8.460327	-34.362955
66.706754	19.750396	91.509691	80.981259	-77.104992	-41.973488
82.262013	-14.085648	57.697884	24.533516	-95.130594	61.014031
-79.918648	93.852185	-68.879891	-87.411163	-34.114133	-93.359002
86.149100	-57.254271	20.892229	-98.178397	-85.263669	-43.728518
-33.908300	-71.277346	55.563305	-19.101539	-73.527794	-13.071020
82.981600	72.926367	16.147535	21.927986	49.241490	-12.530277
88.960763	-63.122758	-55.774900	89.829892	-7.462214	8.450752
41.913830	62.526035	82.092151	77.429291	5.664369	62.003453
56.483418	-72.270643	-73.373883	61.601938	-53.328060	-57.149900
61.912120	20.193404	-7.052773	-24.686344	52.429218	32.417441
24.251341	69.523325	80.316765	38.365651	89.826867	-19.050828
97.080636	24.492415	2.763744	36.698794	65.787330	-93.060251
60.911108	-3.925095	20.749978	-18.312455	-83.381371	53.470196
44.582774	67.503206	85.264849	28.657407	56.177414	78.898341
47.940619	-93.516891	-21.838382	20.582919	27.787179	-68.628015
-92.101092	-3.710016	-51.470245	98.854981	-61.680602	16.732027
-26.135184	64.353743	-27.648586	32.990041	-92.551893	-40.761917
-35.857249	36.172849	-23.744035	45.097982	-6.545604	-65.898679
-24.180115	95.842022	7.075545	96.002580	-77.305152	-4.423294
-45.678537	61.983369	-46.145037	20.991489	71.144669	-66.344304
-6.647609	-63.631993	-74.250523	-32.731758	-57.610505	7.786813
50.793598	-25.897340	88.426763	17.842962	54.598243	-35.245823
-81.418977	42.737800	37.335700	-44.749945	-58.962578	73.096871
47.429162	25.809237	23.892670	-50.032489	40.232093	-36.701867
-81.280493	-29.444676	-76.387058	29.998857	-11.507093	-40.276261
-94.304013	45.348749	69.595044	-68.094713	54.408770	-59.333119
3.024827	-1.503822	-1.956396	24.941678	-52.557508	96.053291
-88.339334	-44.029199	43.883715	46.952983	90.250043	18.827253
-86.633004	-60.853113	46.595481	-93.324584	-43.815086	-11.490462
20.630479	-84.479119	-63.102039	68.418494	-51.525488	-85.800984
85.424983	39.712214	-3.392311	19.595904	-62.499284	-41.606964
78.311639	49.310758	-25.980408	-68.918620	81.322409	-69.910368
-80.707702	-25.468285	33.015052	-25.572322	50.086422	48.289573
-78.083392	59.472022	-57.310284	-30.296282	-18.023033	-84.383072
-35.182855	13.722501	-5.900049	16.606576	-61.491783	45.887781
-45.500678	-42.880507	-35.777876	10.979499	62.375810	70.652614
-96.534797	48.922430	-5.336336	46.675481	-69.426306	-68.386809
18.481693	-57.102760	26.914522	-52.136603	-7.428587	74.893406
-7.556765	76.891398	47.706541	0.462907	32.276615	-69.505540
-32.612373	37.530926	80.766842	12.476715	89.996331	78.336643
-52.928455	-29.760211	35.999679	-18.610648	57.526485	98.786928
45.093902	39.129208	-31.555824	-60.449557	22.778060	-7.897643
83.122516	49.565333	39.262010	86.116674	-90.657024	-23.285116
-41.429832	31.814027	-54.231867	21.678446	-71.842118	80.963640
51.297148	-89.131736	-27.577821	43.639801	-4.555386	64.818308
-8.372290	-5.952666	-67.632683	91.123830	0.469233	-28.821860
-98.691008	-3.101281	15.345404	-87.866159	62.799924	-49.653595
54.034731	11.666697	-25.320632	21.687742	54.295484	-27.447307
100.337487	95.854082	-58.103651	78.177959	-81.512243	80.686434
67.754774	-72.373506	-56.842270	42.247555	90.577557	6.045044
-84.587833	-82.387465	79.208119	92.337460	-39.644836	-42.688574
74.635035	-60.995697	65.199476	5.304545	-64.577876	-88.424582
83.116162	-3.861681	56.563994	-70.249781	-7.838611	-55.289500
50.071355	64.845373	84.128371	84.324043	-3.708943	-5.987053
-9.508484	-85.464718	-43.975185	-2.983489	-80.744329	-37.751790
-2.243625	-9.984105	66.268471	22.596258	24.731183	-57.481526
-85.895503	-0.716036	-15.550818	61.048696	44.904627	-12.563894
40.851516	-21.091807	-58.334787	88.103314	-15.908344	-63.181808
-91.454415	86.815801	52.311233	-81.597379	-53.140384	-29.863006
88.839551	-85.263169	6.865200	-91.781563	19.879123	25.699095
-58.994464	-3.670760	-89.191503	82.098396	15.925669	-33.072994
-28.798685	-49.247669	81.381907	31.355262	-5.721993	-47.639007
-58.977933	-86.317954	73.614183	-53.475335	-74.313807	-70.391393
36.422122	75.965061	-94.976462	90.238940	49.221160	-81.330178
22.020087	21.598174	35.347010	61.357204	70.377844	-68.622195
-23.020476	68.086111	62.585336	75.257200	32.554221	-86.229127
77.621315	-57.792580	21.286976	93.235900	49.534131	0.519921
25.428670	-28.199711	65.988394	71.506551	-44.435920	-43.058145
31.620221	82.329245	-41.382193	46.806288	-37.249106	-66.842350
-24.244114	18.424096	-24.925473	-45.522709	21.437493	-17.268266
-85.670430	-44.687847	-82.358575	47.696452	43.161178	-72.976902
-54.301231	-70.543896	-76.985528	-33.627785	57.448996	-21.979225
63.054456	-4.031286	-88.006667	-27.159699	-52.026483	-99.799139
82.989135	-78.315854	-57.082218	-45.050244	-55.658114	35.084086
97.183343	70.371220	-55.508023	87.996870	62.481856	88.661960
-18.458399	24.330354	31.743870	-58.999717	-92.667484	48.642115
46.404635	79.804816	46.394853	1.032276	5.693145	-15.918268
-20.696384	53.134860	-38.675387	64.296036	45.350160	84.155680
-41.891534	5.171354	-43.915180	13.245947	-42.670319	61.858033
84.117222	64.334238	-17.059188	-55.916540	33.974149	-68.333939
56.129578	-34.438646	-12.688836	19.263335	-2.770261	-54.669889
61.952273	-37.180011	-72.231219	12.002157	100.643724	-85.266140
43.835977	-32.435700	-18.737408	57.901314	59.863929	80.347149
55.630373	82.549055	20.741644	-52.410939	-40.687283	70.863280
9.240443	-86.422158	43.044302	-35.207994	-78.693138	-26.761998
23.781029	-25.498510	68.215968	-9.560112	-60.101268	-64.979295
0.612358	76.585123	91.282780	40.005888	61.194270	-8.938843
14.076255	90.777541	-18.901095	25.379448	-77.217535	25.221712
-14.556642	-31.652516	59.977966	-55.609315	4.166359	-88.844945
74.663054	-52.019422	-68.349492	42.685746	32.498958	-46.334937
8.992800	-91.076661	74.755904	-0.643732	56.940840	39.945264
14.284338	75.848292	81.853422	78.005360	71.085797	-8.186076
23.562608	60.733717	-72.999005	95.729040	-55.109827	59.440210
76.423955	1.179475	-16.954053	-43.595135	-95.110578	-40.953274
-30.101671	-82.287419	-78.206649	-33.879134	-43.383519	-79.310996
3.397250	21.777805	-98.212575	-94.155094	-13.331778	21.814924
-44.392325	-96.061515	-16.570257	-73.562501	11.254373	60.334993
-88.442783	72.864413	90.550296	72.188099	75.811650	-60.941818
-3.317804	-47.537178	48.554457	-28.005279	93.103273	12.549819
59.053900	-81.861674	-24.680569	85.579193	-63.346968	-52.073369
-82.944566	59.217423	-58.837443	-13.835898	54.527152	-95.914019
100.196558	63.648825	2.684693	-77.999762	-11.460086	-49.040318
-5.345350	10.405917	10.931205	10.705443	-72.068400	55.238290
30.589229	-1.746485	16.783153	90.574895	-92.515075	-10.868771
-87.969252	-2.812393	-34.619405	-92.674940	47.387173	-76.017353
-70.678831	7.187528	25.592094	-42.098716	28.959022	45.887729
98.467661	27.672650	-6.331129	96.175033	89.419506	58.506594
68.778609	38.998643	-6.253043	-15.134775	-48.675646	80.670559
-8.505045	3.428226	-73.767617	21.501857	64.279954	-34.859019
61.043410	1.571145	74.435989	25.514227	77.804384	-91.432289
-35.001336	-59.222792	-47.965434	-16.508373	1.894567	75.233878
-53.761292	85.569620	-9.206870	76.002900	-53.835152	50.540441
-57.499645	68.557223	-42.763480	55.109439	-10.345621	-90.342723
38.743118	-20.847273	1.408241	-41.605445	-87.488408	71.735056
46.853249	26.110932	-71.440326	-72.248531	-39.091136	4.152278
-43.918636	16.979214	93.817460	15.820114	-48.780064	33.423193
59.881625	-77.858152	70.833552	-50.465478	39.148913	-27.858136
-29.857532	71.217410	-83.414308	-50.214631	22.862909	21.480407
1.091979	-65.239347	56.329818	-25.408746	65.090975	61.516625
-71.281671	-25.201249	18.562241	-56.201587	92.511377	-66.443172
9.099855	54.706662	88.599141	-58.145588	-96.626664	49.017414
-61.106231	37.661718	78.140264	-20.283515	46.772121	-1.496438
-14.486581	50.794829	86.358651	66.561936	-38.024363	-10.751496
-87.286325	-68.671759	0.731719	92.353032	34.619339	-95.248466
84.213425	27.208265	-82.819484	-7.288009	-77.702473	65.774492
-13.906884	-83.811101	96.507770	45.335900	-49.866259	61.319756
39.668869	63.102682	47.033618	63.843250	36.421376	76.130852
90.238726	78.208165	83.489384	46.728707	11.535314	40.919781
-83.224062	-35.435293	-52.046071	-87.560942	-15.902746	-71.208380
-21.268507	-58.229238	-90.117498	-92.215314	82.898277	54.372401
61.053509	-70.664515	-29.450567	6.928215	-85.302046	3.677923
-24.725623	-92.348697	57.937192	4.537273	-17.017245	-65.793876
69.028988	-80.276894	56.712278	-31.725708	82.384867	-96.446675
90.540699	-77.671379	-55.866642	37.115384	-15.833331	10.845293
27.080531	90.768478	-57.844887	-79.512188	85.429540	74.395861
23.774455	-8.870168	53.009091	60.423632	-57.423352	11.153701
7.020996	-36.519455	-42.914395	-63.556190	34.167224	-56.328947
56.012457	16.642421	26.631705	-80.954544	-20.167670	-60.902345
86.013930	77.504094	94.489472	-84.305820	73.857584	73.998581
18.732084	43.474665	-18.615330	-34.203380	39.222678	70.384460
10.701956	23.945817	83.451905	47.601029	38.121085	42.674622
0.837194	-48.029909	-89.595049	-37.801222	-47.850663	88.677310
41.453149	-70.159360	31.619998	82.007328	-54.797160	-19.636508
-86.210555	-5.159136	72.931712	-88.828330	43.689664	-34.655162
26.044716	50.388111	-9.643789	-5.658513	-23.429108	6.045652
2.528409	-6.973648	45.675045	-39.417659	80.255277	-70.433563
-63.114424	-3.351177	2.053020	-71.516253	1.974366	-0.796088
2.712661	-37.457869	-42.283867	-95.449394	-88.776459	81.791074
93.327539	-0.468446	37.542914	54.025540	-86.962780	-61.446867
34.229299	-0.843792	-40.572158	-40.457508	96.939257	86.092231
-18.049447	-75.716950	-55.598251	67.856687	33.109059	62.063944
-78.112025	76.625034	-66.704052	35.024036	56.850132	-44.217450
-2.933597	45.935665	-28.488237	41.104207	-34.043562	65.300048
14.554982	-34.108778	-39.140195	58.251392	-60.908303	-64.821087
61.296927	-31.811754	88.443517	35.276020	52.749040	16.399007
46.097872	56.220528	-8.076341	-72.733143	17.998356	38.735371
87.787112	-21.341975	-55.537452	-17.280132	24.706639	-58.621187
-49.062963	33.964477	72.820702	45.069435	19.722888	42.884554
-75.662549	80.590845	-40.628701	-26.020925	26.626450	76.952049
-52.923742	-59.234469	73.156105	-31.202376	12.222339	-31.694969
-13.197151	31.687241	39.504137	-25.060886	80.616426	11.349629
-54.269607	-46.751541	-92.245216	-95.851320	-78.993772	57.458058
-76.513513	-97.897009	-96.353437	95.473903	16.938615	-60.364802
69.895002	97.886234	27.867371	-0.919924	-20.365106	23.730732
99.325860	59.309557	-88.355020	-91.442054	-40.399339	69.110517
-75.344885	35.112765	-10.889542	9.664652	-27.530046	-21.199827
79.232593	100.207925	-61.572625	55.039130	-43.908718	-59.934098
-26.018915	45.945841	88.468804	-53.862367	13.780256	100.615384
-78.393755	-88.864963	66.471498	-82.248843	-16.158483	-44.655763
33.150623	13.534626	-89.536450	90.272631	-66.048954	-13.049163
67.504137	-21.337650	44.330403	-78.495678	2.231461	98.767721
41.161102	-41.352117	-89.812593	29.184919	13.516593	14.358355
-9.703366	-59.801680	78.311123	56.996410	-55.549351	-92.647447
-29.968241	0.145144	-50.463367	-43.949624	-61.231725	17.631999
16.561108	-83.474419	80.929660	57.815542	2.557899	79.011357
15.814804	47.437804	51.835380	52.511967	37.228674	-71.467260
-39.132831	95.714812	-43.845863	81.215644	75.963469	-28.417060
-30.374682	-83.290833	-45.326412	99.982920	100.535555	7.107972
-96.955180	-65.028803	-79.150901	-9.987300	-94.512206	91.580370
48.671502	59.178676	-93.999461	-58.441037	-73.175928	-7.121674
-28.233200	87.941578	78.089877	92.851269	83.580238	-95.621311
21.129221	-42.123809	-80.932268	21.953229	-41.460923	42.549515
-52.122812	-59.867731	28.412892	33.314887	-25.357013	-39.219902
17.495898	-3.197219	99.795876	-38.847641	-82.127029	44.667863
92.878397	8.784217	8.825500	-13.502215	94.050886	-40.702936
-80.650419	-80.027392	53.147936	-84.170962	48.475791	94.099385
56.940334	77.674499	35.198711	51.637302	-71.222833	78.382609
-73.806983	86.093331	-87.935041	67.430302	-73.705051	89.149440
-59.734190	-42.599406	50.512390	6.115394	-95.117655	-42.283087
39.822545	-26.974990	76.621185	-81.191686	98.242466	83.199871
-8.053117	41.349537	-56.544872	57.690948	64.153282	68.673774
-82.229352	-35.646061	50.914225	34.001532	-45.358275	78.209496
72.703182	-84.207392	-33.093813	61.993603	-84.835288	13.806775
-33.508816	-47.774417	19.394871	-39.647575	-30.658463	-51.427502
57.832492	-50.954693	87.066621	-83.297599	-79.049881	24.065238
5.815815	5.892251	-59.331312	15.625897	84.830400	-18.334163
-36.639054	47.511370	-34.347826	64.261873	72.170987	-26.014335
-97.241147	35.767592	-8.256490	-54.612790	34.194107	16.208447
-97.137096	76.060455	24.808274	20.824655	-54.060043	48.704806
-85.683010	-50.369353	-3.923300	-97.655951	-52.271650	-79.921552
-89.724098	51.296059	-10.731290	-32.831959	-80.622544	-99.397908
67.438155	-99.617140	23.204815	77.990441	3.167181	-11.080430
13.451285	43.458781	6.524290	-93.915924	-63.791419	86.393962
-47.066725	39.436777	75.740419	79.245023	-36.897582	-84.088117
72.244984	75.931664	-93.138338	27.778682	32.338775	-3.588048
-30.169709	76.882135	3.736492	29.213894	-27.809238	20.484898
50.969864	-53.887177	13.505307	5.292941	38.360475	15.912767
-19.452241	-21.095234	-31.455267	39.224358	-62.315804	-28.616562
-97.610858	-83.620966	-74.610381	26.475259	15.261346	-26.630281
-91.848385	61.792365	83.755534	5.990819	49.598286	86.361624
31.812564	-98.824867	-30.225383	57.640576	-10.775850	-45.502784
14.369817	-14.932129	-38.521314	70.338270	-2.128309	33.327284
56.952093	15.059383	-34.897985	14.990688	49.778438	92.603943
-67.989141	-22.476272	-75.352701	-13.125034	14.089196	51.071131
1.011089	37.914580	-4.535089	17.157184	49.420290	-78.285751
-9.214944	78.886108	64.625467	-37.425561	23.284334	74.021395
95.862685	31.877804	76.858935	85.599071	-33.698552	-53.350436
-71.020390	69.049463	-82.784152	-86.522303	6.930382	36.812879
2.456542	-60.051056	-42.979126	-25.206189	-28.875639	97.765916
-76.771318	95.695037	-55.912890	96.180760	37.257588	70.875008
-23.741041	39.374334	-85.892812	32.508119	57.403681	-91.091681
-61.757869	58.729189	-36.564006	-0.141190	-69.577264	36.471281
-13.000714	68.472049	49.904711	68.393334	-36.272005	-19.940954
21.602729	51.207288	-33.213431	3.056524	52.613565	70.388307
51.158006	-7.411386	66.084751	-11.481029	-28.047175	-75.120676
-55.922740	-12.235912	-78.641763	92.431587	-86.709090	-85.796604
-49.126042	60.597543	87.397887	37.597585	-99.923999	68.379996
69.046444	54.894917	94.496662	-73.579229	37.053962	31.656225
57.511039	-26.016309	-35.858790	-10.972356	-38.440025	-42.044169
-62.747343	87.599663	46.107078	-27.143896	-12.871986	15.886965
-94.260780	-84.336563	44.225280	-88.902752	-63.958753	98.180890
-40.678226	49.466756	94.176644	-61.807864	-58.476243	5.375909
92.114832	-86.213798	-57.411569	7.169428	3.145152	18.980840
-39.269979	-80.201703	-33.631368	-59.281331	30.100294	31.646932
-27.766266	-82.247106	1.185745	44.255606	7.018411	38.254426
81.185151	72.683149	-20.270682	40.064020	60.086485	-84.214100
68.440767	92.028307	-43.841138	97.874011	-47.467406	14.956167
-87.074367	-74.295200	22.285261	61.087280	55.286127	-68.391603
52.684413	49.048982	97.311151	-72.303642	8.552337	-13.344579
-50.800581	33.720101	97.260810	-11.007899	-61.042775	69.519811
-93.824104	-92.993428	88.837484	70.328171	-53.535009	84.065096
-76.592498	53.775427	-42.912435	51.845100	46.482610	81.039548
10.613190	-24.381766	-24.912588	46.607516	11.646659	-6.350574
-69.487348	2.385366	-88.904316	-85.046213	-1.786680	49.895653
82.679911	80.374243	41.967474	17.302473	65.124996	38.667410
-18.850523	49.816694	83.334852	-94.699435	95.613397	7.674666
-88.204991	-53.424230	42.044090	7.507973	62.585512	62.182236
-44.318299	38.078359	-20.007714	5.438665	-88.788084	-75.052740
38.140635	-84.909640	81.711343	-98.061977	16.586287	41.448849
5.604562	11.603133	9.213106	85.540991	-8.862303	-0.555261
93.398306	-87.641572	54.875654	-71.781427	79.166814	95.762262
18.108583	25.938162	44.502084	77.019370	87.036621	-75.982876
-22.069707	-77.981168	-70.118610	66.835258	72.560851	-90.302549
46.364118	-50.100043	84.128914	-20.589474	59.489070	95.261786
-18.681083	37.782827	-93.799116	48.505566	-59.724161	-86.411771
-69.922270	43.233540	68.908268	-8.518119	-29.891948	85.670444
5.994142	-91.964599	34.525511	71.700749	-68.963359	-75.168315
13.691859	-63.620593	73.640286	-61.300578	56.634746	13.785753
-89.581572	80.773828	-83.895852	91.187075	-91.841375	-95.984452
85.604669	-65.861499	-72.851872	85.622946	25.583832	11.338161
-1.682179	-49.016409	-39.907653	-84.849873	-81.745516	-50.005888
-88.495936	-19.087124	39.470032	-76.600610	48.918867	-74.738662
17.107215	-65.111133	37.238388	68.683041	-20.291709	37.940650
-61.439562	-7.108288	-69.259672	75.498440	27.681457	-10.809433
-93.885440	80.424695	21.942246	-74.411845	77.163331	57.531338
61.247613	-78.234588	-87.882754	97.846430	-72.916088	69.822854
76.175816	77.518619	-8.266423	70.233537	-33.671098	19.661326
69.067168	-62.730822	94.567865	-92.067722	5.465335	-84.695715
-61.785892	-2.368182	4.414415	85.342043	25.889325	-0.291504
68.171961	-26.745808	26.802872	16.136801	17.233218	-0.762136
-94.431149	-7.691697	-11.402860	-16.774626	55.430806	-52.440538
-26.346777	-14.956182	-35.103495	43.249836	-72.364810	-95.556019
14.154273	-23.493027	82.834196	57.489733	74.140953	86.316272
93.213103	46.697742	-20.419622	-38.742663	97.379167	-55.915671
-28.318823	-40.674540	-41.602221	97.300590	-63.803377	47.011256
-77.930122	73.945880	22.682565	35.040690	88.105816	75.114175
52.065846	-11.337600	51.400864	-88.279309	-77.924146	-37.369781
-82.688582	-19.313696	-90.596255	31.818344	29.223214	38.478672
63.373604	-23.061615	-13.377488	47.718015	-27.608836	-57.434329
100.967423	-11.209955	39.812701	97.602943	44.805437	-30.659114
-39.942227	-6.086316	-68.316057	87.312697	-59.627466	76.335193
-89.133277	39.571310	-73.263691	-17.330231	-49.647388	88.989324
-24.775627	-26.436090	88.144293	-82.038821	87.334816	-49.774308
-83.074838	-33.209782	-35.411113	-55.112433	-12.840067	-99.510632
-92.715069	-75.435008	-97.461842	2.813116	64.145043	71.926713
-56.207957	65.129048	-40.247667	-25.569473	33.825432	-14.381241
59.642599	85.926453	-30.545166	22.645939	45.710238	-34.036603
-67.174516	-61.602563	16.730280	2.530217	43.010616	-4.215711
16.941812	4.923448	-89.889531	-13.623052	-87.360339	-51.742139
-54.133104	97.751455	-49.483572	49.397575	-1.663853	-47.741109
35.349525	-65.995590	90.501602	-24.764283	34.614565	-81.512899
-60.010451	-77.456091	1.001359	-78.481510	-31.230265	86.916123
75.098983	-82.618794	88.436243	67.714282	0.345835	-92.470574
