15.422812	14.854228	1.523870	2.000000	10.000000	9.000000
22.319219	7.000000	10.000000	2.000000	10.000000	1.000000
8.734959	9.306094	-3.298623	7.566943	-0.343213	-7.184852
9.000000	11.000000	1.000000	9.000000	4.000000	3.000000
16.645617	2.000000	1.000000	0.000000	3.000000	9.000000
18.339415	0.216815	-2.323257	10.676546	-13.154951	21.011658
20.263803	6.000000	10.000000	0.000000	8.000000	4.000000
22.662813	11.855112	-1.166576	-1.077339	-8.252817	-3.188385
20.261186	19.871508	-1.291924	10.000000	9.000000	9.000000
18.752782	7.776377	-5.092768	5.021790	-9.289028	-6.068034
13.218258	6.227250	-1.752898	5.954710	-10.540879	9.514566
17.578279	4.479914	-9.200075	-1.443407	-13.404246	2.976025
16.301161	15.596646	5.650410	13.603187	5.695902	11.368510
18.030589	16.459599	-2.440203	10.797288	-0.385328	10.000000
18.536209	9.388582	7.990848	1.238690	10.076989	1.000000
19.983054	6.484311	-8.748356	7.607899	4.905485	2.000000
-2.387050	11.274115	-0.558282	7.000000	0.000000	2.000000
11.000000	10.000000	2.000000	0.000000	5.000000	7.000000
16.589396	14.964410	-11.117368	1.301523	2.294187	2.770205
8.506867	2.815849	-5.025120	-7.661633	-19.635194	4.806452
17.861721	7.155100	-7.291531	12.676689	1.806650	0.000000
4.904141	3.032576	12.352535	6.065476	1.854780	14.297088
5.167311	5.691007	6.000000	4.000000	6.000000	7.000000
16.253476	2.718038	3.618918	0.856943	0.894544	7.630800
17.919878	20.136711	-18.395329	15.052629	1.220027	11.738651
18.859559	14.521848	-7.554198	8.816512	3.654919	-5.159063
20.581811	8.448121	0.481544	10.364483	-6.225015	-5.886190
21.446806	9.484759	-7.218764	10.581877	-1.800861	0.646606
26.128625	18.710837	-4.283448	2.000623	-1.406698	6.957716
17.024264	0.228019	1.564936	-1.672736	6.000000	10.000000
22.660852	5.465583	-1.562100	-4.753241	-11.727829	9.572842
5.953626	15.276004	-3.664913	10.269305	6.459402	8.006088
9.083221	5.358501	-1.665566	0.000000	4.000000	8.000000
32.492365	11.642382	3.666182	2.508810	11.447031	-12.539595
9.476985	15.214793	-1.638767	4.896098	1.079671	5.804586
26.579876	14.880588	4.310727	4.877847	2.664417	-11.488693
20.374053	4.822963	12.451510	-3.669139	-1.490455	15.847580
15.637949	17.523217	-13.932528	5.905736	9.196746	11.266545
18.928380	0.082503	-4.248216	10.000000	0.000000	1.000000
4.000000	7.000000	4.000000	8.000000	0.000000	3.000000
12.767843	6.246013	-2.064029	3.000000	3.000000	0.000000
28.675001	9.160792	-10.647509	5.666154	-4.752852	3.773361
9.338734	-1.067391	-13.936133	2.000000	1.000000	7.000000
-1.342052	8.944632	8.664588	8.260203	-8.758092	3.048552
18.380315	13.978959	-3.660213	10.598136	5.652006	-0.201093
17.411035	15.850642	-9.441816	10.517822	-1.679478	-4.516529
9.210386	6.893607	-6.683677	2.406948	4.677362	-3.432985
25.367639	7.362019	6.384855	-13.766179	-8.319911	4.329268
4.386955	6.858678	2.609623	7.118438	-9.404579	5.301468
14.342876	6.001250	-5.044179	15.203984	-6.241341	8.000000
12.045481	3.872107	-0.710521	11.610327	-5.887328	2.413329
7.026216	12.224478	-12.171935	1.219761	-15.252508	8.262044
16.988505	11.870181	-3.583221	11.603815	-1.578129	10.054103
10.649271	17.002847	1.721430	2.108565	6.075431	1.798222
24.872524	17.759314	2.971785	11.296489	13.045054	-1.003069
15.476127	18.451081	-2.649898	2.636508	0.135790	12.912413
28.986042	8.785383	6.311300	-3.850634	-3.150043	1.805340
13.744945	1.015635	-2.336834	8.123036	13.360979	2.670335
5.000000	7.000000	8.000000	9.000000	6.000000	3.000000
2.000000	0.000000	4.000000	11.000000	1.000000	0.000000
15.093254	1.104039	-0.727282	2.862171	-2.610467	5.109724
-1.749841	2.923804	4.108506	10.000000	3.000000	7.000000
14.705906	4.984873	-7.965608	20.357260	-2.808273	5.191914
22.648283	13.559492	6.254015	-5.408574	-8.250054	7.807979
8.413031	1.310710	-13.738344	8.637558	-1.094131	11.000000
24.323517	4.263626	-6.698239	15.935337	0.438275	-0.484348
15.404820	7.930798	1.183927	-4.882917	11.000000	6.000000
25.016067	17.280857	-0.260055	3.890727	2.609022	6.205246
14.323140	13.370209	-16.158663	8.589328	0.829114	-4.662453
18.539277	12.650916	-2.119354	1.656827	2.000000	6.000000
22.641975	4.000000	6.000000	3.000000	11.000000	8.000000
16.402493	13.903113	-0.771908	5.956199	1.783668	-6.274748
24.240460	20.076350	-3.927367	6.999813	3.860489	-2.401695
9.517343	14.295247	-6.229006	3.000000	4.000000	8.000000
19.872682	2.660761	15.491228	10.736986	17.104759	11.000000
27.486047	5.175576	-9.153854	5.837937	2.021072	2.251458
13.601544	22.583221	-0.163776	0.114147	12.323717	-6.106872
14.808443	15.137920	-2.825432	7.335905	2.774509	2.208125
24.124182	14.559470	0.401322	-4.109607	-10.653302	2.298165
23.014276	-2.687107	-1.580356	11.147924	3.505606	-0.870397
23.478339	11.000000	11.000000	2.000000	11.000000	2.000000
14.929085	11.169724	4.804716	6.026508	-3.224924	11.000000
10.402569	11.065787	-12.603983	15.668463	7.335259	10.255446
12.635571	18.914299	1.956831	-4.190960	-4.878127	-0.365790
17.519974	1.000000	2.000000	11.000000	3.000000	11.000000
15.909154	7.830189	-19.274094	10.289271	-7.026126	-0.656919
9.099277	5.602663	-7.252619	-3.604417	-6.205482	-9.137679
20.838052	22.055028	-4.116339	8.090781	1.685259	5.547477
5.807795	10.634964	-11.141499	9.000000	9.000000	7.000000
22.168450	18.486326	-2.827645	13.656126	4.864674	-0.700043
19.594158	10.537223	-14.693302	1.805703	-26.801622	-0.576527
13.033301	10.428356	7.031609	4.000000	1.000000	0.000000
9.000000	10.000000	5.000000	9.000000	4.000000	1.000000
24.182881	8.803869	-0.771368	6.676053	-8.723017	-1.192714
16.615048	18.951283	-14.387666	4.554547	-1.949195	7.986256
21.834094	7.000000	7.000000	7.000000	7.000000	3.000000
5.875566	8.012344	10.464918	3.283303	6.420879	-5.355919
14.758757	20.968013	6.479892	10.103432	5.073523	-6.410259
18.597227	11.000000	11.000000	8.000000	2.000000	5.000000
8.138357	5.264543	-9.136837	5.000000	8.000000	0.000000
5.747919	20.467237	-16.375865	9.386796	-20.324957	-6.701464
7.000000	2.000000	11.000000	10.000000	9.000000	10.000000
29.647535	1.371919	4.041047	-8.816347	9.545565	7.062116
17.613628	12.739010	-3.094592	10.000000	4.000000	4.000000
26.036655	2.291898	9.842632	-2.932835	3.849961	0.000000
6.318565	17.817543	-2.662654	11.566530	14.777313	-0.502003
27.662389	16.982944	-3.090786	8.997950	-4.803359	12.268432
17.881572	14.140479	-6.819555	6.673838	-5.053034	1.291432
28.251465	5.517995	2.040049	7.096904	2.581526	-0.683952
15.248014	7.162359	2.292999	5.720057	2.000000	10.000000
14.911616	8.444397	0.757901	8.000000	4.000000	8.000000
1.000000	5.000000	9.000000	0.000000	1.000000	3.000000
11.241548	13.679119	1.282099	8.459306	5.682549	-1.523871
13.978955	13.006174	2.000000	2.000000	6.000000	0.000000
15.961032	10.104193	1.000000	2.000000	8.000000	8.000000
9.011716	5.000000	8.000000	5.000000	11.000000	7.000000
14.607171	17.954134	-10.729310	9.759963	-12.863198	-1.757728
18.863425	21.953606	-8.835434	10.719795	8.061749	5.697929
22.409571	10.729446	0.358656	-2.106671	9.181504	-0.666747
19.942014	-3.080801	-6.804156	5.781878	0.233340	8.000000
7.000000	5.000000	2.000000	4.000000	2.000000	6.000000
14.706654	12.023283	-4.716279	8.000000	7.000000	6.000000
25.377292	9.818346	13.078386	12.594847	6.762924	-0.774793
18.309115	-2.794358	9.000000	0.000000	6.000000	0.000000
29.017609	9.000000	9.000000	11.000000	4.000000	5.000000
10.635758	10.292973	-7.610136	10.601918	1.987559	8.550288
10.000000	6.000000	0.000000	8.000000	7.000000	11.000000
19.012119	11.203774	-2.909201	11.454056	-11.046806	4.389973
24.845489	14.704268	-5.489220	-7.317764	10.000000	2.000000
14.468217	16.645678	-5.546688	9.662478	-6.606352	1.869340
8.000000	7.000000	7.000000	8.000000	10.000000	4.000000
13.564175	10.628980	4.384538	5.708239	2.514264	-4.667875
21.144740	2.122561	-11.244336	7.608249	-7.779961	7.125068
17.751675	14.648603	-4.245879	-5.333794	-9.439484	-5.940838
17.181754	17.423208	-7.823329	12.249795	-4.772252	-1.372804
18.503612	4.629843	1.450558	5.931805	9.316558	2.196054
22.418893	12.980602	1.500803	7.037963	3.500778	3.218948
7.679008	7.272569	-1.163902	4.507672	-5.599332	5.208261
30.472275	7.000000	8.000000	8.000000	1.000000	10.000000
21.720455	9.079548	-7.354150	3.299059	-5.328527	-4.182278
19.072379	25.897995	2.354232	12.751853	15.332625	-4.653646
21.886363	9.029835	-4.646762	2.052342	-4.310323	-5.767822
12.104053	8.000000	11.000000	7.000000	0.000000	1.000000
18.230286	12.225050	-1.334686	7.718537	2.628332	-7.069450
11.186222	6.147908	-9.755739	6.000000	8.000000	1.000000
17.949224	19.052086	9.310671	4.159530	-3.764025	-1.665063
17.144117	6.000000	10.000000	11.000000	2.000000	3.000000
11.000000	4.000000	1.000000	8.000000	10.000000	4.000000
11.197916	5.196623	-7.763042	4.374442	-14.836348	9.717158
-18.844291	18.066514	-11.179210	9.847882	2.969574	-3.071005
5.000000	0.000000	2.000000	6.000000	0.000000	0.000000
16.579930	7.194929	-4.081299	5.564641	-1.174298	-1.084982
18.479011	10.693878	-6.539945	11.895851	-7.518407	8.405595
24.457682	17.221913	-4.227860	8.938445	4.522246	12.114210
25.349167	11.980917	-6.768045	-6.713350	20.692139	9.049349
15.900630	17.145616	-4.349108	9.982906	-1.426306	-0.347013
2.000000	10.000000	3.000000	4.000000	2.000000	2.000000
15.608165	2.974902	-4.148256	-3.420969	-2.206366	-4.617803
26.663462	11.346945	-14.374904	8.123048	4.719353	0.679630
20.535707	20.335410	-11.512104	0.649017	-5.892581	3.883439
8.927611	3.968911	9.000000	5.000000	3.000000	9.000000
25.952623	24.497715	-13.071220	13.197236	1.200354	2.000000
10.783483	19.627326	0.318256	13.285635	5.537415	9.875985
21.997596	19.285101	3.048593	15.927892	-2.132923	2.924994
20.610602	17.546188	-10.241493	13.199108	-0.891886	-1.768745
13.769491	11.194935	-16.043884	8.925074	-21.855681	10.081851
21.257902	15.711567	0.772884	8.181922	3.226754	-4.581880
13.924762	5.619905	-7.975441	5.000000	5.000000	2.000000
4.220304	7.555053	7.352586	-0.014459	20.741311	3.427416
28.437539	22.059567	-10.132601	6.946863	12.882343	17.293634
3.290148	11.043166	-11.132496	-0.946577	-0.825825	7.451566
4.000000	10.000000	5.000000	6.000000	6.000000	2.000000
6.957405	10.568430	3.291480	7.537546	-2.416831	17.226237
19.941538	14.941798	8.045250	6.849218	8.085198	5.058521
16.708913	0.000000	7.000000	8.000000	8.000000	0.000000
6.153186	13.981207	-5.646008	5.000000	10.000000	6.000000
16.492411	18.078696	-12.775435	-1.432809	-3.065157	2.766743
13.560680	5.000000	1.000000	11.000000	7.000000	5.000000
12.143456	5.543370	0.728999	22.863717	7.337277	4.635081
11.426186	13.953780	-2.935529	10.553914	-2.919825	10.307885
16.550557	6.157734	-3.577385	13.309862	-4.533345	8.776001
5.274557	13.105749	-0.163659	8.840026	4.102248	-8.524424
16.423724	17.933485	-7.414683	11.381027	3.140303	-1.695557
16.069757	13.941696	-1.793434	5.293130	-6.069218	-1.334995
14.715736	18.083981	-1.404778	5.396303	10.578553	-3.767862
17.494803	8.046331	-5.889324	-4.225253	-7.494023	5.606447
24.939380	21.763561	1.956738	8.230757	11.476056	-0.921205
13.217926	15.311306	7.984256	12.563419	5.812802	-1.025239
14.955368	12.257471	0.545222	0.877875	-17.756195	15.878825
26.410135	17.847709	-4.866850	0.160107	3.447347	-9.075546
8.916364	6.674514	-7.546314	7.000000	10.000000	11.000000
17.528421	7.892662	-6.157573	7.015535	-2.218761	5.888620
17.003010	12.685358	-10.305744	9.319676	-2.069215	3.311247
17.548813	-0.413210	9.000000	5.000000	10.000000	11.000000
26.294013	13.800379	-8.077137	10.458704	11.313704	-9.390000
18.473717	13.402627	4.434137	2.674665	2.572674	-7.268274
19.860416	19.125137	-6.343262	10.390747	8.554362	3.000000
29.217475	13.584779	11.655673	8.805223	-0.380030	3.111841
27.663386	9.000000	10.000000	0.000000	1.000000	10.000000
8.086641	7.986085	7.000000	5.000000	3.000000	11.000000
28.866726	17.360670	-1.123294	4.909929	1.983966	11.282808
20.829328	11.000000	5.000000	1.000000	0.000000	6.000000
15.071569	15.479214	-5.890348	15.041456	0.733676	10.000000
19.851867	14.192838	-8.666825	9.847554	-5.392411	12.737985
26.476190	6.901949	11.604699	7.109164	-8.596978	7.180624
9.656839	10.587675	4.304732	5.313046	2.423084	8.735351
17.506641	23.996856	-7.594569	7.957600	7.989509	-3.093772
10.927733	17.413154	-4.996928	11.993671	-4.279522	-6.180893
-1.910432	-3.935022	4.248120	13.574399	8.341017	-4.533991
18.454447	14.326269	-2.095296	11.949724	-4.583252	-9.531589
21.159673	6.110070	-5.751912	13.786834	-4.403013	-1.578240
20.842901	17.042099	-1.825912	18.181806	20.410793	-8.109333
24.634299	15.372258	-9.008332	10.342034	-0.156315	2.000000
18.119921	2.305266	-8.924059	4.158776	-25.962852	7.506356
11.000000	11.000000	1.000000	8.000000	8.000000	6.000000
15.446519	17.190735	-4.445731	17.055623	-1.260512	-6.438343
2.000000	5.000000	2.000000	2.000000	8.000000	6.000000
18.850748	10.794673	5.381754	1.103496	0.000000	7.000000
18.438316	12.565820	-11.256322	9.339287	-6.422271	0.850129
5.690860	13.130592	0.137912	6.290157	0.506536	-1.641595
22.453757	3.000000	7.000000	7.000000	10.000000	11.000000
6.614412	4.000000	8.000000	8.000000	8.000000	10.000000
6.189926	13.824775	-5.844112	6.784525	-2.962364	4.000000
10.715627	11.046986	-1.901154	0.000000	5.000000	8.000000
7.647435	6.541676	5.083935	0.946394	2.616119	1.581204
3.629241	19.202840	-3.738805	-4.363444	-2.390287	13.659965
9.825054	2.801712	-6.162938	0.000000	5.000000	10.000000
29.057744	18.153267	-7.356463	5.346251	3.549788	3.048315
21.495429	12.780059	15.738986	-5.949994	-2.266397	6.148003
22.428166	6.606916	3.839191	14.070548	5.000000	4.000000
10.509106	8.848373	1.692403	-4.321956	-1.687349	-8.337476
12.141142	19.467326	10.865358	-1.989251	0.211155	3.659058
23.351498	0.241460	2.000000	10.000000	7.000000	6.000000
18.055362	-1.224374	-12.682081	3.845793	16.186731	0.000000
23.960066	3.263065	1.009031	6.909753	4.727726	-8.328383
6.000000	10.000000	0.000000	5.000000	1.000000	11.000000
5.310681	11.716181	-9.554825	13.628587	7.000000	8.000000
20.344639	4.652841	8.515082	1.273820	8.910448	5.710412
18.299315	19.130297	-4.125940	3.742341	-12.918879	-9.374563
17.220843	8.000000	3.000000	4.000000	8.000000	6.000000
3.140248	9.128545	-0.966401	7.658031	-14.806580	-4.755217
22.849517	-1.951883	-5.494565	11.597254	-3.414445	-0.840393
18.455981	11.820540	7.458609	5.026230	-0.557085	-0.475118
16.336199	15.906028	1.941540	11.913518	1.389020	1.300040
9.660560	4.840844	9.240283	2.000000	2.000000	3.000000
13.958826	13.722090	-6.044603	-5.295309	0.149950	-1.775001
18.386729	8.281138	-9.483028	21.552721	6.521197	3.000000
21.485095	18.633553	-10.893848	13.264571	-3.151654	-8.087449
11.237294	9.717636	-11.627601	8.316049	-0.298291	4.014909
6.235255	2.000000	1.000000	10.000000	2.000000	0.000000
14.821811	8.876774	0.112397	7.738242	1.699542	-0.707310
19.376370	11.139382	-4.545382	16.631179	15.496967	-3.887305
19.653048	12.637654	-2.329792	6.206668	1.240948	-2.411366
9.000000	2.000000	11.000000	10.000000	6.000000	2.000000
21.519942	3.546350	3.165268	6.039458	-4.666019	-8.750688
15.029477	21.470934	-0.940397	15.860672	6.938976	11.000000
14.089501	-1.184547	-0.112187	10.000000	9.000000	5.000000
6.657537	19.791676	-4.457197	1.346046	9.518598	9.617357
10.067617	16.909786	-5.033332	17.280731	0.636292	-3.728192
24.648558	9.647587	5.295972	16.680052	4.964681	-3.116039
9.054967	7.996216	0.168460	1.650679	-2.019719	-0.521652
10.000000	6.000000	7.000000	9.000000	5.000000	6.000000
5.663554	1.924572	-9.647659	1.114055	0.169795	-0.605379
8.542884	6.233943	6.615845	3.658180	0.000000	3.000000
9.859688	9.206060	3.000000	10.000000	6.000000	9.000000
9.151923	5.646845	-6.141429	-19.348047	10.790066	-1.844894
13.644248	15.920666	-3.448592	4.657829	0.255210	7.388404
14.799158	11.000000	7.000000	10.000000	5.000000	5.000000
16.382231	14.477740	9.187139	1.708694	1.097983	9.968516
17.473846	9.004524	1.893121	9.997405	-3.462848	0.454934
7.552836	16.018123	-0.125595	5.177773	6.000000	3.000000
18.456084	14.470312	3.884337	-0.552906	7.808839	2.449296
31.837919	17.001697	-4.147791	2.637095	-2.225318	-4.518919
17.107032	0.877301	-11.058892	8.612746	-3.490119	4.402460
14.006235	4.942805	-0.343561	-5.038394	-5.153703	16.686175
13.327347	13.188807	-4.413475	8.604521	1.862327	-7.950469
5.041425	7.599752	18.123937	2.293653	7.327175	11.000000
4.816931	6.247811	-5.826398	0.931804	-6.564516	5.744473
17.301377	10.642105	4.000000	8.000000	5.000000	2.000000
34.419677	20.732283	-18.143953	7.480103	-8.699909	-3.604574
15.404808	-1.483988	8.820860	0.000000	3.000000	7.000000
12.011520	5.277196	6.760019	-3.956575	1.000000	5.000000
19.325843	10.916067	-2.996831	1.570015	1.809629	-8.458704
1.918241	12.376094	-1.548975	-0.531828	-3.806482	6.765562
22.703785	10.332202	3.482782	2.757765	2.699156	1.059144
10.361004	14.843396	7.252885	11.124593	-6.900833	3.515236
24.451236	2.000000	7.000000	4.000000	9.000000	7.000000
5.241571	8.702497	12.307920	-0.693024	6.000000	4.000000
2.320892	10.735421	-4.436116	6.621741	7.139596	0.890460
14.375427	2.784084	3.000000	0.000000	8.000000	1.000000
33.678322	8.401519	-5.455003	18.367182	5.505854	-1.211711
11.277458	17.259854	-13.405010	1.000000	1.000000	11.000000
36.482767	-7.722446	3.093327	5.911424	10.409305	6.262472
11.835390	5.280723	-0.647280	1.419051	-2.310134	-3.730309
24.242105	-4.462428	-4.773973	-4.906194	-3.258933	12.329744
16.170051	18.037561	0.476514	3.868634	9.995057	2.436989
-7.713130	7.367996	4.743344	-12.181371	3.000000	2.000000
8.594327	16.069777	-5.980928	15.517057	4.834386	1.000000
25.199977	2.000000	9.000000	8.000000	0.000000	7.000000
17.461742	17.312607	-6.716498	-1.907549	0.841077	5.503527
13.841182	1.000000	5.000000	5.000000	7.000000	11.000000
14.037778	3.000000	4.000000	1.000000	11.000000	8.000000
26.469472	7.762180	-8.995071	17.788454	3.899855	-3.752424
9.971310	2.854624	-2.356833	9.626609	4.616363	13.328481
16.183763	2.328374	-7.842094	1.416699	9.673285	16.723229
16.279176	17.971109	-3.209454	10.360816	1.223821	-2.216884
22.974799	17.426712	3.485341	4.470561	6.565215	-6.244803
17.968840	-3.777049	1.937259	16.367674	4.832294	3.309626
10.983220	12.739658	-7.919230	11.676890	19.173293	1.157656
4.139876	14.735478	2.000000	9.000000	3.000000	7.000000
3.000000	5.000000	7.000000	8.000000	2.000000	1.000000
9.000000	2.000000	11.000000	8.000000	0.000000	6.000000
14.026342	8.959854	1.369331	11.000000	5.000000	10.000000
8.372102	8.417328	15.615919	5.000000	9.000000	11.000000
4.000000	5.000000	7.000000	9.000000	4.000000	2.000000
27.732875	16.201533	-8.279103	-1.507779	-5.778421	3.503638
19.927407	14.204620	-8.097335	9.647736	0.250712	-13.668404
14.339296	12.066912	0.988929	12.940569	-5.889064	7.845503
9.897864	27.181416	5.410838	4.256660	1.572344	4.287320
27.085986	7.234306	-6.868397	6.371340	12.678353	-9.769505
8.251045	-3.057359	-7.212448	8.028795	5.000000	9.000000
2.000000	11.000000	10.000000	1.000000	8.000000	2.000000
20.214914	1.063367	0.332720	8.860560	0.977250	3.776443
10.314298	7.160986	8.198267	6.146395	6.188303	-0.327925
30.278667	6.866634	4.176930	1.561072	9.000000	7.000000
21.627933	6.993444	-5.405352	-3.531945	6.000000	11.000000
5.901722	26.294804	14.692206	9.223972	22.983481	1.449868
13.090216	13.498272	-10.391459	7.579098	13.674044	2.240612
30.239231	21.553055	-0.055845	-4.831817	-4.700622	-4.457402
16.708608	12.525189	-1.605572	4.037160	12.691961	8.920450
-2.822557	10.068527	7.000000	1.000000	9.000000	11.000000
17.643296	3.000000	8.000000	5.000000	6.000000	0.000000
4.000000	11.000000	9.000000	11.000000	5.000000	10.000000
-3.378069	8.000000	5.000000	3.000000	2.000000	9.000000
22.603154	18.081118	-10.458882	13.743309	1.983501	-1.482701
8.138728	7.882515	-10.607403	12.283019	2.949149	-0.994871
20.590598	10.984378	-6.638136	16.884972	3.689923	-6.973338
17.435151	1.000000	1.000000	3.000000	4.000000	2.000000
17.418933	14.884846	-4.725675	19.611395	-3.679172	7.946417
24.739295	16.264789	3.620121	7.679524	3.226740	0.384268
25.633220	12.043733	1.616866	5.472768	1.000000	7.000000
4.622338	8.804037	3.066950	3.033574	4.130266	5.261118
-4.362146	-0.327183	11.318754	3.041418	5.462585	8.000000
17.859519	-2.919118	10.226685	9.000000	5.000000	5.000000
20.705128	2.393337	-10.066775	9.714127	8.000000	6.000000
28.884415	10.438079	0.297377	9.381963	6.568609	1.809803
35.214018	16.428299	-14.146698	6.466134	2.520729	13.577090
27.158889	6.571318	-18.616072	5.377840	0.443309	-5.640070
3.509728	3.445987	-7.880763	14.022490	10.578927	-4.238032
15.693397	13.331518	-3.923970	8.987089	-13.024471	-0.403699
19.947254	13.433719	-9.383529	10.953860	7.112086	-1.049914
25.625208	20.497847	-13.627847	17.259756	-1.640732	-3.082190
7.000000	7.000000	1.000000	7.000000	7.000000	0.000000
23.911246	5.751087	3.595536	3.171970	-11.133515	14.019710
23.046622	2.915903	9.000000	10.000000	1.000000	8.000000
14.462022	0.707473	4.180041	-8.644471	-0.338394	-7.531556
10.982281	6.722657	5.011090	0.134177	10.000000	1.000000
8.066694	14.546586	-5.203751	9.312089	-6.535950	3.414514
27.235852	3.580496	-6.360363	-1.855510	2.013741	-10.104928
7.619237	8.141223	-6.261077	11.548931	7.679870	6.000000
7.191902	12.319454	-6.091680	10.672412	0.592745	3.898203
17.704035	20.918031	-17.155005	0.971251	-14.992246	-3.269355
25.697797	23.620139	0.058200	10.125838	13.816491	5.000000
19.639201	13.467354	-9.756335	12.166324	-1.728818	2.000000
28.223926	16.964458	-8.866036	7.075809	-1.840567	13.016815
23.551765	11.000000	3.000000	8.000000	9.000000	2.000000
17.679349	-0.389955	-17.211863	-7.055589	-0.897838	7.328483
10.728380	22.710396	-10.034317	12.577093	6.891050	8.000000
29.149108	17.008711	0.562334	2.768075	-7.993476	5.479487
21.858499	1.000000	9.000000	7.000000	8.000000	3.000000
29.036124	8.491771	-1.308331	2.906999	1.615910	-0.907369
5.000000	10.000000	7.000000	8.000000	3.000000	9.000000
9.053800	8.000000	0.000000	0.000000	3.000000	8.000000
16.702247	12.541188	4.197853	1.402899	-1.326203	10.737720
21.340864	7.896772	3.508766	6.003350	-3.234458	2.271400
17.335321	-0.648837	-6.017682	21.757769	2.264360	-4.693264
18.889491	10.000000	7.000000	3.000000	1.000000	4.000000
14.817344	11.530212	-7.229352	3.000000	5.000000	5.000000
11.000000	5.000000	11.000000	1.000000	8.000000	8.000000
33.083974	-6.513849	7.644111	-4.879755	4.000000	11.000000
11.554952	15.075932	-2.821996	9.000000	7.000000	6.000000
27.050583	14.880721	5.000000	1.000000	10.000000	10.000000
8.383640	11.494113	-2.056429	-7.333868	7.000000	0.000000
20.630725	2.031938	-13.045585	4.657905	-7.349138	1.238218
19.520493	4.521451	-4.378805	11.000000	0.000000	8.000000
28.591457	10.000000	2.000000	7.000000	0.000000	8.000000
15.684447	9.000000	2.000000	2.000000	5.000000	10.000000
3.510228	5.979953	-2.560983	7.966983	7.575499	3.000000
20.518660	15.295822	-6.610112	8.071243	10.216916	5.598878
1.000000	0.000000	6.000000	1.000000	11.000000	1.000000
31.507403	10.457323	-5.405617	1.110735	4.422476	-0.999011
19.476003	20.139774	3.772118	-0.494497	0.220953	-9.396583
11.279512	0.388103	6.426796	11.151363	2.237254	3.000000
11.008548	10.893492	-3.609187	24.602980	-1.101202	-4.447698
23.211097	20.114159	-1.493711	6.781271	2.567059	-5.486236
28.229867	10.389088	-8.256921	6.963904	-3.556316	6.131925
0.000000	11.000000	1.000000	8.000000	5.000000	6.000000
18.630136	11.791754	8.434170	10.033944	1.437222	11.000000
21.368810	6.000000	1.000000	2.000000	2.000000	3.000000
4.628909	22.378207	0.535845	25.029474	7.913699	17.730366
15.406089	3.000000	4.000000	10.000000	10.000000	11.000000
16.487321	24.361529	-6.096150	12.907558	9.487576	1.922699
0.488742	12.760550	-0.565567	-2.633854	-0.190311	-0.490850
15.488179	7.948595	-0.127827	0.387623	0.000000	7.000000
1.000000	8.000000	11.000000	8.000000	6.000000	10.000000
30.905061	-7.316836	-3.584785	10.793831	-12.318614	9.566913
11.124380	-2.133069	10.000000	2.000000	2.000000	2.000000
20.356987	8.305213	9.000000	6.000000	7.000000	0.000000
19.125990	10.579162	-3.015265	9.390469	3.687650	-6.169137
11.938905	6.731245	2.352377	10.485297	3.897984	5.000000
22.523484	15.438171	0.417248	1.378590	-16.212016	6.862289
5.000000	1.000000	0.000000	1.000000	6.000000	6.000000
8.485001	4.147427	1.000000	5.000000	5.000000	10.000000
29.574656	7.474244	-7.032774	4.867630	-2.508571	-5.025441
15.012187	-1.209460	6.449026	8.969248	-2.932292	6.568928
16.241528	20.890422	-3.273900	13.964097	2.311953	9.000000
4.854044	17.362233	10.229989	0.000000	9.000000	9.000000
19.850139	7.731960	-6.882003	14.623926	-7.112288	-2.960136
13.108076	11.000000	9.000000	4.000000	8.000000	6.000000
13.058827	3.314513	6.200417	-13.593501	1.000000	3.000000
21.746622	2.585606	3.137996	15.304122	6.666590	7.255595
9.672827	12.072178	-10.283703	3.000000	2.000000	10.000000
16.478039	0.363581	7.937019	-9.860309	2.622129	-0.936625
24.063370	15.724401	-7.170624	-2.011857	10.000000	11.000000
15.574571	29.016262	-2.615950	11.905093	7.974136	-0.095337
23.243361	8.000000	10.000000	11.000000	3.000000	2.000000
4.000000	6.000000	0.000000	10.000000	6.000000	1.000000
9.561903	16.953350	-3.455560	9.833259	1.852427	1.000000
23.906484	11.309040	-6.173983	9.552767	-15.522497	4.418244
17.695634	5.504456	-9.467725	-1.793623	-1.336770	-2.373631
25.187596	10.848866	-3.354125	7.220032	0.234505	-2.777682
-2.209567	6.638606	-5.134372	7.000000	11.000000	3.000000
17.262337	6.012678	11.000000	1.000000	7.000000	3.000000
9.932298	1.989625	2.000000	11.000000	3.000000	3.000000
22.409992	7.647636	-8.315054	10.019133	0.397445	3.758528
16.512115	3.892340	-4.062933	0.000000	10.000000	1.000000
13.651893	16.716505	2.436976	0.000000	6.000000	8.000000
12.676323	15.251904	-4.441539	11.000000	6.000000	6.000000
23.828177	7.471211	-13.751039	8.139793	-10.278707	3.000000
11.897774	2.164729	-0.538457	22.296921	-0.796039	8.870206
13.860416	11.104316	6.200580	8.088082	7.000000	3.000000
20.750663	11.835954	0.982326	14.797497	1.281860	4.964844
9.939639	2.000000	1.000000	9.000000	3.000000	9.000000
12.255805	5.856232	-3.741648	10.000000	7.000000	3.000000
1.000000	10.000000	5.000000	4.000000	2.000000	3.000000
10.738038	14.692835	-4.850270	9.668817	-5.412981	-5.568967
11.000000	6.000000	4.000000	8.000000	9.000000	7.000000
26.695637	14.349386	-6.276034	13.184401	7.937411	0.638383
28.811973	10.000000	7.000000	2.000000	5.000000	0.000000
6.223516	5.922993	1.972154	-0.359910	3.995716	10.682056
11.000000	0.000000	4.000000	4.000000	7.000000	1.000000
13.916053	12.113670	-5.713580	15.673623	3.982534	-3.224347
16.277166	9.480723	-6.369803	16.756300	-3.542994	-9.145126
27.391020	16.750556	-7.785954	15.143401	0.462174	-3.005439
22.236967	17.559683	7.320991	-9.113220	-9.233181	9.529574
15.494452	12.556760	-5.379694	2.629343	-14.609235	8.961945
15.093167	4.059351	0.615500	4.375108	-6.998724	-2.980307
-2.236645	11.220376	-6.834581	5.000000	0.000000	8.000000
13.592814	5.332257	-0.731849	9.456189	-2.461302	-0.743087
9.514547	11.000000	8.000000	3.000000	6.000000	10.000000
19.546278	17.155310	0.677141	5.062458	4.311868	1.443407
11.000000	3.000000	10.000000	11.000000	11.000000	11.000000
20.110494	13.607050	-7.679830	10.000000	9.000000	2.000000
19.129598	24.640000	-3.318799	-1.139919	-13.650159	9.166095
18.948408	1.218940	2.792402	7.354481	-10.633469	-7.806632
13.971384	-0.525693	-7.587202	12.238070	-7.436325	0.682078
17.571448	14.472223	-18.966482	11.884031	7.253886	0.000000
19.116027	11.468805	-7.997438	1.428931	4.775980	3.059286
25.935251	16.516031	-2.526965	14.884511	-8.747337	5.951397
11.000000	9.000000	10.000000	0.000000	2.000000	4.000000
24.859546	14.205018	-6.019080	6.406834	10.025850	-8.660164
7.430312	16.692341	4.940605	9.420108	4.904121	-2.770788
16.250544	-2.354933	-4.900634	-2.934610	-6.350788	9.786743
13.224634	14.331534	-6.964283	6.953632	7.029812	-1.041338
29.399093	1.000000	8.000000	11.000000	4.000000	8.000000
4.000000	10.000000	4.000000	1.000000	4.000000	0.000000
16.608681	1.851473	5.491619	2.214835	-0.566302	0.247643
14.809498	9.876764	-2.600628	-4.851750	-13.392164	7.372211
7.794084	5.000000	9.000000	11.000000	7.000000	1.000000
20.842929	16.727386	-7.038069	13.180943	1.908968	10.000000
25.619224	6.000000	7.000000	2.000000	6.000000	10.000000
21.142189	4.016566	-6.599509	17.849583	-2.162521	2.716004
7.551698	15.883215	-2.625025	-1.297333	-8.361187	6.564793
13.521206	9.022645	-7.308711	7.788070	-3.988955	-11.897679
16.452642	23.397472	4.799892	-8.621047	1.628517	8.187046
16.146511	12.846565	-6.364923	5.132107	-2.664618	0.037074
15.448949	22.881489	10.216923	6.671338	5.985568	9.149955
21.363530	12.177122	0.292247	15.400551	10.021962	-10.407184
14.181944	12.879528	-12.605435	7.951523	-3.391904	0.998264
24.135191	-0.863796	0.711032	-2.285661	-6.329260	-0.403215
1.580826	6.780346	6.000000	8.000000	10.000000	1.000000
3.000000	9.000000	9.000000	5.000000	8.000000	7.000000
3.000000	5.000000	4.000000	8.000000	9.000000	8.000000
10.363766	16.197715	1.312315	0.692570	-1.284161	-5.645519
14.851365	8.701378	9.256773	0.178560	18.951806	7.000000
11.499642	7.401630	-5.856752	6.487347	-4.833376	6.000000
9.450243	8.176446	-16.252369	0.531760	-8.437164	0.928339
18.752726	0.851861	6.000000	11.000000	2.000000	6.000000
20.263061	13.998100	2.472684	1.995082	-10.334924	-1.148298
15.196786	6.359930	-1.773989	16.335432	-1.163254	0.570955
13.607327	12.040232	-12.535624	15.635344	-5.004577	-0.314162
5.188972	19.591179	-2.632820	20.329574	2.011749	-6.573936
14.412297	15.137749	2.030863	6.357558	-3.693003	14.374985
19.381982	7.205437	-0.527614	-5.068794	-9.219059	2.483886
12.619053	3.000000	6.000000	8.000000	10.000000	2.000000
1.153752	9.162548	-19.573202	4.916290	-1.262187	17.719292
27.660455	12.915804	-16.101363	5.816540	3.762984	-5.626393
29.933642	11.641844	0.734556	8.462291	0.723217	-1.806894
15.855248	8.565985	4.000000	6.000000	9.000000	11.000000
18.410657	7.931242	3.000000	0.000000	8.000000	11.000000
4.000000	5.000000	8.000000	3.000000	3.000000	5.000000
21.652341	5.000000	5.000000	7.000000	5.000000	9.000000
8.894032	6.217695	-5.244282	6.626226	7.813387	0.000000
25.180437	19.052966	-6.432374	1.544896	0.706897	4.285837
25.067129	-15.043426	2.847843	5.516498	15.767081	7.654675
35.357367	9.007124	-6.944800	5.594939	2.197387	5.728092
25.968129	13.377825	-4.873183	24.483657	5.817176	4.000000
17.578817	16.202180	11.000000	0.000000	4.000000	8.000000
11.000000	3.000000	7.000000	6.000000	6.000000	0.000000
22.294586	8.574458	-2.318856	-0.025069	-18.647743	2.172692
19.984277	19.462703	0.000000	11.000000	5.000000	8.000000
23.341517	11.307854	-1.909736	11.078576	7.663799	-1.192187
15.565563	-4.393546	3.531135	-6.350701	0.228077	11.715934
15.822451	4.396266	-3.840889	-8.080916	-21.729839	12.277329
4.000000	0.000000	11.000000	6.000000	7.000000	9.000000
24.523907	13.866242	-1.370851	8.429676	4.280613	-0.041682
26.064888	3.958078	8.476668	-2.242871	4.000000	8.000000
24.718085	10.561267	-10.748757	1.001218	4.981565	-1.908345
-2.591055	11.362091	-5.879716	8.695685	1.265313	14.141611
7.544911	20.131201	0.406548	10.734252	-5.839860	8.458838
12.789491	6.548003	-4.812815	5.215316	10.000000	1.000000
12.028808	18.154626	1.686456	5.000000	6.000000	8.000000
17.130738	12.714031	-9.062648	20.363621	8.297516	9.501799
18.340593	12.841144	-15.807692	14.136220	-11.627119	7.000000
22.596497	22.986950	-2.846787	17.034064	-4.383388	4.442653
6.000000	5.000000	9.000000	8.000000	8.000000	9.000000
8.831132	16.375566	-14.221388	5.867499	-6.898766	1.087850
7.000000	4.000000	2.000000	3.000000	6.000000	11.000000
16.376864	12.717007	0.458397	-4.503806	4.000000	9.000000
14.745098	15.886893	3.501140	-1.021321	-6.042995	0.777393
10.519291	-0.885497	-9.957444	7.365371	-6.301090	7.178536
20.565151	1.600020	2.836347	23.028862	8.839251	-1.189562
22.356692	10.871549	-3.235325	13.841149	-1.452459	1.380477
13.268997	4.000000	8.000000	3.000000	7.000000	1.000000
10.646563	10.156372	2.000000	7.000000	5.000000	4.000000
21.786962	12.582651	-5.831778	10.822086	-0.243525	1.384088
31.617582	-0.249946	-3.954742	5.103895	-3.294453	1.000000
20.243088	23.549515	2.945095	14.940196	9.682698	-0.174942
22.957887	15.622086	-4.486065	8.256125	3.547032	-4.941098
16.354782	23.716484	-8.094210	10.369022	8.938558	-3.583257
22.975211	21.174082	-2.386184	16.753342	-0.018332	5.667227
19.084367	14.774991	-5.299172	-1.443882	-8.887296	6.326074
31.353514	15.884406	2.384880	6.993070	2.770525	6.341660
18.687912	4.673289	1.443415	7.457889	-3.953713	8.015162
8.981483	14.445508	-3.642155	3.000000	9.000000	1.000000
14.559817	14.108124	-2.675320	8.819523	4.883141	1.774184
10.000000	3.000000	1.000000	6.000000	7.000000	3.000000
20.057780	11.282018	1.190652	12.069735	-14.224523	0.208960
17.589866	7.000000	3.000000	9.000000	2.000000	6.000000
20.409636	8.692864	-3.802511	0.213885	6.653895	9.561765
27.933594	3.410769	-4.303818	13.704497	5.700937	11.334892
-5.062139	20.617320	16.368715	10.099739	12.234250	11.000000
22.981779	4.000000	0.000000	11.000000	2.000000	10.000000
13.060617	-0.441763	-3.897204	4.459670	2.000000	1.000000
11.000000	6.000000	4.000000	0.000000	3.000000	2.000000
13.851453	14.912709	-12.726822	17.458990	3.679456	2.961914
12.245287	13.356100	2.152559	2.585306	3.055425	2.395166
18.779660	7.000000	9.000000	11.000000	2.000000	10.000000
22.643167	15.809075	-3.062353	-3.784425	-12.068806	7.136676
15.381649	6.850322	-1.032474	5.000000	10.000000	8.000000
8.296425	1.126610	-9.171564	-4.227545	1.329558	11.449754
30.071191	7.835778	-1.187384	2.303356	3.594419	-3.255027
22.252836	5.385542	-10.259574	0.195253	-2.758952	4.196225
18.343216	16.059377	9.000000	7.000000	11.000000	2.000000
14.583435	30.817508	-7.191711	3.882844	8.000000	6.000000
24.023983	11.655877	1.307830	2.698260	1.425578	6.008115
10.000000	0.000000	8.000000	11.000000	4.000000	4.000000
21.778267	7.212671	1.077807	1.575526	-8.406410	4.001946
26.985879	10.898541	-8.048963	-8.926828	4.658282	3.463772
8.574311	7.652570	-7.812931	4.839422	-5.059887	-1.217095
16.601896	18.045768	-1.551295	5.000000	6.000000	1.000000
17.135269	10.006106	1.355554	12.709502	-0.490558	6.848271
20.846480	14.846500	3.783413	1.000000	4.000000	11.000000
11.406488	6.930435	1.000000	5.000000	0.000000	8.000000
23.332571	2.767791	2.401011	-4.074444	12.963961	13.911266
7.422866	12.206092	-7.910495	11.101579	0.309779	17.178273
19.950421	6.714613	-9.254760	11.208559	6.000000	3.000000
14.283973	9.605730	1.327639	11.000000	5.000000	11.000000
26.984812	11.000000	5.000000	9.000000	4.000000	6.000000
11.738051	7.788883	-3.106241	12.748492	-9.022865	-10.109369
16.623848	2.000000	2.000000	8.000000	4.000000	8.000000
19.376205	5.162662	1.722243	4.610162	-6.773263	5.010227
23.425558	8.118309	3.813150	10.000000	8.000000	2.000000
-5.777138	6.898986	14.367493	9.349243	1.587963	16.175127
9.621293	8.000000	4.000000	5.000000	8.000000	5.000000
19.936765	18.224571	-1.192895	6.003607	-4.434256	12.476037
5.275136	11.089523	3.105577	5.087290	-5.806310	-1.598719
21.070321	14.857878	-12.011299	8.025893	-4.949243	2.842645
8.093308	14.053009	-6.937716	8.000000	7.000000	3.000000
5.911620	-6.825552	-2.566731	-1.411864	1.796336	-0.319686
21.144840	8.499292	-1.638345	4.867129	1.198721	9.314658
19.287807	-0.704599	-13.251751	-1.629671	4.604799	10.769622
24.524667	3.808107	-12.941458	11.857919	7.189112	3.172324
31.960923	11.632215	0.670478	-4.161553	-18.393087	6.169605
16.571529	9.372558	2.984257	-3.342027	5.060126	7.553671
28.420545	20.666347	-6.440003	8.388128	4.862906	-3.384717
10.511935	11.248895	6.314738	6.371172	3.661222	1.850582
20.211828	13.734347	2.947275	12.632077	-3.517411	6.710754
13.837930	15.571319	2.838975	11.795095	0.993350	6.224000
9.564332	23.926217	-5.261643	4.446499	1.307154	10.188702
16.008869	15.185974	3.990433	-8.047426	11.000000	7.000000
32.723559	4.370941	-1.032187	-10.723115	-5.502113	13.635377
28.843650	24.988647	-1.777983	-5.246786	7.347891	4.428992
23.057268	12.789829	-9.673492	9.414799	-2.863720	1.283954
32.839935	17.798341	-8.282850	4.502944	-2.189184	7.581204
16.088108	14.644588	6.404931	2.707555	-1.616897	12.084520
20.017219	11.823331	9.607422	-7.667855	11.000000	3.000000
8.802572	4.478739	-0.294857	1.887280	11.874463	3.843790
25.599181	15.006390	-5.874046	14.629820	-6.049849	10.266189
28.273998	6.000000	7.000000	4.000000	4.000000	5.000000
12.891923	21.855650	1.260043	16.670067	-12.359077	-7.472085
9.586819	15.466726	2.000000	9.000000	6.000000	0.000000
25.940207	10.901726	-9.038299	10.252214	-12.877057	8.714220
12.706307	16.615723	4.204887	10.000000	9.000000	4.000000
12.280712	16.896127	12.343464	-14.955242	3.000000	3.000000
18.732596	9.000000	9.000000	8.000000	6.000000	8.000000
24.068861	12.232054	-7.739699	2.390261	-3.956500	-2.875604
23.662880	9.815050	13.701959	8.172336	0.129910	-2.242313
21.315244	-0.878814	-6.639272	13.467177	1.390149	11.212335
24.020784	14.434225	-1.465331	4.616087	-8.384463	0.860218
13.554561	10.562000	3.000000	10.000000	9.000000	5.000000
14.340003	7.241452	-6.245254	-4.931095	2.835759	-5.136020
22.300197	12.356082	0.003779	7.842928	-3.090109	0.656603
22.767768	14.973533	-1.209121	0.154759	0.363571	4.801534
18.659779	16.477952	7.000000	3.000000	8.000000	4.000000
14.317449	10.123467	4.006063	12.097980	5.848812	-5.375218
19.956364	6.123077	-9.019597	12.455156	9.051461	-4.313482
16.740835	17.300301	-13.087124	6.420594	-7.715207	-5.469502
23.224503	6.111420	-2.901532	5.779774	-17.755683	0.388524
13.106202	15.242022	-4.345182	7.071721	7.246065	3.679142
17.325566	0.000000	1.000000	0.000000	7.000000	10.000000
9.044580	-3.123036	-6.925330	17.252349	4.291098	9.000000
17.192384	19.102990	-10.555651	10.132207	-4.939214	-0.382982
26.257997	3.055839	3.222265	12.530782	7.719513	12.593583
6.527002	17.571964	-5.333887	16.547464	-3.340382	-9.360013
22.336241	18.865958	-0.909799	9.807164	2.014835	13.099287
19.466367	18.356987	3.359952	8.447709	4.599930	2.422958
24.352417	14.313670	-1.211769	-10.009947	-6.319422	13.289002
22.126075	6.187509	-7.192267	2.791277	6.000000	4.000000
15.076731	15.200368	2.841166	8.500859	-4.701340	-7.881481
6.364985	2.313389	-3.456258	2.208973	3.421235	4.000000
14.867921	5.000000	4.000000	7.000000	10.000000	11.000000
23.441632	7.637723	-0.423347	4.524117	4.000000	10.000000
19.069589	7.814254	8.000000	5.000000	5.000000	9.000000
8.843161	8.747626	0.534293	16.212038	5.913016	3.000000
22.589362	15.138972	13.742196	2.329386	1.626234	10.179475
5.590707	3.975619	1.000000	10.000000	2.000000	9.000000
5.000000	10.000000	10.000000	5.000000	8.000000	2.000000
18.855020	6.990028	3.067665	5.725114	3.153587	8.180341
14.732220	11.749677	-21.592388	7.737186	-1.782531	13.072033
7.270082	13.253221	13.495963	7.090737	6.353743	1.398655
18.229009	4.932678	8.494372	4.580502	20.667964	5.000000
8.670312	11.226747	-4.763111	10.152007	11.807735	7.402358
17.368350	19.536660	-0.399666	10.282045	4.373412	-2.923751
29.963415	27.456886	-9.287213	15.695719	1.894635	2.000000
13.718548	11.454982	-8.167841	4.997051	4.952093	5.000000
22.818257	0.522532	0.000000	6.000000	9.000000	10.000000
13.470598	12.801631	7.816790	1.745569	6.612797	3.241242
15.539566	5.192250	1.915273	5.000000	2.000000	2.000000
26.646603	2.000000	7.000000	1.000000	3.000000	3.000000
13.990629	15.976238	-4.930017	5.861040	-12.311465	-4.188623
-3.028131	4.000000	5.000000	4.000000	0.000000	3.000000
12.020662	5.174842	6.137236	-1.976405	3.000000	0.000000
-2.628589	-6.365768	2.037332	7.000000	7.000000	6.000000
4.998850	0.527847	6.000000	2.000000	4.000000	1.000000
11.468323	9.624760	3.718195	3.970205	-4.103241	-7.199130
22.742031	9.770232	10.614557	9.891930	14.243578	0.000000
16.386896	15.415889	-6.151540	5.705079	-10.439821	6.627479
20.526473	7.848395	9.000000	0.000000	0.000000	3.000000
17.228864	14.160128	-4.676636	5.549488	1.617936	2.591242
1.000000	1.000000	3.000000	8.000000	9.000000	10.000000
20.050612	9.135406	6.000000	4.000000	2.000000	9.000000
17.607689	17.985785	-5.143721	-0.312888	12.420246	10.000000
15.047911	5.000000	3.000000	7.000000	7.000000	10.000000
19.947235	18.798310	0.795817	14.638206	4.309668	-0.304258
7.000000	7.000000	5.000000	11.000000	3.000000	0.000000
20.405491	-0.818212	15.400805	17.007710	6.454043	-9.753899
9.910653	11.925746	5.768552	-0.306047	0.167147	2.753240
10.603148	12.970742	5.544586	1.965277	2.966273	6.632187
28.791692	13.241798	-5.119307	3.252314	-0.274763	2.885457
9.575823	6.069973	-5.535035	6.115051	4.318293	9.818318
9.266183	12.718596	7.305851	-4.087002	4.000000	8.000000
2.829214	14.318983	0.170100	7.732524	-2.887523	1.703410
28.913662	8.000000	5.000000	3.000000	8.000000	8.000000
21.223835	19.393258	-2.749237	8.132030	-4.337960	2.302333
26.630154	2.729772	-0.458460	1.235871	8.036525	8.052829
14.400939	4.000000	5.000000	1.000000	10.000000	5.000000
10.903041	11.798730	9.137892	9.675402	1.462858	2.020219
22.870789	8.089081	4.923194	3.221520	2.000000	0.000000
2.401551	6.236180	-0.584579	7.025895	2.930276	5.613661
16.855577	3.400361	5.000000	2.000000	5.000000	10.000000
13.898975	15.951825	-10.831634	0.245386	-7.825974	0.716995
2.857082	2.222020	1.000000	4.000000	5.000000	9.000000
19.068702	14.135073	1.026206	6.090927	7.650126	-4.128940
19.750701	17.035340	-3.821080	2.066399	0.953640	-4.619170
8.891736	13.186785	0.372475	6.000000	4.000000	3.000000
14.700593	15.279893	3.687958	-0.039315	4.532096	24.400745
15.986866	9.244937	11.898445	2.847553	-2.186342	10.908301
8.565997	0.646546	-0.675790	1.314633	0.129926	4.334008
24.037569	18.890124	-5.527140	8.403292	-3.123435	5.153273
7.623653	12.669596	1.612250	4.544342	-7.459315	18.093577
22.128379	-2.158301	4.403632	15.149168	-0.115522	-4.230358
15.371625	13.258855	-3.485682	10.000000	0.000000	8.000000
17.025003	25.414745	5.659575	-7.858828	1.000000	10.000000
18.432801	11.361126	-2.099154	0.000000	7.000000	9.000000
17.752126	7.239636	5.679429	11.978326	10.896295	-1.924373
24.300074	15.765873	4.823396	6.543812	1.291193	-2.810366
25.213740	11.229559	10.000000	11.000000	5.000000	3.000000
6.632246	9.317996	-7.717813	6.000000	11.000000	11.000000
25.191233	13.721531	2.545443	15.750236	-5.557370	9.371294
7.927346	4.436546	-7.346627	-0.828529	-8.975722	-1.371597
18.488834	4.824245	-6.734867	8.358149	-7.266045	7.565444
4.185929	0.000000	5.000000	6.000000	11.000000	5.000000
18.704918	15.120641	0.155929	2.692050	6.814808	0.565449
15.655807	2.861949	1.111723	5.887568	-6.324206	4.730185
14.773387	24.354337	0.865459	12.785798	7.203691	10.000000
20.247944	8.000000	4.000000	6.000000	4.000000	3.000000
16.761356	8.000000	7.000000	4.000000	1.000000	5.000000
25.019413	1.591277	-2.224918	1.920641	3.914123	3.420362
10.536035	6.572672	6.392802	5.761290	5.384587	1.000000
17.821250	8.453411	-2.245140	6.126865	-4.821827	-5.214873
14.828132	11.541944	-9.747744	10.842497	11.887109	2.478192
18.814292	10.957082	-5.981072	3.943883	-8.037923	6.834558
22.297368	10.348842	6.524743	-0.207789	11.000000	2.000000
11.512237	13.744086	-13.991032	14.911343	8.092655	-0.528700
11.000000	4.000000	2.000000	6.000000	1.000000	9.000000
17.163363	13.884764	2.991564	1.873241	6.695300	8.364771
9.420505	12.121141	6.250621	-1.981456	6.248343	0.000000
3.000000	6.000000	5.000000	11.000000	0.000000	1.000000
13.555249	6.422349	4.667957	2.038773	10.995715	11.000000
10.226874	2.483881	-2.401330	5.462732	3.744770	8.020050
15.048281	8.000000	9.000000	7.000000	8.000000	3.000000
10.093431	12.654919	-11.896757	-1.094724	-5.398496	9.109459
27.441542	15.652725	-4.166483	11.000000	3.000000	5.000000
32.188928	5.589898	-13.408288	13.468768	-4.456501	1.730772
18.575149	8.970041	4.607372	1.000000	11.000000	5.000000
29.649054	7.195540	-11.247114	4.709155	-5.718063	5.000000
19.586366	14.174367	-5.586784	6.967672	-4.457652	2.305192
25.347158	12.810465	-4.362601	-7.981737	-8.991762	0.000699
22.457432	18.064817	2.772326	4.000000	7.000000	4.000000
21.486307	12.419046	0.474504	5.000000	11.000000	5.000000
9.148561	7.762850	-12.680252	18.880204	10.742245	10.000000
20.101222	7.912699	-2.546238	9.150832	2.595858	8.000000
11.953344	15.344381	7.000000	7.000000	6.000000	0.000000
9.090718	0.279305	3.321587	11.382373	7.492720	20.633841
13.108761	6.294608	1.123292	0.011918	13.636975	-9.883685
9.507699	7.592634	-6.186655	4.781334	9.000000	6.000000
10.681571	16.049195	1.985647	5.696184	6.371043	-3.423474
27.661466	6.788464	3.200609	1.193580	7.273751	19.534341
20.665564	2.000000	2.000000	1.000000	9.000000	5.000000
7.000000	8.000000	8.000000	6.000000	3.000000	9.000000
22.395855	9.465943	1.407478	-8.581275	2.000000	5.000000
24.706083	11.458895	3.177645	11.490489	1.707949	1.447735
22.139756	18.192662	-4.273802	-2.112734	-4.138699	6.014196
7.000000	4.000000	4.000000	6.000000	6.000000	4.000000
25.187828	3.315613	-1.815166	14.472237	-2.860307	3.253432
10.304742	-3.629096	4.719201	15.612433	-0.588641	8.641131
18.011743	19.618795	2.002680	3.727488	-0.220161	1.196567
15.950220	15.158672	-3.198010	0.768068	5.000000	7.000000
0.546925	0.546494	-5.034907	9.000000	7.000000	9.000000
11.466074	17.143088	6.775791	11.737289	19.293923	4.736422
15.694854	22.335636	-12.903873	5.224135	10.073714	8.470668
11.323758	5.241544	0.055047	14.434015	9.359588	1.075239
2.283489	5.000000	3.000000	3.000000	3.000000	3.000000
12.251496	10.354644	7.000000	8.000000	8.000000	7.000000
28.690853	17.736447	5.629645	-0.666449	-2.385941	1.785563
15.997317	6.507490	0.011817	8.421769	5.035689	3.339498
8.442432	0.000000	10.000000	7.000000	8.000000	0.000000
22.030771	14.705145	0.280042	1.086485	8.000000	3.000000
11.336747	15.680595	-3.164787	24.536445	10.180376	-4.741454
20.212418	11.265368	1.000000	5.000000	0.000000	8.000000
13.818084	17.907516	-8.294570	3.000000	9.000000	9.000000
10.828871	11.875710	11.513447	10.000000	3.000000	8.000000
8.787131	17.011400	0.119086	9.000000	6.000000	6.000000
21.281256	12.464293	7.000000	9.000000	5.000000	6.000000
18.813974	4.117050	-0.355310	15.638446	-0.423492	13.036082
18.378086	-1.047192	-2.144059	4.613382	-3.694904	-4.877376
13.905936	12.809650	-6.513712	8.289543	-0.418141	-0.099704
15.329103	6.344371	-5.271291	7.045595	-4.054373	-5.033438
19.810856	5.493995	-11.483789	6.820049	3.110766	1.102599
13.744340	6.667794	-2.747722	8.551441	-2.436903	2.244842
11.442758	8.568537	5.782531	8.946026	-8.535451	-1.810342
15.930207	3.013394	2.045942	14.248532	11.630172	5.000000
24.426469	12.030666	-0.617072	-1.378372	-6.424586	-3.324933
8.972289	13.431251	-1.423595	9.529262	-2.301441	7.780455
19.897601	18.848389	-6.500878	6.000000	3.000000	9.000000
23.563995	1.250596	-1.771964	13.441897	4.212061	9.435887
21.101151	9.569558	2.536011	15.279719	7.193262	3.132372
4.000000	4.000000	1.000000	11.000000	8.000000	11.000000
24.552794	12.751615	-4.168586	0.866421	-0.896166	-4.174104
20.628437	14.525399	-5.276326	9.931202	8.618017	9.000000
11.555521	5.520892	-0.805788	3.565437	3.749749	8.166011
13.792786	4.738605	-5.623696	5.000000	4.000000	6.000000
21.837475	15.863694	0.162253	10.779193	8.686776	5.779417
12.345673	9.591582	-14.996470	20.025597	9.343680	2.660755
21.006869	13.250923	-6.004246	14.168076	0.308083	-6.560153
1.762641	4.300127	3.000000	6.000000	0.000000	2.000000
17.542245	21.586892	5.178838	3.525717	7.208382	-2.935642
12.312314	-1.790505	-15.660676	-4.308474	-7.968249	18.071137
13.763102	21.584825	4.823274	-1.100719	11.229994	22.843889
2.000000	6.000000	0.000000	9.000000	9.000000	11.000000
0.000000	2.000000	10.000000	7.000000	7.000000	1.000000
12.129229	5.355538	13.176736	10.826609	13.131911	-0.603462
23.243231	5.745412	-3.137467	2.459544	-1.968417	7.591635
15.768307	6.309864	-12.175383	7.131203	0.630104	5.900664
5.067020	9.515851	-9.155732	6.477443	-8.794309	-4.285546
19.293021	5.322564	0.543067	18.269529	4.000000	6.000000
11.546033	17.285597	-1.220265	3.143395	-10.133366	5.256956
24.063582	16.270119	-11.402508	-0.898302	29.221162	9.865307
0.714495	18.144396	-0.597163	5.885775	2.704800	4.492813
29.618705	19.677727	8.455442	10.000000	8.000000	3.000000
25.484410	12.102297	-2.113779	6.562937	7.411606	9.089130
17.774137	5.356934	1.129194	5.844893	8.000000	1.000000
27.588185	16.294826	-14.692654	14.836547	-8.812283	-3.522471
7.000000	11.000000	10.000000	2.000000	10.000000	11.000000
21.228455	9.000000	4.000000	1.000000	7.000000	6.000000
20.667294	13.914140	-3.837958	-0.044182	-2.912287	0.196376
23.378422	7.980877	5.721410	0.876279	2.096499	5.230906
24.566149	6.565199	2.888880	12.399393	3.231878	4.163042
20.741710	12.554109	-2.969575	8.976423	-4.061748	4.746901
20.533383	1.325161	7.102182	17.713698	-7.485121	5.000000
26.506935	7.000000	10.000000	0.000000	0.000000	11.000000
15.880014	20.864955	-7.815166	14.473052	9.838370	5.000000
24.927606	12.211220	-9.646573	4.063290	-9.610731	16.764567
11.980904	13.619151	8.144304	6.203743	9.637289	-0.288578
21.379079	12.564172	-6.959728	16.556061	1.900945	-5.111191
7.000000	2.000000	2.000000	7.000000	7.000000	2.000000
23.704013	4.458844	5.000000	2.000000	6.000000	10.000000
14.510023	10.516744	-3.047558	4.969580	2.545579	-0.929457
14.098794	4.865831	-8.602748	-1.715534	2.050799	0.000000
25.608284	10.000000	4.000000	2.000000	9.000000	3.000000
13.380041	14.055681	6.760347	11.405559	-3.709759	7.976385
15.321794	11.636030	4.029103	9.034116	1.442466	0.537160
20.724784	6.660606	-4.039353	1.215000	2.009557	10.438346
6.379816	3.477685	14.736018	12.146094	3.234137	18.898099
24.364440	7.009763	-5.327468	-1.390410	-3.409920	4.550117
18.109626	14.138268	13.353788	8.987214	2.227295	-7.664333
17.178977	11.000000	8.000000	4.000000	2.000000	7.000000
23.123814	1.258363	0.277316	12.067415	7.528696	-0.647735
32.849871	23.920765	-11.622178	6.191169	0.069675	15.546932
7.443873	-2.322316	4.000000	5.000000	4.000000	3.000000
10.342050	9.498775	-8.696421	8.804839	-0.845767	8.000000
9.000000	3.000000	7.000000	0.000000	8.000000	9.000000
15.774182	20.727944	-8.756731	5.141432	-4.093098	1.790767
8.027390	10.683018	-8.190681	8.027591	0.658259	4.000000
11.000000	8.000000	11.000000	8.000000	3.000000	2.000000
20.650583	6.000000	1.000000	2.000000	9.000000	9.000000
15.337438	10.638424	10.000000	2.000000	3.000000	1.000000
26.036773	19.051866	-0.985495	1.106316	3.500902	-1.464291
19.915211	13.097408	2.796184	13.040345	4.459761	-1.103533
20.637414	-2.819257	0.729660	1.912515	-11.461210	12.028904
12.455425	18.022184	-11.808809	1.000000	3.000000	11.000000
-6.360599	11.361985	-2.398424	0.382574	2.660055	6.977471
9.385857	-0.530367	4.000000	10.000000	8.000000	8.000000
14.113975	9.859484	-3.340164	4.560113	1.534556	2.626238
8.996270	14.695245	6.019654	5.598725	7.953337	8.364209
1.000000	7.000000	7.000000	7.000000	11.000000	2.000000
24.743559	14.848470	6.128639	6.109838	-4.336144	8.929150
14.163275	7.649838	10.000000	0.000000	8.000000	5.000000
12.908421	15.303403	11.162616	9.043957	0.947032	-5.391673
26.901210	15.187297	-0.648644	18.910167	-4.871366	0.379778
21.884360	30.310552	-14.265103	11.662512	1.495681	5.691246
2.000000	1.000000	1.000000	8.000000	6.000000	7.000000
13.668855	18.295215	14.645397	4.622635	8.670664	3.556814
8.703701	4.000000	1.000000	1.000000	3.000000	2.000000
15.083541	19.337259	3.875373	17.119741	-3.933587	-2.201036
26.626544	11.638357	8.048157	6.573559	6.558310	9.491947
24.899859	19.792908	-0.504159	6.511408	-16.799451	8.054151
11.363812	8.546711	2.967960	4.514556	11.000000	3.000000
21.549155	8.107797	0.945127	20.498999	10.009823	3.799082
8.232198	2.000000	4.000000	4.000000	3.000000	11.000000
14.936873	12.393832	-0.639363	14.212087	6.058000	0.657550
4.000000	0.000000	3.000000	10.000000	6.000000	9.000000
16.438730	22.010124	3.027871	15.076111	-12.289686	2.632127
5.000000	11.000000	5.000000	0.000000	4.000000	3.000000
3.051807	-5.842324	4.000000	7.000000	9.000000	0.000000
26.893782	13.502329	8.000000	11.000000	8.000000	8.000000
0.000000	0.000000	6.000000	11.000000	8.000000	11.000000
9.710264	-3.185876	-0.772504	-3.141183	8.184069	4.523948
34.476817	16.533733	-2.795634	6.768137	0.472933	-10.676652
17.159509	15.622673	-2.999934	8.747478	0.675754	1.000000
0.003639	22.786912	-12.766520	16.838533	6.888217	4.936294
17.645640	20.267519	-10.935247	8.287366	-4.687994	-6.832796
18.357993	19.100192	-5.324150	16.669805	1.693954	2.622316
17.215901	19.037050	-0.375859	-7.225731	-0.298362	6.688310
15.701531	-5.351234	-11.272149	2.917356	-10.388443	4.228038
11.348911	9.000000	9.000000	8.000000	2.000000	0.000000
14.014495	5.000000	0.000000	7.000000	9.000000	9.000000
-3.423088	3.571574	-1.341221	-8.186143	-0.284498	5.695236
9.000000	4.000000	8.000000	2.000000	10.000000	6.000000
20.095679	5.609412	-5.950598	11.690453	-0.310232	1.000000
-11.173391	4.424039	8.973002	14.874386	-3.318464	2.093081
11.036755	-6.032747	-0.668672	5.999951	23.986856	1.122747
20.681837	21.045321	4.412175	8.915759	-5.482522	4.552021
19.617593	9.810668	-9.315760	7.763159	4.739108	-2.014480
5.711817	8.508785	-0.731704	1.977212	4.746660	-13.537133
20.391317	2.730606	-6.965300	3.640471	-10.284306	4.034929
17.334232	14.286514	1.563804	11.564559	2.287980	1.784590
17.985817	6.969060	-12.797741	4.000000	8.000000	3.000000
3.000000	0.000000	11.000000	1.000000	6.000000	11.000000
23.780675	7.775726	3.830702	12.006075	7.000000	1.000000
20.108933	0.800722	-12.389168	3.717423	-11.353532	-6.517778
10.000000	7.000000	6.000000	6.000000	1.000000	7.000000
15.613803	9.744123	-11.329035	16.494854	1.509576	-1.153102
29.848152	10.869757	-5.443710	15.577824	16.914464	-1.917335
17.752860	13.279682	-5.628968	14.194449	-0.775870	3.776213
20.466993	11.697178	-3.349132	9.316830	8.000000	4.000000
10.673246	-1.678225	-0.119029	-8.546197	-4.393324	2.000000
12.073212	11.050757	11.639207	13.773852	3.631237	12.064851
18.335719	8.917736	-11.479380	7.349409	-8.971905	5.238692
10.710057	14.880456	-3.231939	8.721160	3.597232	9.133717
17.211843	18.743547	-7.483446	13.923913	-1.120305	-13.711211
26.487438	11.951328	-11.881864	9.585107	11.913055	3.936406
14.728899	-1.982015	7.130111	10.034167	5.154562	-2.090739
10.327805	7.247297	-9.554649	12.726656	4.845751	-8.186145
7.736468	8.028171	0.971485	-10.015751	-6.880115	9.024169
1.881746	11.931796	-0.592174	-1.436679	6.500874	4.968041
7.763878	22.390848	-10.218478	11.000000	4.000000	5.000000
6.035527	5.654114	-2.884233	7.580973	8.102266	-1.270809
11.806417	17.849954	-6.188258	9.544438	-1.651432	11.000000
17.227838	3.225880	7.701711	0.299728	11.066041	10.965330
25.106062	15.151029	-8.883972	14.834434	-9.122123	3.687725
18.663019	13.998531	-4.144130	13.515576	15.256874	10.994381
13.191111	5.783501	6.649026	-2.056824	-2.675076	-9.619440
2.000000	8.000000	9.000000	10.000000	11.000000	7.000000
9.663283	11.713797	3.753526	9.487983	8.000000	6.000000
10.248304	-0.747929	2.952113	11.599653	-1.931923	-5.766663
22.232648	7.207305	17.124273	-2.810313	10.020773	10.257405
22.674701	8.000000	2.000000	10.000000	5.000000	7.000000
11.097779	9.001497	-8.299814	10.049448	8.819124	5.000000
16.488853	15.375200	-21.029559	13.674427	4.830758	-3.099551
3.000000	11.000000	2.000000	11.000000	5.000000	0.000000
17.878719	21.027490	0.140806	13.605091	0.035254	5.146295
0.000000	2.000000	1.000000	11.000000	7.000000	1.000000
15.407670	-3.330527	-0.522683	2.717457	-2.952533	5.000282
23.368355	7.706312	-6.078565	-2.889872	-3.571629	-10.384426
30.993713	19.864121	-9.555260	13.839313	-0.661247	1.022933
8.000000	3.000000	8.000000	2.000000	11.000000	2.000000
19.078362	8.864427	1.122450	6.025694	-4.383480	8.774562
4.000000	4.000000	5.000000	5.000000	11.000000	0.000000
19.335416	4.683145	0.217151	1.759509	-4.516235	0.127600
10.981036	2.000000	5.000000	4.000000	1.000000	1.000000
21.785612	15.294474	-13.424561	2.225408	-6.338526	-4.904860
18.943954	7.358062	-6.556040	-6.461734	-1.752886	-1.278882
20.906765	13.589296	-5.850961	7.488004	-11.750459	21.598584
20.647634	11.779006	8.131413	-6.834789	11.000000	6.000000
23.373829	8.177420	6.802374	7.353957	1.410879	2.033079
10.702954	3.366374	9.000000	9.000000	0.000000	6.000000
29.433758	16.530535	16.208949	20.153928	-1.031143	2.027035
15.152387	8.749913	3.690179	2.603132	1.000000	9.000000
24.902427	5.156646	-8.630752	14.034738	-5.680111	-2.017036
7.527465	2.986033	1.772019	2.000000	10.000000	7.000000
12.080602	6.000000	11.000000	9.000000	11.000000	3.000000
22.681284	17.350765	-9.193447	4.057872	10.206180	-2.659395
6.718069	10.539346	12.387671	10.420244	4.000000	5.000000
24.753536	5.693484	-6.433241	10.694702	-15.775751	-0.133103
22.529472	6.455800	1.645716	7.383873	3.201615	-1.291144
7.899267	10.337005	-1.888466	10.000000	1.000000	7.000000
17.864138	-3.183803	-16.256734	13.038581	4.646964	4.418455
10.882904	2.252371	-14.884573	-4.137077	-0.449635	-10.901469
19.818330	23.694658	3.085834	0.680228	4.257967	11.491044
12.079250	7.958954	1.897511	18.617355	-0.501270	-0.859508
16.054203	6.172627	0.000000	4.000000	1.000000	7.000000
24.835390	22.496279	0.502808	11.843175	-4.020430	10.792527
11.339383	20.345066	3.196167	0.000000	11.000000	6.000000
14.434500	3.079281	5.000000	2.000000	1.000000	4.000000
16.492052	17.826940	-8.739067	6.624684	11.713886	2.190425
10.438187	17.823400	-17.689472	19.556103	-4.211717	6.530404
9.186196	22.329026	-7.087975	24.718499	-3.831289	-2.043710
18.653845	2.957574	-9.059283	9.404930	0.300680	5.270964
17.124080	8.914486	-15.697939	3.206614	-3.602509	-3.136606
0.593850	19.068275	-1.332194	8.798631	10.147310	3.287861
9.404107	13.760289	-5.396318	9.411229	-10.697591	-0.301807
9.980386	4.814416	-0.188812	9.597121	-7.561162	-1.535896
8.000000	11.000000	4.000000	5.000000	1.000000	10.000000
20.791330	4.635604	10.625538	3.370242	7.000000	7.000000
1.000000	2.000000	8.000000	11.000000	1.000000	5.000000
27.987162	2.810786	5.777094	11.000000	8.000000	9.000000
16.193768	12.608468	-5.023186	3.000000	2.000000	3.000000
8.000000	11.000000	11.000000	5.000000	3.000000	4.000000
23.638416	15.090546	5.000000	1.000000	11.000000	11.000000
20.490573	12.733444	-2.683261	8.944261	-2.089975	5.828505
21.448360	6.467616	-9.280279	11.111651	-2.652987	-3.856312
15.073573	19.855912	-3.182339	17.815674	8.169284	8.329170
16.005134	12.907276	-5.920772	15.793668	-3.423799	-5.414738
11.867101	5.611628	-12.258383	1.000000	9.000000	3.000000
20.214402	17.665844	-6.436388	6.055254	-3.920769	-1.535520
20.561269	12.480760	-8.095223	12.193136	5.625729	-9.036740
8.201942	14.602104	-4.263682	10.723781	5.629880	7.000000
10.000000	8.000000	4.000000	0.000000	8.000000	6.000000
