-13.771284	-6.245455	9.239841	4.332915	2.740823	12.631738
-2.379255	9.701851	5.613556	11.115560	-4.143995	15.011440
19.368557	-5.986115	1.610389	11.141831	-9.049385	6.428007
12.858598	5.000000	3.000000	6.000000	11.000000	1.000000
8.815719	-5.874853	16.822681	2.070363	5.007419	10.868979
-2.791217	10.725006	-1.555777	10.000000	4.000000	0.000000
9.280137	10.534755	-4.524827	8.877854	0.000000	2.000000
13.781746	0.003593	-4.517718	1.214701	3.657200	10.415325
7.000000	2.000000	0.000000	3.000000	3.000000	2.000000
19.853677	3.000000	8.000000	3.000000	1.000000	2.000000
5.215313	-17.495970	16.466437	17.167768	-0.759213	2.147245
10.941352	4.061372	-2.663585	1.179563	-7.635059	5.887846
25.742371	-2.233358	-6.392249	8.962236	-13.734301	15.437089
-1.002527	18.876281	-4.377600	7.000000	3.000000	6.000000
13.720806	6.000000	8.000000	3.000000	7.000000	9.000000
1.275739	2.843753	-3.320785	0.043531	-7.307721	4.367028
8.723481	-10.880321	-0.474578	0.775072	-5.858447	10.103301
18.404317	0.145793	4.415924	10.372993	-7.302915	16.286493
5.168279	2.000000	5.000000	7.000000	0.000000	6.000000
16.856375	-2.773174	-8.990912	10.778820	-6.850652	17.943140
20.577727	7.288962	-0.326436	-2.688318	10.000000	0.000000
14.339788	3.207244	6.319049	4.000000	6.000000	6.000000
19.788839	-6.023534	4.851253	14.757320	4.000000	3.000000
12.575037	3.824968	-8.854423	13.655305	-17.989928	22.775493
9.676334	2.294046	4.806589	7.026295	-8.338980	7.769746
8.733563	1.240541	-10.525505	15.593722	-7.012031	12.437358
-0.895155	0.030690	-2.195131	17.298020	-12.780153	7.781624
10.300397	5.566363	12.492894	7.000000	1.000000	9.000000
7.540401	0.458603	15.228470	4.645675	-0.408165	6.514645
3.361342	6.618060	-3.053719	7.527312	1.226824	14.187964
-1.419202	7.076824	-2.823120	15.902095	-7.465181	3.213465
17.115791	-5.392413	5.293134	4.814376	-2.655568	3.165465
1.751522	-7.475005	8.022020	9.790626	-1.894581	11.100912
8.002060	5.797696	0.638566	10.990877	11.873704	15.908533
13.840072	-1.022239	-11.029973	10.183079	-6.700646	13.345837
6.000000	3.000000	9.000000	0.000000	5.000000	6.000000
18.685653	5.926220	-7.335050	8.862267	0.000000	7.000000
11.642720	2.622646	-4.713755	5.238747	4.216504	8.930152
6.034596	7.375494	-6.326605	3.584487	-12.423129	16.846271
2.959407	8.239219	-0.842089	11.121212	1.633445	16.160140
7.081669	6.258007	5.822211	6.766894	5.777075	5.453678
-1.959021	6.024177	-11.341267	6.250446	-22.483797	9.586830
12.328409	17.261105	-10.746292	6.000000	3.000000	1.000000
1.000000	10.000000	9.000000	0.000000	5.000000	7.000000
4.272866	3.159131	-8.062722	9.668230	-6.780223	15.902765
2.538704	6.560174	6.932594	-2.404887	8.218556	6.578817
-4.585564	-3.427560	-5.874717	0.325678	6.699524	16.466598
4.703272	2.757515	4.968160	20.685325	-13.215842	9.022950
6.772004	-5.448121	3.000000	5.000000	8.000000	7.000000
5.720237	2.898630	4.192871	3.656397	10.726392	8.801524
17.713721	-14.308708	-1.447527	5.299306	-14.616312	2.528045
11.147202	3.716169	-0.618831	12.452362	-15.205806	1.518852
11.230544	12.636416	-10.873709	9.458480	2.618953	0.215313
5.228736	-5.237958	-2.164023	5.790923	5.692432	5.763994
10.954230	-0.883722	4.354103	0.403604	-1.053968	0.700934
5.620296	-0.982339	13.366965	7.094733	0.670184	4.131852
13.325341	3.704460	0.235241	10.586937	8.282210	5.672610
8.393173	-4.299255	-14.364104	10.963064	2.902732	19.928007
4.344235	14.120401	9.762831	-9.794945	-8.794151	10.339375
20.490604	0.961270	5.217127	1.374899	0.720704	5.237478
5.694387	3.108162	15.507598	-3.710138	-3.125559	1.553786
-0.638970	11.000000	2.000000	9.000000	8.000000	11.000000
7.142280	5.725678	-12.157585	11.000000	5.000000	8.000000
-2.811571	-10.806372	-0.927083	12.406794	-5.277299	20.510459
0.855404	-1.313385	1.176784	21.145927	-9.338743	7.423389
10.441466	-0.050044	-14.959031	17.576392	-8.709754	17.230188
-2.795708	8.061257	-12.440973	4.681716	-1.620920	11.196663
13.835994	-2.630417	-18.703346	5.938914	-8.507896	10.124743
7.796702	8.461492	11.000000	11.000000	7.000000	2.000000
-4.820468	-3.338976	8.000000	4.000000	7.000000	10.000000
18.450322	4.000000	4.000000	2.000000	3.000000	0.000000
-0.518347	-9.644940	-1.857546	10.150331	11.000000	3.000000
7.166217	6.068793	10.896639	3.396771	7.527473	17.357572
18.254692	-7.781479	9.000000	1.000000	5.000000	4.000000
8.650508	7.885172	-4.322033	-1.892658	2.719617	9.241331
14.413304	6.027843	0.000000	9.000000	5.000000	4.000000
5.000000	10.000000	0.000000	1.000000	9.000000	2.000000
7.138598	4.208320	3.887309	6.750849	-1.238018	5.094077
10.136705	1.000000	0.000000	5.000000	11.000000	11.000000
14.503478	11.000000	9.000000	2.000000	10.000000	5.000000
2.162682	5.127664	-3.288296	1.994799	-3.190971	4.264556
-6.238275	9.508318	7.000000	2.000000	4.000000	11.000000
11.628600	-4.403959	0.665302	17.113057	-14.856360	12.748957
13.492263	14.506520	-15.635859	14.851272	-6.634162	15.214024
16.247135	-1.689062	9.006879	10.216535	-1.402147	8.973097
6.875708	-4.387655	4.348415	11.935851	-1.198955	10.662718
2.370731	-4.407703	-11.971115	15.536366	-5.626759	4.246828
3.278647	6.349497	-6.176192	9.000000	4.000000	10.000000
-0.371651	1.122976	3.632540	8.000000	3.000000	3.000000
-7.750130	3.998409	0.780331	-1.688122	12.441291	6.000000
12.922583	-1.758884	7.000000	1.000000	8.000000	3.000000
21.700382	2.665879	-20.575204	11.008451	-15.939933	4.485781
4.798039	-8.227752	3.386375	-0.518054	11.738322	0.382431
15.063622	1.176101	1.882003	17.913053	-9.427599	13.627820
13.548257	-1.288061	-4.688537	1.016052	-14.156398	-0.064414
13.286069	0.240159	-15.261167	5.425047	13.026549	8.000000
10.416711	4.218691	2.227602	2.542335	-4.918113	7.469339
18.263671	2.455587	24.721485	9.269722	13.234678	5.445554
6.503267	-2.005396	2.054169	12.519732	-5.390307	11.640682
8.469419	1.507458	6.000000	10.000000	11.000000	8.000000
2.596365	-5.385538	-6.617308	0.669602	6.566951	12.828670
5.617552	3.934436	3.724296	-0.127522	-1.538497	9.443554
6.293341	0.324115	11.871223	2.569810	-3.113920	7.000832
14.482320	11.872518	-5.747349	6.668491	-16.673586	15.958028
9.813054	-10.558753	-14.462385	2.243206	2.518740	20.578183
4.586474	3.238305	0.040229	-1.895073	-6.406684	0.953654
4.217467	11.000000	1.000000	10.000000	9.000000	0.000000
17.273551	3.960496	-12.362461	17.361195	11.000000	5.000000
1.469122	3.218592	7.523875	4.991771	-2.536919	7.716385
13.994490	0.722381	11.569697	13.550005	-12.030253	0.676156
2.687872	-11.062143	8.488030	1.083904	-7.935551	2.228002
12.859341	-12.322168	-7.081852	14.532941	-1.484412	5.763813
5.215853	1.473735	-5.635634	13.732566	13.427554	6.319654
9.292030	9.593241	2.987385	13.586903	2.451948	12.663087
-12.893644	-0.975871	11.058084	12.363169	3.057286	7.179809
-2.908006	13.018490	1.584325	13.193949	-12.637499	12.704418
-4.141816	-15.082439	-5.251613	17.213266	0.727461	14.408122
7.855976	6.113065	2.676831	6.132050	12.675103	15.356019
4.724611	4.742286	10.004258	19.108449	-6.835864	19.250676
8.125631	13.072642	4.881609	10.047865	11.160809	-7.348752
13.564196	8.000000	10.000000	8.000000	9.000000	2.000000
12.127041	2.241055	-7.485523	22.998329	-10.302304	23.107872
7.848290	-5.833060	3.541814	1.000000	5.000000	11.000000
15.026322	9.580257	-2.279556	1.291717	-18.504312	7.946895
2.000000	4.000000	7.000000	10.000000	2.000000	3.000000
8.800339	8.000000	3.000000	4.000000	8.000000	11.000000
9.303799	6.679623	-5.172637	15.813774	-12.840309	14.020870
-10.841638	1.453437	-7.010378	1.206363	5.585508	12.378880
9.423479	9.340935	6.898120	-3.149123	-18.127218	3.204454
15.865121	6.989981	-2.071526	7.022852	3.961245	16.331066
2.606462	3.080897	15.001751	14.034075	1.654575	0.393437
2.656071	1.251442	8.295043	8.647393	3.153376	5.087010
19.085030	1.967184	-1.035972	5.764834	-12.963316	5.330072
4.117518	-0.936928	8.871752	5.492212	-4.169500	10.342818
7.998258	8.000000	6.000000	0.000000	7.000000	1.000000
2.895769	8.366183	1.000000	3.000000	8.000000	9.000000
14.953363	-3.015241	12.162821	1.201401	-13.757163	11.815996
6.756535	-3.294763	-10.286413	7.660279	5.000000	6.000000
-1.191789	1.594489	5.093594	6.611497	-5.418284	3.309737
15.194194	-4.341716	10.351203	8.798042	-3.017392	4.391756
8.000000	8.000000	0.000000	0.000000	6.000000	9.000000
13.682921	3.676628	-8.593623	15.688549	-24.240331	20.235221
1.912461	1.524285	4.414831	3.674576	-2.803262	7.159543
13.911831	1.611873	10.073201	-1.961031	0.000000	11.000000
0.102184	-2.149162	-16.309237	10.000000	11.000000	2.000000
-1.700606	3.996055	-6.983595	5.062999	6.864133	0.246480
8.000000	11.000000	7.000000	6.000000	6.000000	3.000000
6.661074	1.785361	-20.832051	7.407823	-4.393301	8.697315
-2.562768	10.534605	7.080627	3.048555	-6.512964	9.516109
19.804017	5.581629	1.423160	14.554113	-2.691517	5.803095
10.284585	7.000000	0.000000	2.000000	0.000000	8.000000
12.435476	2.806510	10.060394	8.253595	-1.594009	-3.000908
18.523558	-4.547791	-5.125003	23.928985	-8.801967	10.845095
13.822692	12.128865	-8.003836	7.000000	0.000000	8.000000
14.838243	4.118176	11.635475	11.013936	-2.735921	4.000000
6.770010	3.115591	0.442257	6.070210	-11.368943	1.000000
7.000000	6.000000	5.000000	10.000000	6.000000	11.000000
11.626366	-1.282124	7.816108	12.005549	2.549946	12.200024
1.365281	8.292439	7.301279	4.669228	-6.093860	16.167981
8.600202	2.000000	4.000000	9.000000	11.000000	7.000000
10.826240	8.201503	-2.830021	12.367794	0.156159	3.730018
16.082798	-1.423522	-0.822556	9.856440	-2.439617	5.630050
4.737662	0.000000	0.000000	3.000000	1.000000	4.000000
-3.348443	12.848998	0.389128	0.000000	10.000000	1.000000
8.871936	2.120411	10.408488	10.522821	-5.238649	0.950164
8.463633	8.336739	-4.505888	6.309327	-5.283927	14.134905
11.302147	-1.773759	1.237632	4.584915	-2.082995	12.247109
15.636405	-0.565989	-12.090389	13.995213	11.721437	13.959661
-5.495168	6.151363	12.794854	7.641224	-5.333899	3.126336
-3.151905	2.272145	0.181436	7.000000	8.000000	10.000000
-3.622059	6.764383	-6.392459	5.247262	2.266067	5.543134
1.807384	4.432536	-4.870083	1.841377	1.833374	10.277479
5.886358	-0.318059	0.255265	4.646388	-5.062511	9.862269
15.496530	0.383168	-3.080097	-2.449994	7.189344	0.243027
10.147145	-0.815336	-8.562821	1.000000	7.000000	6.000000
7.504557	4.574392	2.478434	2.827096	0.610288	3.715132
-3.153066	7.166589	0.228865	2.503119	3.000000	4.000000
10.000000	1.000000	1.000000	8.000000	3.000000	5.000000
6.946004	-10.508357	-3.709003	18.817018	9.323068	3.381448
2.000000	2.000000	2.000000	3.000000	4.000000	6.000000
4.826211	-7.194678	-5.678632	14.138107	-11.817403	16.433606
13.369312	-0.936041	-7.231830	12.936964	-8.867304	25.168582
12.538924	-3.361909	-2.383232	13.176340	-14.981675	13.577833
13.823204	7.311176	3.125340	13.555464	-5.634747	6.979038
-5.246342	2.203841	11.314407	1.000000	10.000000	7.000000
11.000000	2.000000	11.000000	10.000000	6.000000	2.000000
2.523389	-4.747597	9.385926	3.664671	3.000000	1.000000
11.000000	9.000000	7.000000	4.000000	3.000000	10.000000
6.967686	9.000000	5.000000	6.000000	7.000000	9.000000
-0.116656	0.917190	3.000000	4.000000	3.000000	6.000000
8.689361	14.757441	0.318664	6.801103	2.469851	17.645659
6.034172	4.697058	1.033498	3.643183	10.029353	11.000000
7.312427	7.382416	18.078768	11.627311	3.653809	7.669071
9.686819	-4.692558	-6.780763	14.064938	-17.432614	6.798452
4.000000	3.000000	0.000000	4.000000	2.000000	6.000000
4.930721	-0.831337	-1.226366	6.945185	3.079985	2.768539
13.455100	11.992368	16.543663	7.800300	12.253714	10.133967
4.261308	2.539554	10.000000	0.000000	10.000000	1.000000
1.455843	-0.419693	13.640640	13.804549	1.246632	9.607681
5.233039	-3.153208	0.306928	14.607209	-9.341395	9.771899
-0.178939	6.792426	3.367908	-1.395824	5.248469	3.883238
19.559927	-3.114346	11.282438	1.515016	0.334337	12.868929
4.784612	17.497927	1.076352	-4.626250	-0.865561	11.581734
17.092270	0.855311	6.916732	0.397718	-1.501183	13.079520
18.228964	25.150335	-9.529799	4.444129	-8.789644	16.674883
9.939936	-0.135774	5.385933	6.741154	6.000000	3.000000
10.353181	10.822957	2.631365	6.488860	-16.771802	20.134053
5.000000	4.000000	10.000000	10.000000	6.000000	8.000000
5.164694	-2.051165	6.070885	8.031806	0.334452	5.596062
8.780006	12.856926	9.920949	4.844236	5.039934	21.421464
29.388226	-6.354343	6.134764	7.884740	8.046131	1.340696
16.390665	10.000000	0.000000	11.000000	1.000000	3.000000
9.337329	-6.006560	9.433920	6.907425	10.509301	2.305978
9.762892	-3.612815	6.053061	-4.527221	9.498172	4.000000
12.642390	0.479139	6.108960	9.867593	4.515629	12.152363
4.272890	19.575602	6.610448	15.794698	0.000000	2.000000
0.000000	2.000000	10.000000	9.000000	2.000000	6.000000
9.381750	12.091877	-2.745200	4.959031	-3.658522	6.917166
4.000000	6.000000	11.000000	11.000000	2.000000	9.000000
11.374113	5.787279	-8.260762	2.933964	-16.818822	1.056557
2.000000	10.000000	6.000000	7.000000	1.000000	11.000000
4.556480	2.718914	-7.751133	2.000000	3.000000	6.000000
4.759922	-0.091638	-0.400616	9.011563	10.677025	7.276666
1.704926	6.333965	5.534055	4.274726	2.000000	2.000000
18.426610	-0.303138	12.799056	1.565276	11.201376	11.327265
11.580243	6.000000	8.000000	2.000000	1.000000	1.000000
17.333263	-0.042044	8.617379	10.544419	-9.676548	3.170920
2.779903	1.000000	7.000000	6.000000	3.000000	6.000000
-12.251421	0.877464	-1.227827	-1.237837	-9.016382	11.000000
13.263310	9.000000	8.000000	5.000000	3.000000	11.000000
7.062715	-2.389973	6.617974	11.048941	-6.827055	2.973348
10.197419	5.000000	0.000000	6.000000	8.000000	2.000000
-2.659974	1.330005	10.872731	7.857269	-5.117728	-1.791696
9.114979	13.467744	4.054820	6.662537	1.286487	11.529733
14.875792	0.473657	5.971054	9.297568	-7.286791	9.462337
-6.695250	4.526972	0.589886	4.407315	-4.552836	19.466759
2.500946	4.786245	3.000000	10.000000	5.000000	7.000000
9.071789	3.335145	1.058062	1.827737	-13.647319	6.341414
10.000000	7.000000	9.000000	0.000000	9.000000	8.000000
7.525193	-7.164101	-2.817685	12.633000	1.614525	2.000000
18.857170	1.115354	4.000000	4.000000	0.000000	3.000000
4.110921	2.277629	16.143181	6.536887	0.847962	9.092482
7.931056	-4.920448	-4.952670	3.322474	-0.689882	0.000000
6.253462	10.950616	-6.241766	4.455139	-8.226590	12.943109
-0.225503	17.537559	-25.974693	5.288131	-5.352983	13.118250
26.442317	-2.440541	7.264727	2.772457	3.122389	-1.866992
7.206110	1.249844	-6.229071	9.286573	-12.647247	3.709950
-9.935348	9.764677	-3.529737	8.000000	2.000000	3.000000
3.590396	-10.134318	3.318068	-2.063852	-3.054631	-8.426137
8.293425	4.814823	0.709466	9.277328	-10.566793	7.137417
5.510422	6.527123	15.143564	11.168747	-6.443931	10.146598
4.869886	1.083768	13.850649	0.935215	12.605630	4.856264
16.197961	8.815913	3.137500	20.812810	10.756273	15.261311
-3.192669	3.634327	3.000000	11.000000	7.000000	7.000000
0.331488	6.000000	7.000000	8.000000	11.000000	6.000000
13.132781	8.000000	8.000000	4.000000	3.000000	5.000000
8.915631	-0.298498	8.000000	10.000000	0.000000	5.000000
0.227245	10.729471	-0.162798	10.000000	4.000000	6.000000
6.408344	-7.008965	11.000000	1.000000	11.000000	11.000000
3.000000	9.000000	10.000000	7.000000	4.000000	0.000000
25.607111	-2.588797	7.278708	14.519253	11.522483	12.633430
9.156545	0.492335	-4.354079	-2.552306	2.488626	1.079675
14.937876	1.121421	6.610989	8.022769	5.049972	-8.802589
5.178771	12.158117	4.737393	8.043736	-4.462700	4.471981
1.836909	4.998608	1.813384	5.898958	0.000000	3.000000
8.000000	6.000000	6.000000	1.000000	3.000000	0.000000
19.432337	7.855043	-3.307561	-0.681474	-5.367447	-0.722862
-0.974168	9.982350	12.590063	-2.618416	8.974768	-17.910494
10.688391	-10.749579	1.747730	9.127819	-9.113017	3.933299
6.144885	2.772930	9.000000	1.000000	4.000000	8.000000
-1.088433	5.507631	10.542424	16.232283	2.758822	2.394483
2.000000	1.000000	3.000000	5.000000	9.000000	0.000000
3.871559	11.250719	-5.876059	7.127431	-5.040787	13.060851
19.298291	4.226242	-0.472262	9.666048	-11.838137	11.516956
17.887113	5.412744	8.910684	-3.360913	1.137429	10.503612
11.058767	5.459216	5.437313	0.000000	0.000000	7.000000
9.334011	2.436275	2.133799	-1.563224	9.000000	7.000000
4.731493	-2.658535	8.664206	-9.574654	2.333238	10.743765
2.776784	7.850954	-1.015655	5.475013	-5.251860	11.000000
7.000000	1.000000	5.000000	10.000000	0.000000	10.000000
7.968776	1.996934	6.688709	-3.293854	-1.857940	8.000000
8.133751	3.410795	2.000000	7.000000	9.000000	9.000000
8.143881	-2.805389	-4.564055	27.135836	21.726049	10.354318
13.233317	9.417028	3.069352	7.237078	-7.672912	5.504808
16.865024	4.238518	9.143123	7.168672	11.000000	6.000000
6.568140	8.000000	9.000000	0.000000	6.000000	11.000000
2.534273	5.336630	3.317423	8.057865	-10.880634	7.635227
3.433085	5.793336	-21.321721	8.000000	5.000000	5.000000
13.577717	4.861984	-27.841516	10.011558	-15.852916	22.859316
5.785223	8.000000	0.000000	5.000000	4.000000	7.000000
6.504205	5.051102	12.504843	4.577530	2.491592	16.826410
12.761796	2.581657	4.778068	-3.956703	-4.260133	-4.066981
0.820402	2.179280	-1.010322	7.626967	2.641765	8.002503
14.635897	-0.671150	2.073925	6.612083	-4.926767	6.147373
18.072277	-0.500943	5.631479	2.789949	8.000000	3.000000
4.100626	0.000000	11.000000	1.000000	9.000000	9.000000
-5.082043	4.000000	2.000000	3.000000	0.000000	4.000000
-1.278972	-0.132448	-0.348448	11.442515	3.000000	3.000000
13.852140	-12.575416	6.963635	6.024511	0.744105	5.857288
1.000000	5.000000	0.000000	1.000000	7.000000	11.000000
8.227219	6.539001	-5.309893	3.313769	-2.711011	21.335769
2.506793	5.195145	-3.682539	12.828559	-7.017963	6.258966
15.646703	18.774781	-0.828309	11.464994	1.412600	6.912166
11.600917	3.925232	16.191175	4.250696	-8.590235	-1.122821
1.289588	8.693720	10.731468	-8.744961	25.250625	7.000000
8.982244	-4.522358	2.400355	12.697575	-5.907549	9.573060
13.941527	-9.748570	-2.183936	11.646583	-3.535647	11.442671
12.363306	-0.190943	3.555096	6.683436	-13.615330	1.386954
6.192859	-3.898640	3.000000	8.000000	4.000000	4.000000
5.990066	13.811461	3.158175	1.576880	-5.727402	2.436595
8.023068	-10.740395	7.000000	6.000000	8.000000	0.000000
11.406062	3.119182	7.494989	8.911973	-3.197939	2.468311
14.186152	3.603092	16.158487	11.302167	12.286811	1.986338
7.683976	6.791332	7.513450	6.879090	8.210596	8.000000
17.156329	-3.922892	0.324699	7.728180	8.680761	9.000000
6.176979	16.231547	12.152160	-1.647462	8.568177	-1.696279
11.000000	3.000000	6.000000	0.000000	4.000000	6.000000
19.919735	11.000000	8.000000	9.000000	5.000000	4.000000
4.670960	2.009004	-0.518978	8.473808	-2.898121	11.759748
1.397023	6.509256	-3.069816	11.996085	-3.579350	16.076357
1.000000	11.000000	3.000000	6.000000	7.000000	10.000000
8.403591	-11.330524	8.518496	15.039073	1.652626	-7.494690
4.127500	-0.945892	18.206507	18.547181	-6.186361	21.694132
13.700117	2.937644	8.624092	8.975743	2.054904	2.731423
7.000000	8.000000	4.000000	5.000000	3.000000	4.000000
14.358822	-10.710311	-20.905193	16.739932	1.713326	22.038629
10.624724	3.643835	13.863736	3.932116	14.028774	2.491870
17.313816	1.010877	-6.787748	13.467074	8.000000	4.000000
9.397348	5.005087	5.696576	2.230287	-10.660729	5.694074
1.534769	9.742689	0.557131	14.551650	17.016373	5.860031
3.963043	13.879123	16.870449	8.149155	5.226486	4.177635
5.829521	-9.378837	10.254695	11.316287	-9.500909	17.187638
10.268360	-0.447801	7.534993	13.728649	2.383869	17.434834
2.983088	-2.622649	1.144023	6.350031	4.626597	7.956332
10.069291	-4.298032	2.054915	8.915865	5.902938	1.062878
12.054377	2.588500	7.761272	2.577406	5.773689	8.347647
2.673991	5.027364	-12.882618	0.497002	-15.561061	7.368288
12.652968	11.015709	-4.195259	0.000000	3.000000	1.000000
4.859167	9.087253	2.077539	17.174705	-0.410678	5.319063
11.000000	10.000000	0.000000	8.000000	6.000000	3.000000
20.374484	3.000000	5.000000	6.000000	11.000000	9.000000
2.939760	-3.515548	0.989432	10.000000	3.000000	11.000000
10.087343	8.366123	12.470444	3.000000	5.000000	3.000000
2.309045	2.144761	3.928521	15.196895	9.000000	4.000000
3.142875	11.904090	2.274955	1.229178	2.810165	8.762301
3.454179	0.000000	11.000000	5.000000	3.000000	8.000000
8.178467	2.819100	-14.788488	14.692457	-1.240267	11.848027
-1.508257	15.526811	-14.243009	14.176729	-14.776069	10.103724
10.474059	-4.619192	-2.864153	20.400064	-1.099533	10.242432
19.685880	-0.358579	-5.279420	12.762919	10.000000	3.000000
-2.182412	7.119360	4.826144	3.000000	1.000000	8.000000
13.014295	-6.755877	9.055394	3.205988	2.000000	3.000000
-9.395340	6.422452	-7.664164	7.020953	-12.890759	14.551425
9.068675	-3.552752	7.872708	11.189159	0.649726	1.860764
11.905492	5.091415	-3.598521	6.512589	1.857630	6.891069
10.542261	9.523504	-11.466519	8.044848	2.000000	7.000000
7.821191	0.947554	5.000000	7.000000	9.000000	10.000000
12.469008	-5.528025	-5.380754	6.062199	-6.316745	1.406673
11.498255	-5.422348	13.612502	11.605366	-9.166479	4.003817
-1.912174	-6.129571	20.353493	14.699397	8.423885	14.234948
3.998154	-1.132277	-4.293187	15.240068	-6.124305	15.579471
12.084118	0.000000	11.000000	2.000000	5.000000	1.000000
12.494626	13.479058	-7.755136	12.142212	-4.201397	3.206735
3.064335	-1.502860	6.000000	6.000000	10.000000	6.000000
25.254647	1.300758	-13.112846	-5.147894	4.000000	10.000000
7.168303	1.155603	2.000000	4.000000	11.000000	2.000000
-1.334372	12.640396	-9.153777	19.793886	5.672102	18.876521
32.374004	-1.779300	10.388731	5.498386	11.318605	12.773806
14.917845	1.885405	-7.489627	10.683871	-5.611470	9.790053
11.165812	11.265134	-12.620177	9.223314	10.341569	11.397304
11.102473	9.079849	-1.843109	6.693542	16.142870	18.430761
20.655330	14.334670	6.083125	10.193379	-12.557703	12.121309
9.044625	4.400229	3.103248	14.678512	-9.000232	9.573688
3.191456	-0.419991	4.844217	9.031554	-8.436143	10.343514
10.000000	10.000000	3.000000	10.000000	5.000000	0.000000
-0.808465	4.054118	0.433529	9.000000	2.000000	1.000000
7.284864	-6.124156	-16.955853	8.000000	2.000000	1.000000
13.064312	10.690084	-0.686998	0.658801	-1.933871	13.561599
7.160237	-4.039153	10.373287	7.748623	3.016543	15.082398
2.017395	-2.231129	0.397794	-0.051599	-25.459671	12.308221
9.471782	11.281009	0.707690	8.078773	7.895442	6.102854
5.645985	3.445170	2.269675	1.674000	-7.588516	9.399249
9.718656	11.936520	15.960279	1.000000	2.000000	0.000000
8.616318	6.119551	5.477313	15.947951	9.000000	4.000000
8.394490	-2.402906	8.218528	12.324602	9.000000	10.000000
-0.096485	10.088024	10.000000	11.000000	1.000000	10.000000
12.070592	3.115566	-10.675117	12.428466	-14.738556	8.546221
10.192578	1.900440	10.109732	6.792001	-12.529556	9.532813
22.840906	-5.502447	8.547817	0.181522	5.000000	9.000000
25.210969	6.698020	-7.273386	0.957363	-0.995169	-1.112800
17.830875	9.000000	5.000000	2.000000	3.000000	4.000000
7.086075	6.956501	5.388592	-2.876032	-0.581199	-2.234393
8.159943	-1.873308	-4.142019	8.724979	6.143701	12.788221
16.493994	-1.074629	10.487418	16.327929	-2.998187	7.518133
6.927991	1.959019	6.461552	3.384474	9.000000	10.000000
19.365407	3.698773	-2.678628	5.870263	10.762018	6.788200
3.487672	17.631529	0.116553	20.169555	-0.932867	2.353284
2.765089	-1.750298	-7.437317	5.000000	8.000000	8.000000
5.727610	-5.356424	1.035298	0.048381	-1.489498	4.824349
11.082956	1.186905	-1.472869	8.918472	-7.136203	8.000000
8.118569	8.249880	3.643830	12.818311	-4.788184	3.121993
21.035004	7.252165	1.856057	10.584078	-3.073538	11.613080
14.602950	-7.578852	12.293786	-0.957612	10.740382	9.318244
-8.877404	4.668226	10.000000	3.000000	3.000000	11.000000
2.585919	6.804658	5.000000	2.000000	8.000000	6.000000
-0.789824	-9.234801	-5.982380	5.288642	-12.114184	11.107968
9.033318	1.695153	6.915735	7.291860	-4.597762	2.121063
3.474484	10.655070	9.954112	2.000000	6.000000	0.000000
15.294450	6.529682	13.041851	0.786093	5.000000	11.000000
2.016114	-2.938360	-17.711342	17.867918	-5.794279	8.830161
5.813922	5.554036	0.894916	2.370410	-10.981455	13.265566
14.347954	2.309380	8.581201	6.399514	3.876866	9.845623
4.070160	-0.026047	17.888859	15.431648	0.970754	5.235693
22.282946	-3.939786	3.452559	7.486180	1.768989	5.357780
16.871815	-5.478879	-6.132438	8.824994	-13.130873	11.824596
-2.052400	8.554104	-19.196115	13.308319	-12.691325	10.517175
1.366240	-2.657023	17.897439	6.365492	-5.280196	-1.543692
5.226450	11.665581	12.212433	6.657001	3.000000	0.000000
14.404914	10.000000	3.000000	3.000000	2.000000	10.000000
-12.709551	17.058274	-9.101422	8.000000	5.000000	4.000000
15.283047	6.169713	10.123359	8.078718	-1.161420	4.414855
3.000000	6.000000	0.000000	11.000000	5.000000	3.000000
22.884380	-4.552030	0.000000	4.000000	4.000000	7.000000
-10.456033	16.183424	-3.354930	6.657731	1.206780	9.867652
3.000000	9.000000	7.000000	8.000000	7.000000	4.000000
2.363203	0.253378	2.906545	8.000000	3.000000	11.000000
12.862453	12.140126	2.404588	2.865350	1.695811	2.314514
-2.873375	9.481691	10.000000	2.000000	1.000000	11.000000
9.097975	6.131851	8.001465	7.106440	-3.991581	-1.220567
10.498179	3.858019	14.541207	8.814877	-8.053431	-4.748661
12.965167	4.439908	-3.327701	6.176253	-0.951838	8.000000
-1.430870	11.916976	1.767401	17.391230	6.869545	2.095196
8.954755	-5.590931	-1.861514	1.563320	-1.000760	3.872838
3.000000	0.000000	0.000000	9.000000	10.000000	3.000000
11.666879	4.613500	-2.873568	4.719206	-7.588014	14.010599
-0.887670	0.524590	1.375860	10.610931	-2.764048	6.082965
4.000000	9.000000	7.000000	1.000000	9.000000	11.000000
0.990169	-2.583482	0.493291	6.317655	-7.572680	14.103611
21.729110	-0.916018	8.995135	9.754235	2.000000	9.000000
0.907287	1.328100	5.908300	3.206581	-0.249377	9.382100
16.442127	7.017538	-5.753722	10.000000	9.000000	5.000000
1.140180	8.073790	5.437620	11.000000	0.000000	7.000000
13.028004	5.360834	3.086203	2.658383	-0.059865	10.594721
17.798438	-1.230131	7.381507	2.367219	-5.750083	1.832464
10.450731	7.236409	-2.099608	11.127828	12.312803	7.977922
16.634816	5.000000	7.000000	3.000000	1.000000	11.000000
16.754829	2.473936	12.664406	0.542933	13.637480	9.805535
13.227119	-4.834362	10.784188	6.516957	1.000000	9.000000
-3.298995	6.316906	-0.308370	5.126902	-9.569949	11.868592
5.423602	0.420860	-3.588710	0.100307	2.000000	4.000000
2.191080	-7.880327	0.414304	3.843372	-13.988063	3.974785
3.437713	9.634298	-1.740668	10.925380	-3.942341	5.275635
16.424785	5.262996	2.000000	4.000000	0.000000	8.000000
23.215322	2.828464	8.000000	0.000000	5.000000	8.000000
-0.578406	8.120333	6.592427	11.662223	5.944911	10.895080
4.920973	-9.963554	0.462330	14.620039	-11.536711	15.655610
15.288590	0.631062	0.453738	9.797948	2.432712	10.958704
2.348304	-1.121103	17.544306	9.821247	7.146296	9.886922
5.792450	5.602392	-2.544074	7.000000	3.000000	5.000000
8.312037	7.430577	0.935620	-0.809895	-8.705839	10.453060
8.941628	4.926694	19.664337	1.000000	11.000000	8.000000
9.691569	-8.855966	11.352100	6.918565	-7.116887	6.908470
6.828111	2.597646	-11.437242	3.000000	9.000000	2.000000
9.528569	4.440569	-2.149980	6.000000	7.000000	3.000000
18.783026	-1.447017	4.980045	6.115030	9.000000	2.000000
-4.484379	3.497452	7.967406	9.006727	-0.928030	7.343703
11.116226	2.872253	1.273975	2.607805	-10.457391	11.157895
7.828303	-4.278367	-1.508104	9.324981	-7.449119	1.911348
15.156783	-4.294718	3.760141	6.000000	8.000000	9.000000
11.341743	0.509918	-6.162046	9.467789	-4.097309	1.587873
8.530387	-10.713087	4.557835	6.647618	-2.940436	5.997924
3.908049	3.395908	2.315128	8.444739	-2.362803	-2.152334
-1.226919	4.964813	-9.448904	7.000000	6.000000	10.000000
5.000000	11.000000	11.000000	7.000000	5.000000	4.000000
-1.133372	-7.270585	-18.789055	16.576287	-16.340861	19.510975
23.418256	1.754364	-6.634074	7.913013	-15.825493	2.618840
8.000000	0.000000	7.000000	1.000000	1.000000	10.000000
12.437032	2.000000	0.000000	11.000000	4.000000	3.000000
3.000000	5.000000	9.000000	5.000000	7.000000	7.000000
10.302783	3.714303	18.012138	6.579248	17.001283	2.056831
14.178938	-4.831572	2.776025	3.150697	-3.000571	6.214876
-5.549699	1.984153	18.790204	13.171359	1.285074	19.551534
2.352777	-7.844597	1.231707	8.547449	3.069755	6.110302
13.465936	0.290251	-9.602393	3.141437	-8.432660	14.270052
23.213169	0.000000	11.000000	5.000000	3.000000	6.000000
-2.378253	16.929383	7.425137	0.000000	4.000000	7.000000
6.527039	4.059522	4.790278	10.505448	-0.002027	13.610811
8.037945	-8.831288	1.957725	1.401285	7.000000	9.000000
4.168329	10.305585	6.617800	3.000000	8.000000	8.000000
-3.172561	-1.338245	9.627989	11.198617	-0.600323	20.555306
20.970105	9.986740	7.453447	13.618632	-6.329809	-0.296474
7.852006	3.516451	3.244502	10.593937	12.884857	0.384684
-6.235755	1.000000	0.000000	8.000000	10.000000	1.000000
9.078390	2.476828	0.265232	10.090647	-6.847298	5.655265
9.938723	5.332049	-2.060629	11.542677	-7.931171	6.038779
8.300408	7.449123	3.989529	11.000000	9.000000	6.000000
0.143416	3.000000	1.000000	10.000000	9.000000	5.000000
6.015169	4.000000	8.000000	9.000000	10.000000	0.000000
4.000000	9.000000	9.000000	10.000000	1.000000	10.000000
9.457702	1.077154	-5.799496	6.637305	-5.443539	8.158127
20.737172	-15.185822	4.244595	6.258804	-14.768956	2.983154
1.510119	0.068961	-16.851193	6.602419	-16.471053	11.000000
6.862261	9.019973	1.221293	4.921043	-1.412585	21.886977
8.761525	7.809415	-6.322589	-6.047916	2.815196	18.636557
11.627102	-3.133361	2.459358	7.892811	1.000000	4.000000
1.223833	4.792883	2.000000	11.000000	11.000000	9.000000
7.892878	-2.885204	-2.387693	7.580675	-9.129440	-6.975607
17.578802	-5.759709	23.025964	10.495719	1.249204	4.160411
9.783676	0.732241	1.385567	-0.519279	-3.888907	8.715985
-2.033059	0.473787	-18.093169	10.998937	6.000000	8.000000
13.505961	-0.435579	-2.563135	6.661329	1.000000	6.000000
16.653681	-10.570567	-7.871243	24.295037	-24.262555	10.158506
11.651706	-9.682183	2.720285	-4.562813	-9.619605	14.499940
0.249580	8.403135	14.037386	8.287322	12.953245	8.579557
21.535914	9.051994	-10.338249	16.070510	-12.623703	14.634730
8.343844	11.000000	1.000000	11.000000	6.000000	6.000000
1.978253	-1.354747	1.960998	2.094056	13.265373	16.302953
19.881970	2.565634	15.195298	11.111942	-6.854340	7.886472
19.665646	-1.483629	-0.689336	4.873242	9.000000	10.000000
6.212576	-2.516390	7.000000	5.000000	8.000000	3.000000
9.232715	5.721435	7.225904	5.344235	2.436517	3.842246
10.900337	8.072739	5.342339	8.407132	3.000000	3.000000
0.000000	11.000000	11.000000	7.000000	8.000000	7.000000
16.061219	-7.348034	-4.739378	1.804807	-12.973851	10.475854
6.438740	1.503419	11.000000	6.000000	5.000000	0.000000
4.000000	10.000000	8.000000	11.000000	10.000000	7.000000
15.197527	-1.620442	12.814946	6.612342	-4.755632	-2.820068
18.680479	-6.583404	2.843535	-3.426849	6.125460	13.228035
4.084737	-1.052964	-5.460732	4.753129	-4.403359	12.875263
0.118459	1.813229	5.923826	10.944504	4.956121	21.361276
6.000000	3.000000	10.000000	11.000000	9.000000	0.000000
7.448979	-0.285683	5.101643	5.313301	11.000000	9.000000
-0.667254	8.854605	9.754658	17.273728	4.000000	3.000000
15.780289	2.000000	1.000000	4.000000	5.000000	4.000000
23.018186	5.666015	14.631626	12.259369	7.307541	7.346639
6.813897	1.804190	0.799036	1.954054	-17.465461	8.934426
9.376637	-0.618353	11.541274	-1.038260	-1.818077	5.506709
9.872974	-5.191320	-16.696689	12.014442	-6.111140	18.423888
-0.678152	10.031602	11.867581	0.335165	-0.179140	3.089047
19.733649	-8.479323	8.552392	6.484589	7.000000	5.000000
-1.381441	10.164082	-2.588229	4.000000	9.000000	2.000000
6.499517	-1.059541	3.511044	6.946694	-11.125366	14.108293
6.953782	6.146743	20.779935	12.892813	0.228299	11.600776
6.968828	0.551476	3.599712	8.841214	-14.979278	2.273928
5.690503	10.056501	-9.091706	15.247099	-5.756967	-3.465211
1.955611	-10.013835	4.135109	11.826413	-0.735878	2.161418
6.000000	9.000000	6.000000	11.000000	10.000000	2.000000
-1.729490	6.217482	4.335578	13.901265	6.000000	1.000000
5.000000	10.000000	5.000000	5.000000	8.000000	6.000000
19.161471	-13.116026	3.283365	12.939364	-0.474786	-3.030852
7.666115	4.089104	4.253902	9.423723	9.002832	15.662193
16.984193	6.000000	4.000000	11.000000	5.000000	4.000000
4.000000	9.000000	5.000000	11.000000	6.000000	7.000000
4.770831	9.000000	4.000000	6.000000	3.000000	3.000000
-6.967219	13.149212	-6.537783	3.571829	1.080563	1.157620
3.068201	2.709065	4.143233	10.660978	-1.504894	11.000000
13.735510	8.362336	-1.530622	5.380496	-13.975409	4.567043
11.073421	-10.686632	16.658458	16.085358	14.357849	1.972056
-0.061206	2.249161	-5.996508	7.729664	-10.396393	18.964397
5.333711	2.130412	8.908064	14.823810	-6.452959	-4.196661
9.000000	2.000000	8.000000	7.000000	6.000000	4.000000
-3.832431	-2.812474	-7.669662	-3.616679	-11.168583	14.475438
7.363104	2.359275	-9.942446	17.741265	-1.562498	-7.395021
17.665825	4.224764	1.637259	-1.177620	7.263228	5.775221
14.165534	-4.869816	8.000000	11.000000	6.000000	0.000000
6.400696	15.284954	4.683775	6.616322	-3.165807	12.030237
-2.751210	6.372821	-13.789956	8.617758	-4.528883	17.731475
8.308491	0.000000	4.000000	6.000000	0.000000	9.000000
14.776099	7.562880	-19.661465	17.514089	-17.102407	18.404834
5.320268	-2.522796	5.675240	12.174551	-3.852521	10.991717
8.725359	3.595930	1.542450	2.208704	-9.776630	0.381068
3.323213	3.841462	11.006538	5.029957	-0.727972	7.068376
7.366690	1.477226	1.851333	-0.386900	6.517787	5.296165
-2.345936	15.166297	-3.976852	9.885516	7.932814	16.224656
0.952162	11.694924	9.596448	10.870228	9.761391	0.000000
0.739623	13.878637	-9.727373	3.834974	-13.660051	-1.382165
9.162229	5.831888	-16.679375	1.000000	10.000000	4.000000
-1.667778	10.806295	-6.322382	10.000000	10.000000	11.000000
7.252760	4.416172	8.245161	1.581888	13.954009	6.233292
21.569988	-9.079850	12.527339	1.749099	-4.735585	8.953728
11.000000	2.000000	1.000000	10.000000	4.000000	8.000000
7.787226	0.951626	-8.420985	9.045936	14.200638	0.668634
16.445064	-0.814982	3.334333	12.715341	7.578322	1.521020
0.611994	9.000000	6.000000	1.000000	7.000000	7.000000
-0.327056	-4.445655	-3.633395	9.375151	1.000000	10.000000
12.431436	-6.211575	1.330520	0.103811	4.328022	5.804186
13.551611	1.408931	18.290661	1.549420	11.985151	-5.216344
5.000000	8.000000	3.000000	4.000000	6.000000	0.000000
11.652053	7.000000	3.000000	4.000000	9.000000	6.000000
8.000000	6.000000	11.000000	4.000000	7.000000	10.000000
6.521350	2.807970	7.697916	15.348975	2.172086	13.194875
15.881127	-0.167419	-10.459254	10.421158	-14.129741	5.537171
7.590385	-1.257420	-1.442046	10.690625	3.275557	5.422664
10.000000	5.000000	0.000000	10.000000	0.000000	0.000000
3.034913	6.819954	2.126709	9.851496	-9.131254	4.000000
20.423117	3.155347	6.365251	10.542369	-5.325512	16.619085
-0.552881	4.000000	10.000000	3.000000	7.000000	5.000000
5.974665	11.000000	11.000000	4.000000	10.000000	8.000000
1.494600	-2.865118	-0.309936	17.235766	-17.608730	12.338320
19.098761	-2.884400	-1.547125	-0.651134	4.362088	23.747968
16.388855	11.409689	-11.643549	7.000000	11.000000	5.000000
12.921556	-5.132711	7.580882	1.175809	6.128946	14.752848
9.780784	2.494375	-0.104643	-1.051306	-6.896616	7.093230
2.185744	-4.305090	-11.300189	15.506822	-15.820879	16.418634
-5.565525	-3.504432	13.031265	9.236319	8.046869	23.608883
4.600110	6.359368	13.025489	16.114893	-2.971552	14.407184
12.578984	-0.459203	8.304182	-3.471563	2.918928	6.000000
8.646997	-8.666093	-8.006001	10.226841	-8.996605	11.047830
6.208381	12.510780	-0.204962	11.198556	1.250245	3.000000
11.758006	5.942252	1.885489	7.086650	-0.783390	5.957337
18.402715	7.214711	-0.225825	5.630415	-15.262382	3.148874
8.441477	6.171619	-5.325548	3.563832	-1.161986	17.791106
15.859715	-5.418932	0.707048	0.803449	-2.572429	5.573576
0.000000	3.000000	4.000000	3.000000	7.000000	8.000000
8.476906	2.727740	-1.679367	9.067534	-5.321409	10.089480
1.497199	11.000000	4.000000	6.000000	10.000000	1.000000
14.544555	-2.442886	-2.748002	14.244151	-9.588288	11.152550
2.791430	-1.874649	6.785508	17.240842	9.707861	8.461071
14.470599	13.132677	-2.614000	7.071860	6.997102	5.000000
6.520798	4.152141	0.816540	-4.221283	-14.732991	15.898806
6.127706	-6.426807	-2.209092	0.829254	11.000000	6.000000
18.570531	2.632994	2.430931	4.737134	1.766507	23.422695
6.975095	0.692317	3.728755	-5.037861	9.000000	10.000000
8.709162	1.722798	11.129460	12.777757	-15.067196	-4.666659
8.000000	8.000000	3.000000	7.000000	9.000000	6.000000
6.461433	-2.405104	5.000000	7.000000	8.000000	4.000000
12.518435	0.599355	21.503622	-2.367957	-3.762206	15.689608
9.000000	6.000000	5.000000	9.000000	4.000000	11.000000
6.507314	-1.732520	17.525000	10.113042	-0.087245	8.497956
5.889725	-1.444505	3.439654	-1.892329	7.883483	2.322109
-3.449852	-7.937850	11.070379	4.309308	7.355871	14.061243
13.066423	1.087204	4.448984	1.379487	-1.634033	4.194343
13.468694	0.090842	0.054928	10.244970	14.205221	1.000000
1.520138	4.699757	-16.944064	4.405707	-9.054071	6.789128
4.605237	8.198587	4.658149	4.194023	0.985729	2.629175
9.297233	8.438686	4.710897	0.026937	-8.439072	10.142258
18.567891	0.320905	2.855700	-2.764132	-7.711664	12.060350
21.429009	0.046871	7.897632	8.840214	1.932689	-3.835194
25.606687	8.406050	-10.593809	11.419361	-3.587530	11.312315
12.206113	2.769763	-2.595752	0.644661	1.921237	-0.237240
16.338776	1.231214	5.000000	1.000000	3.000000	11.000000
11.924437	5.922815	-8.233002	6.868605	-8.116077	7.259404
2.596098	13.802978	6.800385	17.621083	-5.352679	7.124870
9.117748	8.162183	5.459324	10.000000	3.000000	3.000000
6.095792	3.064600	-10.354425	15.568755	-3.052381	5.030677
10.000000	8.000000	7.000000	10.000000	5.000000	5.000000
10.562961	-2.638322	-0.557136	10.570114	4.083632	11.194145
3.872085	-3.910257	-4.249866	9.853509	-15.705045	10.576608
0.674377	16.312938	10.000000	10.000000	2.000000	9.000000
8.000000	11.000000	9.000000	5.000000	7.000000	2.000000
22.778714	1.000000	3.000000	1.000000	5.000000	5.000000
14.082066	-4.356419	1.498777	-8.588344	-2.391186	-3.634182
6.196684	-5.661600	8.021117	2.519435	2.737636	2.642686
7.463423	5.937784	0.000000	2.000000	0.000000	5.000000
3.094673	0.000000	10.000000	11.000000	7.000000	9.000000
2.861340	0.084378	-0.245685	10.450222	-0.219689	20.266719
16.122158	7.592345	0.862103	13.218662	3.066565	5.163088
17.460808	0.531294	4.237467	8.981711	-5.214686	11.000000
11.511171	4.215216	-7.539606	10.781770	3.061368	11.000000
7.644403	4.000000	8.000000	10.000000	2.000000	6.000000
13.367172	-3.978904	-1.946462	15.564547	-11.041409	7.000000
-3.259661	8.948361	10.810456	14.526934	6.018843	9.190624
7.449179	0.777719	-7.832973	8.848704	1.495957	8.677577
9.378031	-2.042946	3.606316	13.148890	-7.535714	5.521834
4.629022	-13.284765	0.758001	12.070063	-5.939150	22.758383
-0.268232	-8.684482	-0.361294	3.640589	0.748655	8.538175
24.018506	-7.338274	1.923978	11.586038	-5.197350	1.782046
20.649975	0.981664	-6.909676	11.000000	3.000000	3.000000
15.901406	3.717119	-8.025031	10.179347	-12.635845	7.385294
3.000000	8.000000	1.000000	6.000000	11.000000	8.000000
17.153642	4.215706	6.411268	3.304234	-1.897804	9.417138
18.488431	-7.368208	5.719781	6.791462	0.043498	8.467375
13.896731	15.431734	-0.673534	5.587401	-7.021742	7.000000
16.708189	4.179346	7.782570	8.068707	-7.763115	7.044360
6.609369	0.322603	-7.223408	-0.563403	-6.464115	5.876512
6.000000	1.000000	4.000000	0.000000	5.000000	7.000000
19.209068	9.578615	-0.534939	15.625401	4.437240	6.435121
-1.238781	3.616925	2.595329	8.000000	11.000000	6.000000
5.000000	6.000000	1.000000	3.000000	7.000000	5.000000
12.089750	0.795185	9.396080	3.351649	-5.274845	2.728858
-1.128067	9.282968	5.852261	17.194117	2.302870	0.246897
8.427109	4.945481	-1.002576	12.259392	3.198198	5.201096
16.465339	1.138635	0.989864	11.788483	0.873696	3.104253
10.505659	9.000000	2.000000	7.000000	6.000000	0.000000
3.319129	14.473921	-11.198221	21.296915	-17.270763	17.544725
13.098603	3.539976	-1.263958	2.054719	-5.808123	4.201667
13.071980	2.386670	-1.265281	2.965631	1.203976	16.087048
1.295522	4.031779	-4.896858	2.000707	-18.687827	11.000000
9.097141	-11.156036	-2.383159	4.392536	1.325109	9.916102
11.676979	-8.930942	7.946810	3.504423	18.025800	7.048330
20.127526	-6.240420	4.000000	0.000000	3.000000	6.000000
4.113341	-1.869396	-2.520171	4.727940	-14.624061	5.654271
7.000000	6.000000	3.000000	11.000000	10.000000	4.000000
14.010642	8.503846	6.278924	2.172319	-9.011387	14.688217
-3.336132	2.289786	2.042384	15.493406	-4.814574	8.386342
2.000000	6.000000	6.000000	0.000000	10.000000	6.000000
19.882803	-6.742685	-4.984399	2.339645	-2.550391	-0.467220
7.000000	6.000000	8.000000	4.000000	10.000000	6.000000
18.048743	1.303362	9.438022	-2.399795	0.581003	11.203112
17.785121	1.210686	9.534575	8.023085	-7.087244	10.441781
-2.552627	-4.053178	16.631748	2.961527	2.251176	-1.186686
7.432023	19.007615	-3.477268	-1.266211	-0.647534	1.152054
13.301429	-4.250732	-4.419633	11.638722	-3.139288	6.000000
6.055252	7.097976	4.384281	8.929660	8.859658	-0.498794
5.946798	13.273293	-2.902658	6.571518	-2.083660	5.349086
14.106616	6.616670	8.896637	1.888758	0.774271	-7.355449
28.406683	1.000000	5.000000	8.000000	10.000000	2.000000
2.099009	4.201947	17.115640	0.039669	12.520877	3.780038
7.661267	11.080638	3.124320	-6.610082	3.836097	0.366126
11.510346	2.004946	-2.890475	3.000000	10.000000	4.000000
-0.824137	-1.952955	-12.518130	6.216386	-13.476326	10.289346
10.739035	4.479023	-1.632887	13.340503	-11.369187	13.612217
-0.882805	4.822296	3.565623	-2.681821	-10.915335	-1.959720
9.038494	4.000000	9.000000	10.000000	5.000000	9.000000
7.456875	-9.307730	4.761941	-3.228150	7.000000	4.000000
1.111585	-0.325937	-0.987141	2.154985	6.571741	10.238316
15.330454	3.000000	6.000000	8.000000	11.000000	6.000000
-4.237303	9.000000	8.000000	3.000000	5.000000	8.000000
17.346107	-6.950404	0.815174	6.043216	-2.262321	-0.359216
19.256535	5.599674	11.054266	9.643536	10.000000	6.000000
2.408484	8.000000	10.000000	4.000000	11.000000	5.000000
16.342899	-5.935334	7.141149	1.458758	-10.356683	17.731636
6.255678	-7.776533	4.000000	7.000000	2.000000	7.000000
10.351478	2.085331	1.775652	-3.975215	-7.213508	8.204755
2.000000	1.000000	11.000000	3.000000	5.000000	7.000000
13.359615	-5.758324	3.822751	-1.644423	-1.348904	6.880328
6.068736	-2.732357	-11.211249	7.978633	11.100499	-4.141524
6.379654	1.407836	6.682543	2.017945	-7.868678	0.892063
4.882195	16.900883	1.008292	5.027449	0.344134	2.672048
13.775384	3.663534	14.867701	9.723729	12.504215	11.580506
10.520105	11.000000	6.000000	10.000000	1.000000	7.000000
8.341575	3.428899	5.227846	19.810012	3.299538	14.737035
5.479761	2.498692	0.092120	3.853775	-9.731829	11.605371
14.344884	3.222734	-14.021569	12.239739	-14.052464	22.656494
9.464837	4.421708	-9.074054	16.825588	-10.585871	2.242193
8.000000	9.000000	11.000000	9.000000	4.000000	1.000000
6.966595	15.277012	10.897076	4.639331	4.078030	7.750816
12.752711	-5.061235	7.304260	15.648986	-3.137801	5.035093
11.342248	1.027239	0.209132	-4.897012	-14.405770	17.831615
19.913870	-0.805022	17.461703	10.597044	9.505052	-8.770327
17.231274	-4.162138	-15.666514	-2.510481	6.076017	12.590292
18.427231	-2.765017	6.689470	-5.863591	-9.891009	4.527293
6.000000	7.000000	1.000000	1.000000	3.000000	2.000000
14.358198	-2.077122	3.079216	15.904497	-1.819077	15.121747
7.000000	11.000000	5.000000	9.000000	7.000000	10.000000
12.971121	4.550424	-0.559068	8.802385	-0.173497	7.126695
22.661830	0.864120	2.981425	3.801592	-9.300715	11.901214
3.240755	5.220941	7.858340	4.453318	1.921765	4.070120
-9.327150	5.972417	-0.104540	5.441296	-10.614496	2.030263
7.729770	-2.518359	7.577981	11.008139	-7.540104	1.609086
19.126275	-10.695017	2.073054	-0.006612	-8.609744	-1.788575
6.189760	0.352941	-5.474016	27.829522	-8.439655	27.476410
16.687752	8.194036	-9.004261	9.000000	1.000000	8.000000
19.264662	0.000000	6.000000	3.000000	0.000000	6.000000
9.147088	6.709169	18.016433	13.173645	1.000000	4.000000
12.553190	7.089130	10.851968	4.172343	4.084144	3.021077
10.000000	7.000000	2.000000	4.000000	6.000000	4.000000
9.279445	1.250185	9.071215	8.674042	3.779914	8.675531
15.336539	-13.425192	-7.981888	1.375473	-7.923073	17.360497
11.273423	-9.597339	-11.621120	3.050420	-8.969026	5.513433
9.305525	1.491364	0.392552	10.000000	6.000000	1.000000
21.103826	-6.451690	15.230593	13.974108	1.998539	8.765245
10.386462	0.597901	-3.995778	-2.568517	-14.987822	16.437717
8.000000	7.000000	0.000000	11.000000	0.000000	5.000000
8.738853	2.237142	-25.812086	13.445626	-16.354761	22.105075
12.130134	1.975181	11.199110	9.626048	1.000000	4.000000
-1.419980	2.562504	7.839294	13.906870	-2.098234	7.436443
5.000000	8.000000	7.000000	8.000000	0.000000	4.000000
16.206353	-7.182420	1.968549	1.071841	-11.688382	20.976335
16.697135	-3.883303	-0.944051	10.010404	2.247094	8.897151
1.453078	-1.130454	-8.731191	6.115214	-5.987041	15.381126
10.000000	1.000000	5.000000	11.000000	10.000000	1.000000
4.536927	8.284092	1.309706	9.063865	-10.815010	10.683832
7.255653	-4.111505	4.000000	4.000000	2.000000	2.000000
7.346040	1.667158	11.129646	2.225489	-0.192751	-3.109301
14.635901	2.000000	0.000000	6.000000	0.000000	6.000000
9.460488	-6.365197	-6.021289	8.064342	0.592877	8.916731
20.000278	-0.304790	-5.249950	11.637727	-10.977376	13.840551
4.386652	9.540566	-5.363740	18.381014	2.863408	15.812655
5.839958	-3.687505	-1.362586	6.905482	6.026849	-2.955396
10.348188	-1.236432	3.308134	10.664943	-4.420924	5.000000
5.598137	2.900502	4.839175	-1.540796	-1.488482	0.721639
15.335009	6.473393	1.936144	-0.218268	6.000000	7.000000
12.757069	4.591992	0.551287	13.396243	2.376645	7.384627
12.882451	1.000000	5.000000	5.000000	0.000000	5.000000
10.622416	-3.644291	5.272126	0.961123	-2.074701	6.857313
11.259926	4.505698	8.906390	0.212587	2.460255	5.590844
8.451530	5.680884	26.817477	3.173370	-1.172253	2.284373
18.599031	12.544136	8.022220	1.314750	-19.606295	15.617720
11.795827	2.889834	1.571520	13.778748	12.178529	13.523946
-5.368376	-4.514267	4.394741	2.764616	4.029156	-6.897050
2.000000	4.000000	11.000000	8.000000	4.000000	6.000000
15.136850	-9.320356	-5.864942	4.776158	-5.839130	11.000000
11.331776	-3.358046	7.443541	10.382868	-4.413300	4.511005
-6.647103	2.706750	-0.140985	10.984873	-13.134178	3.098162
24.335889	11.697329	-4.928646	13.774607	2.120504	9.888377
-3.509807	-14.145665	-3.929034	16.233471	-8.048967	15.848140
1.123431	-1.745453	1.545136	7.169546	-2.493380	6.872319
18.848907	1.725776	-6.562136	7.978567	0.939412	11.605595
13.875623	1.082483	-5.755237	5.909488	10.000000	9.000000
21.581539	8.113509	4.347198	13.063967	1.129843	11.600454
0.000000	4.000000	7.000000	8.000000	7.000000	9.000000
0.990217	2.699797	1.456473	8.000000	6.000000	8.000000
2.423164	4.184667	-3.693739	-1.519814	8.773657	18.738829
12.645674	1.280911	5.540832	0.775759	-6.547856	-0.769150
8.159666	8.157319	-2.172994	5.198207	-6.475298	6.000000
18.137871	7.335877	3.255834	3.691480	4.423038	10.384366
-4.289119	1.683851	-0.913725	7.429571	-9.484317	8.911608
5.632873	4.407666	2.012528	16.983608	-7.147344	3.617233
3.000000	6.000000	2.000000	9.000000	4.000000	10.000000
8.056739	10.407147	6.513316	3.000000	2.000000	4.000000
-0.935080	0.256451	4.181993	15.157867	-0.508061	19.034666
6.114577	9.914082	6.913022	-2.410332	-7.099383	4.725298
17.501472	11.000000	0.000000	9.000000	3.000000	1.000000
1.000000	6.000000	3.000000	2.000000	2.000000	1.000000
9.827313	-0.845832	-6.034009	19.841296	-8.264093	19.741850
9.184823	2.878228	-0.460953	2.550929	-1.451361	13.136842
0.756301	-6.768526	24.529093	3.621334	2.443312	12.992491
3.991145	-3.383732	3.270620	17.525016	-0.866007	4.206393
15.739469	-5.031173	15.850643	13.407867	-1.027262	3.230112
6.680000	-4.394632	4.806584	3.193717	6.000000	7.000000
11.310581	2.167321	9.000000	2.000000	3.000000	0.000000
10.626013	1.000000	10.000000	9.000000	1.000000	1.000000
7.000000	7.000000	11.000000	2.000000	5.000000	0.000000
21.482514	-0.634544	-2.256403	-7.333442	9.962834	14.586044
6.999265	-0.173850	6.573403	-3.122854	-5.053610	19.044052
9.485069	14.214933	2.054828	14.791337	9.573023	4.241515
5.000000	6.000000	10.000000	2.000000	4.000000	7.000000
7.450955	4.591978	22.810057	15.424574	-1.131546	8.555740
16.004470	10.000000	6.000000	9.000000	5.000000	11.000000
8.858950	1.943001	3.000000	1.000000	2.000000	7.000000
2.846727	-0.026124	1.550810	12.851285	7.845143	11.544976
13.625230	-3.953239	3.892483	-0.627614	5.053215	12.628555
7.738004	-10.802371	-21.875590	9.849958	-9.212178	21.607855
2.708977	1.108253	-9.428761	12.139129	-6.285291	7.528739
10.395689	2.426104	1.000000	9.000000	4.000000	6.000000
10.083794	-14.198743	7.339359	15.677185	16.601515	16.394370
6.219014	5.634590	2.468874	8.380728	-5.489746	8.937141
16.450879	15.625721	10.736849	-0.214715	-0.332171	19.601764
-0.557493	-0.876689	-1.674451	2.319902	-6.117232	9.121404
5.497521	-4.505702	-5.413290	9.665501	-10.787985	16.802640
24.123895	0.706838	8.567601	16.237817	0.563298	11.840918
0.694639	-7.257175	-1.579451	5.150913	-9.264344	11.561912
8.051757	-4.591238	-3.990658	4.843964	3.383719	12.384625
-8.527221	-1.179141	9.298268	2.465855	-1.271163	10.106559
-5.044474	-7.068406	15.313403	-3.494102	-1.684868	6.571529
16.256445	9.000000	4.000000	5.000000	6.000000	6.000000
12.897699	0.724997	14.800553	-1.461031	14.769984	12.151733
1.167019	-1.808895	-1.341035	4.073857	-2.825060	11.336443
14.180593	2.979773	7.297896	9.257562	-9.740024	22.667827
5.485373	13.833260	-1.510585	13.507958	9.321696	12.530477
0.000000	8.000000	10.000000	8.000000	11.000000	2.000000
10.069388	8.691339	0.770421	15.233102	10.590523	8.100681
-9.208238	0.000000	10.000000	2.000000	6.000000	0.000000
10.000000	1.000000	11.000000	11.000000	0.000000	7.000000
13.255957	4.610012	7.629189	12.060728	5.469596	18.793525
-4.928875	9.517334	-2.841321	11.699297	-2.699996	15.116048
1.386989	-1.082623	-3.567162	8.000000	7.000000	0.000000
2.245017	-1.451840	5.000000	11.000000	9.000000	2.000000
5.000000	10.000000	4.000000	11.000000	0.000000	4.000000
-3.377991	6.060519	-10.475622	13.719251	-5.572392	11.023027
-4.932777	-1.075721	2.603256	6.484090	0.211113	3.594342
9.472137	8.600235	1.623568	2.000000	8.000000	1.000000
1.343305	-9.243402	11.000000	0.000000	11.000000	3.000000
14.296577	0.856318	7.581615	6.123003	-2.975081	0.857043
20.078633	5.000000	4.000000	2.000000	6.000000	6.000000
17.629495	-11.384736	10.454669	7.127581	3.644068	-4.143756
-0.371376	11.254216	-1.233155	11.948567	2.520665	13.727041
-4.702405	-0.533235	-7.546796	-0.318662	-4.404922	14.094943
12.167285	9.414901	-22.206279	16.394288	0.642374	19.236968
4.498818	7.329510	-4.388856	13.052331	-11.516023	-4.087013
11.619636	-1.085795	7.477258	8.453185	7.965238	8.971772
4.932880	9.002862	-3.707603	6.008382	4.000000	0.000000
8.000000	3.000000	10.000000	1.000000	2.000000	7.000000
27.594153	1.754616	2.895364	13.260146	-4.063207	7.481541
7.972687	-2.273233	-0.014038	16.330135	14.154530	4.150966
6.220659	5.285184	13.177097	-3.914937	-0.707856	4.432345
10.588473	0.291473	0.772019	8.416685	2.454056	6.015105
-2.893060	6.044149	0.497040	7.748924	-2.668311	10.556589
9.574490	7.613475	9.000000	9.000000	8.000000	11.000000
7.416153	-2.043616	3.700975	5.609096	-1.835515	5.236920
-6.640880	1.224264	-5.077339	12.947280	-6.153025	11.230352
5.000000	7.000000	0.000000	5.000000	1.000000	3.000000
8.975904	-7.486179	-15.229393	7.125860	-9.152915	12.251492
5.000000	3.000000	9.000000	10.000000	11.000000	9.000000
7.544930	-3.357866	1.533298	13.582139	-13.846493	15.619095
10.432320	5.824800	-2.461542	1.247396	-2.636217	11.709950
5.596795	5.257330	9.515512	10.000000	6.000000	11.000000
10.696867	7.824710	6.242968	-3.131450	0.992942	9.000000
10.463109	-4.609863	-22.713056	11.854706	4.190476	9.269298
11.699434	7.016532	7.516208	7.963746	6.947654	7.550659
7.275954	10.590275	-6.966064	4.798068	-17.418155	11.876214
14.683986	9.551888	10.188154	1.330801	-9.532222	2.753479
5.811007	5.988758	-12.425990	18.677275	-15.007238	18.260709
-2.453934	1.000000	11.000000	11.000000	1.000000	8.000000
5.857860	7.454296	-4.950560	9.096084	4.862774	2.364087
17.310466	9.000000	1.000000	10.000000	11.000000	1.000000
4.204636	1.735911	-10.560345	1.924960	20.036471	7.717181
4.108904	9.756996	-15.279524	4.167746	-4.897025	8.000000
5.947357	-3.118029	6.445604	3.058308	-4.807426	8.323794
14.419149	0.496613	3.594080	10.345441	0.075331	2.857388
7.842060	8.161865	-2.546316	8.046288	-1.978333	9.910747
1.926884	2.481927	-3.807455	12.695439	4.446042	16.625570
8.833628	8.094951	-1.969116	9.446974	-17.952836	13.828223
12.392333	-6.400980	5.656415	9.365578	-7.380875	3.000000
15.355999	-3.227678	11.789997	6.696660	2.105603	4.000000
4.913304	18.976972	11.119034	5.917482	-3.331274	21.819509
8.224780	3.026346	4.421283	15.544554	1.039127	8.920294
5.000000	4.000000	3.000000	11.000000	9.000000	3.000000
4.041848	3.100015	-2.018178	9.068691	6.510168	4.444280
13.979314	5.638549	3.535465	13.494149	-8.426524	3.420859
6.280805	13.243973	-3.395989	6.889270	3.531347	7.000000
15.381724	0.637940	-3.698032	14.344284	-2.654376	9.312745
4.592476	4.840435	11.026542	6.813847	-5.223915	4.018249
18.104892	-3.080092	11.141658	1.192387	6.285153	1.165388
8.656256	11.604830	16.687370	6.000000	3.000000	2.000000
4.949380	-5.623628	-9.234576	6.598750	2.000000	5.000000
3.093208	10.000000	1.000000	6.000000	9.000000	10.000000
16.692909	11.000000	7.000000	3.000000	8.000000	0.000000
9.748507	10.000000	9.000000	2.000000	1.000000	11.000000
11.244694	-3.048241	-2.916304	0.638267	-13.092808	7.158509
-4.465901	0.156147	-2.841756	10.000000	9.000000	2.000000
17.286629	0.839929	4.333364	2.909891	6.566822	1.353160
8.936128	0.228428	-2.936332	-0.646803	2.109807	4.561164
14.310330	-9.998690	-1.505458	4.568616	-6.555205	10.076294
-5.272179	-0.357266	-22.798388	5.661205	-4.355765	12.498599
2.431873	9.204747	0.554709	8.918025	-3.109484	13.231531
13.690081	6.000000	9.000000	10.000000	11.000000	11.000000
9.844128	-6.560572	6.210480	0.717043	5.000000	9.000000
16.745562	2.433224	10.510398	7.721207	-0.540445	3.967160
22.549318	9.281501	-0.083983	8.395700	-2.270448	4.684546
0.619608	-3.482862	8.244286	9.070155	1.156202	5.934897
8.564360	3.000000	1.000000	10.000000	11.000000	11.000000
28.565763	7.584754	2.748616	-0.068381	18.048230	3.334239
23.656693	4.492977	11.949684	2.713636	10.179264	7.587919
15.930091	4.540745	6.914208	5.449566	4.661404	8.943210
3.000000	10.000000	4.000000	0.000000	10.000000	2.000000
6.132616	15.120010	-9.740261	1.000000	11.000000	4.000000
5.383821	7.825160	12.121097	4.730018	1.596772	8.351532
10.262916	3.437492	-2.911731	8.994658	2.808327	-1.979225
3.553004	11.000000	10.000000	3.000000	1.000000	5.000000
6.461970	8.754365	6.483571	9.942607	1.512344	14.395955
22.639992	-7.376856	9.369907	3.716584	-15.669895	10.694616
8.047968	3.758538	-10.552048	8.932571	-21.401187	7.448168
18.437923	6.852606	2.725578	11.553127	1.996437	19.235885
26.908250	9.983630	0.865416	4.334686	1.000000	11.000000
7.938313	0.912925	4.754514	24.785976	-5.964025	4.194575
-6.042714	0.960199	-4.436976	9.000000	11.000000	11.000000
8.090764	-3.737672	7.265086	5.686677	-12.691215	2.000000
3.225395	9.807305	4.134773	10.000000	10.000000	1.000000
3.785237	0.712007	5.436834	3.630184	-5.453523	8.345277
13.777908	-0.473733	11.819784	5.188943	-1.590035	7.184819
-2.796997	-0.925863	13.553093	4.293935	4.020817	3.902475
-1.459881	4.864757	5.123160	-3.537381	2.480234	5.902538
11.162946	1.178579	2.293446	2.944903	0.357296	21.272432
4.557660	-1.020571	4.049739	9.481223	-9.816757	15.980222
11.232325	5.754701	-10.932064	4.408307	8.308749	3.626568
16.365639	4.297119	9.874028	8.649857	1.588115	10.223416
1.872162	6.354040	8.000000	10.000000	7.000000	9.000000
6.368152	0.195906	10.162689	3.062140	-6.333607	6.984855
11.374193	3.388689	-10.900817	4.204691	1.410674	6.000000
18.165664	3.612970	4.633812	18.571913	-3.542647	12.163333
3.572452	-0.749400	-11.507695	15.784894	-9.051834	18.254873
13.737888	1.000000	9.000000	2.000000	4.000000	3.000000
14.964871	7.000000	2.000000	7.000000	5.000000	10.000000
5.775157	-2.117525	9.362165	15.744980	11.347707	4.168488
12.598626	4.561882	2.928715	11.876446	1.246411	12.525107
22.423405	-11.235359	5.805190	11.622686	-5.214709	22.011523
7.554064	2.000000	2.000000	9.000000	10.000000	10.000000
6.468076	6.064227	0.539005	5.064943	-5.836703	16.914938
-1.576883	0.865727	0.000000	7.000000	7.000000	1.000000
11.000000	11.000000	5.000000	8.000000	9.000000	10.000000
9.071373	-2.303910	-8.290340	8.194774	-17.702076	5.886301
3.400793	-2.180222	5.215166	-1.081631	-2.094053	8.396054
17.377565	2.894295	9.000000	10.000000	3.000000	7.000000
2.920464	8.654866	-8.994737	0.000000	6.000000	2.000000
3.727205	-14.473735	5.570739	6.313007	5.194491	3.481798
19.975681	0.538382	10.411729	1.048550	-6.187275	12.913667
8.298514	4.159043	-8.819599	-3.482332	-19.229253	6.822011
11.476880	4.481814	5.644146	11.187283	-7.816018	14.687688
17.479258	-15.920962	2.686974	13.408369	-9.580264	4.518231
13.847476	-0.330893	4.000000	1.000000	10.000000	5.000000
12.890073	8.327494	-9.253195	7.970550	-26.221713	11.000000
17.530711	7.077151	3.886939	6.779237	0.000000	6.000000
6.891450	11.654936	5.972832	-3.954205	3.112398	11.381952
22.837221	4.457938	14.489173	9.532850	10.365121	9.308457
8.633711	9.303351	10.109141	5.000000	1.000000	3.000000
11.594018	-2.807855	3.676884	7.754170	13.701454	1.801181
16.792286	-6.132571	0.392237	5.213081	-9.135277	6.913199
13.002829	3.000000	5.000000	4.000000	3.000000	9.000000
-0.172258	0.052298	-8.896457	1.000000	9.000000	7.000000
9.209897	5.530590	9.449651	4.285701	-2.004757	6.034498
3.958542	-2.533544	-0.345631	4.910812	-10.332305	3.000000
18.456582	3.907245	12.545301	9.105406	-3.501667	1.941693
4.000000	0.000000	2.000000	7.000000	8.000000	3.000000
2.000000	10.000000	2.000000	11.000000	6.000000	10.000000
11.867319	6.318773	-4.488508	10.695158	6.000000	7.000000
6.134830	6.477841	0.253770	2.000000	5.000000	4.000000
-8.026684	16.323333	-0.772335	5.062889	0.530113	5.694838
5.881621	0.694088	-0.040022	9.683389	-9.579820	-3.123743
