6.324335	12.518130	20.583088	2.375347	15.263326	-2.087109
9.610086	12.215920	12.748322	11.204224	9.588960	1.639981
13.552770	-0.126585	6.158460	6.522192	12.900654	7.439145
13.292784	16.905903	7.677228	7.886345	9.167201	3.535160
10.517216	0.279891	9.446735	12.805128	2.521521	8.822977
0.000000	6.000000	7.000000	11.000000	9.000000	10.000000
13.650834	6.000000	3.000000	6.000000	9.000000	4.000000
2.962687	8.614182	17.213295	-11.905967	9.930401	7.093972
23.569447	24.448382	16.060085	-6.778742	7.069226	-0.717448
11.179643	6.000000	9.000000	5.000000	4.000000	0.000000
-6.980743	0.000000	3.000000	5.000000	11.000000	7.000000
12.948278	9.601195	23.092620	12.366448	15.988504	-1.917784
12.995362	19.065958	7.147524	0.574166	13.653450	10.580198
13.076631	6.282754	4.004568	5.632232	4.211273	-2.884929
11.138074	14.433697	23.239405	9.000000	10.000000	9.000000
1.929145	5.000000	0.000000	8.000000	3.000000	10.000000
0.554720	10.007287	8.418301	-2.780234	1.908431	-5.067140
16.696472	24.591267	16.589182	8.840195	5.773258	-8.624669
8.508760	16.157628	11.000000	4.000000	9.000000	10.000000
8.365858	12.659329	7.212296	-4.364821	16.593487	-14.595516
19.450553	25.500910	10.000000	1.000000	4.000000	2.000000
-1.455346	21.235105	0.373041	6.000000	4.000000	8.000000
22.427159	9.240247	8.513438	3.099496	2.882811	1.023884
12.603111	16.812262	14.077109	7.195671	13.169483	-6.915252
9.120345	10.115562	2.000000	8.000000	3.000000	5.000000
3.832699	4.000000	8.000000	9.000000	0.000000	7.000000
13.308251	20.694324	11.828668	0.935245	20.191178	1.158308
10.313172	5.538210	19.311443	5.000000	3.000000	0.000000
6.095986	13.813076	10.000000	11.000000	7.000000	5.000000
9.730686	11.178004	12.884353	7.468098	7.064744	-3.702229
5.492093	22.024507	5.602936	8.404970	14.357022	-13.100421
7.667198	19.711266	18.657560	5.944746	13.297136	2.891903
2.000000	9.000000	7.000000	4.000000	3.000000	4.000000
7.870385	14.817421	12.078290	-6.597735	-3.434971	10.344854
12.570493	17.270993	5.054214	4.950346	6.616029	-17.164801
7.954441	22.720881	12.757781	-1.948717	17.812384	-7.461029
8.677204	12.052588	18.910402	1.828210	7.000000	5.000000
8.000000	6.000000	1.000000	10.000000	7.000000	10.000000
0.078838	6.695776	11.447449	7.288633	3.639647	-5.100646
5.959979	5.831876	16.292916	4.093421	13.261845	-16.608578
16.752073	15.279691	20.129826	-0.423604	3.840634	11.831006
10.496035	10.968963	9.039507	6.000000	3.000000	1.000000
2.000000	4.000000	9.000000	10.000000	0.000000	7.000000
3.881414	3.963915	9.559803	8.573944	5.794499	2.000000
9.360846	0.751485	8.401360	3.820303	14.658858	6.059514
15.310079	9.673370	17.367446	-5.847147	-3.560350	-0.611377
9.174129	13.195473	20.963242	-12.970059	5.000000	1.000000
18.359417	19.775279	16.358862	12.090007	18.741998	1.579062
9.327270	7.110059	14.485525	3.887027	1.000000	10.000000
-0.647776	4.126579	2.948333	5.944934	13.621555	3.667307
10.829172	3.500332	4.809379	1.768756	8.630154	-10.914008
9.579462	4.778102	12.212395	6.649360	6.000000	3.000000
6.289544	14.884878	11.809351	4.572225	12.239890	1.041881
0.537654	7.699746	17.973559	3.445490	16.474814	-0.228417
10.606345	20.559902	13.185273	-2.536085	8.883836	-0.455301
-7.537986	17.885292	8.669829	-5.101992	-2.770905	0.626563
8.549493	23.275792	13.233922	3.377530	6.346559	4.937011
9.737569	14.889063	9.979136	4.612137	12.205526	5.814303
5.423351	5.253184	8.476685	8.053206	2.000000	3.000000
5.133503	9.065600	12.826935	0.243068	16.811651	6.000000
20.806912	21.761164	11.527336	3.913685	1.724987	-6.933938
8.822347	10.000000	11.000000	0.000000	3.000000	1.000000
3.735337	12.791635	15.695146	-4.580168	9.005138	-4.746230
7.491072	16.530516	11.879338	3.822447	9.473769	5.111523
17.378285	11.000000	7.000000	9.000000	0.000000	6.000000
16.163468	8.988375	4.617458	10.024549	10.311653	-0.616376
0.360837	12.869604	4.891973	5.415542	7.000000	9.000000
13.068430	6.030175	7.264931	5.676730	4.719553	0.877149
17.078172	21.635192	13.817265	6.300524	11.000000	7.000000
20.421378	3.183581	12.746741	-6.100187	9.370636	-5.689371
11.212333	19.944730	13.029192	-6.189040	12.043912	-16.556059
10.987158	27.856734	6.452117	4.662691	30.597992	11.634952
12.048808	2.792930	19.978167	9.591477	5.000000	4.000000
1.988666	11.000000	11.000000	9.000000	8.000000	3.000000
7.260556	19.639007	3.243622	4.993280	19.860456	14.280444
6.054709	10.846825	11.539446	4.482183	11.272916	-1.177407
12.865697	6.616815	11.223634	2.750433	10.339732	11.443757
16.269831	20.895911	10.919539	0.713395	13.197129	1.236074
10.000000	10.000000	1.000000	3.000000	7.000000	6.000000
11.665817	4.908997	5.216980	7.528368	-6.607309	1.718997
15.278282	12.905631	6.000000	7.000000	11.000000	0.000000
3.863572	12.483495	12.183923	-9.111267	4.085522	4.850574
10.640376	14.076693	17.627493	11.000000	3.000000	7.000000
10.255928	15.711202	12.416335	5.732091	12.872132	3.000000
16.299180	29.149887	11.974933	4.712460	5.959717	-6.717984
14.599527	4.347028	9.843124	-9.862509	13.952492	9.481629
19.540138	11.750447	15.609454	-1.120503	15.895320	7.461103
13.873731	17.182469	6.171545	-2.360753	12.424315	8.547026
9.075497	5.409359	7.613549	7.062227	19.258836	4.556523
16.022794	15.668777	17.072264	0.053574	11.305892	-1.644755
12.427870	8.000000	1.000000	5.000000	8.000000	1.000000
13.526360	8.434292	3.380524	18.904133	12.135762	0.003683
20.591547	18.403767	9.471417	3.903596	15.574678	-5.825923
16.568122	20.428065	9.283564	-1.778129	11.847881	-6.855394
4.575612	22.971092	9.000000	8.000000	5.000000	11.000000
2.200469	6.173730	10.186779	8.839589	9.269486	-7.508917
14.689719	5.955947	20.765053	3.410779	11.566986	-0.021071
9.254457	19.826006	31.201728	1.000000	1.000000	8.000000
1.359122	12.511445	7.594544	1.294499	15.685678	6.514152
13.024864	17.681392	9.224573	-7.719815	17.266928	2.021328
2.000000	8.000000	6.000000	1.000000	9.000000	10.000000
12.774230	-3.860320	6.234403	16.378812	4.672007	1.838463
19.738079	10.097761	18.348861	2.000000	10.000000	10.000000
-3.196028	8.658798	12.386690	-2.921226	7.590791	-2.041862
7.153992	18.985318	9.048402	-0.265245	14.046680	-1.279973
10.599756	14.976541	1.680200	9.351857	0.000000	9.000000
17.602523	25.304665	20.603997	1.595722	7.727590	3.029508
13.664022	11.186363	5.347238	2.089964	8.634759	-11.416454
-0.105220	19.822010	12.774115	-5.024707	8.000000	11.000000
0.644282	9.965456	9.523347	20.136943	6.725217	-4.784378
9.619269	17.395379	9.430381	-1.860400	16.992273	-6.336983
0.063990	22.643765	10.391839	11.420563	0.424834	-0.125474
4.928540	14.658975	0.000000	7.000000	6.000000	9.000000
2.718885	12.779288	14.201627	4.056433	14.196952	-1.114652
10.505426	10.581660	2.034069	1.290332	-3.679569	0.211103
0.179069	12.739656	11.460587	11.017323	7.000000	4.000000
20.809891	19.046435	10.490999	10.846759	8.040187	-5.206297
8.881401	12.415021	12.915206	7.881189	6.350541	-4.838866
11.535956	4.803752	9.481031	6.020896	19.280005	3.187630
11.266817	4.140318	5.495717	0.000000	6.000000	5.000000
4.208386	4.679539	24.788035	1.293771	8.826343	1.765809
9.117063	2.732628	14.021323	13.764126	17.608720	15.063146
9.258820	8.366251	11.278264	18.888667	4.346474	0.666200
-4.462614	2.236103	-6.730088	11.353693	15.169034	3.064071
-3.822929	18.944321	1.000000	3.000000	9.000000	11.000000
15.688818	17.523847	20.702437	0.904377	3.000000	10.000000
6.346877	11.913016	2.946820	0.662676	8.076905	-2.728061
-6.401238	-2.395640	13.851089	6.104575	3.599336	7.000000
15.290756	10.835628	10.838197	3.523189	10.797987	2.175703
10.517850	16.625232	14.206108	10.919346	0.544664	-4.650747
14.006176	19.372327	9.607768	4.000000	0.000000	5.000000
-4.492409	7.547285	15.659370	4.768369	8.143583	9.606283
6.182630	6.000000	6.000000	7.000000	11.000000	2.000000
7.092282	7.797066	7.456226	0.284903	9.000000	0.000000
1.624492	4.874405	-2.080920	-1.345208	17.186976	-2.236013
20.148283	-12.433962	-6.614140	0.036483	10.973733	3.328263
19.691557	29.276697	7.887629	8.118903	12.616306	-6.736564
6.883677	-4.972992	16.712399	14.167458	-0.027687	6.000000
8.641509	16.281806	7.186213	15.528582	-5.317828	-4.051347
6.575821	21.970249	8.000000	11.000000	10.000000	1.000000
7.276438	0.000000	5.000000	1.000000	2.000000	1.000000
14.273046	2.000000	1.000000	10.000000	1.000000	10.000000
0.000000	10.000000	4.000000	9.000000	11.000000	6.000000
3.619381	6.000000	0.000000	8.000000	9.000000	6.000000
13.087960	1.360632	1.405752	11.466467	-3.995783	0.948468
8.237994	7.614918	7.000000	5.000000	11.000000	0.000000
7.068366	14.844939	19.712824	-3.212381	5.461479	-14.343953
6.847420	15.084241	4.000000	0.000000	0.000000	1.000000
13.333198	0.159287	15.580682	7.086624	2.432607	8.663478
6.553750	7.265655	10.807389	7.571645	12.024390	-8.181745
0.584581	5.595117	19.764829	1.024651	9.242932	-10.912414
6.839602	16.680909	9.684148	-4.553423	-4.637833	11.582921
9.324459	17.468572	14.072895	3.974116	11.287734	-10.213981
21.104744	10.531194	20.917598	2.586901	18.310813	10.594476
7.661796	6.557730	3.905364	-1.519519	8.915191	3.000000
12.798399	14.470658	16.342750	-2.638233	1.000000	5.000000
8.173987	5.000000	3.000000	0.000000	7.000000	0.000000
13.558870	7.722106	12.251865	5.494817	8.976006	-9.823403
7.008293	1.482018	14.356180	2.045386	-17.694745	-4.835439
-1.159080	13.802925	4.975932	8.310953	6.481344	-10.416829
10.030992	10.347337	13.537203	-2.191053	7.000000	7.000000
13.111933	11.000000	2.000000	6.000000	8.000000	5.000000
15.132237	22.508826	9.062920	1.597264	9.735338	11.134075
4.992737	16.966876	16.675568	0.648845	10.052915	12.230951
13.914557	-1.188004	2.780623	7.519447	21.315104	14.058982
3.431301	19.102289	14.553194	4.000000	5.000000	3.000000
7.975376	10.172067	7.875649	5.570947	5.561635	8.370976
0.687673	24.837029	14.948359	-2.336635	18.039417	2.756714
-16.913506	10.937818	8.479511	5.398643	7.930389	1.073515
-5.108430	8.848770	2.502849	2.457061	19.764327	-10.052977
11.398597	22.750684	3.000000	4.000000	7.000000	11.000000
5.372238	8.000000	7.000000	10.000000	11.000000	6.000000
7.772212	-4.144218	11.707668	16.744915	15.797967	10.485803
18.217395	2.000000	10.000000	0.000000	11.000000	3.000000
1.306803	13.179908	-0.322995	17.664767	22.776197	-5.943191
16.874127	2.511936	10.482849	12.293125	1.121010	5.968540
13.712401	4.961185	16.879184	14.664716	21.887200	-4.264171
11.847782	13.317612	10.306800	2.154305	5.000000	10.000000
1.482576	12.594235	9.000000	6.000000	6.000000	0.000000
6.092289	9.406736	14.440142	4.000000	3.000000	5.000000
0.307474	-1.176702	6.226898	10.469371	20.271942	-1.456786
10.000000	11.000000	1.000000	1.000000	8.000000	8.000000
9.102792	6.445924	10.850491	13.845219	-4.921184	0.000000
4.687077	17.887152	17.661965	11.000000	9.000000	10.000000
3.680415	21.626550	21.575397	7.956566	9.000000	7.000000
0.797954	0.204751	5.133737	23.102182	11.000000	0.000000
9.089962	4.404047	-1.202062	2.690013	10.229763	5.300425
12.657913	3.943744	10.786600	4.745625	17.909826	-6.972936
-2.214657	10.280873	4.381254	6.285829	4.000000	11.000000
7.945329	14.191577	27.920827	5.508091	6.000000	1.000000
-0.585007	11.000000	1.000000	0.000000	4.000000	5.000000
11.000000	5.000000	11.000000	1.000000	2.000000	8.000000
7.635646	9.407272	17.775187	-3.190386	4.808610	-2.408686
2.000000	6.000000	8.000000	0.000000	1.000000	9.000000
10.951945	8.859965	10.517829	8.583799	5.000000	3.000000
-1.047690	-9.240084	-9.270304	6.485719	9.507661	-8.013149
14.744038	2.732952	5.000000	8.000000	7.000000	1.000000
7.000000	2.000000	0.000000	11.000000	6.000000	7.000000
10.979139	4.657564	8.405914	4.190485	5.031582	10.106668
11.760925	25.857734	20.600864	-6.314874	17.150286	-3.353446
4.625072	12.796571	13.066517	4.774978	-5.252976	5.019905
17.597754	17.666628	9.000000	0.000000	9.000000	1.000000
-7.639882	8.216132	6.585222	-7.098588	20.646681	12.506484
13.212026	11.032178	16.173891	-2.641481	8.236070	4.676594
2.151147	3.053529	11.078152	-0.145689	17.567329	1.869520
3.173926	0.940064	1.555998	9.049330	2.788566	-4.650009
2.655139	22.711313	1.000000	4.000000	8.000000	3.000000
11.259444	20.744063	14.257920	2.201961	5.000000	9.000000
8.161307	17.087108	8.468210	2.866100	5.320188	-1.403025
-4.894562	24.050173	19.344215	-9.803659	13.519530	-3.068826
-3.087828	5.739288	3.381722	-9.388806	-8.125867	0.145267
7.354873	5.943552	4.579815	-1.505643	0.000000	4.000000
8.980983	8.000000	9.000000	5.000000	4.000000	1.000000
1.655897	12.585774	12.478060	8.304022	12.638590	-3.018917
18.360279	6.728028	18.204102	3.789352	0.536994	4.215070
-0.811433	-2.180964	5.364844	2.379263	13.687801	7.728852
7.834492	7.767277	6.046617	11.600956	8.091912	4.121020
9.063079	6.950372	5.070213	8.000000	6.000000	10.000000
7.685191	25.118026	7.000000	2.000000	11.000000	2.000000
5.122706	9.937294	15.085353	3.954035	7.413916	-5.628348
12.371078	5.363677	15.088537	1.933207	3.254688	-0.902580
0.564728	12.095073	5.480170	8.199042	6.941611	-4.920119
1.000000	2.000000	7.000000	9.000000	0.000000	4.000000
-0.052050	17.521554	17.801308	6.000000	1.000000	4.000000
-11.039879	6.000000	10.000000	7.000000	7.000000	0.000000
-1.320501	26.133778	25.959377	3.224463	15.869211	2.466063
18.025622	9.932569	5.745413	9.842843	7.000000	1.000000
14.016502	19.793494	6.115853	-2.218642	17.571604	-17.999413
4.515697	15.425402	3.000000	9.000000	0.000000	9.000000
11.625777	6.318473	-1.598484	9.029916	9.000000	0.000000
-3.988020	4.308452	13.140213	6.000000	5.000000	6.000000
3.000000	9.000000	11.000000	10.000000	7.000000	10.000000
7.158337	0.960647	4.361873	-0.960662	17.178468	9.000000
9.000000	7.000000	2.000000	1.000000	11.000000	4.000000
1.343410	12.766064	14.715231	3.076726	6.000000	0.000000
6.881205	13.802480	12.347942	-2.058956	10.478528	0.321382
9.010949	11.210979	2.098986	11.000000	4.000000	9.000000
8.889059	10.814638	5.070302	7.066492	15.476850	-8.323964
13.750410	2.000000	0.000000	4.000000	0.000000	3.000000
-1.701934	10.679667	11.748823	1.783838	9.330589	13.067642
16.056239	17.173275	12.491480	5.023804	11.605502	-7.101485
11.019893	14.680947	15.238233	12.773712	12.489902	4.923486
-5.201092	10.377901	19.891176	7.195101	19.738793	9.000000
11.964043	19.421386	4.000000	5.000000	4.000000	11.000000
4.482234	6.358553	10.000000	7.000000	1.000000	10.000000
9.448339	7.862331	7.363940	-0.058420	3.675535	4.311578
8.888977	6.676098	8.705110	6.033569	4.073697	-12.586037
9.633576	12.505051	18.208684	2.000000	0.000000	10.000000
8.044690	7.267888	12.083734	5.889063	6.492910	11.832337
13.339461	13.773719	9.178472	0.809291	8.000000	3.000000
10.512114	11.753610	15.822009	5.898451	14.922198	-3.580858
8.846622	27.236433	20.878560	-8.449575	18.442557	7.306395
0.841074	5.748151	6.185310	0.000000	7.000000	7.000000
10.310554	7.241116	18.245287	8.000000	2.000000	2.000000
2.513632	13.901269	13.457620	7.478343	6.257270	-6.578255
9.971470	11.824598	0.365948	3.000000	6.000000	9.000000
1.606741	8.640405	18.014167	1.392897	10.000000	11.000000
9.544226	17.469098	18.451128	7.218067	7.133611	-2.705624
3.036080	8.776108	11.632519	-4.479008	-2.127788	-10.286200
0.000000	0.000000	11.000000	5.000000	2.000000	11.000000
5.994013	20.283275	16.521230	13.047654	10.383261	1.000000
13.881770	9.744560	8.446271	11.113095	15.122262	-10.289637
2.628218	21.133689	14.258209	6.197494	15.798080	14.281208
1.477760	12.433969	9.354545	-1.867579	10.653185	-2.241692
13.955088	21.275495	4.000000	5.000000	3.000000	3.000000
22.835778	14.855150	6.396323	12.162017	13.358617	1.641380
2.000000	10.000000	0.000000	8.000000	2.000000	0.000000
11.073538	8.237981	16.455719	-4.958418	13.860977	-3.502536
14.310731	-5.074061	12.552234	1.225711	20.047000	7.815201
11.205870	12.521339	3.000000	5.000000	3.000000	7.000000
11.298263	6.000000	4.000000	9.000000	9.000000	8.000000
7.000000	7.000000	3.000000	6.000000	7.000000	4.000000
-0.258690	37.151289	16.635601	2.753046	0.000000	0.000000
1.620596	14.917345	26.127502	0.146992	8.462047	-1.725278
11.806533	5.469384	24.267821	2.131564	10.963393	0.717360
20.290555	23.992731	17.850935	9.192157	28.003730	8.995204
13.736325	17.004952	5.000000	5.000000	1.000000	1.000000
16.595561	-5.243541	18.296331	7.231439	1.279041	11.000000
4.689130	6.559750	5.900460	11.216090	23.576066	8.000000
-0.055234	-4.026071	13.409462	12.231722	8.102341	4.555790
9.005349	11.832804	18.158165	17.164896	11.457706	1.108280
14.608179	17.243548	9.815114	-0.391582	9.165210	-4.220078
4.520837	12.820960	19.272660	13.092760	12.496848	10.738259
13.960595	16.653454	15.172033	9.853524	13.133115	0.424255
23.144014	4.000000	0.000000	7.000000	6.000000	11.000000
15.142621	12.410766	10.147700	1.713848	12.716150	10.367586
11.313103	17.646232	19.611612	2.647760	20.890214	-10.434259
2.182881	-0.842265	5.716420	-9.058008	-0.359565	9.000000
16.446348	2.699391	6.937419	9.584710	1.958367	-2.251631
2.894807	15.234322	13.367850	-0.579363	4.779626	-2.833145
4.882209	8.370514	10.359336	12.112392	0.000000	11.000000
6.064269	7.000000	4.000000	7.000000	10.000000	5.000000
11.045184	14.798330	10.202221	4.051314	14.427647	1.031685
14.993223	8.848512	10.134279	0.871727	17.198939	-4.876947
5.000000	6.000000	1.000000	11.000000	4.000000	10.000000
9.387058	-4.470643	7.945374	-2.632983	13.930932	17.227731
10.958751	10.000000	10.000000	7.000000	0.000000	5.000000
4.702020	18.505550	12.183309	5.846331	8.633773	-7.608114
15.467509	9.578844	16.505869	9.482097	9.177279	0.383623
21.815605	-2.850297	2.944314	-1.923208	3.736321	6.490107
16.605344	13.182182	8.477840	14.607623	23.835927	8.946761
0.745203	20.857892	14.850686	2.448204	18.494417	12.971667
-2.216140	16.798595	11.299039	8.512415	9.000000	5.000000
11.301810	4.300279	7.926077	1.031338	0.404228	-4.811932
13.815384	14.046748	17.556542	4.334412	9.702127	9.342506
3.000000	11.000000	4.000000	9.000000	1.000000	11.000000
2.287556	18.746362	19.485083	4.605140	1.000000	5.000000
3.804822	11.000000	10.000000	7.000000	0.000000	4.000000
-7.200692	5.490554	0.528961	13.699787	5.963154	-9.977365
1.578747	4.339189	3.523626	8.745620	11.138563	-9.074951
11.862148	18.744400	19.305281	-2.401098	16.620084	7.680023
8.234422	4.000000	3.000000	2.000000	8.000000	6.000000
8.180565	12.826775	11.441809	9.511574	21.323131	7.711554
17.385649	20.441416	9.986473	9.064117	10.424144	-4.737251
23.695754	23.115285	13.281919	-4.179077	3.535025	-14.653441
0.000000	9.000000	2.000000	10.000000	8.000000	2.000000
11.419913	13.153429	4.000000	1.000000	11.000000	6.000000
19.566854	15.355654	19.619495	-2.088304	16.054016	1.963163
-0.871721	20.073635	15.247800	-4.386485	7.488471	4.235676
1.275705	2.138694	6.267368	-0.033272	21.001150	7.000000
8.000000	6.000000	5.000000	10.000000	7.000000	3.000000
18.820294	-6.132019	5.349846	19.393992	16.493851	9.083989
15.183983	8.028556	8.000000	8.000000	2.000000	3.000000
12.293622	11.001111	18.783714	-5.555797	6.657682	-6.926269
1.641732	15.515944	11.830395	9.089224	16.652874	1.022971
16.464866	0.000000	8.000000	3.000000	4.000000	0.000000
14.067276	9.000000	11.000000	6.000000	6.000000	6.000000
7.357189	8.792448	1.572455	4.071075	12.130531	-4.116955
5.186868	14.527449	14.018793	4.806890	5.171264	2.624580
3.065058	-3.239424	24.364228	1.916900	9.484123	0.758030
12.203949	8.664641	19.454212	11.856910	13.609445	8.000000
3.252509	9.597273	18.532335	0.956987	7.983410	0.000000
11.526882	27.611924	5.000000	3.000000	9.000000	11.000000
7.521125	11.000000	0.000000	8.000000	0.000000	6.000000
3.149563	27.978293	15.401397	-1.812885	8.000000	8.000000
10.872975	-6.516468	0.720560	5.170377	7.813269	1.181721
21.332908	-13.014196	13.525988	12.645353	13.993300	3.078156
7.385175	5.000000	6.000000	5.000000	11.000000	3.000000
5.371654	18.979338	6.615820	6.166408	15.930659	10.112262
16.936369	13.854800	19.742344	4.068927	6.697299	-9.859750
9.931494	16.399926	1.000000	6.000000	4.000000	7.000000
5.000000	11.000000	2.000000	8.000000	7.000000	1.000000
1.937198	-4.499359	21.106239	9.241376	21.744803	4.130071
12.429370	20.466492	17.981439	17.927979	13.321207	4.648512
12.802754	5.676325	8.397311	12.375452	11.342344	8.000000
1.063047	15.606795	14.957424	7.172373	8.063205	7.464155
5.700228	10.592248	2.648391	3.693456	5.807100	-9.264887
8.999580	16.839693	11.741495	1.679892	5.915396	-2.956249
-1.350268	28.638424	10.000000	8.000000	5.000000	6.000000
-6.155569	-4.791244	17.543326	0.289343	22.743100	6.802727
0.118352	11.203890	17.654446	5.487173	1.992531	-4.039503
1.088855	1.641897	15.090893	0.660462	1.085510	0.774377
2.121158	9.911095	15.817264	-2.573142	11.693626	5.401157
10.117138	13.015335	10.000000	3.000000	2.000000	11.000000
-0.673968	10.000000	5.000000	7.000000	6.000000	3.000000
9.000000	2.000000	7.000000	3.000000	3.000000	3.000000
5.335127	34.651552	40.559046	-6.920585	2.215281	-11.344002
14.621750	9.872571	13.033176	-5.388480	0.409727	-0.848606
7.682498	0.223458	11.577192	0.150487	3.609308	8.014571
2.734487	6.000000	0.000000	2.000000	2.000000	3.000000
15.033175	-17.553143	0.136024	12.175174	9.330385	0.970367
3.891966	9.000000	1.000000	11.000000	8.000000	4.000000
7.040957	9.173359	16.950199	3.177983	-5.582980	7.378448
7.807107	14.124718	12.286362	7.285101	2.146157	1.037836
22.244206	2.720262	-11.353472	0.818233	3.949936	-2.442453
-1.896614	23.192030	22.957860	6.000000	2.000000	5.000000
-0.282287	6.000000	6.000000	5.000000	7.000000	4.000000
1.753319	11.791155	25.074719	0.663259	8.057282	-0.736609
0.000000	2.000000	1.000000	9.000000	7.000000	3.000000
3.468555	7.000000	7.000000	11.000000	11.000000	6.000000
4.731401	16.307913	17.772949	-0.139168	17.682590	-4.837930
9.000000	2.000000	1.000000	0.000000	1.000000	7.000000
1.994413	16.178018	10.550424	7.739631	6.000000	9.000000
7.014546	6.659482	13.397379	-4.850930	5.050333	-6.931743
-3.271303	1.641363	-1.931978	9.142619	9.599696	7.521071
9.514842	17.352906	25.656764	-7.416501	14.241222	10.935749
11.809348	4.000000	7.000000	5.000000	5.000000	7.000000
12.334214	-3.858167	7.056238	-0.180889	24.462385	0.000000
7.429308	11.693453	24.122456	4.668671	7.648088	3.627946
9.000000	6.000000	1.000000	8.000000	0.000000	9.000000
1.000000	2.000000	10.000000	11.000000	10.000000	11.000000
18.395958	18.784417	13.139408	15.464504	3.023260	-13.951685
15.687487	14.934438	11.000000	6.000000	2.000000	7.000000
0.000000	0.000000	5.000000	4.000000	11.000000	8.000000
10.808087	10.284173	14.028955	3.613491	16.197493	-11.392185
9.150543	12.622841	25.390481	-2.087026	18.548324	-6.787382
6.196267	10.261344	10.150721	-0.954020	16.225238	-4.056125
10.442784	16.306303	21.617044	0.328270	15.874458	9.000000
14.985156	10.549339	-6.497621	13.688479	9.507615	-4.783185
9.934321	-6.152946	8.379259	3.605326	6.084395	3.000000
-2.042758	6.276868	9.726737	2.404711	-7.386299	-3.626306
1.701929	3.950761	11.566591	7.879863	2.097529	2.094148
15.907623	-4.194967	-5.846694	8.777320	7.683042	1.637122
0.990014	7.967445	15.999712	5.217142	6.426905	5.375921
3.918258	18.077935	7.145630	1.636426	23.474471	11.043198
3.119208	10.977128	5.230356	9.000000	10.000000	0.000000
-1.897126	5.783767	-7.833646	16.865237	25.818138	-3.508050
21.262200	7.647541	6.916791	-0.196924	6.523975	-2.263530
5.651995	9.585561	0.832713	-10.355948	19.876941	-4.006140
2.222624	9.000000	0.000000	4.000000	8.000000	5.000000
5.263627	18.265710	5.919448	11.975366	11.640838	10.984862
14.694524	20.152205	15.621414	7.667370	13.191681	0.393386
-1.422684	17.379472	12.965526	-1.246758	10.500012	-5.564336
-1.037469	17.834056	13.899742	5.276237	10.217346	4.027250
3.676016	15.176092	15.243754	7.458319	8.000000	11.000000
3.675183	31.384297	14.309285	-0.933260	11.293195	-3.871866
-0.726496	-0.340331	11.534686	9.487326	11.000000	5.000000
6.421479	18.095403	19.973570	1.860708	18.186337	-1.188024
8.000000	10.000000	6.000000	3.000000	11.000000	6.000000
10.000000	6.000000	6.000000	8.000000	10.000000	2.000000
13.829454	21.726157	23.244957	-5.975014	17.229150	-6.361566
7.688767	7.144298	-4.699668	4.869280	16.843480	7.000000
10.458798	0.000000	7.000000	11.000000	8.000000	8.000000
6.867427	7.634863	1.834500	9.656322	6.464395	4.243934
1.649446	8.000000	6.000000	5.000000	11.000000	10.000000
6.153373	10.020207	13.440192	2.487731	-0.155946	-14.059953
4.056935	0.876940	4.895794	-0.309147	3.267094	-12.376533
5.712837	8.192272	10.445853	1.000000	7.000000	3.000000
3.257844	7.522597	14.748967	13.162614	15.314990	-1.286547
-6.880712	5.416505	22.034034	1.949114	17.237529	7.320560
12.198161	5.502546	18.060757	9.540464	6.514158	5.547039
0.411980	4.991114	11.837187	5.119202	15.097113	14.684128
3.434138	7.086705	14.059189	-4.485626	9.000000	1.000000
1.213044	0.000000	0.000000	2.000000	9.000000	11.000000
14.273372	15.518509	18.278371	3.000000	4.000000	11.000000
3.806169	7.812898	14.464021	-4.097321	20.482120	23.476280
17.620843	-3.401434	9.373193	-7.454742	9.584618	0.000000
12.389217	9.330153	14.562320	7.101927	-6.104015	17.854580
6.495019	11.608216	25.902592	4.051871	21.413580	-0.856698
13.699960	20.719875	23.101881	-4.403885	17.466030	-7.579850
1.947415	7.958413	11.000000	6.000000	5.000000	11.000000
6.771826	10.658218	13.069754	8.359915	17.978021	-3.119591
2.020906	0.000000	7.000000	7.000000	11.000000	3.000000
-3.421267	-10.796688	9.152524	16.638592	17.376123	1.000000
6.753575	16.868409	8.000000	1.000000	7.000000	2.000000
5.669887	6.000000	7.000000	8.000000	10.000000	9.000000
18.441243	-0.864627	6.637292	10.000000	3.000000	1.000000
17.039756	16.733699	9.906918	1.801747	24.785199	13.982922
14.311653	9.237423	13.442725	3.386171	8.352606	7.213356
4.133079	-9.831072	12.338865	6.674920	6.446461	3.000000
15.174893	13.717785	9.347021	7.230810	13.696795	4.324607
3.413603	2.000000	1.000000	11.000000	8.000000	6.000000
27.895841	24.025850	22.889517	1.021805	16.681913	11.581181
4.625899	0.128954	6.562638	4.781937	6.726440	-2.068052
3.807324	0.237182	2.221661	11.154348	10.801733	-2.736323
6.763591	9.162939	14.754840	4.877203	7.162199	6.120103
8.085051	4.713336	24.767604	2.066150	11.462059	2.330265
-3.094888	-0.696726	18.502339	16.043869	5.206239	4.150174
7.144890	-7.187716	-8.140079	19.160415	9.847538	-1.070636
6.191892	14.225470	11.978563	-8.042322	10.013664	12.118225
3.259262	8.751243	12.044885	0.796766	3.883416	-9.987056
5.719756	27.268853	5.000000	4.000000	9.000000	10.000000
-1.570753	12.130577	12.687808	7.855843	5.924953	8.000000
19.224223	15.905570	-0.185341	1.211374	8.315710	10.976253
7.420345	11.739934	8.324949	4.844929	16.975180	1.821346
8.593449	19.963965	11.598369	3.395582	8.116926	-4.119327
9.000000	1.000000	10.000000	2.000000	1.000000	3.000000
27.622130	25.858116	23.080606	1.497326	9.811748	8.768165
0.539291	9.212123	14.854297	5.994541	5.573206	6.723010
5.528952	8.000000	0.000000	7.000000	3.000000	1.000000
20.912978	11.952221	13.076158	13.899352	0.544738	-4.029088
4.971181	22.365839	8.107117	-1.185498	8.385245	2.578433
3.998011	20.445029	12.473818	-4.557800	10.456806	2.031078
4.485391	-2.624261	5.000000	4.000000	3.000000	8.000000
7.870722	21.422950	7.000000	10.000000	3.000000	1.000000
5.727052	1.334662	5.618058	1.071858	1.000000	8.000000
15.335860	5.090323	17.921668	2.000000	9.000000	0.000000
14.443071	11.364814	20.687734	11.000000	5.000000	11.000000
12.681355	16.061418	9.332376	-0.573176	-3.468029	1.067927
14.069435	4.194104	10.711486	5.312669	14.670993	-0.167322
-3.556074	5.000000	0.000000	7.000000	11.000000	2.000000
20.890905	22.288089	12.132263	8.367601	15.879327	3.222322
12.874153	17.838628	14.124417	1.384461	18.215390	0.061171
0.930209	12.688242	9.733965	-2.188608	12.531809	-0.448732
7.087311	4.141024	15.662526	1.026814	22.498283	-4.224813
11.214164	3.000000	8.000000	3.000000	2.000000	8.000000
17.295249	7.046068	11.738334	3.336145	4.618579	7.580738
10.865917	9.982022	20.425017	10.563084	16.423514	3.928379
1.041290	20.425365	12.239917	3.313682	17.907269	-1.187041
14.909648	27.434182	20.410382	-5.836416	13.862440	8.683813
8.003042	22.777369	2.000000	1.000000	8.000000	1.000000
14.543251	2.000000	7.000000	9.000000	0.000000	10.000000
9.976623	22.543908	14.639573	-4.416453	0.812818	-14.103691
1.729917	18.818231	2.662142	-8.505211	4.783576	0.869126
3.985315	15.113432	15.218586	3.000000	2.000000	8.000000
-5.099907	21.878953	13.627719	-3.612975	12.469703	-0.962224
11.192480	8.372340	3.930219	7.880569	14.401217	10.299191
0.978703	19.680039	0.000000	4.000000	5.000000	0.000000
10.463663	16.901326	5.881689	8.241770	23.058276	1.650768
2.707227	11.000000	2.000000	2.000000	7.000000	4.000000
15.606334	11.469793	12.748793	2.995129	15.867694	-0.418938
-6.775720	20.367374	14.584405	-2.991831	19.579486	10.208769
10.249226	17.377967	4.946987	3.741367	7.085671	-3.979424
15.500204	9.492429	19.571582	5.755474	10.898859	3.242070
9.858775	3.781797	9.327327	2.630054	3.000000	1.000000
8.000000	4.000000	5.000000	0.000000	11.000000	10.000000
9.327783	13.291981	4.546198	-0.809230	9.904977	5.876793
14.226907	6.816575	15.609133	10.268711	19.456543	5.636660
11.400534	10.462005	9.968704	0.534187	2.000000	9.000000
4.797270	-0.448731	17.082817	3.329423	12.989995	2.710953
14.773266	6.464723	7.542798	9.424050	10.144768	-2.118364
7.310522	11.909291	12.426664	-1.976903	8.508860	-1.990030
6.890162	-0.181502	10.729112	17.512369	9.519585	17.641435
22.624570	-12.069237	0.981710	11.840523	1.570238	-8.532450
13.814348	7.376769	10.862931	12.138655	5.839364	-0.204068
7.624349	11.603299	4.668228	3.872233	-2.231084	9.000000
-5.548089	17.708424	17.204883	11.307057	21.711598	7.984147
0.000000	4.000000	4.000000	3.000000	3.000000	11.000000
0.000000	10.000000	2.000000	11.000000	0.000000	3.000000
7.704563	5.549739	5.136901	7.059995	24.674204	4.389539
16.105290	23.389886	14.288761	8.000000	3.000000	7.000000
2.000000	6.000000	3.000000	9.000000	8.000000	2.000000
7.988954	5.000000	10.000000	6.000000	1.000000	5.000000
0.981218	13.244730	7.795094	7.132762	2.000000	8.000000
8.000000	7.000000	9.000000	8.000000	11.000000	2.000000
-10.163782	19.066393	17.318439	-7.365238	23.382657	6.156132
0.949914	16.820396	7.283711	6.988530	1.829596	9.000000
14.688640	16.282780	9.763047	1.486647	4.671519	3.745047
-3.324459	8.000000	4.000000	0.000000	7.000000	0.000000
11.580611	20.802894	0.000000	9.000000	1.000000	3.000000
6.925772	1.041358	17.207079	14.323385	29.725169	6.965002
10.286433	12.187007	12.434025	12.525341	19.566318	-1.818876
11.688662	2.000000	9.000000	5.000000	4.000000	2.000000
9.000000	1.000000	2.000000	11.000000	1.000000	4.000000
9.226940	3.251225	-1.818931	0.932283	1.870597	-10.292834
10.142259	4.861690	14.044625	11.870520	0.000000	6.000000
4.400345	3.118126	9.280608	5.122687	8.593579	1.890386
4.000000	6.000000	2.000000	8.000000	1.000000	6.000000
20.618047	11.585112	5.973698	7.377185	4.092730	-0.237108
9.016310	18.959303	14.679684	8.379231	9.430153	-11.528938
12.343359	-0.416019	-2.820878	10.742366	18.151857	3.582366
11.000108	5.644733	3.937966	-0.628743	22.655518	4.559582
1.672845	2.000000	1.000000	3.000000	11.000000	6.000000
-1.802384	31.952222	17.643415	-3.666061	9.912975	-4.156173
-6.803805	12.698464	6.512844	8.992013	14.281523	18.495186
14.481773	3.805158	2.582549	6.691467	15.337942	1.973249
5.234339	16.398373	9.000000	9.000000	6.000000	5.000000
0.778630	-0.897449	1.237164	1.439103	9.959632	-2.940119
19.776213	2.000000	0.000000	0.000000	7.000000	3.000000
2.624146	4.851358	21.622632	7.105890	6.622230	6.750549
23.110645	2.727642	5.300070	8.783912	10.797838	10.880467
-3.116912	0.117039	2.378031	-2.894668	9.402814	-4.875861
11.129222	5.742541	2.198436	0.157790	6.770565	1.024332
11.240876	8.868440	4.704384	12.779037	12.226553	6.388115
13.859772	12.666644	11.132904	2.699806	11.430294	-4.810952
15.513897	3.834477	15.104581	5.000000	5.000000	10.000000
5.035643	19.569124	10.000000	4.000000	2.000000	1.000000
8.123728	7.382894	17.365164	6.946538	2.220859	-1.873533
13.267667	6.495611	9.714897	1.628126	-4.211614	-11.952486
8.411328	9.000000	5.000000	1.000000	9.000000	9.000000
9.597864	15.970981	0.000000	7.000000	0.000000	1.000000
23.421072	27.413551	18.221304	4.546915	-0.599089	-21.071396
6.323728	16.792329	11.782776	7.143147	14.143014	4.744524
6.359498	4.000000	1.000000	9.000000	10.000000	9.000000
5.994456	27.052985	5.439797	5.763132	16.361601	-3.604490
5.764618	0.000000	0.000000	2.000000	9.000000	10.000000
9.000000	7.000000	11.000000	3.000000	9.000000	10.000000
9.268148	5.559836	7.962300	-0.027954	9.419707	6.354686
10.000000	0.000000	10.000000	7.000000	4.000000	6.000000
3.541952	3.000000	4.000000	0.000000	8.000000	3.000000
16.659851	-3.674033	11.000000	0.000000	0.000000	9.000000
8.863888	17.500491	9.944494	4.606578	0.000000	1.000000
14.601423	10.619559	20.412763	-4.871433	7.000000	7.000000
5.109241	12.974425	12.112861	4.032329	3.000000	6.000000
3.239532	15.133480	7.192985	9.000000	8.000000	9.000000
4.773309	11.172530	17.404252	7.873341	12.339471	3.556470
15.333369	14.389759	5.000000	11.000000	5.000000	10.000000
-2.126872	-3.011201	5.865001	18.627170	2.176847	6.455425
14.902786	18.047402	11.154962	5.518663	12.723491	13.578374
9.142641	20.295519	2.265473	2.472395	12.545807	-7.280971
-2.174107	14.935937	8.732335	-2.427201	2.403386	9.273212
12.077962	17.335333	5.122656	9.341875	12.757430	-6.849411
27.002173	8.125235	7.586086	2.557320	-14.165492	-7.159079
2.261986	7.210723	14.426951	-0.921284	11.580171	-6.904299
14.048622	13.076138	7.805583	6.160369	5.166303	-7.333486
14.152015	0.000000	3.000000	11.000000	11.000000	1.000000
-3.593424	1.159443	14.695989	4.401010	14.734168	-6.580405
10.577724	20.875421	9.064354	12.217115	11.837881	4.951080
3.997052	21.779379	21.490428	6.533061	1.369986	0.217999
4.118879	4.611516	8.753695	9.001073	8.000000	3.000000
3.369713	13.109084	15.846740	8.205212	4.957647	11.626808
14.587846	21.533227	12.800518	11.299891	21.958100	3.123834
8.000000	10.000000	10.000000	10.000000	0.000000	0.000000
-1.739747	13.401942	7.355970	1.507314	18.183143	-0.330375
8.429485	9.870442	-6.717777	13.301893	22.643744	1.006510
12.965611	8.772349	10.456424	4.256708	13.918830	1.087492
11.000000	6.000000	0.000000	11.000000	4.000000	1.000000
-3.487583	20.863513	7.929054	8.472003	22.265870	7.000000
5.327933	8.596501	13.742103	3.098662	3.424976	-4.551851
4.457344	10.551736	15.086794	-8.379172	10.340811	0.210776
1.727970	-1.659981	5.889697	-12.136188	4.000000	11.000000
-1.020566	0.545101	7.922314	11.060652	6.370588	-9.599578
10.207914	21.513885	27.391060	-0.099927	22.591001	-3.671641
7.341895	4.736967	14.780575	1.331265	11.107058	1.645850
14.921856	19.623532	8.346899	4.133618	20.591373	16.578203
6.311570	6.664697	16.363862	2.000000	8.000000	9.000000
3.224992	18.726442	13.228352	5.000000	11.000000	5.000000
1.965096	24.048319	28.262134	5.972174	8.774517	-5.103351
6.772930	14.330951	16.056503	4.275602	19.893192	4.597510
0.753385	-10.745859	6.857961	1.781310	11.773453	-11.475408
8.000000	0.000000	11.000000	5.000000	11.000000	1.000000
17.812292	8.356475	16.175985	5.956534	11.180992	-10.791154
0.636827	22.187140	11.221141	5.835804	2.647330	-3.473451
7.000000	9.000000	7.000000	4.000000	10.000000	10.000000
8.498350	12.120203	13.342350	0.989803	10.655972	0.842409
-3.860412	0.339650	7.481248	5.050853	11.832137	-9.697469
5.021683	9.289676	6.000000	10.000000	1.000000	7.000000
3.548559	1.673349	11.816813	7.547845	9.406481	16.534901
9.403914	8.760431	0.664054	0.154053	13.331252	-8.584432
-4.848148	6.000000	6.000000	6.000000	8.000000	2.000000
6.870073	2.921621	18.104485	-0.300833	12.352695	7.349959
23.425102	22.007998	13.458500	1.268172	4.627087	-9.778281
9.973683	8.060143	1.611589	5.869120	6.977613	-2.182311
9.356175	8.642391	9.667849	11.120940	7.364792	11.062436
21.866361	11.275217	10.213041	4.793398	11.748345	-13.530072
11.636805	22.044578	9.000000	3.000000	9.000000	9.000000
12.381636	6.290094	1.000000	2.000000	4.000000	0.000000
13.322954	13.908662	15.326518	11.707936	12.193095	8.437020
-7.020176	12.422206	15.598258	-2.760085	0.842462	4.296959
3.974084	22.206779	2.000000	1.000000	6.000000	11.000000
2.933800	20.472097	0.439881	2.405499	3.528739	2.599654
-7.845931	13.660100	16.531899	1.960505	11.367621	-6.286526
16.990398	4.000000	4.000000	0.000000	1.000000	5.000000
8.897719	19.489422	8.000000	10.000000	10.000000	8.000000
4.486573	16.046681	18.673689	6.486060	6.447458	-7.584044
19.396288	13.551959	9.527367	-3.354758	10.000000	4.000000
23.994269	14.938581	3.000000	3.000000	9.000000	6.000000
21.447521	19.005965	14.260217	-1.786907	11.512124	4.719342
9.487318	12.128911	13.688144	-1.796499	15.444432	-2.089975
4.164134	18.242056	9.000000	5.000000	7.000000	3.000000
10.956112	16.517182	20.133335	-1.597841	11.100329	0.269828
6.435395	18.578543	18.115609	4.000000	1.000000	11.000000
8.764952	0.261478	10.375948	10.000000	5.000000	2.000000
15.114486	21.725588	18.484824	-1.285476	19.014729	-2.729662
12.996833	22.924579	16.198722	-4.101216	8.420673	0.246028
9.194172	14.238837	12.705342	-0.681647	16.041723	6.776024
9.610881	7.264403	13.934000	-0.872653	16.187916	4.756119
11.289552	14.456108	18.673901	14.651992	19.838081	-1.414662
15.657624	14.610959	9.849328	5.999663	11.593480	6.041763
5.353189	5.000000	0.000000	7.000000	10.000000	0.000000
18.197529	3.387310	11.074869	7.450444	0.368011	2.878219
8.000000	8.000000	6.000000	3.000000	8.000000	6.000000
14.326010	11.481142	20.164176	2.410975	10.046971	-6.307413
2.495036	5.758379	13.123022	-0.191371	-1.336806	0.238777
8.733047	7.801961	22.789935	2.346881	12.227000	-3.739781
10.665721	14.550619	0.053482	-9.416833	4.781492	12.560494
22.778686	20.858795	14.508697	2.000000	4.000000	6.000000
18.435999	9.252782	11.827264	9.031275	18.098939	-5.464188
5.773550	-7.704239	14.390900	1.450859	11.016105	15.127922
5.961464	13.439469	13.241431	3.743570	15.726935	-1.358248
1.256947	11.590917	5.116517	9.465302	7.524656	9.008925
4.630215	16.520322	11.226029	3.889556	18.232314	0.843723
6.346746	-4.729610	-0.112341	16.205642	31.894195	3.035104
1.232936	12.918500	4.807140	-7.857428	13.301712	7.471161
1.637269	13.145885	19.024499	5.162509	8.132747	5.270677
9.241533	7.412798	16.297113	-1.001526	7.241171	1.000000
-2.100354	17.647331	9.596149	1.725828	13.779567	15.464488
8.106460	10.877893	20.269019	0.084768	20.177522	-2.997180
5.595388	8.000000	11.000000	10.000000	0.000000	11.000000
-3.042038	10.568066	2.226765	1.757981	11.684573	1.300218
5.125931	16.710082	18.121088	2.293009	6.766110	4.100798
1.458988	19.395559	18.266169	3.598322	15.614412	6.935398
13.746766	18.403327	21.586781	12.476372	19.582743	-1.485515
7.789169	23.033613	8.100194	-4.183146	10.000000	0.000000
-6.168652	5.618859	11.015806	11.099829	6.428220	-3.093638
14.418452	11.926639	12.982819	2.079420	7.503754	4.000000
2.608667	11.723491	18.970369	2.488108	8.943693	4.686261
10.253434	10.209321	9.081683	0.853915	-0.350155	-9.646159
17.948362	14.480229	10.511411	0.254148	13.871994	-7.328092
9.622750	1.046027	21.856000	3.818800	17.461461	7.621152
18.450323	20.375313	19.306065	-10.765425	12.839139	-7.196637
0.728902	14.362078	2.798100	-4.369172	3.546674	4.709223
6.486268	14.784836	5.783733	-3.356621	-0.953277	-7.957950
8.288490	0.711755	-0.010434	12.697487	5.007390	3.000000
1.638788	25.321248	12.001007	5.749554	17.958526	-7.959502
12.290686	14.616232	9.281466	11.827519	6.079092	2.768884
11.118596	19.594527	0.479479	-0.791393	10.497136	-2.982239
3.072913	-2.103769	6.705348	6.410303	5.260799	-17.543228
15.683560	19.839129	15.663449	-16.017820	4.399945	-2.385430
7.620639	6.812395	14.623831	-6.261861	7.415101	2.951482
0.000000	0.000000	5.000000	5.000000	10.000000	3.000000
10.632385	9.000000	8.000000	11.000000	10.000000	6.000000
-3.207816	11.000000	10.000000	2.000000	8.000000	10.000000
7.534881	18.541937	23.894883	-8.037633	10.000000	8.000000
-8.434108	-1.002081	8.041212	8.623471	1.640178	-4.927833
15.447923	2.000000	6.000000	3.000000	0.000000	3.000000
12.400475	8.142457	9.659256	7.537497	15.874472	8.938152
11.593868	11.812232	9.959937	5.046949	11.036818	5.543269
6.780413	9.615896	13.907029	-1.631953	7.010473	3.719972
11.498369	7.492987	6.758338	6.666426	25.805426	-6.146100
13.261392	3.000000	5.000000	6.000000	4.000000	4.000000
6.898343	9.000000	10.000000	5.000000	10.000000	3.000000
11.413007	7.629011	11.383073	3.000309	17.554479	-1.936581
5.847744	7.381346	8.054653	3.325145	5.454171	1.000000
-0.001836	12.140891	-0.826554	12.093640	9.742160	11.070196
10.518721	3.058950	11.920304	1.024105	13.379577	5.421782
5.000000	10.000000	2.000000	9.000000	6.000000	11.000000
1.672134	8.850281	17.084673	3.192442	5.000000	10.000000
-0.883546	-10.020988	5.908405	4.283740	-6.539352	-9.146339
14.593645	16.985948	8.503246	14.972445	10.038357	-4.778891
13.999660	22.017699	13.739308	3.522169	10.149591	-7.825265
8.485401	28.798614	13.332956	1.061573	7.000000	1.000000
1.000000	9.000000	4.000000	2.000000	4.000000	9.000000
9.229366	12.629659	18.344842	-2.732653	10.336521	14.470101
10.217094	15.799601	10.618920	5.221109	6.534721	3.384761
0.000000	1.000000	2.000000	10.000000	4.000000	1.000000
15.178364	14.307361	4.290865	20.259653	11.409539	3.375280
7.315518	1.000000	5.000000	2.000000	0.000000	3.000000
12.456997	10.070078	15.944732	1.962709	3.784180	-4.691300
10.776782	9.228020	9.891584	11.868195	-1.534364	0.936478
-11.041961	3.533053	16.430222	12.074738	12.589015	8.000000
19.935762	9.852206	8.404337	3.561580	20.346558	0.024494
12.110095	1.000000	8.000000	4.000000	6.000000	10.000000
-6.408820	10.671361	3.562448	3.025820	9.288544	-17.636256
2.666581	20.942063	10.000000	6.000000	2.000000	11.000000
17.003067	26.449022	6.741163	-0.545604	8.857627	-17.179359
0.686308	10.084336	21.004810	-5.046002	9.029158	-0.836166
1.768063	6.957016	7.517267	2.338850	9.109635	1.071731
5.499262	14.215859	8.966536	-6.892390	9.493618	7.415939
2.860733	20.861307	18.032840	-0.179052	5.343553	-0.808155
1.682439	12.758261	8.208200	17.797896	-2.390300	7.473198
5.000000	5.000000	3.000000	5.000000	9.000000	4.000000
3.018799	6.586221	13.054284	-9.775250	3.428277	-8.179819
-0.342429	-7.694681	3.484252	15.589759	2.907079	0.553621
21.195009	26.992485	22.950272	13.953865	22.531859	12.059942
-3.259226	18.125000	10.177185	4.730987	5.978254	-9.823345
-3.870189	8.787498	17.938937	9.403769	-6.522663	7.000000
26.159034	25.835076	19.149490	5.655539	15.552911	11.032107
4.373484	7.149405	1.000000	2.000000	4.000000	1.000000
7.128047	8.661684	18.427401	3.530450	20.039341	-4.476892
0.612002	19.586716	5.829441	-3.924891	11.965948	-6.083634
12.323621	26.964784	7.000000	0.000000	7.000000	7.000000
1.932055	12.291116	17.040146	3.894506	28.802313	6.673466
14.999728	0.455787	2.733365	12.854695	12.418083	1.608790
1.643011	3.563362	19.501881	11.739795	8.002705	5.320089
18.794879	-2.076107	13.726661	0.878560	8.683354	4.811788
5.631762	8.830682	14.197723	8.000000	2.000000	3.000000
7.349504	4.721722	3.671100	11.533261	5.618887	-3.978431
7.810211	20.896295	9.285691	-6.062664	-3.670385	2.061606
11.057187	24.033273	5.505215	0.783767	8.000000	11.000000
17.704975	22.572699	12.012916	12.636355	10.504652	0.541766
10.162485	11.426209	14.664808	2.997296	3.889400	1.902483
-5.027385	5.267474	3.407245	7.822874	20.531385	9.281203
0.801229	16.109851	7.491995	10.601315	11.000000	8.000000
11.000252	20.722922	12.472016	2.000000	9.000000	11.000000
4.000000	6.000000	10.000000	10.000000	5.000000	11.000000
4.669306	11.028435	18.263090	11.883057	13.109229	4.534275
21.090867	22.878784	3.529516	-3.165108	6.049855	-5.072518
8.000000	3.000000	8.000000	1.000000	5.000000	2.000000
6.771397	31.424755	18.942713	0.000000	11.000000	2.000000
5.752145	-1.115200	16.448188	8.692899	7.705547	3.000000
5.994921	0.949406	11.079817	1.285364	6.936713	9.000000
-1.250107	20.766269	11.548097	6.579615	-2.114264	-4.614924
18.682910	1.403323	8.801349	12.436954	14.178542	-1.700311
15.870407	13.554966	6.449400	-2.750017	7.663127	2.572088
0.101921	9.448093	9.030379	-0.849141	-4.573711	2.953734
16.179039	-1.178310	8.471787	5.000000	4.000000	11.000000
7.724252	10.109474	18.240379	2.092669	11.765310	-16.901478
7.473532	12.220118	9.639114	-0.773946	7.824762	-3.782179
15.045340	14.173834	5.235090	-0.298624	-1.189524	-14.627050
13.105684	21.027348	5.114693	0.879342	11.520730	-8.340331
16.231653	8.787112	5.943712	3.472255	14.882053	-2.509788
9.680213	8.735846	4.444677	5.030326	14.640490	3.000000
9.045881	21.162107	13.420632	4.527414	2.255482	-6.050795
-1.236965	12.905586	14.581232	9.039136	13.592801	4.412536
7.326263	26.717736	16.505976	1.399725	3.000000	4.000000
24.459919	22.191068	13.574622	-1.721289	15.738512	8.094432
7.000000	6.000000	7.000000	7.000000	2.000000	3.000000
28.333383	21.724269	21.716367	-5.629670	21.247924	4.373158
7.020901	-2.633717	3.702141	3.840867	15.831042	12.329150
10.947036	2.041303	10.973464	-4.237743	14.053773	-1.746171
12.152323	7.000000	9.000000	5.000000	6.000000	8.000000
18.632469	11.833257	6.987578	18.486913	9.490308	-5.702019
-6.826880	3.524256	17.275502	0.596224	5.363264	-6.788572
-4.814933	10.667863	8.000000	10.000000	3.000000	5.000000
4.222167	21.178933	11.019314	-2.756015	14.324935	12.206139
3.874024	3.000000	10.000000	4.000000	5.000000	1.000000
8.308756	16.612472	9.109077	4.000000	10.000000	3.000000
6.243703	9.534951	1.000000	1.000000	6.000000	8.000000
-0.017460	17.722519	11.891588	15.889228	5.355629	3.752416
-2.646250	8.764383	8.876854	3.744028	9.652465	0.532676
7.458551	12.297370	11.341787	4.000000	9.000000	6.000000
9.000000	6.000000	6.000000	8.000000	10.000000	3.000000
9.191898	11.710419	2.797191	0.161827	4.635446	2.000000
8.455972	6.741451	17.148144	14.222176	3.311500	12.931128
5.615125	13.610481	3.660654	-6.130329	6.713498	-12.785686
8.582896	19.782632	15.262692	1.525003	8.016874	4.921511
16.419105	18.609223	16.805996	-2.012166	14.760918	-9.072552
14.516722	4.523522	4.187990	24.318108	11.915837	3.536191
8.991839	23.218629	19.022111	-0.710352	17.022171	-1.868435
-0.326779	3.250874	19.255089	16.149338	-8.090650	-10.377863
-1.097117	-6.311537	13.568640	-4.659076	10.169243	-7.142792
3.255035	16.584445	-2.160058	-4.672584	13.798571	-12.999322
-0.351151	13.537625	18.089084	-0.697002	13.427950	-10.133612
5.870340	16.002743	13.995715	13.728204	6.095112	-0.021919
4.061540	10.000000	8.000000	4.000000	7.000000	6.000000
7.926879	22.661423	25.406104	-6.477613	7.636647	-0.085774
3.790336	13.671329	14.266330	6.029530	20.213999	10.765169
15.314222	6.101179	1.354616	1.558820	5.886973	3.504047
10.880949	15.813076	12.044509	2.386970	13.952929	-3.392335
1.782742	20.672405	19.874805	-3.441106	11.959458	2.730853
9.351302	27.391999	16.793520	-3.897476	2.044502	0.427191
-1.651190	-0.458544	13.961703	8.000000	11.000000	4.000000
14.913375	15.853357	10.335115	7.673883	15.902578	1.089680
-3.892236	2.979574	4.430654	22.673582	1.005878	3.398412
5.490505	1.485290	-5.144125	8.764988	7.135881	3.251535
-4.373669	-2.080059	9.995790	-1.564022	16.587098	-4.155380
19.867307	0.524651	-4.300103	8.544034	1.081500	0.000000
12.583963	4.734731	13.322182	22.321357	4.043791	-11.637468
7.617880	6.011253	5.228098	2.933200	-0.338754	-2.879990
5.039307	35.240314	7.052570	1.756704	14.528251	-0.047910
4.006271	18.682219	16.697310	-12.726966	26.694241	0.235883
12.092368	16.737605	17.301669	1.377296	6.174928	-3.555233
9.948480	-2.659332	15.441288	16.737788	16.756782	-0.982365
9.562324	1.420173	21.544529	18.831025	13.400221	9.000000
13.601978	11.131858	21.937351	9.036806	19.568398	-4.142779
10.728822	-3.374189	11.793606	4.876468	10.685688	5.578741
12.823356	16.558218	26.392710	5.070223	12.990462	-4.331591
0.970296	23.211461	23.298192	10.000000	2.000000	4.000000
20.950235	-0.584807	10.417278	7.761482	8.566598	-4.664176
4.220872	7.922458	18.689761	1.729045	19.208145	-1.205659
-2.387855	3.809593	11.246775	2.536424	8.640629	1.000000
13.585165	22.779401	16.476388	11.722729	18.300059	4.422695
4.059233	11.171398	4.496879	4.729773	15.164210	4.000000
0.728739	6.391747	20.518221	0.044784	11.054960	5.802713
12.272742	9.086005	-0.023466	3.804277	9.221540	-5.557246
-0.348057	13.085940	10.519334	4.260139	16.203519	-3.677350
2.737541	14.508237	14.675021	-0.971898	6.541295	-16.624813
15.260358	-4.575077	-0.105058	8.254427	4.888275	-6.739494
1.000000	3.000000	11.000000	3.000000	4.000000	2.000000
2.465093	3.220615	5.254885	3.521216	10.000000	3.000000
14.165475	5.000000	3.000000	10.000000	2.000000	7.000000
6.626042	12.776764	5.914052	6.300909	3.735067	-14.363915
3.000000	11.000000	7.000000	5.000000	1.000000	7.000000
9.461996	6.800446	-2.399595	9.473039	3.356862	-4.311279
5.000000	0.000000	2.000000	4.000000	0.000000	1.000000
24.786002	13.711295	7.854244	19.421986	13.020682	-3.172063
11.342591	7.214279	13.061393	6.529539	-3.191448	-6.372912
2.771680	15.051922	15.302399	9.971562	2.484972	-1.784559
3.039567	24.280812	14.049043	13.114522	13.249854	2.157474
2.000000	6.000000	7.000000	10.000000	2.000000	8.000000
7.725197	-2.651050	7.451505	12.704060	15.015526	-4.207100
-4.062532	16.213495	11.000000	7.000000	3.000000	9.000000
18.108092	15.063917	13.060673	1.017937	6.000000	8.000000
19.697280	17.241376	6.211813	3.000000	3.000000	8.000000
6.000000	0.000000	11.000000	5.000000	2.000000	0.000000
-1.621854	10.538898	14.864535	-5.930892	-2.448103	8.434381
8.000000	10.000000	0.000000	8.000000	5.000000	10.000000
6.665250	23.808038	9.322090	4.312963	4.569892	-21.031300
12.439716	22.795469	12.213956	15.813150	12.267050	13.620841
14.326409	23.756687	6.372259	2.705433	24.597077	0.521957
19.195221	-8.597820	2.816142	10.897013	11.650987	8.000000
16.073212	20.885886	3.753417	7.322175	-3.332412	-16.086964
8.723065	9.781204	17.521417	2.661898	19.707629	9.578351
4.716223	13.271346	7.362765	11.708562	12.729372	0.228160
13.435804	14.824455	11.000000	3.000000	2.000000	1.000000
7.072335	8.309136	19.083825	-5.990557	10.473956	15.667428
13.244950	6.036865	11.736907	3.977986	8.939659	8.000000
5.000000	7.000000	1.000000	0.000000	0.000000	10.000000
4.704113	16.449013	20.115575	3.049197	14.581369	12.055556
1.881630	7.000000	6.000000	5.000000	11.000000	6.000000
10.513755	-7.743630	1.177339	5.153879	2.980687	-10.933360
7.623162	8.190127	8.486128	-5.823781	0.726622	-1.305988
6.792149	-0.892910	24.572115	-2.349540	13.071272	-0.167047
15.596698	4.165691	13.214246	4.680299	10.080000	7.212696
-8.800076	23.376236	3.463632	7.886324	-3.173801	-7.882624
4.204946	18.064897	4.000000	10.000000	8.000000	11.000000
-0.421491	0.373244	-9.155326	7.898419	4.000000	0.000000
3.311129	14.177235	0.000000	11.000000	6.000000	8.000000
0.657098	19.888088	11.659563	4.902642	10.192070	7.983801
-2.595624	5.108296	13.832382	15.968313	10.054045	7.567136
8.549806	-1.798983	15.150949	4.000000	3.000000	6.000000
-1.307363	1.000000	6.000000	0.000000	2.000000	1.000000
6.320064	14.886481	25.696297	-1.844107	11.410047	5.354248
-3.986935	-10.090921	18.427377	9.000000	1.000000	5.000000
8.636723	14.531748	8.666204	-9.697563	11.395041	5.706083
7.758660	8.535191	6.696964	1.493231	3.000000	0.000000
-6.117307	-0.854552	4.271814	-0.482927	12.215848	-13.047717
-2.021942	7.010333	14.229224	7.000000	9.000000	3.000000
11.000000	4.000000	6.000000	10.000000	6.000000	9.000000
6.402180	22.767415	25.010129	-3.251446	23.525509	-1.583058
3.536861	22.724436	2.000000	3.000000	6.000000	5.000000
9.257014	20.988237	9.127709	10.988376	14.177604	-4.908875
7.819700	9.320997	14.091349	3.000000	9.000000	11.000000
10.310837	8.039225	16.620363	-0.580156	6.153034	3.097583
11.282351	9.000000	8.000000	3.000000	4.000000	5.000000
11.677605	18.145292	20.304736	7.223079	3.663553	-1.093082
16.731701	15.717281	16.316699	-1.398781	9.644579	2.100626
17.877781	15.573519	-2.558438	21.031997	19.101576	15.932236
4.244604	11.231501	15.194114	-1.772601	4.888302	-7.319028
0.495174	33.510713	7.611600	10.000000	6.000000	0.000000
-1.793110	7.773163	11.955328	8.000000	3.000000	7.000000
8.075761	6.434526	17.635434	-7.135268	8.857725	19.793544
15.421055	15.775021	14.618493	2.292997	11.684958	3.463946
16.942280	14.186788	4.000000	2.000000	7.000000	4.000000
-6.110739	9.441537	9.667314	-0.686764	7.952814	2.648317
18.346859	18.078041	25.348352	-4.644528	17.389370	7.797146
3.208946	18.639639	0.000000	3.000000	4.000000	3.000000
22.326743	20.459014	19.018458	2.109999	8.726502	1.130222
12.057863	-4.786734	1.000000	8.000000	9.000000	10.000000
12.645842	9.000000	4.000000	6.000000	3.000000	3.000000
1.381676	14.371123	10.381161	8.000000	0.000000	0.000000
15.186871	20.891009	0.000000	4.000000	11.000000	10.000000
-1.426218	-14.656999	7.632901	19.243790	17.765442	2.000000
7.492235	8.434263	11.368565	-4.331529	13.991678	9.000000
9.665762	-2.690189	21.847792	3.296093	-9.562214	2.219235
0.000000	1.000000	9.000000	3.000000	5.000000	5.000000
10.249031	13.980391	8.674438	0.000000	2.000000	11.000000
0.982377	8.352138	-4.763708	-2.708243	7.229630	-3.978587
2.571691	22.032714	4.000000	1.000000	4.000000	8.000000
7.695100	7.824369	3.342897	1.413288	13.479650	15.592232
2.652290	6.921782	7.498353	5.166004	6.010188	0.868303
7.933503	2.000000	4.000000	0.000000	11.000000	7.000000
0.000000	4.000000	0.000000	8.000000	8.000000	4.000000
16.043791	5.018521	12.649643	-6.283824	3.233684	-2.787506
14.898932	22.729320	14.099622	6.216976	3.766135	-0.828315
-6.361188	9.050060	10.614829	10.130813	4.264699	-5.625676
9.540264	3.000000	11.000000	3.000000	10.000000	2.000000
17.401992	-7.602990	13.473660	6.922046	13.274950	11.000000
15.392630	13.249404	15.053117	4.000000	1.000000	6.000000
10.382935	0.956041	5.000000	7.000000	9.000000	4.000000
11.986420	3.554079	20.663748	1.563873	12.903117	-3.303364
3.834557	5.109945	13.640395	11.000000	4.000000	6.000000
4.000000	6.000000	6.000000	9.000000	9.000000	5.000000
6.261820	7.701038	12.632296	8.260543	4.411183	-14.904486
12.986432	6.410598	11.000000	1.000000	4.000000	6.000000
0.435785	25.784670	19.733907	6.698483	13.958489	-2.038016
9.792346	15.844352	8.960642	-9.295158	5.751918	-0.282043
7.669457	10.648580	12.430512	11.019411	9.834281	0.023679
13.316837	7.000000	6.000000	3.000000	1.000000	5.000000
2.049691	5.557989	14.286789	10.164149	9.870786	-3.411611
4.494251	25.697372	6.000000	1.000000	4.000000	6.000000
1.974268	7.766539	17.461143	2.209531	9.257774	5.679788
7.024986	9.000000	2.000000	1.000000	11.000000	11.000000
4.624775	1.121916	14.044136	-1.626557	0.791954	7.000000
5.132809	8.387096	11.142106	10.261108	13.787006	8.687630
7.627767	6.170570	8.041589	9.961856	8.672101	12.972873
0.000000	10.000000	3.000000	1.000000	1.000000	1.000000
3.764409	9.210823	12.960347	19.262879	29.270567	5.535776
7.326200	15.804874	12.228171	1.653263	7.342036	4.197431
2.182184	10.456783	9.540379	4.150301	14.279393	-7.886939
9.000000	11.000000	9.000000	11.000000	11.000000	10.000000
16.519873	5.919693	12.782418	-3.109858	-5.224289	9.109998
13.622826	22.605245	18.109817	-9.347931	13.083201	0.461725
3.368203	2.369361	2.342051	17.133799	7.807145	-8.559600
13.888142	10.880252	19.126362	10.567908	-6.056644	-7.903929
19.304057	17.985672	11.000000	0.000000	8.000000	2.000000
7.109607	14.570178	12.928706	2.880071	-10.759246	-7.675708
2.183457	8.982918	4.000000	5.000000	10.000000	9.000000
1.151372	22.287514	5.208294	-0.077846	17.368498	1.525095
17.518534	-1.101763	16.385560	3.681568	5.452021	1.957986
6.000000	0.000000	1.000000	10.000000	2.000000	6.000000
19.946670	9.450165	16.703885	-0.240684	22.773151	2.433870
10.014347	21.046105	7.036443	10.048190	18.942350	-1.123649
12.280761	13.801353	-0.367611	0.476566	14.251825	-16.207632
9.802408	14.771695	24.338713	1.182953	15.358310	-0.188285
12.266027	15.009708	14.242582	-0.999848	5.461669	2.990697
17.985475	20.316889	28.033179	3.791755	20.750101	-18.694418
0.925344	11.988912	17.266560	2.267670	14.320274	-1.129983
9.187965	16.379522	19.613025	-2.897368	7.000000	0.000000
2.413624	6.877068	10.398395	11.951844	10.735943	-3.210719
10.079600	13.054331	15.321750	-3.894644	12.182386	-2.452631
15.697974	24.305986	9.178819	-3.625936	6.027854	-11.600107
8.345314	14.332860	13.873620	0.427987	10.561988	-3.411854
22.099852	12.930472	9.280625	11.960418	8.136252	4.567266
6.991835	19.483797	-6.514990	4.400671	12.038055	3.000000
-10.581228	14.701916	12.278276	-4.723094	7.864103	-5.739607
3.939122	5.402037	13.037688	3.216301	27.757241	15.411843
-1.267299	8.000000	7.000000	7.000000	11.000000	11.000000
6.473216	20.642874	24.991105	8.000000	11.000000	2.000000
13.067364	17.709867	8.588013	16.249900	6.918788	-1.584844
-0.020503	16.912028	1.000000	11.000000	9.000000	10.000000
1.709803	15.001106	10.174503	10.082151	13.224305	6.718762
20.586929	16.835324	16.377514	1.818189	22.842156	-2.774327
9.657784	31.153571	20.974471	-3.098108	24.282310	4.653055
-1.114060	12.697906	16.811863	5.000000	11.000000	4.000000
15.334885	2.000000	11.000000	5.000000	0.000000	0.000000
13.432422	18.578090	13.561682	6.802008	7.182179	-6.136995
8.702920	19.348180	5.367257	7.000000	11.000000	9.000000
12.814460	-5.331354	4.940851	15.526137	9.760571	4.000000
-4.417289	2.768642	10.920803	-8.850884	4.869817	7.312598
17.862189	10.546771	12.268476	3.733642	9.210577	4.514359
13.653032	15.894463	20.076710	6.352883	15.445130	-2.398245
7.367433	10.452305	16.052598	5.652170	5.000000	11.000000
10.000000	3.000000	3.000000	2.000000	10.000000	10.000000
13.074008	14.221592	20.344213	-3.166064	10.661082	-9.216689
1.481154	12.954738	5.619631	4.894865	2.286720	4.579679
10.528916	8.257883	7.773210	1.397733	6.000000	0.000000
-5.296588	4.000000	3.000000	11.000000	5.000000	1.000000
4.711570	2.000000	8.000000	9.000000	7.000000	10.000000
6.013560	5.800936	27.146277	7.065602	27.793992	11.867213
4.204333	11.278868	18.523324	1.617050	8.641026	11.607896
1.978315	3.000000	10.000000	0.000000	8.000000	7.000000
-1.648760	4.506341	10.180657	12.339003	12.215632	5.000000
2.709881	23.716533	16.157918	-4.187800	7.831012	-11.400206
7.409011	3.504934	1.528565	16.723244	5.463633	0.947756
6.388341	8.233993	22.776947	11.333312	9.000000	4.000000
12.314576	-0.684014	8.918661	-3.129892	11.628293	1.000000
12.819129	0.000000	10.000000	7.000000	3.000000	8.000000
1.000000	2.000000	6.000000	5.000000	9.000000	10.000000
