5.104547	3.451984	9.117762	0.000000	5.691047	8.427432
2.265716	15.444357	0.000000	10.117675	1.305615	15.610694
7.750341	5.204214	0.000000	5.000000	11.000000	2.000000
4.784724	11.306015	3.655979	11.111767	10.962507	8.029036
4.096095	0.000000	8.817570	3.813117	0.000000	9.000000
11.434217	1.092792	10.815733	2.654357	0.000000	10.000000
6.335434	2.578521	0.000000	0.000000	4.000000	0.000000
5.662386	6.357842	4.852376	0.000000	6.000000	8.000000
16.235686	0.000000	9.000000	10.000000	0.000000	10.000000
12.264257	0.000000	17.017271	7.339802	1.367755	15.478649
1.680854	2.681041	4.439834	2.839912	0.000000	10.970412
6.861846	23.942073	4.706992	0.000000	1.000000	5.000000
4.297223	0.061593	4.041128	0.000000	14.107966	0.000000
8.646194	4.230629	0.000000	3.000000	8.000000	11.000000
12.593285	4.392866	5.637469	4.232686	0.000000	11.979730
8.143084	2.549872	13.376195	2.393665	7.014775	3.190744
3.219305	2.278707	12.322223	12.012136	12.201602	9.509896
20.428737	2.718495	5.005545	14.282221	0.000000	0.000000
17.976474	0.000000	0.000000	10.000000	7.000000	2.000000
15.862680	0.000000	0.031918	0.000000	3.236804	0.000000
14.477016	5.642430	1.733698	0.000000	7.000000	1.000000
9.553396	5.618819	4.991267	2.287583	0.000000	20.743483
23.304427	0.000000	8.000000	10.000000	5.000000	4.000000
15.342925	0.000000	7.893131	9.941639	0.000000	3.510244
9.096718	0.023995	12.933689	18.424104	0.793050	7.350562
8.251825	0.000000	6.279026	8.781020	2.185116	8.659959
5.629101	6.065031	0.000000	0.000000	1.000000	2.000000
5.352386	0.000000	5.000000	6.000000	2.000000	10.000000
17.018278	4.833621	3.727857	2.181427	0.000000	0.000000
11.790139	0.000000	6.702431	6.041186	5.659057	0.000000
5.750424	16.159217	5.836829	9.297304	0.864212	8.927326
16.186478	2.816828	9.278543	15.629810	0.000000	12.799161
7.172051	0.000000	3.118912	3.941155	0.000000	3.362767
23.833292	1.243411	17.237071	5.468553	5.427539	6.568432
10.452151	8.167495	8.095455	5.207026	5.182574	13.991603
11.952178	3.018156	5.117077	1.146047	0.000000	7.228376
0.178457	5.375840	9.518011	11.473795	17.001230	9.255492
18.341913	15.234572	11.075992	8.495279	8.987126	10.903639
8.790775	2.673638	9.709531	0.651734	0.097050	8.002530
11.085559	0.000000	15.104958	14.768798	11.173496	5.884028
0.000000	1.103486	11.948261	6.947917	0.000000	3.000000
10.553194	3.470727	7.864398	7.664814	0.000000	13.176873
19.390176	2.829516	0.000000	8.000000	5.000000	0.000000
6.828662	0.695024	5.282768	1.211188	2.123078	10.354155
13.794710	10.347346	7.758332	11.559672	0.000000	7.602992
13.081494	6.949605	6.155659	8.891498	0.000000	15.723671
8.561212	2.850977	7.406639	2.873512	0.000000	9.000000
7.638851	0.437962	4.049669	4.720810	17.866894	5.400001
8.991587	5.817234	13.345621	10.564529	11.291178	8.721426
0.000000	0.000000	8.000000	10.000000	10.000000	0.000000
7.229292	0.000000	11.350092	11.865784	0.000000	5.000000
11.028158	0.215942	8.950098	9.301636	0.000000	8.000000
23.186165	1.153296	2.125615	17.932401	0.000000	11.884199
2.007604	4.464286	0.000000	4.000000	5.000000	10.000000
1.775556	6.971051	11.412422	5.801749	10.596565	18.183368
0.525260	5.254685	6.020496	2.276640	0.000000	19.064848
13.767933	6.375170	0.000000	4.367620	2.516870	0.000000
3.061519	0.000000	5.124787	8.437891	3.285870	2.462807
10.076784	5.019315	3.628464	5.117097	4.330680	0.000000
10.479644	4.533740	7.588855	7.724806	0.000000	9.437989
13.572469	0.959569	15.077680	8.234342	10.714113	1.739407
9.652364	9.713397	0.299465	3.086501	0.000000	9.088986
15.924398	5.880428	4.656056	12.949710	0.000000	10.708181
13.313550	0.000000	5.392950	2.440882	0.000000	3.031361
15.265477	5.350653	11.532629	18.035418	0.000000	12.938590
8.126169	2.089584	0.000000	1.000000	11.000000	5.000000
0.000000	7.000000	10.000000	1.000000	1.000000	0.000000
5.982609	8.416671	9.682056	7.565143	7.385069	14.352593
1.816456	0.000000	3.999690	15.732670	0.000000	7.854379
4.786309	0.135081	4.361908	0.000000	6.000000	6.000000
0.000000	3.740971	6.353632	3.712758	0.000000	8.000000
0.000000	6.000000	9.000000	7.000000	5.000000	4.000000
9.702044	3.533655	16.604397	6.108851	12.091915	5.346896
9.097187	0.912474	2.095073	8.330320	0.000000	11.268593
10.771661	3.640614	11.986868	10.417177	13.461796	0.000000
2.104925	8.262881	2.737156	22.539519	5.316359	16.544089
11.836218	1.647507	11.343873	7.401069	7.527034	0.000000
9.755510	4.700505	8.541676	0.000000	1.000000	1.000000
19.776750	0.000000	4.520314	14.616020	0.655226	0.000000
0.000000	6.000000	9.000000	4.000000	7.000000	3.000000
18.464178	3.186923	5.338278	2.236875	0.000000	2.000000
0.000000	8.000000	11.000000	3.000000	3.000000	7.000000
2.163158	11.085913	8.563502	7.443737	0.258918	13.623393
0.000000	6.641018	4.665175	0.000000	1.000000	2.000000
2.941099	8.789512	2.540340	0.000000	8.000000	2.000000
12.468816	0.654030	0.000000	11.000000	4.000000	2.000000
5.209300	5.953279	7.398844	0.000000	5.000000	9.000000
9.708814	5.071863	10.537609	16.991550	4.481974	4.859566
19.982646	7.584914	0.000000	5.589854	0.000000	0.000000
11.433882	4.588308	0.376349	0.000000	9.000000	0.000000
14.632882	9.549875	9.850419	2.184895	0.000000	17.464615
3.567360	0.819742	20.009586	0.928817	19.407065	5.380125
6.352934	0.000000	10.640040	11.090885	0.000000	8.685298
12.271422	8.206906	4.475060	13.737036	7.769953	7.679877
14.537428	0.000000	9.062178	6.616570	0.000000	10.164380
14.356793	2.428974	12.915783	16.739282	4.974251	12.847764
0.000000	9.000000	10.000000	3.000000	9.000000	9.000000
4.177590	1.063747	22.949536	7.729851	20.466470	0.000000
3.768278	0.789389	19.442730	17.644812	19.865492	0.000000
15.339095	0.000000	9.078277	0.424779	0.000000	8.641260
15.369925	2.935759	4.625447	5.867802	0.425551	11.257064
0.792097	6.815662	6.021385	0.000000	5.000000	10.000000
11.526674	2.966571	0.000000	2.280795	0.000000	5.713052
12.924503	4.471425	0.079583	0.000000	0.000000	0.000000
20.150582	13.243648	0.000000	10.170926	2.110065	13.500464
9.341578	6.288870	4.345528	17.213578	0.000000	0.000000
15.224924	0.000000	12.931787	5.414660	0.000000	10.331968
7.042490	5.921738	18.111000	8.082685	3.898091	14.600144
0.000000	0.674353	16.148345	3.442871	9.627108	9.494470
5.888940	10.045609	3.323032	0.000000	7.000000	10.000000
16.575295	0.156697	2.561810	12.601409	0.000000	0.000000
0.151131	8.004310	1.735512	0.000000	8.000000	2.000000
0.000000	3.000000	10.000000	11.000000	5.000000	11.000000
0.000000	3.350482	9.755237	0.000000	7.000000	3.000000
8.985999	7.774000	7.538029	11.872054	5.158576	8.239895
3.867106	0.000000	19.661970	9.684097	5.524772	3.495484
9.254421	0.000000	0.000000	4.000000	3.000000	0.000000
8.064952	3.563602	0.000000	2.000000	5.000000	6.000000
12.538463	8.172290	5.898207	4.502688	0.000000	12.356286
16.129067	0.000000	6.000000	1.000000	1.000000	2.000000
7.751900	0.000000	3.178510	3.242704	0.000000	0.000000
0.000000	11.367720	3.218073	0.000000	3.000000	6.000000
5.635387	14.530177	2.507390	4.081050	0.000000	14.832042
22.102539	0.000000	3.000000	10.000000	6.000000	3.000000
0.493991	0.642052	10.859545	13.222890	4.888230	0.000000
7.403608	11.473005	7.661133	20.580776	0.000000	8.502173
20.038195	2.951947	11.218081	14.306334	0.957281	8.738637
6.245973	2.435359	0.000000	8.346684	3.196440	0.000000
17.565673	0.000000	10.000000	5.000000	5.000000	0.000000
4.643316	0.675813	4.997627	5.305191	2.659996	8.832005
21.393391	5.581174	7.302642	18.893394	11.171553	12.065553
3.739036	2.689609	4.834200	2.817141	21.378023	23.250288
12.854946	2.538155	5.855734	9.479916	5.797442	13.759216
16.641937	6.321204	0.000000	7.000000	8.000000	3.000000
10.183629	5.604481	9.605761	0.000000	9.000000	9.000000
16.204545	4.673602	1.954033	19.414100	0.578413	0.000000
2.240560	0.000000	14.248993	11.030601	8.894509	8.982121
0.000000	6.000000	6.000000	7.000000	8.000000	6.000000
19.503708	5.576048	8.901287	6.956315	0.000000	13.386151
13.577633	3.973837	7.207039	7.660466	7.517722	6.668704
15.696514	0.000000	11.227829	5.627935	3.471882	8.949559
17.960352	0.000000	7.710219	13.603494	0.000000	7.857910
7.881577	9.850609	9.459098	15.346609	0.656388	11.847571
16.522328	7.983683	10.143287	10.304360	1.079876	0.000000
3.187624	9.590015	8.155813	14.049566	7.134675	14.364755
27.178308	4.080063	8.028918	8.157630	1.269143	16.055950
10.001109	6.349586	2.376441	16.677083	0.000000	0.000000
10.746698	17.772764	2.336996	0.000000	3.000000	3.000000
21.212541	0.000000	5.622518	5.709624	4.183918	10.586314
19.781852	7.738174	5.415781	14.930673	0.000000	11.552186
14.102654	0.000000	7.061816	10.367541	4.777562	0.000000
13.698791	1.552897	3.182837	0.000000	3.000000	4.000000
15.282204	0.820268	16.535994	13.620957	7.203951	11.381374
0.000000	3.000000	4.000000	10.000000	0.000000	4.000000
5.792160	0.830456	18.080577	0.000000	13.947930	7.016225
0.000000	0.000000	0.000000	0.000000	1.000000	3.000000
19.149890	9.313242	0.000000	16.439218	0.000000	2.000000
10.486925	3.822241	8.550702	12.495955	0.000000	12.424592
18.318074	11.141883	4.775174	13.498607	0.000000	11.017401
0.000000	13.524448	8.373232	13.511759	16.375199	10.307627
23.791596	0.821835	8.284513	4.919689	0.000000	16.546450
3.407315	0.000000	14.598169	0.472508	0.000000	4.639691
4.737010	0.000000	8.567904	1.112305	0.000000	15.686885
6.161831	0.000000	0.000000	3.000000	2.000000	1.000000
17.774540	0.000000	8.000000	3.000000	10.000000	1.000000
19.257636	3.598641	7.575325	13.611910	1.878771	12.608971
15.632343	3.158938	0.000000	4.265507	0.000000	0.000000
14.397991	5.642299	7.751827	5.347734	5.168642	12.341559
5.488565	6.201058	0.000000	1.000000	8.000000	10.000000
19.770696	6.849038	7.713764	13.989973	5.213983	0.000000
13.356253	8.090006	2.418450	3.415059	0.000000	8.333340
14.134609	3.498174	11.210281	7.135627	3.921199	13.063689
18.051011	7.001010	3.621283	18.049923	0.000000	18.517785
17.074386	1.078655	10.986742	18.033633	0.000000	1.000000
15.966284	0.824823	3.585196	11.624507	0.000000	0.000000
19.583704	0.085099	0.000000	7.934487	0.000000	6.001794
0.000000	3.091170	0.000000	2.424701	1.221244	4.744159
14.568242	3.261343	0.131285	0.495387	0.000000	0.000000
23.186701	3.204656	5.309366	7.806094	2.020464	6.521789
4.098951	3.345126	4.773421	12.356823	3.508838	6.357207
13.416008	0.000000	3.363997	16.896338	1.580750	2.358688
6.935146	6.900601	17.647909	4.255698	3.616304	21.294114
9.003406	3.458858	0.000000	25.151195	0.000000	3.604198
19.122107	0.000000	6.000000	8.000000	9.000000	6.000000
2.316162	10.010989	6.154660	7.024493	9.062544	0.000000
21.976201	3.891258	8.421176	8.058905	0.000000	10.688239
0.000000	11.000000	8.000000	2.000000	3.000000	4.000000
6.109873	0.966722	10.286930	7.714633	3.392372	0.000000
2.347482	0.000000	1.000000	7.000000	7.000000	7.000000
8.123301	8.856296	9.990564	7.828891	0.382923	13.395645
9.374131	0.000000	10.000000	10.000000	10.000000	2.000000
2.719005	12.603577	5.189721	0.000000	10.000000	8.000000
12.038164	16.454870	0.000000	0.000000	5.000000	5.000000
4.477157	5.628468	0.000000	8.100020	0.000000	2.794731
8.797698	0.000000	12.301486	14.993521	6.086786	13.941984
0.000000	0.000000	10.778568	0.000000	7.000000	3.000000
2.479454	18.899515	0.000000	1.000000	4.000000	5.000000
0.000000	9.000000	1.000000	0.000000	0.000000	7.000000
10.572243	0.000000	1.915508	16.867545	6.837169	8.401303
0.000000	11.000000	10.000000	4.000000	7.000000	8.000000
1.576697	1.451577	9.288393	1.455116	0.000000	7.403281
3.174170	1.315395	11.377704	3.504688	9.574751	8.175450
12.060379	7.578287	3.287688	16.940892	2.675485	10.220554
9.265928	12.526160	0.663840	7.278014	2.096598	6.057578
11.295846	3.202812	8.595977	7.956833	0.000000	0.000000
6.452096	2.851351	10.384129	0.279922	4.624988	19.560106
0.000000	9.000000	7.000000	0.000000	10.000000	2.000000
5.310120	3.695178	6.321732	10.496397	9.179302	0.000000
7.366618	0.000000	11.255178	3.264505	0.000000	5.267088
14.244374	6.887533	5.943314	7.025065	0.000000	9.996791
8.221049	0.000000	11.862828	11.703236	12.985636	5.941294
0.000000	8.000000	5.000000	2.000000	2.000000	1.000000
8.712166	12.050231	4.381728	12.921878	2.475932	13.710606
3.511992	6.723027	10.058090	12.670492	0.000000	16.027372
5.988100	2.021851	12.406855	0.000000	7.000000	11.000000
3.938594	3.130163	0.013196	7.843034	0.000000	12.827567
19.990890	0.133889	1.720630	7.543363	0.000000	0.000000
10.173580	0.000000	3.000000	2.000000	3.000000	11.000000
0.000000	0.000000	8.000000	11.000000	0.000000	0.000000
7.224739	4.047131	10.103678	0.000000	8.755842	0.000000
6.713218	6.485688	4.760942	5.607493	6.446693	0.000000
6.452128	0.000000	7.000000	0.000000	8.000000	9.000000
0.396793	13.996228	15.553362	10.671015	12.441171	12.117597
14.883087	4.497864	9.353644	7.909449	0.000000	14.124969
26.558319	7.887562	4.754454	0.000000	8.622762	6.573031
20.624231	1.163914	2.556455	10.751974	3.518257	0.000000
13.570849	0.000000	8.123327	5.372989	0.739271	0.000000
6.436079	0.273119	14.210420	0.000000	1.000000	8.000000
23.220047	2.725878	3.394361	8.279803	4.441731	0.000000
14.077469	0.000000	2.763487	12.594108	0.000000	0.000000
4.655899	0.000000	3.549063	8.883762	0.000000	7.000000
6.047317	0.000000	14.033815	10.194165	1.097805	12.973384
16.042330	9.585770	7.077119	7.043748	0.000000	4.000000
16.487428	2.565681	8.567066	10.390412	0.000000	12.023324
9.297573	10.030880	6.809959	13.555405	0.000000	7.000000
11.748882	0.387028	0.000000	1.483409	3.652513	3.324091
17.035710	2.184154	3.640903	8.171926	0.000000	13.719946
6.061778	14.195719	10.541850	11.679156	3.024913	20.527918
11.310055	0.000000	11.961902	6.999554	0.802494	10.861051
13.742579	0.661429	7.854724	5.651490	1.607479	4.451447
11.308470	2.068798	9.189475	7.374863	2.512902	7.792794
10.535334	2.896582	5.952310	6.133493	1.901629	4.671635
14.374040	1.564533	6.154392	0.000000	0.938498	0.000000
11.322438	4.379804	0.192800	13.296747	0.000000	0.000000
13.905105	8.654332	15.508177	16.944740	3.323705	15.920413
6.990666	0.000000	11.000000	9.000000	3.000000	4.000000
3.125064	6.244686	5.594049	4.140874	8.878741	15.743849
16.930390	5.656134	7.256057	9.688236	0.000000	10.446237
18.176219	5.282170	0.000000	1.000000	4.000000	9.000000
10.572180	1.123415	5.360756	0.000000	9.000000	11.000000
21.098807	5.413909	6.044040	0.000000	4.819641	10.821480
7.551036	0.000000	10.387856	1.689697	0.000000	9.000000
17.034986	9.426411	7.082712	10.776322	0.268161	12.865816
4.471574	28.812265	4.542980	15.577330	1.625923	32.092287
9.705014	17.320988	0.000000	1.008727	0.000000	1.000000
18.496126	0.000000	5.333455	10.198230	0.000000	8.000000
21.260688	1.066224	9.137559	15.107589	6.373720	0.000000
17.915271	2.722445	4.405813	12.070498	0.000000	9.629715
22.435195	2.910815	5.470336	11.548639	0.000000	14.127280
12.443837	0.837565	12.947511	3.137466	0.768440	7.413434
14.511449	0.000000	4.000000	2.000000	10.000000	9.000000
3.708530	3.484897	0.343417	9.285645	13.691076	0.000000
19.331687	3.409952	3.631918	8.086996	4.704053	0.000000
6.488014	0.582564	0.000000	1.187155	10.369865	3.451513
8.278750	0.000000	7.292239	6.038160	0.000000	5.000000
17.780386	0.000000	5.175585	0.000000	0.000000	10.742539
8.034280	2.112769	14.718683	2.092708	10.574963	0.000000
0.000000	11.000000	1.000000	8.000000	10.000000	11.000000
8.787783	0.000000	14.909278	0.000000	11.116835	0.000000
12.181735	0.000000	8.000000	1.000000	1.000000	7.000000
0.000000	4.000000	0.000000	0.000000	3.000000	8.000000
9.329751	6.701938	6.704470	11.200488	0.000000	18.270533
19.870557	1.912929	9.391271	8.208641	0.000000	7.276598
8.224743	2.995589	9.964477	11.381495	0.000000	7.239002
0.000000	2.000000	2.000000	11.000000	2.000000	2.000000
10.117916	13.507647	10.496387	5.881142	1.787450	20.787008
1.968211	0.393766	6.352981	9.010761	2.587064	6.161664
11.503083	1.897453	9.773080	1.711550	5.666498	20.001155
11.152918	0.000000	14.034255	11.442182	6.558353	6.951460
10.998798	11.004503	1.450884	9.933986	11.570272	0.000000
6.166749	1.663269	6.498164	14.027650	8.006011	5.894713
0.000000	3.698901	11.169814	10.994539	0.000000	14.664647
5.595392	4.085183	15.313500	18.065169	5.678210	8.161357
11.950227	3.485351	2.548791	9.845522	12.020717	0.000000
3.532582	9.403402	9.058036	7.803872	0.000000	8.000000
13.992461	0.115908	0.000000	11.000000	4.000000	9.000000
1.704975	2.175686	2.884430	7.514635	12.009312	18.510264
14.811855	8.024777	10.017590	10.754631	3.229924	12.837723
0.000000	0.000000	7.000000	10.000000	11.000000	4.000000
11.277008	2.261261	18.960705	17.758395	12.399674	1.863147
3.301055	0.631326	4.490656	0.230821	0.354708	13.097044
11.042806	10.905141	7.565498	14.517380	2.917997	11.468714
6.243337	0.000000	6.000000	3.000000	8.000000	8.000000
5.626573	8.818867	6.897422	6.096021	0.972826	25.846534
11.316574	0.935287	16.134466	0.000000	9.236781	1.839571
7.056087	5.944324	6.094932	7.122442	0.000000	5.548026
12.232587	4.412999	2.657197	0.000000	3.000000	2.000000
11.986928	6.417564	9.617216	0.389183	4.238588	5.390191
11.961988	1.300366	9.752882	6.811081	0.000000	7.389920
7.243167	6.026440	0.000000	4.000000	6.000000	11.000000
14.380177	0.000000	4.000000	3.000000	8.000000	7.000000
13.794977	3.438376	5.715097	0.543565	0.000000	16.794391
7.973720	5.793684	6.582301	7.194100	0.000000	0.000000
20.336057	13.089992	0.000000	16.250778	0.000000	10.716118
8.024383	3.001034	11.112936	9.434421	3.520185	10.733173
15.206055	9.835948	3.652203	2.874146	4.444440	18.798730
3.534509	4.634351	0.000000	6.000000	3.000000	6.000000
14.979539	0.000000	8.441255	9.976413	0.000000	6.880154
0.000000	6.000000	6.000000	10.000000	7.000000	5.000000
6.175188	4.821340	0.000000	6.000000	8.000000	4.000000
12.302475	6.639965	6.693751	10.344811	0.000000	9.423566
4.811827	9.275630	4.128514	0.000000	3.000000	3.000000
2.602164	2.883056	14.995365	6.826301	0.000000	16.068301
11.709020	0.337939	13.978884	2.558489	1.856609	19.152196
6.271782	10.521922	0.000000	14.849513	0.000000	10.150007
20.281484	8.765312	5.732040	21.296681	0.000000	10.229788
17.240853	8.976015	0.571102	5.877260	4.965139	0.000000
15.423987	8.498727	6.397240	8.910337	2.554514	12.152123
9.245424	10.360092	2.358871	8.491939	5.066564	0.000000
12.320907	5.925413	8.377988	0.000000	10.000000	1.000000
0.406660	0.000000	10.399800	13.986734	7.035685	6.076548
11.926760	6.361104	3.884628	9.991575	0.000000	9.782207
4.089596	2.172156	13.251055	9.789562	11.899371	0.000000
21.161009	0.000000	0.147529	12.331023	1.736181	7.686976
2.743323	8.823790	8.848896	7.706205	4.257280	11.765468
10.522651	6.522007	7.035805	5.824628	0.000000	15.429433
16.972641	5.868555	8.630776	3.986877	0.000000	12.865773
8.422977	9.695288	7.634100	14.165662	0.000000	9.000000
15.798065	2.277299	1.230048	5.207861	0.000000	7.492858
3.585731	11.241309	8.462007	6.548476	2.869139	4.805295
2.554795	7.412078	7.882671	13.169230	0.000000	14.043394
6.242912	8.474894	2.627658	0.000000	9.183083	7.724602
17.057993	0.000000	5.314964	0.000000	7.633550	0.000000
0.000000	10.000000	8.000000	0.000000	11.000000	6.000000
4.129236	0.000000	2.000000	0.000000	4.000000	10.000000
4.869611	6.231682	6.455719	2.310987	0.000000	2.000000
13.342901	0.203169	8.800849	10.083215	3.874164	0.000000
0.989271	2.956241	14.741346	8.181488	14.309296	6.960911
0.000000	11.000000	6.000000	2.000000	0.000000	5.000000
13.670806	0.416827	7.941592	8.390807	0.000000	9.905911
14.704892	0.000000	6.915713	10.549325	0.000000	8.935033
3.564783	2.206696	7.335414	4.014061	9.009464	12.944729
6.660642	0.501080	22.238808	7.050614	12.348499	8.788802
0.000000	5.000000	3.000000	2.000000	2.000000	2.000000
0.000000	1.000000	5.000000	0.000000	3.000000	2.000000
19.318229	3.187762	2.833693	16.789459	0.000000	12.440627
4.370883	0.000000	5.147956	0.000000	1.369258	0.000000
15.175958	2.598659	4.145256	11.358765	4.477195	16.209937
22.735241	0.478190	5.383255	16.583998	0.000000	3.000000
0.000000	9.000000	0.000000	3.000000	3.000000	7.000000
0.000000	1.000000	0.000000	10.000000	0.000000	3.000000
27.368530	16.898962	0.000000	2.000000	6.000000	1.000000
19.476367	17.971053	4.668657	11.716264	7.216080	13.462841
3.807933	5.312249	8.928636	11.579353	8.091828	10.021850
9.595624	0.000000	12.539291	12.336117	15.614451	1.267336
7.236203	2.470011	0.000000	1.000000	0.000000	8.000000
16.178203	5.963250	0.000000	6.000000	2.000000	6.000000
18.825925	6.326398	5.934826	17.530688	1.104628	7.516617
0.000000	0.732233	0.000000	7.000000	4.000000	0.000000
7.731399	5.239662	1.830399	13.226157	0.000000	0.000000
25.303245	5.578502	0.000000	11.192086	0.000000	6.007964
13.215570	17.098509	9.697968	5.809831	7.720066	16.106447
18.379165	0.782263	16.342580	23.297941	16.684417	1.839488
7.153580	8.305532	9.185274	8.461669	0.000000	10.000000
7.865114	7.564561	0.000000	8.000000	10.000000	10.000000
2.047054	11.610700	3.387293	11.598352	0.000000	7.309007
16.444127	1.201235	5.340106	0.000000	1.592418	4.792648
9.110817	11.932797	7.041531	6.742874	0.000000	18.542789
2.802816	0.000000	3.000000	3.000000	10.000000	2.000000
10.126020	0.000000	13.649397	5.960813	6.996478	12.723702
5.744801	10.305071	5.424254	4.536800	0.000000	17.094270
9.119234	8.374998	7.101955	4.252514	0.000000	15.581033
6.686555	13.704479	0.000000	4.000000	2.000000	11.000000
21.424894	1.818953	4.513518	0.000000	10.088117	0.000000
5.111345	6.434383	6.971645	8.046771	8.590747	0.000000
14.214137	2.341829	8.796426	16.429135	0.000000	4.495557
13.178366	7.359874	9.207297	7.356492	6.405094	8.582369
0.585063	11.935290	7.910188	5.089148	0.000000	9.971426
8.244672	0.000000	9.353779	0.000000	8.000000	6.000000
13.254997	12.151152	14.477118	15.874286	0.451092	19.679750
0.000000	0.000000	10.000000	3.000000	11.000000	10.000000
16.303716	0.000000	5.981862	9.157560	4.845119	0.000000
0.000000	10.180886	3.900158	9.161956	0.000000	15.871416
3.987877	3.482168	0.000000	3.000000	5.000000	6.000000
17.407192	0.235478	10.077763	12.948742	0.000000	10.950250
5.179942	6.025477	7.569639	11.133623	0.188249	16.357366
14.877839	8.941926	2.869061	18.379119	0.000000	7.194661
1.190050	7.287836	0.000000	3.000000	3.000000	2.000000
10.173937	0.558758	12.579810	0.000000	3.000000	10.000000
6.891919	0.424993	24.057890	5.882748	0.000000	10.000000
5.589847	9.044638	0.000000	0.000000	6.000000	1.000000
12.704081	0.638661	14.354642	1.509910	6.563425	13.955713
14.090529	0.000000	2.130393	10.302452	1.665202	0.000000
15.345304	0.000000	7.000000	1.000000	5.000000	11.000000
10.445531	9.169551	7.624488	9.709847	0.000000	20.236324
10.521513	0.897687	0.000000	6.000000	7.000000	11.000000
17.358585	1.457223	7.154629	15.581057	1.421529	6.046538
11.386699	0.000000	2.000000	3.000000	2.000000	2.000000
0.000000	10.000000	5.000000	8.000000	7.000000	6.000000
18.404194	0.000000	2.000000	8.000000	7.000000	3.000000
13.450051	0.900201	9.635672	2.549219	12.658075	7.404145
11.562383	8.366204	7.262087	15.889442	0.000000	6.820688
0.000000	0.000000	8.779780	5.618910	9.239567	6.767439
9.856412	1.323331	7.136081	11.979114	4.289662	0.000000
7.602117	4.270131	4.997312	4.465056	6.963282	8.996441
0.000000	12.517439	0.000000	14.651191	4.165441	15.050576
6.245972	2.893782	14.469249	9.792862	15.965921	5.085798
9.527528	10.140494	6.978112	10.328949	5.767194	14.830607
20.200337	2.394742	1.524735	5.096512	0.000000	0.319047
25.979418	0.000000	5.133590	6.785808	0.000000	6.626840
3.938036	0.000000	7.466963	14.853360	16.589668	2.695211
8.796013	5.267830	4.866498	1.587069	0.000000	9.262020
0.000000	9.000000	0.000000	11.000000	0.000000	1.000000
8.658277	3.574774	4.881605	0.000000	6.000000	8.000000
2.665483	3.373725	4.682657	11.589088	5.040348	0.000000
6.810126	5.000377	0.000000	6.000000	7.000000	11.000000
0.000000	1.000000	2.000000	9.000000	11.000000	4.000000
13.640626	14.059252	7.133937	5.816137	0.018736	14.128289
20.694831	0.000000	10.000000	4.000000	4.000000	2.000000
12.921027	0.000000	1.000000	3.000000	0.000000	1.000000
24.522958	15.319358	7.480362	8.065100	11.610150	10.006706
18.278262	15.923324	3.077004	12.308154	0.645821	18.060982
0.000000	5.000000	5.000000	3.000000	5.000000	3.000000
13.516085	1.056055	8.151177	15.961607	0.872639	2.336655
1.202593	10.961920	2.232406	3.642397	0.000000	14.201711
0.000000	8.000000	0.000000	5.000000	3.000000	2.000000
0.000000	5.000000	10.000000	6.000000	9.000000	4.000000
7.792032	6.439168	3.541871	7.833945	0.000000	8.000000
19.426951	0.651140	7.396131	18.371915	6.454758	0.000000
6.586457	0.000000	10.538391	9.544557	19.713137	7.589339
11.059965	0.000000	6.000000	3.000000	6.000000	8.000000
9.486804	2.461442	14.427473	9.018187	4.491334	5.556563
20.783950	0.000000	3.382019	6.587406	7.616682	0.000000
11.021582	1.425730	10.504996	11.553216	3.738869	8.562408
6.948190	5.886461	3.797167	0.000000	9.000000	3.000000
18.059250	0.000000	7.179830	11.018434	0.000000	5.206913
0.000000	6.000000	6.000000	5.000000	10.000000	3.000000
13.517687	1.594753	4.314299	16.271821	13.609715	5.575083
2.931504	2.359175	18.272312	0.000000	6.000000	11.000000
0.000000	3.379889	11.041732	6.327253	16.756244	1.181562
26.272501	0.000000	1.245191	8.813659	0.000000	1.198446
19.161931	4.652077	7.433083	10.038741	0.000000	11.205734
2.952821	10.000563	4.539713	0.000000	0.000000	8.000000
16.290592	5.484683	8.789110	13.193996	0.000000	12.903428
9.505397	3.752491	10.008057	12.110399	1.947800	3.487843
17.401319	0.000000	5.855058	5.133345	0.000000	10.268898
9.136444	0.000000	7.000000	0.000000	5.000000	4.000000
5.295744	5.959467	4.625496	10.218226	2.709618	6.728185
4.533718	7.985236	1.425416	14.019658	0.735036	0.000000
14.227079	0.000000	9.000000	3.000000	7.000000	11.000000
13.044119	6.236766	7.724619	7.699377	4.166381	8.058145
0.000000	4.000000	11.000000	8.000000	5.000000	9.000000
9.977106	0.000000	10.617310	10.525206	0.315297	7.196396
8.476748	5.552677	6.761971	7.154029	4.622176	9.255924
9.473374	5.703401	5.367012	0.000000	10.000000	4.000000
16.692308	5.029650	6.048859	11.055786	0.000000	13.422510
0.000000	9.000000	8.000000	10.000000	10.000000	4.000000
9.117192	0.000000	3.000000	6.000000	4.000000	3.000000
5.728638	5.376357	3.951309	8.944720	2.330937	0.000000
21.760718	2.457047	8.745101	9.046715	5.849915	10.180254
10.891320	3.453671	5.409308	5.629709	0.000000	0.000000
9.897345	0.000000	2.586051	13.605493	0.000000	3.000000
5.667896	4.481624	5.512536	0.000000	4.000000	11.000000
0.000000	9.000000	7.000000	4.000000	4.000000	8.000000
0.000000	11.398285	5.694686	0.000000	3.000000	8.000000
11.031335	12.248205	0.000000	3.000000	2.000000	8.000000
16.866014	21.492760	2.278645	11.978808	0.000000	1.493183
19.696032	1.338538	1.805491	15.107616	0.000000	0.000000
8.934280	1.078913	5.032527	3.272822	0.290014	12.313215
5.251996	0.000000	4.294659	6.109428	8.620918	0.000000
25.939223	18.920367	10.026575	15.442304	13.308874	12.148480
3.501199	16.364900	12.149387	3.342181	2.204598	13.438494
17.452906	9.626440	11.672738	16.597987	0.699549	12.887296
9.017944	0.959024	9.232596	6.417464	9.528099	11.505798
0.000000	8.000000	4.000000	3.000000	11.000000	4.000000
0.000000	0.000000	10.000000	11.000000	8.000000	6.000000
10.111045	0.000000	4.935337	7.235431	0.000000	3.383386
17.282465	0.000000	0.321385	17.336879	2.933315	0.000000
25.508147	6.338658	8.116434	10.707951	0.000000	9.782789
6.953105	0.921312	0.000000	11.000000	2.000000	3.000000
18.286241	3.549742	0.000000	6.000000	5.000000	2.000000
11.301404	0.000000	0.000000	5.000000	3.000000	6.000000
5.068419	5.931762	3.041379	10.150992	4.303154	0.000000
14.905783	0.319258	10.420063	0.124133	0.058958	6.903011
9.413070	10.491762	2.345965	11.548661	0.361238	14.343331
0.000000	11.000000	8.000000	5.000000	5.000000	9.000000
17.667082	1.148852	1.059870	10.871761	0.000000	9.351890
14.016951	1.029794	5.623555	25.570741	4.448505	3.443070
0.746029	6.729855	0.000000	5.000000	8.000000	7.000000
13.105405	0.000000	4.086082	9.262653	10.480705	0.000000
1.176116	9.723326	7.325589	0.000000	9.000000	8.000000
11.021516	8.993367	0.000000	15.462361	7.423751	7.684956
5.399926	6.106747	4.892149	8.249826	0.980938	5.827770
0.000000	7.000000	7.000000	10.000000	10.000000	5.000000
0.000000	2.000000	9.000000	8.000000	7.000000	3.000000
18.317773	0.000000	1.921417	8.002673	0.687533	0.000000
13.977314	6.364213	8.970794	4.879658	0.000000	16.478326
20.792405	0.769201	15.135683	3.187410	5.852779	1.829878
0.000000	6.099385	4.532286	0.000000	9.000000	7.000000
10.539708	1.041593	0.000000	5.779551	0.000000	0.000000
2.929821	12.226113	7.279645	7.435363	0.000000	0.000000
9.337886	5.829619	0.000000	7.000000	8.000000	8.000000
0.000000	1.000000	3.000000	4.000000	2.000000	6.000000
18.750152	0.000000	11.000000	7.000000	4.000000	0.000000
12.268893	2.721686	0.000000	3.000000	5.000000	7.000000
0.924178	15.261252	1.315454	4.293777	3.506005	23.865458
7.902782	0.201042	9.853950	9.216367	0.000000	9.443141
11.283347	5.583912	0.000000	7.000000	1.000000	10.000000
20.557308	5.246121	7.463911	7.254418	3.357084	5.702116
12.688022	2.741676	6.161871	4.105728	0.000000	8.660255
13.753040	0.062908	0.409111	6.211465	1.125426	0.000000
19.055340	0.000000	0.000000	5.000000	7.000000	2.000000
15.563098	1.639265	12.182409	3.547986	5.369150	8.532725
20.901183	1.723534	16.521983	6.764170	0.000000	1.000000
12.235074	4.191355	10.292628	12.623047	0.000000	13.025351
9.148817	4.272268	18.079778	4.595137	0.000000	11.000000
18.075441	10.183059	6.216017	0.000000	1.000000	10.000000
16.346655	2.574386	8.769625	8.873809	0.281007	9.564202
0.000000	4.000000	6.000000	4.000000	11.000000	3.000000
15.459640	0.000000	10.394615	2.869353	0.000000	6.953321
12.963463	0.000000	3.390483	2.394486	0.000000	0.000000
13.816447	9.910283	7.291323	8.027361	9.160498	9.101890
10.343796	0.459395	9.079834	0.000000	11.865692	0.000000
5.329137	2.822165	4.420463	0.000000	10.096299	5.461628
11.939272	0.000000	3.816534	4.546039	0.000000	10.149688
0.000000	7.000000	9.000000	11.000000	10.000000	3.000000
7.282552	0.000000	3.402851	8.946506	0.000000	3.184955
19.114198	0.000000	8.465077	10.098185	3.822378	5.996687
12.046234	0.000000	4.688619	7.627626	1.695089	5.273158
19.823709	0.000000	1.000000	4.000000	6.000000	7.000000
11.044568	0.407846	4.268958	9.422919	1.507040	6.049667
0.164252	0.000000	2.000000	10.000000	9.000000	1.000000
9.839459	6.378743	1.382347	13.284719	0.000000	12.518174
22.478343	0.000000	11.000000	6.000000	11.000000	3.000000
7.373965	3.481145	5.036165	7.007236	5.632201	6.101197
12.833116	0.136299	14.368621	5.910587	0.000000	16.639871
6.045195	11.428074	5.285701	0.000000	7.000000	2.000000
10.388180	0.000000	6.892347	5.206617	0.000000	2.403753
12.972776	0.000000	8.000000	8.000000	9.000000	0.000000
26.452392	18.351854	5.627413	14.537628	2.336396	17.403187
7.691192	13.687686	0.000000	5.535265	0.000000	12.654007
9.117204	16.212788	0.000000	9.407376	4.996524	14.002116
15.466619	0.000000	6.000000	5.000000	1.000000	7.000000
18.593318	3.610937	11.846443	4.436733	2.736864	8.763097
13.081629	6.013555	7.161516	9.848394	4.079429	0.000000
16.751081	7.288913	9.833873	21.523197	7.641907	10.474776
26.242416	0.000000	10.000000	8.000000	9.000000	1.000000
24.187602	1.763814	7.068263	16.880173	0.000000	12.064036
20.543590	4.355908	7.679658	10.334569	0.000000	6.701923
14.944982	1.062681	11.461300	18.084632	17.115713	10.099544
10.289516	0.000000	12.672181	0.315428	3.223072	17.012272
0.597266	3.120937	8.907422	1.157272	17.679903	15.527372
10.777265	3.079251	4.232534	7.448389	0.000000	5.172087
7.215341	2.214895	6.020054	16.890173	4.385309	10.097373
14.685534	1.323126	12.867863	4.434465	6.879153	0.689734
3.111921	5.615147	3.225611	5.589309	5.892933	19.012403
12.965796	12.949949	12.263478	7.055450	9.454042	9.325092
6.324984	1.683388	10.490406	9.095946	0.000000	0.000000
0.000000	6.000000	9.000000	1.000000	9.000000	0.000000
17.558600	2.972470	4.319530	14.771012	0.000000	9.902577
14.232463	1.061529	5.331658	0.179236	0.000000	10.000000
3.713854	10.706557	0.000000	6.000000	3.000000	9.000000
12.434282	1.873055	5.449203	6.814698	3.580204	0.443079
12.187120	0.659957	12.116129	1.181837	12.298126	5.387486
14.986025	8.014533	5.276202	16.518624	0.000000	14.256983
5.290289	1.952040	6.951311	7.258958	0.000000	0.000000
17.115315	0.000000	0.000000	10.000000	6.000000	6.000000
5.769657	3.438282	13.239906	6.298581	0.453088	10.943172
10.623855	4.502505	8.718009	4.293978	0.000000	0.000000
11.572033	0.000000	1.000000	7.000000	0.000000	0.000000
1.163934	0.000000	6.000000	2.000000	2.000000	8.000000
16.625799	0.000000	9.991782	11.364750	0.000000	6.078495
0.000000	6.000000	7.000000	1.000000	2.000000	9.000000
0.000000	9.000000	10.000000	11.000000	0.000000	2.000000
5.621596	0.000000	9.813385	5.535219	3.713257	0.000000
0.000000	0.000000	0.000000	11.000000	1.000000	4.000000
8.975876	9.666139	8.026605	0.000000	10.000000	5.000000
14.986197	7.393872	11.722051	9.488409	0.000000	15.334875
9.944338	9.477845	13.365478	10.890190	0.479864	9.987166
7.248942	8.736497	4.090860	13.710434	8.201901	6.020574
9.846996	8.571294	3.671357	4.869073	0.000000	15.891294
5.274365	7.044676	3.919710	5.972016	5.901621	0.000000
6.686525	4.792767	0.228675	0.512250	3.409610	0.000000
18.010525	0.000000	4.755008	13.046843	1.875773	8.860429
0.920717	2.437707	13.619329	9.352495	14.518128	0.000000
4.841945	6.663992	0.791345	17.103667	7.214303	11.728656
22.333561	0.000000	4.181385	9.798863	0.000000	5.732008
9.695501	15.220620	0.000000	5.000000	2.000000	2.000000
21.350150	0.000000	4.509652	3.838947	0.000000	9.000000
16.266552	0.000000	9.000000	6.000000	8.000000	3.000000
21.173321	2.816809	3.799925	11.419061	7.518691	8.900261
0.421536	19.637481	7.014421	5.612876	0.000000	18.990161
14.538865	3.136253	5.291458	6.565080	0.000000	6.000000
0.000000	0.000000	14.039784	11.634997	9.253070	3.447563
0.000000	7.389347	0.955476	3.474367	0.000000	0.000000
9.445158	0.777546	16.375471	12.892412	0.804068	26.236349
10.747477	1.994714	7.541055	4.273771	0.000000	11.603298
0.556793	1.976139	3.414897	6.539789	1.187428	2.948622
15.289819	5.982170	0.000000	4.000000	1.000000	7.000000
16.496878	2.222445	7.783191	9.124548	0.000000	13.293491
8.170099	2.466281	7.426944	4.710188	2.279663	13.532387
8.200805	7.884895	6.867935	14.062368	0.000000	12.776100
11.283271	0.000000	8.000000	5.000000	5.000000	7.000000
0.000000	11.000000	6.000000	9.000000	5.000000	9.000000
8.189764	0.000000	0.000000	11.000000	11.000000	2.000000
0.000000	11.000000	4.000000	3.000000	3.000000	2.000000
8.854678	17.124395	6.957981	0.000000	3.000000	1.000000
18.214408	6.879743	0.050811	2.896442	0.000000	3.541309
7.608071	2.078882	7.799090	6.284796	5.416784	0.000000
0.000000	5.000000	5.000000	3.000000	5.000000	7.000000
0.000000	9.000000	2.000000	10.000000	3.000000	0.000000
0.000000	6.557303	8.958969	0.000000	3.000000	6.000000
3.084521	0.000000	20.515850	10.506825	15.536322	0.000000
18.908944	1.308816	3.603688	17.299821	8.334715	0.000000
14.358003	0.105535	9.816239	1.777813	0.000000	9.951788
9.908276	11.302695	7.191849	0.000000	2.000000	8.000000
16.801420	0.000000	8.667432	3.415825	0.671439	14.298463
2.535179	0.000000	0.950750	0.000000	1.577460	17.021302
14.619582	10.396087	0.000000	0.000000	9.000000	1.000000
10.136702	0.000000	8.000000	5.000000	1.000000	6.000000
0.000000	1.000000	6.000000	9.000000	10.000000	0.000000
8.245875	0.414420	29.813411	11.120952	9.949678	7.078611
0.000000	5.000000	4.000000	6.000000	5.000000	9.000000
10.654987	6.407241	10.134755	11.283686	0.746499	13.591616
18.842264	2.628398	4.337680	12.249817	0.000000	8.607517
15.245547	4.596571	6.928143	3.222180	3.658906	0.000000
17.829785	5.700906	3.308805	3.445251	0.000000	5.000000
15.282657	4.777245	9.247129	3.837537	0.000000	8.221452
0.000000	8.900243	10.853419	0.000000	1.000000	5.000000
17.154661	5.493230	9.146035	9.005386	9.370542	7.819037
3.305295	1.178711	7.775568	14.714221	0.000000	15.469672
7.694354	5.431670	5.868299	0.000000	4.000000	8.000000
8.380925	9.097827	8.479257	15.092082	2.720209	12.026305
39.578890	10.803405	9.235304	20.271374	2.007599	3.536690
15.938335	2.564048	5.817627	6.713820	0.194051	9.538665
4.118299	16.871643	15.018147	5.179101	6.993821	27.403702
8.173266	8.860071	9.215236	12.785166	4.918545	14.601020
12.906234	0.000000	6.357236	11.310373	2.176668	0.000000
11.169062	1.236737	11.672408	6.557019	2.807251	7.532114
6.447805	5.613993	0.000000	6.000000	7.000000	10.000000
12.492274	7.135986	6.428034	15.959889	0.000000	7.863476
2.052328	0.000000	0.032614	2.345738	7.868784	7.352285
16.119876	6.920900	3.969158	13.665326	0.000000	5.523634
13.294043	2.241267	14.592159	10.591057	8.922695	6.244699
0.000000	3.000000	7.000000	9.000000	5.000000	6.000000
8.363841	0.000000	1.000000	5.000000	9.000000	7.000000
15.165356	0.000000	0.000000	5.919618	0.000000	0.000000
11.376990	4.363542	10.163346	17.196409	0.000000	9.181479
8.965928	8.442082	5.353428	13.819723	0.000000	19.025647
6.885504	2.947817	0.000000	3.365841	0.000000	0.000000
5.161284	15.347042	0.000000	1.660651	3.262263	5.004717
6.238079	6.788646	2.727047	0.000000	6.000000	4.000000
0.000000	11.000000	0.000000	6.000000	7.000000	4.000000
7.506198	1.454743	17.582682	13.465823	1.965652	15.781923
8.713957	5.517542	8.552564	7.487845	0.000000	6.000000
3.856166	9.912748	6.339944	0.000000	0.000000	23.757231
9.720050	4.099508	6.968364	0.000000	1.000000	6.000000
15.184084	2.471621	2.341244	12.022396	12.185074	0.473950
0.000000	1.000000	11.000000	6.000000	9.000000	7.000000
0.000000	7.941669	0.000000	5.375178	13.319051	9.864988
13.648189	0.000000	7.805826	1.682391	0.000000	3.526837
11.948620	0.000000	11.520289	2.371096	1.210102	0.000000
17.158658	1.704943	6.065428	15.909685	5.449283	8.750081
11.105476	9.083604	1.359116	14.332275	2.539435	7.285735
17.135850	0.000000	3.253382	0.159022	0.000000	6.211565
20.105718	13.932337	3.811821	14.257986	4.619187	0.000000
14.355583	0.877124	6.296170	10.950603	0.000000	2.000000
21.655708	1.506021	1.739033	17.020307	1.988711	0.000000
0.000000	11.000000	6.000000	3.000000	10.000000	9.000000
0.000000	0.000000	11.000000	9.000000	10.000000	1.000000
18.099757	4.838385	12.715536	9.694958	3.062065	0.000000
20.703949	0.000000	8.654680	5.081858	0.000000	11.079384
18.179596	14.377446	4.821473	22.911106	0.000000	17.040119
3.052273	9.588883	4.192446	12.558986	0.000000	17.505359
9.330549	3.564548	7.315992	1.716224	0.000000	8.000000
12.002819	0.000000	9.033780	6.566764	8.260541	0.000000
0.000000	9.000000	1.000000	10.000000	8.000000	2.000000
13.949991	10.481946	3.235042	15.224983	6.978275	6.417901
7.829755	1.129343	16.839375	9.867648	9.364201	15.239848
27.320837	2.005952	9.432480	13.438425	6.264812	7.710201
7.956885	8.207383	6.730474	0.000000	5.000000	8.000000
17.523105	0.531439	9.539531	1.156774	5.596183	10.259745
14.958780	0.340897	6.306690	9.369895	0.341732	0.000000
8.742667	0.441093	1.997605	7.201229	8.737463	0.000000
4.028464	5.326773	0.000000	2.442177	0.000000	6.463511
20.400436	0.000000	6.000000	7.000000	3.000000	6.000000
21.262396	3.462729	13.638738	7.411899	4.886541	8.268619
8.804312	1.973827	7.224164	13.590569	0.000000	13.059743
17.447223	0.000000	11.887515	10.170427	0.000000	7.759539
1.896254	1.047469	19.760506	0.000000	21.600491	9.670535
9.771108	0.000000	3.000000	9.000000	2.000000	7.000000
0.000000	2.000000	7.000000	10.000000	10.000000	2.000000
5.894168	9.685084	0.000000	4.000000	10.000000	5.000000
16.490123	6.794047	6.145474	7.650472	2.508372	9.973911
13.876163	0.972889	1.886208	11.698968	6.222691	0.000000
16.703062	3.735282	6.151571	10.178764	0.000000	10.298660
12.336061	11.214472	6.543993	15.658677	6.015024	9.346018
8.078337	3.363794	8.930947	14.668936	4.478852	4.093887
18.238171	8.175721	4.105172	15.555215	3.942680	0.000000
0.000000	7.000000	9.000000	7.000000	5.000000	7.000000
0.329175	7.099121	5.952117	8.931053	10.632291	7.009626
6.795452	0.000000	1.000000	7.000000	2.000000	7.000000
13.317333	11.178938	5.249069	0.000000	2.000000	7.000000
9.712082	12.740132	4.104990	2.999852	0.000000	11.165970
16.876720	0.000000	11.505137	0.000000	0.000000	0.000000
21.921448	9.363445	0.000000	6.032742	0.000000	0.000000
12.641436	2.097595	0.000000	6.532994	0.000000	5.044969
8.418201	0.000000	9.000000	3.000000	1.000000	6.000000
10.985417	22.817702	8.426355	13.806615	2.472254	15.784396
19.507544	1.935982	9.453635	6.388557	10.408705	9.954705
8.801144	0.000000	13.154221	0.364132	11.361413	1.672674
0.000000	1.160529	3.921062	0.000000	5.603510	6.554741
12.326874	0.000000	8.000000	7.000000	11.000000	9.000000
26.273943	6.260499	0.000000	0.435922	0.000000	6.332388
18.162179	1.763227	12.506446	17.124327	8.181942	6.933264
5.503367	0.000000	8.872434	9.230937	5.666345	9.578831
0.000000	10.000000	4.000000	7.000000	11.000000	9.000000
5.675314	3.463136	1.383529	5.410924	8.814043	21.767093
20.262082	0.000000	4.641677	0.000000	0.000000	5.651099
11.607400	1.158699	7.456399	16.565325	5.314058	0.000000
2.035453	13.964076	0.581312	9.562945	6.230751	25.089113
17.229416	0.000000	4.000000	1.000000	8.000000	1.000000
0.000000	11.000000	2.000000	3.000000	7.000000	6.000000
18.660437	0.000000	8.000000	11.000000	11.000000	0.000000
9.386734	7.403568	3.261228	13.180347	0.000000	6.589595
17.690034	3.401219	3.235655	4.834127	6.950275	4.600312
0.234738	0.000000	0.664241	8.743641	1.713400	6.060512
12.869785	3.595728	4.913889	1.132298	4.983574	9.824113
11.944921	12.163319	0.000000	15.762291	3.931916	14.297722
14.085890	0.000000	5.337624	0.000000	3.187119	0.880397
1.437005	4.081738	14.757790	0.000000	2.599021	20.003793
12.047190	0.000000	4.539798	12.520277	3.662234	0.000000
11.896299	3.535092	4.282142	6.658552	0.079204	6.921147
4.207086	2.319399	4.501226	11.429667	5.856644	5.715929
30.113665	2.339374	1.657249	16.559830	2.432301	0.000000
19.737628	1.235680	0.000000	10.000000	3.000000	0.000000
10.540654	0.000000	10.377542	17.653295	4.868789	1.728829
4.474814	4.727003	15.033584	7.668844	4.772894	12.340725
25.884812	0.000000	8.913032	6.834466	0.000000	9.000000
9.533304	4.497522	9.035579	5.129250	6.603375	8.158839
13.288584	0.000000	8.321980	6.999135	0.657604	0.000000
11.024989	1.801324	3.868007	5.279421	0.000000	7.195438
13.658337	6.601803	3.710557	0.000000	0.000000	2.000000
11.415707	6.069803	3.139225	3.726082	4.640412	0.000000
8.354666	1.019722	0.000000	5.000000	10.000000	8.000000
5.182682	6.464639	10.531655	8.155895	3.735732	11.815929
5.851940	3.300964	6.960223	10.488454	12.429475	5.015924
13.010554	4.216342	6.268131	7.387242	0.000000	4.000000
0.000000	6.000000	10.000000	7.000000	2.000000	10.000000
0.000000	10.000000	10.000000	7.000000	10.000000	0.000000
3.575974	0.000000	2.000000	1.000000	6.000000	7.000000
3.085632	0.000000	0.000000	6.000000	2.000000	5.000000
17.240400	5.072315	0.000000	6.204274	0.000000	4.000000
24.826654	7.266534	10.239360	0.000000	3.013782	16.004661
23.718775	20.055020	5.400708	7.315469	0.000000	15.159807
7.169093	0.000000	22.073657	7.351477	10.557879	2.884538
4.532735	0.000000	11.000000	8.000000	10.000000	4.000000
10.098286	0.000000	3.228736	7.997123	0.000000	2.771764
0.000000	7.675514	7.026239	0.797180	10.733362	19.718206
9.117239	0.000000	9.000000	4.000000	5.000000	1.000000
11.200191	0.000000	11.390907	5.552608	2.799285	8.827100
8.083386	0.000000	10.477320	8.397672	6.944311	8.688784
14.379472	0.000000	10.256612	13.831403	0.000000	6.000000
0.000000	1.971616	15.768070	8.520242	17.510361	0.200876
16.719079	0.000000	7.799915	13.460705	0.000000	2.156432
26.413135	1.527694	12.095924	0.000000	1.227288	16.018791
2.740863	12.469118	1.525129	0.000000	3.000000	2.000000
21.515647	0.690807	6.060710	14.785903	0.000000	1.887101
0.000000	8.000000	2.000000	4.000000	1.000000	5.000000
5.893935	0.053880	14.453118	13.039690	1.347646	0.000000
11.338200	3.769068	4.352033	8.486670	1.858191	16.981342
16.723908	0.000000	0.000000	11.000000	0.000000	6.000000
10.649733	0.000000	4.454146	9.222789	0.958448	6.347685
0.000000	11.000000	2.000000	11.000000	4.000000	0.000000
0.000000	1.000000	8.000000	1.000000	5.000000	10.000000
14.859591	0.000000	10.000000	3.000000	5.000000	11.000000
17.869729	0.000000	5.735993	0.000000	2.444208	3.978645
6.578483	4.889649	13.087659	0.000000	0.000000	16.680369
8.476243	0.000000	3.036797	1.580690	7.367143	16.801466
13.059142	3.850203	1.984531	0.000000	0.000000	3.000000
2.199295	2.868198	14.969386	10.253183	11.447001	10.039681
0.000000	10.297976	0.000000	4.174267	0.000000	12.120674
6.274252	4.453088	3.233428	16.658125	0.000000	12.818642
6.740871	0.268981	0.000000	5.000000	3.000000	0.000000
16.840956	3.610155	4.243313	7.209715	0.000000	6.669180
0.000000	4.000000	1.000000	2.000000	8.000000	1.000000
15.261880	0.000000	5.548799	0.000000	0.000000	1.598561
17.107151	6.929835	0.000000	11.299926	0.000000	12.278288
10.741844	9.111062	0.000000	3.565856	1.754854	13.781600
11.530830	0.000000	8.961854	3.072732	5.650571	0.536197
19.977567	12.580265	0.989759	3.038272	3.668431	8.839260
7.995085	9.599986	9.396682	5.872638	10.574202	10.084326
18.624534	0.506146	0.095677	1.111143	0.000000	0.000000
1.549704	6.680102	8.535725	8.173384	9.175354	3.049519
9.226700	16.011478	10.744763	8.196594	10.490780	15.603924
8.496009	6.729204	8.397722	9.705327	1.557137	14.220928
0.000000	2.000000	8.000000	1.000000	1.000000	8.000000
0.581150	0.352759	2.288939	0.000000	12.425209	2.324069
14.766564	9.723829	9.752564	11.049873	13.592934	10.058541
17.896448	19.098109	3.723107	15.017480	1.044746	12.900518
7.472809	19.410859	5.939770	5.635524	0.000000	15.079052
0.000000	5.000000	2.000000	3.000000	3.000000	8.000000
17.868927	1.038779	4.428637	16.952953	0.000000	15.961715
3.415655	0.132740	12.125651	3.513073	12.191031	3.819202
6.815988	0.115496	6.678808	6.701724	5.459078	5.519772
14.124781	0.935959	24.492119	12.964306	9.880514	4.686666
10.872888	8.234076	4.717145	0.000000	10.000000	10.000000
17.526570	12.137329	9.969987	4.982733	7.511889	9.784517
1.338897	0.380514	0.000000	2.000000	8.000000	9.000000
0.132945	0.249972	13.948764	0.000000	1.000000	11.000000
11.525907	2.450677	0.000000	6.000000	7.000000	7.000000
6.430846	9.400013	3.309772	3.439311	0.000000	11.114086
6.987900	0.000000	9.068408	5.978748	7.785755	0.337085
10.943133	0.000000	1.000000	4.000000	9.000000	4.000000
0.000000	0.055125	16.238426	1.034618	18.590089	12.875904
6.749550	10.593166	0.000000	0.000000	4.000000	2.000000
16.000826	0.000000	6.051697	15.562206	0.000000	5.752018
0.000000	10.000000	5.000000	7.000000	4.000000	0.000000
20.476291	0.000000	0.000000	6.000000	1.000000	3.000000
7.325095	1.820119	7.810686	10.325561	6.764729	0.000000
0.000000	7.000000	2.000000	5.000000	7.000000	6.000000
3.846670	3.195491	23.071114	8.338223	14.632343	6.398728
0.000000	0.390606	3.430360	7.682271	1.694518	0.281929
6.599642	0.094945	14.177698	9.362487	5.857476	10.832068
16.547678	1.256235	10.620341	0.000000	8.204009	13.799851
7.090691	8.944903	3.952337	6.894020	2.613159	11.868589
10.085473	0.532627	11.426105	14.340535	7.558971	13.021594
12.395789	0.000000	0.000000	9.000000	8.000000	2.000000
11.290588	10.359008	0.000000	12.136436	0.000000	1.000000
19.800835	5.807421	6.068823	14.656374	0.000000	8.033465
15.880998	5.379522	4.288503	12.614883	0.000000	0.000000
16.945633	1.014581	0.000000	11.000000	11.000000	9.000000
6.900123	1.157349	18.807139	11.326997	11.814645	16.557503
10.040382	7.109067	12.407125	9.485525	3.178569	1.572901
11.073020	4.583401	0.000000	8.299137	0.000000	0.000000
10.160803	0.000000	10.000000	11.000000	8.000000	0.000000
11.489874	9.915421	4.409579	1.085495	3.480112	18.041184
0.000000	6.624804	0.000000	5.000000	3.000000	2.000000
9.004101	0.266848	8.695980	7.309291	1.509892	14.327128
0.000000	11.000000	3.000000	2.000000	6.000000	7.000000
10.157290	13.508134	8.129875	0.000000	5.000000	5.000000
2.945949	10.193532	5.599642	0.000000	10.000000	11.000000
5.761186	5.943587	3.878419	7.485955	0.000000	12.916723
4.983933	2.446440	3.091990	13.376625	0.000000	0.000000
10.870327	3.215464	6.257587	6.209836	0.000000	6.697870
11.951651	0.000000	5.646853	2.925864	4.909936	6.140099
0.613621	0.000000	1.536964	2.670647	13.073417	0.000000
16.971843	0.518648	3.888797	21.195401	0.000000	3.000000
10.256516	2.406457	6.877050	11.188042	0.000000	14.684553
0.000000	7.000000	0.000000	10.000000	7.000000	11.000000
6.103148	6.661654	0.893026	4.766333	2.855702	4.676371
18.155449	0.000000	6.215668	0.000000	0.000000	4.703641
10.503203	3.443209	2.667489	7.550396	0.000000	11.765884
16.889949	5.545097	9.466888	8.801650	0.000000	11.589065
22.843588	10.339419	4.473634	9.553476	0.000000	9.018169
11.095822	0.000000	4.921793	3.454320	3.566526	3.891060
0.000000	7.000000	8.000000	7.000000	10.000000	2.000000
3.019785	0.000000	7.725839	1.755289	4.493472	5.724137
5.746394	13.045995	2.988870	0.000000	1.000000	6.000000
0.000000	4.000000	11.000000	2.000000	3.000000	5.000000
0.000000	8.393017	0.526363	0.000000	3.000000	4.000000
15.564544	0.000000	0.000116	17.413811	0.550514	7.523331
10.914743	1.752575	11.357700	0.000000	1.609900	0.000000
10.313901	0.000000	12.016290	5.498869	0.000000	12.674102
9.759298	11.090420	5.568111	6.159638	4.995073	12.784646
14.437681	1.979993	8.010009	12.648812	6.304653	0.000000
7.346714	0.435155	3.362312	3.739508	0.000000	12.261506
8.835753	8.086150	0.324600	11.414688	0.000000	6.521318
16.605828	3.236569	9.033008	6.223372	0.000000	11.000000
22.073033	1.542963	6.997390	17.551323	2.118465	10.546545
8.718950	3.362328	0.646216	1.818379	5.148999	0.000000
0.000000	0.618014	9.890479	0.000000	3.000000	6.000000
11.038113	0.000000	7.000000	4.000000	2.000000	9.000000
2.730420	0.000000	6.000000	6.000000	1.000000	3.000000
3.646008	0.000000	1.000000	6.000000	5.000000	2.000000
17.097542	6.000672	8.144249	13.269697	0.000000	15.518557
6.868140	4.106233	0.000000	9.404271	5.279163	2.298819
9.491256	10.401213	6.459293	8.869543	4.222836	17.890953
5.179521	0.000000	11.011418	10.899383	1.001398	6.616628
5.890930	1.444245	17.089838	11.830447	0.000000	11.000000
26.349321	0.000000	0.000000	7.723871	3.370730	4.978998
12.726324	4.679427	2.467203	15.621654	0.000000	9.000000
6.433287	5.794348	2.983349	11.693021	7.349352	13.960869
24.160224	0.000000	0.000000	5.867149	3.497827	0.000000
15.827692	4.807728	10.727049	8.089435	3.356328	12.367261
7.039280	10.611585	9.075990	17.427074	0.000000	12.590627
18.964751	0.000000	8.000000	10.000000	6.000000	3.000000
20.191329	3.193497	4.834943	15.056026	2.234397	0.000000
0.000000	0.000000	0.000000	6.000000	1.000000	7.000000
16.057088	0.201651	3.755847	13.762043	0.000000	0.000000
4.282521	5.884189	14.056786	5.149557	4.479897	9.955416
2.028261	7.488781	2.565027	9.955271	0.000000	6.000000
7.233556	0.000000	9.000000	3.000000	10.000000	10.000000
10.544817	1.223561	6.753120	0.000000	1.702876	0.000000
15.673692	2.987414	5.187151	10.973045	0.000000	3.645427
10.256189	2.260331	4.179011	0.992268	9.931471	15.694134
8.003651	12.388525	14.935142	1.067788	12.897084	8.812090
12.296440	0.000000	7.485374	10.272058	0.000000	7.414359
0.000000	4.116433	0.000000	6.000000	2.000000	0.000000
4.406078	5.137646	0.000000	8.693931	6.001368	0.000000
14.730632	2.897021	9.747581	10.540665	0.000000	15.056459
5.760428	4.634747	4.939234	1.191932	0.000000	17.412354
10.837113	5.738544	2.229082	0.000000	0.000000	2.858077
20.996393	0.000000	8.000000	4.000000	7.000000	11.000000
14.436677	0.434538	10.241305	11.592781	8.731754	9.586793
12.352136	0.000000	11.367208	9.834915	2.301968	7.532082
7.685848	0.000000	2.000000	8.000000	5.000000	11.000000
16.764918	0.000000	1.351943	9.649129	0.000000	0.000000
14.577038	0.000000	2.557035	10.574982	0.000000	4.832575
2.285491	2.035005	11.155948	1.250081	5.769660	10.157335
15.339128	0.276786	11.168207	1.050411	8.348191	6.541796
11.763157	10.298522	9.865098	13.774532	0.000000	17.846760
11.635862	2.051687	8.365219	4.105777	0.000000	0.000000
6.328874	1.935931	0.000000	10.000000	11.000000	8.000000
5.603655	0.000000	0.000000	1.893963	0.000000	0.000000
7.992318	2.106816	0.000000	8.000000	0.000000	11.000000
11.998265	0.000000	0.000000	2.829932	0.000000	2.972332
9.250283	0.000000	3.000000	5.000000	2.000000	1.000000
4.402973	14.829929	0.000000	3.000000	7.000000	4.000000
0.000000	6.000000	4.000000	9.000000	0.000000	9.000000
13.327753	4.677065	4.792748	7.550706	0.000000	15.712945
0.000000	6.000000	5.000000	0.000000	11.000000	1.000000
7.606031	0.922102	9.619834	8.235277	0.124132	13.650885
14.144774	3.438339	5.593198	8.648475	0.000000	0.000000
14.228249	4.754207	9.000469	10.962515	6.211066	2.936013
7.911504	7.481967	7.737876	6.694471	0.810173	14.597841
3.227898	0.000000	8.000000	1.000000	0.000000	0.000000
11.864719	0.477205	3.575751	10.308800	3.964987	0.000000
12.804693	2.390827	4.744594	1.299639	1.893758	20.027250
11.739908	0.000000	7.144309	4.609862	0.000000	7.175866
12.735324	0.000000	6.181705	12.055994	0.000000	3.389015
12.106407	0.095326	12.869662	7.593407	4.445319	12.697288
3.468702	0.684738	13.613534	2.910168	4.531897	6.845626
2.668308	10.046950	4.241135	0.000000	11.000000	5.000000
16.957143	0.000000	8.000000	7.000000	5.000000	6.000000
29.050689	0.000000	14.263386	9.788679	5.471258	5.415758
17.008294	8.898278	3.000555	14.233430	2.523755	11.446523
5.622662	4.986162	0.000000	9.934342	0.758622	3.286212
10.228560	1.457837	7.738996	11.559905	5.917246	3.115104
0.000000	0.000000	1.000000	2.000000	9.000000	3.000000
20.267422	8.217109	6.174784	16.498898	4.105949	14.719283
10.160526	2.538589	8.441291	5.600598	6.274046	0.000000
17.087717	2.962085	10.890164	9.637179	18.126258	6.633290
0.000000	9.000000	1.000000	10.000000	8.000000	7.000000
24.624784	0.000000	2.000000	8.000000	1.000000	4.000000
0.000000	10.000000	5.000000	1.000000	9.000000	5.000000
6.543661	6.529175	0.000000	6.698405	0.000000	11.837035
18.241906	2.472588	8.917783	15.260552	0.000000	4.000000
19.838424	2.739894	14.413361	7.630514	4.695247	7.709053
14.934667	0.000000	7.280455	5.708042	3.002164	6.934214
11.361071	5.357537	0.000000	6.750342	3.343203	6.782014
14.580794	0.000000	5.044218	7.271027	0.787631	0.000000
14.064234	0.427996	3.007156	0.184729	7.847325	0.000000
14.961376	0.057576	9.334966	2.329875	0.000000	9.801847
0.000000	4.000000	11.000000	7.000000	9.000000	11.000000
13.293115	0.473340	4.881252	10.038167	5.522121	0.000000
0.000000	8.000000	11.000000	11.000000	1.000000	4.000000
7.511658	2.871533	14.895288	9.640323	5.629500	4.023930
13.293296	11.580334	0.000000	2.000000	3.000000	2.000000
12.121122	4.020054	1.167357	1.368106	0.000000	0.000000
10.843560	7.208950	8.956074	13.693721	2.330964	21.385082
1.555479	8.853146	8.374398	10.536285	4.610811	16.031182
9.655768	1.236026	4.272643	15.541357	0.000000	5.000000
12.050498	8.270049	8.100097	1.056802	1.556662	23.940009
9.437134	10.294513	5.166702	0.000000	0.000000	4.000000
4.608959	7.906863	4.593678	0.000000	9.000000	9.000000
13.467664	7.122398	5.557205	6.829081	0.000000	14.740793
4.174299	12.203171	7.412789	17.505338	0.000000	13.128060
10.613625	6.967765	2.572685	0.000000	0.000000	4.000000
2.130912	0.982615	5.405352	11.075438	16.324119	1.086507
4.128779	2.004250	0.000000	0.000000	8.000000	4.000000
7.360096	5.416591	5.366379	6.953718	4.410323	13.239786
8.031123	10.901607	5.270964	10.611380	12.248065	10.981742
0.000000	2.000000	1.000000	9.000000	9.000000	9.000000
18.141461	3.592148	5.981566	8.339756	0.000000	7.673290
11.949170	0.496257	3.829425	6.687451	0.000000	0.000000
2.784189	13.043733	8.403996	8.755288	0.000000	7.000000
11.727512	4.399921	11.062870	11.199239	1.167481	0.301981
15.808054	8.368938	5.041077	4.566563	0.000000	11.789540
9.256187	5.109252	0.000000	9.661258	0.000000	5.567665
12.551324	3.182638	8.405146	1.459926	2.077790	0.000000
2.843801	3.178844	3.498168	15.020034	0.000000	6.892509
4.632749	9.214668	2.911204	9.400906	0.000000	2.000000
4.579564	0.000000	14.113804	5.695596	7.738183	8.010492
4.540007	12.650824	0.000000	4.000000	9.000000	2.000000
0.676102	8.890353	15.643481	0.000000	0.000000	11.000000
6.447641	6.923745	6.178729	6.738380	0.134404	9.705295
16.282917	0.000000	3.731263	2.643421	4.364572	6.145130
15.763071	1.342097	9.880048	11.541699	1.797534	16.675354
6.353735	0.374135	9.599794	1.492359	0.000000	9.859084
4.290609	8.761687	0.000000	3.090342	0.000000	6.519182
13.351000	0.000000	15.934003	13.635395	13.376747	0.000000
0.000000	1.775528	3.413782	0.000000	9.234659	3.338354
8.123075	0.000000	11.554145	13.432197	10.550135	3.153756
17.941063	0.000000	8.148577	9.262666	1.937521	11.508653
5.293951	8.052342	0.604389	9.734630	6.297849	0.000000
5.452395	4.326928	7.553818	8.505166	0.873768	8.254594
12.405705	8.554203	5.626026	8.503564	5.684208	6.326106
10.611210	16.907600	0.000000	5.000000	2.000000	1.000000
18.881390	5.208777	9.156782	10.232457	7.580872	11.151746
