-1.186006	-9.693928	14.541140	6.260847	2.182834	19.874876
3.938119	2.056764	18.628271	18.904658	8.307801	13.841632
3.255539	-2.544780	20.799005	24.050784	4.826047	36.660943
2.276597	-14.858379	8.524069	5.000000	0.000000	9.000000
6.000000	6.000000	4.000000	7.000000	7.000000	3.000000
-9.474078	-3.226889	2.531583	12.612959	0.758686	8.947422
-3.928041	-9.422216	4.440211	3.733122	-1.921490	19.759948
5.372962	8.761445	-4.082636	4.484158	-7.341827	18.759886
-3.022665	3.006653	3.199681	5.003019	5.934589	7.745303
-8.636986	-1.583676	8.735990	4.489180	9.269622	8.356043
14.058709	-0.400873	2.751225	16.069352	4.000000	7.000000
2.934287	-10.467139	14.059678	13.060921	4.365404	8.877812
-0.768717	-2.620959	4.024164	-1.957834	-14.793638	7.662981
-8.702703	-12.531121	20.290372	4.109286	1.869181	11.062534
9.387716	1.536494	4.111782	2.844912	-1.236066	9.593571
9.716033	-7.831423	5.998956	4.112178	3.271782	-5.074065
1.191224	-1.298005	8.118311	10.822921	0.000000	11.000000
-1.850628	3.251527	3.970344	3.473969	4.024962	5.568081
7.869691	1.410445	16.558797	-4.654962	3.818093	11.017226
-4.898539	-3.532962	18.095905	-1.143842	-6.458409	11.259523
0.094148	-7.067210	6.383297	15.418863	3.554587	10.218255
0.317367	-4.687482	14.011146	9.136764	5.314566	7.000000
3.540891	15.085626	14.239095	13.698452	6.302650	8.396580
-9.492752	-8.926042	12.978798	11.543019	-10.350296	15.200379
-6.561903	-11.059338	-4.734723	-8.268892	0.646005	11.914438
6.057910	3.175537	11.164332	2.479454	9.000000	9.000000
-1.185307	-3.191226	12.307799	4.125114	2.879543	12.193488
-4.375765	0.000000	8.000000	2.000000	5.000000	2.000000
11.976651	-12.258020	15.816023	-2.672980	4.154901	4.083967
2.739096	-0.409522	-2.023529	-0.420898	-4.415574	33.660692
-12.328036	2.529198	28.278382	1.834774	8.885343	4.583999
-2.644795	0.332367	8.045286	2.197156	-0.495789	-2.289505
2.033648	-8.638002	16.239032	9.874129	-1.257114	-6.379642
10.567861	-5.594226	13.560220	15.042484	3.449027	9.662138
9.000000	5.000000	8.000000	6.000000	7.000000	3.000000
-1.882110	-14.579312	0.000000	4.000000	10.000000	7.000000
6.943773	5.839811	4.852738	0.432001	6.372723	10.978543
-2.454653	-13.149035	5.221315	0.952857	-5.272434	11.821207
-5.037309	-15.580595	6.865339	-5.825522	0.186634	19.981184
11.565000	-5.420154	16.686574	21.728723	-0.400132	8.860617
10.157398	-6.962496	9.120949	2.973897	1.442197	24.117147
3.955512	-12.399337	8.360636	3.326778	-8.092752	2.691065
-1.171811	-0.002284	7.829163	2.116723	7.000000	10.000000
-8.681675	5.490517	12.407480	-6.712386	-2.320576	8.572475
9.697855	-3.535664	1.832327	6.674510	2.569697	14.580551
7.815330	-4.652284	4.000000	6.000000	1.000000	10.000000
2.178692	10.502197	22.626795	18.550543	12.350179	23.110767
-2.588639	1.000000	0.000000	8.000000	10.000000	2.000000
4.724916	-0.305216	3.000000	8.000000	3.000000	9.000000
1.449649	-5.899490	12.962931	5.589616	-6.692460	5.910971
-1.898760	-15.263346	9.703217	4.844142	4.934279	16.654097
1.231869	7.688505	20.576030	5.676223	6.604434	27.799876
-4.328604	3.000000	0.000000	6.000000	6.000000	1.000000
7.000000	0.000000	9.000000	10.000000	5.000000	6.000000
3.006032	1.264925	9.740509	9.202022	5.206496	0.575022
-1.068346	-7.287831	0.845119	0.657149	6.261316	2.491328
-7.622360	-19.732498	14.344885	-5.634230	-0.371923	9.959658
19.204907	7.879592	11.000000	9.000000	2.000000	10.000000
0.742766	-6.622799	2.896738	0.926753	5.172710	4.672056
13.736802	3.399618	5.913018	7.967524	1.000000	1.000000
2.133015	-7.810351	14.378941	15.359535	-5.319207	19.865335
-3.868010	0.730955	14.244666	1.000000	1.000000	10.000000
-0.221422	-18.884756	9.213782	2.361314	-0.307128	15.342413
1.000000	10.000000	10.000000	11.000000	5.000000	0.000000
5.440131	-6.356287	10.877836	1.679171	10.465129	18.228592
-5.485649	-6.000081	16.909286	12.714751	7.362272	6.401721
6.316119	20.118435	-1.482069	12.895686	-2.617728	13.841161
0.785231	-6.179689	-5.668757	12.154313	-9.440401	10.856349
-4.728979	-11.168818	14.819064	8.541964	13.007353	9.355936
2.603615	-9.003031	2.350324	1.000000	0.000000	5.000000
-3.867565	-0.089650	18.244382	1.021037	8.428837	8.388597
2.751415	-4.608724	8.863520	-2.086661	10.403128	10.059074
-2.708152	-8.790584	29.045473	-5.735652	-4.539526	12.815731
1.000000	4.000000	11.000000	8.000000	11.000000	9.000000
11.214726	-6.290257	-0.193020	9.417168	-2.570184	12.494877
7.303405	13.209471	4.326492	7.403627	6.145020	14.047719
-5.933723	-10.840063	8.864041	-0.051849	4.711671	7.903597
-0.800196	-4.537977	-1.326582	13.655585	-5.832851	4.065252
-4.136423	-2.933752	7.524050	2.638149	3.381405	7.522074
1.000000	1.000000	2.000000	1.000000	0.000000	0.000000
2.000000	9.000000	3.000000	1.000000	11.000000	3.000000
6.000000	9.000000	7.000000	8.000000	6.000000	1.000000
0.006372	6.731962	0.867932	13.198108	-2.271825	-9.227168
-5.679007	4.442774	13.162026	3.480562	-14.796138	6.090871
-2.166793	-3.040569	6.000000	2.000000	2.000000	10.000000
11.959246	1.004699	-6.538429	1.000000	3.000000	1.000000
-8.533407	-4.642394	16.081611	5.224385	8.752176	28.946701
8.000000	8.000000	2.000000	6.000000	8.000000	11.000000
-7.166443	-13.865876	9.233741	14.666095	2.615680	18.494415
-2.130819	-2.933803	5.769528	3.538760	2.252228	7.412686
-9.345393	3.436841	7.078304	1.326902	10.823732	20.329499
1.098375	3.000000	6.000000	8.000000	4.000000	1.000000
-6.398110	-14.263842	17.383806	8.775495	-3.096927	12.089728
7.774603	-3.481680	5.216929	-2.884287	8.726578	18.571447
5.420556	-8.029197	12.474344	5.488099	7.694718	12.232245
6.585409	-3.166847	8.967438	10.093104	-2.580773	16.613649
-5.111177	-5.502681	13.501375	-2.209928	7.128776	8.000000
7.583591	-1.814994	-13.220200	6.044874	3.658455	9.297764
-12.503169	0.000000	6.000000	2.000000	8.000000	4.000000
-2.538950	17.014705	13.643113	8.535147	3.276553	18.401666
4.270922	-7.219675	0.410393	-7.503031	-5.099595	5.048681
-8.394633	-8.088760	15.521679	9.000000	11.000000	2.000000
-2.112475	3.731330	16.421277	-3.486882	17.216744	12.877081
4.167168	-1.387415	14.467180	16.485764	3.000000	5.000000
6.585528	-5.130656	21.167463	8.726496	6.799251	14.115683
-8.953348	8.000000	1.000000	0.000000	1.000000	4.000000
-0.485522	9.000000	10.000000	9.000000	1.000000	3.000000
4.327677	2.805893	-8.715764	7.132725	2.000000	2.000000
2.946855	-7.637441	5.543545	0.000000	6.000000	6.000000
0.000000	8.000000	3.000000	7.000000	5.000000	2.000000
9.000000	5.000000	11.000000	9.000000	11.000000	4.000000
1.000000	0.000000	7.000000	11.000000	6.000000	1.000000
3.801229	0.621272	9.870443	9.524145	1.897112	20.523151
-8.870917	-1.641679	9.021682	-11.874469	-0.336884	-2.486405
-2.081837	-6.976999	7.888286	5.455992	-1.308054	11.981116
0.821926	-3.408842	10.845505	4.000000	1.000000	11.000000
5.842751	7.806815	16.099029	-3.598596	13.253047	16.130205
-12.308730	-5.339352	25.698051	-1.886309	6.783095	13.989298
-3.633111	-1.448091	11.621246	3.870348	8.000000	5.000000
-1.875071	-0.041730	9.879327	14.180393	10.734888	11.156086
-5.710662	-4.839860	10.000000	9.000000	6.000000	0.000000
-11.401433	0.010685	6.840793	12.177845	4.510811	-0.147911
-4.737064	-9.617157	15.465843	4.891349	-8.127538	8.505155
5.513449	11.614060	6.200710	0.560978	-12.380851	12.357837
-12.044091	-10.809897	4.001088	7.199079	7.213217	9.047476
2.000000	9.000000	2.000000	2.000000	1.000000	7.000000
-7.809891	-10.414678	17.639342	16.379382	7.960285	7.584821
-0.123543	-0.993853	7.515576	-1.317078	4.000000	3.000000
7.040713	-11.985314	22.288867	21.043931	-0.278335	20.878655
-7.722667	-4.056099	6.210803	2.156197	-4.145848	10.052555
7.876314	-9.547335	1.494356	22.788710	3.929841	39.898549
-9.822796	-5.079983	6.662231	3.815082	1.568421	18.639614
-6.714578	-12.230992	9.000000	7.000000	0.000000	1.000000
-4.334911	-19.723108	9.647962	10.900700	-0.034131	4.911683
-6.863912	2.000000	4.000000	1.000000	6.000000	9.000000
2.326039	-10.535609	15.909099	12.596274	-3.132455	9.676368
10.965306	3.848720	5.000000	11.000000	11.000000	2.000000
7.181580	-18.939032	11.961331	15.593860	7.596449	23.449364
-3.695623	12.120057	0.410142	14.580221	1.000354	17.078675
-5.757248	2.359762	5.284926	-1.410354	-1.729760	24.309567
2.257394	-3.046883	9.944912	1.094894	4.000000	5.000000
0.727701	-24.846829	2.207183	-5.580468	-6.039656	17.644642
0.575512	-5.460074	20.431890	15.680020	-9.713042	14.187245
-3.070129	-6.709310	10.464555	10.833441	-0.886752	9.425672
7.638862	-13.352778	23.085813	10.004815	-0.809350	20.410199
1.668916	9.948933	1.752008	11.021475	2.316652	13.160378
0.166871	-4.426152	4.000000	10.000000	8.000000	7.000000
0.285857	0.681389	15.118985	1.471184	3.856970	20.739126
4.642454	7.549681	10.248357	15.444687	-6.851066	14.090041
20.959578	9.659738	14.575098	4.335167	-10.723853	-0.108783
-4.454666	-7.963806	11.000000	7.000000	9.000000	10.000000
-1.190636	6.293268	23.383017	9.802185	8.000000	1.000000
4.000000	9.000000	11.000000	2.000000	1.000000	10.000000
-5.361604	-6.704790	-3.788985	-1.296796	8.574466	10.480106
-6.448092	-5.791089	13.202512	-4.613598	6.548056	12.378055
-6.694166	-1.739866	6.477001	8.154031	0.525552	10.130720
9.011817	-14.919152	12.093129	9.764070	1.865226	24.270983
-7.963455	-6.927872	9.553188	2.000000	0.000000	4.000000
11.153897	-5.507339	4.474036	12.957735	12.313736	15.485229
4.610964	7.843347	15.541334	8.402876	3.141310	10.768835
-5.759307	8.911348	6.268905	14.376874	-9.002330	25.017073
6.000000	5.000000	11.000000	0.000000	2.000000	11.000000
-2.749583	-4.298049	15.402848	2.839375	3.668730	-6.593319
-8.451403	-17.373260	10.606868	-2.118658	9.060258	15.874326
-7.704328	-5.157604	2.865153	4.453043	9.541973	7.000000
9.434203	2.422000	2.472110	2.415208	-5.851916	3.000000
-11.196218	-19.196535	5.497034	0.465192	-6.382396	10.013456
0.107057	-1.577866	8.000000	6.000000	7.000000	7.000000
1.200899	2.268525	5.878378	7.170014	6.000000	3.000000
5.893105	-0.464895	14.685989	9.172263	3.099842	14.342562
9.990649	-12.181014	1.295064	19.929005	10.849162	21.518475
-1.570964	1.006249	-5.613412	10.441205	0.136333	9.000000
-1.056947	-15.543953	-5.023359	8.091566	5.593468	19.929233
8.000665	-10.904141	14.464292	12.641381	7.000000	7.000000
1.353312	-4.864290	-1.579967	1.000000	6.000000	1.000000
1.000000	4.000000	0.000000	10.000000	8.000000	5.000000
6.100518	-4.514645	4.650143	10.153128	3.077596	15.132238
-2.764919	-4.892838	6.000000	9.000000	2.000000	7.000000
-0.373763	0.224595	9.348235	16.409508	6.194409	17.405092
9.599558	-5.938924	13.795449	4.352370	-2.336312	17.007267
8.053301	-0.603350	2.055838	9.000000	5.000000	4.000000
-0.359880	-6.257432	10.123904	7.983686	0.304732	17.373038
0.978345	4.000000	3.000000	0.000000	10.000000	9.000000
12.849639	-2.351592	3.508055	12.661499	10.000000	3.000000
5.000000	3.000000	3.000000	6.000000	3.000000	3.000000
6.457641	-10.399064	0.468100	3.016535	7.568184	21.455674
-4.398154	-5.573744	4.738458	13.666377	-1.299727	5.779851
2.108974	-8.437431	21.963903	-1.805386	-5.309421	5.596423
1.210496	-17.497788	11.234831	6.235386	5.465269	10.159102
8.277466	-2.566455	12.757311	6.027702	1.295887	22.467922
9.000000	4.000000	9.000000	0.000000	5.000000	9.000000
4.687211	4.000000	6.000000	3.000000	1.000000	4.000000
-15.152210	-4.030753	12.050346	4.565650	7.743428	9.804469
5.200744	-15.003442	15.171188	13.722812	-5.054483	15.312202
-2.094175	6.000000	9.000000	0.000000	0.000000	5.000000
6.623456	-10.381119	2.000000	2.000000	7.000000	1.000000
7.235222	0.523048	6.006064	5.000000	8.000000	5.000000
-0.151553	1.602278	2.594364	5.092929	8.000000	1.000000
5.000000	8.000000	0.000000	9.000000	5.000000	4.000000
7.449001	-2.726277	14.106544	4.812397	-14.923422	8.648333
23.443906	-2.474053	4.934084	8.284820	-10.759420	10.870664
3.000000	11.000000	1.000000	6.000000	6.000000	11.000000
6.506406	-6.451412	-5.021079	3.007347	11.992954	8.911248
-4.861596	0.000000	5.000000	10.000000	1.000000	11.000000
-5.417628	-7.839244	14.815069	17.982160	-1.945879	15.089221
6.051099	2.092750	11.634808	3.000000	3.000000	1.000000
11.217474	10.760606	8.000000	0.000000	6.000000	7.000000
9.927161	4.770174	9.327040	10.841927	3.086897	29.618469
-0.666892	-5.198095	8.780005	3.651035	13.303066	11.081951
-17.088572	-4.793250	9.221856	9.085921	-16.864011	9.254780
6.000000	0.000000	1.000000	1.000000	10.000000	3.000000
-7.499489	-10.357213	7.606264	1.968123	-2.893907	13.020373
12.100885	1.220123	-3.997431	0.074165	0.959425	20.954290
-5.069234	-1.103188	7.190217	0.169442	2.030201	9.420129
0.280662	-7.428603	7.856853	1.134565	-4.182796	15.714513
-4.941807	-13.501468	14.125205	-3.757175	1.124978	1.164283
4.283202	-8.318669	0.774539	13.432250	-4.542359	15.027842
-10.464757	-5.536078	11.250400	-7.209013	11.733781	13.628752
-21.055211	-11.355552	12.957446	10.505011	-4.562174	11.000000
9.792151	-11.562704	20.491605	8.096531	-2.633833	7.055418
4.921755	-9.951784	0.553268	9.106346	-9.056628	16.748994
-1.544687	-6.126186	10.602915	5.361009	9.727789	-2.250821
5.193323	3.760785	4.746693	17.932788	3.000000	7.000000
-0.800082	7.018841	11.000000	1.000000	8.000000	9.000000
-7.253496	-8.093100	4.000000	10.000000	10.000000	3.000000
15.581100	3.533289	7.597439	5.409891	4.098255	8.000000
14.978408	-10.267299	5.626048	17.941657	0.738807	24.263517
10.902380	-11.584662	-1.129909	8.536368	-1.723436	16.769402
9.194358	8.778752	6.257965	5.000000	1.000000	5.000000
-10.272815	7.097820	17.578407	1.707213	16.164764	11.321301
7.000000	0.000000	7.000000	5.000000	6.000000	3.000000
-5.064754	4.528995	14.772714	13.782179	6.399311	14.487486
-3.654640	-2.820249	15.207891	1.058657	11.416658	16.129177
10.321969	-3.702497	13.616949	8.090116	8.872103	7.727595
-3.602016	10.491715	13.035445	14.510531	-0.524361	19.839757
4.000000	9.000000	2.000000	7.000000	7.000000	11.000000
4.504092	10.702352	-0.370028	7.241492	3.324739	34.975862
-4.763323	-12.846478	18.448757	-5.265996	8.664100	12.995420
2.732783	0.424198	9.703142	-2.999245	3.313319	10.750235
-2.766997	-7.324072	19.805869	-2.193500	4.679502	22.576432
3.496844	1.136499	2.631778	3.844567	8.000000	0.000000
-7.666961	-14.681802	17.431326	-3.864628	5.335507	15.474346
10.000000	10.000000	2.000000	4.000000	3.000000	5.000000
-1.596582	-2.335117	18.559283	2.593797	1.041456	15.014661
-1.936601	-19.088556	-5.743923	13.022607	1.770448	9.834960
5.830977	-7.710118	-1.097134	11.400027	3.315213	8.710965
17.156793	9.521907	9.393965	8.290398	-2.573338	7.255503
-9.374036	0.901383	1.807813	0.000000	4.000000	9.000000
-0.170795	11.000000	0.000000	7.000000	8.000000	6.000000
10.000000	4.000000	7.000000	3.000000	10.000000	2.000000
-8.249994	-1.818890	7.000000	8.000000	8.000000	4.000000
0.927795	-2.518749	2.020160	5.967317	2.624306	13.556927
8.000000	1.000000	10.000000	11.000000	1.000000	1.000000
1.038450	-1.132298	5.000000	5.000000	7.000000	5.000000
2.940721	-8.644622	12.199961	12.650716	-4.093106	30.415730
13.322088	4.192935	10.760773	13.720961	-1.163126	14.045315
-10.636253	-10.674101	10.862734	2.333152	-2.551867	21.129397
-15.743221	8.438108	-13.401941	-14.739040	-0.764607	12.728941
11.000000	3.000000	4.000000	6.000000	4.000000	9.000000
-2.688244	9.991348	7.000000	11.000000	1.000000	0.000000
2.220307	-12.179281	12.139736	1.509398	-0.062995	11.278583
-5.786976	8.014289	13.211534	3.635813	-7.130156	28.252818
-5.148917	-1.752956	13.528948	-10.992076	3.301413	15.160451
-2.524993	-5.114660	-1.544670	13.961320	3.125821	14.635461
0.268080	-10.448150	17.585495	9.000000	5.000000	5.000000
-3.628342	-5.612590	3.000000	8.000000	5.000000	2.000000
6.000000	10.000000	9.000000	7.000000	10.000000	3.000000
-5.823389	-4.763820	8.237155	7.673838	19.070073	6.501178
4.856722	2.612516	1.416123	20.608814	-8.147865	21.429415
3.491483	-0.570472	12.580495	12.533423	8.440897	27.391044
-10.768898	0.458626	11.733830	3.905695	3.764728	12.599873
-7.828575	3.000000	0.000000	5.000000	11.000000	0.000000
-0.485558	-8.359231	18.484697	-0.270269	6.106209	2.646390
-3.250372	-1.168802	-2.620477	15.432247	-7.997610	20.016557
7.000000	0.000000	2.000000	7.000000	0.000000	8.000000
-0.364619	-14.620291	10.728027	8.493210	-9.632056	24.536704
-4.906196	11.000000	3.000000	3.000000	2.000000	1.000000
-3.526814	-9.788454	0.416463	10.969943	-2.694946	2.044635
-9.802490	6.548922	16.214128	13.037249	0.720096	16.928905
-3.860820	-14.697062	11.383660	21.702478	-1.393105	20.319817
-19.769318	-2.024881	7.030618	14.412026	11.782046	16.828489
-5.620331	6.591300	5.833865	5.580714	-0.361644	6.898363
-4.712457	-8.004984	3.543364	11.104435	5.000000	3.000000
11.000000	5.000000	11.000000	11.000000	7.000000	7.000000
-6.336496	-7.859141	4.484127	13.233133	6.948438	12.711339
-5.516330	-5.846232	5.282000	-1.556641	-2.176084	7.650458
-1.532400	-4.401015	6.200967	7.095515	-6.083776	13.424283
11.000000	8.000000	2.000000	6.000000	2.000000	11.000000
9.768960	4.832405	5.860430	26.856174	-3.202761	17.017824
1.204570	-6.080959	2.320275	-0.807288	-4.082560	8.632968
2.552602	0.019048	6.794299	10.964312	6.143629	20.313776
8.737274	-5.870754	4.000000	8.000000	0.000000	8.000000
2.000000	11.000000	8.000000	3.000000	5.000000	2.000000
3.037486	0.326092	10.834506	12.529733	4.000000	10.000000
-13.337597	4.903914	13.077095	12.692286	7.728446	22.733552
-16.100312	9.000000	2.000000	5.000000	0.000000	1.000000
-3.477230	-10.294141	23.958981	1.608278	4.005633	10.467609
-3.516483	-12.092180	8.330060	1.618895	8.468686	22.218525
2.685765	5.649638	4.842099	21.977211	-16.998138	7.645566
-8.055974	-9.388519	15.749085	4.846520	13.402776	11.679737
3.002329	-7.710809	23.001523	7.497801	18.283726	10.114316
0.061715	3.061662	-6.377075	5.686645	3.000000	5.000000
-6.626582	-6.975878	17.024132	6.270281	11.573541	13.251529
-4.308627	-4.716577	14.862758	0.209977	10.157989	28.134212
-6.619264	8.112958	9.846622	9.256442	-0.954247	19.215223
-5.051602	-0.584994	14.282445	-0.101256	7.695499	3.817724
3.000000	7.000000	8.000000	0.000000	10.000000	1.000000
0.394120	-3.640228	10.118354	7.459967	2.901603	18.011925
-9.424963	-5.206888	10.705257	7.438773	2.000000	9.000000
3.182667	-14.787449	13.363069	19.665768	0.177461	5.000000
6.037982	-7.470958	7.353544	-1.516137	-5.807051	18.760605
-3.764580	6.557648	11.747164	6.991985	-0.103570	24.753769
2.446098	0.152125	8.079828	4.794058	5.079530	7.264702
14.018598	-4.457950	9.684235	1.555165	4.617262	9.066997
7.141752	-8.667983	13.540517	0.880341	3.356434	19.930904
-0.098135	4.019588	2.454872	15.735600	4.816666	12.178698
-6.667954	-16.785430	0.945195	-0.258501	7.060842	25.844265
-3.121713	10.000000	6.000000	8.000000	4.000000	9.000000
1.593870	-13.627488	11.872231	-2.582801	7.827397	6.123964
-9.472614	-6.401437	14.645548	-4.549590	-11.424469	-3.335418
-1.500617	-1.604834	9.234741	12.531237	11.142718	10.890278
-9.392493	-1.021036	13.169326	10.460489	0.812281	21.805251
-5.532900	-10.928018	6.402255	5.339696	-0.549183	2.407172
10.351449	-7.932328	3.110231	7.129891	2.149270	14.041739
-0.855968	-5.980705	12.379086	16.086264	-10.649669	6.452368
-3.547939	-5.789030	-1.187207	12.594354	1.107717	7.844433
4.043341	2.573147	5.913233	9.667123	11.199159	-1.069005
5.465974	11.000000	0.000000	10.000000	3.000000	6.000000
0.908068	-1.326533	19.939533	7.231402	-0.682239	25.015770
3.000000	2.000000	11.000000	7.000000	1.000000	8.000000
-2.220464	-6.917465	21.311542	-8.859385	1.949909	19.005113
4.543668	8.331447	3.675147	1.473988	-9.493767	23.595483
-7.683787	4.000000	0.000000	10.000000	0.000000	6.000000
11.000000	8.000000	0.000000	4.000000	5.000000	7.000000
2.354511	-15.729099	5.822781	10.341818	-1.565177	20.681774
-5.636418	-3.396622	8.000000	9.000000	5.000000	5.000000
-6.468365	-7.033909	12.167641	3.372923	-5.329056	15.490849
-1.555507	-1.963451	10.155122	7.000000	11.000000	8.000000
1.842821	-6.278332	3.382707	1.388724	-0.406941	3.895098
4.770740	1.953888	19.295603	-3.198855	4.547088	5.703177
-14.610294	-0.741872	12.700948	1.107461	2.325706	16.482749
-3.773041	-2.399929	15.269531	0.414250	1.761045	32.268052
7.669881	6.511859	0.434277	7.986776	3.385670	6.000000
10.000000	10.000000	7.000000	6.000000	5.000000	9.000000
1.906936	-3.581824	0.000000	4.000000	6.000000	4.000000
-3.113033	0.258614	3.680524	-8.398323	3.713748	13.671247
-2.207995	1.820121	2.508075	7.428889	-1.563523	12.281991
-2.228640	-7.523103	1.722287	10.765296	6.446391	32.291204
-9.056686	-7.564924	8.732712	-4.982312	5.278147	9.636854
-2.968238	3.220754	14.159966	2.660928	-0.815723	9.047151
-2.527102	7.872023	12.013382	4.000000	2.000000	5.000000
2.841394	-7.725307	12.378434	-0.933190	7.000000	10.000000
1.114747	-1.080340	3.105888	-8.945702	-6.810203	10.000000
-12.343463	-1.130005	-3.486537	7.555592	4.826419	4.230609
4.812109	-0.250151	7.000000	4.000000	8.000000	2.000000
-4.298730	0.481128	16.507931	8.779391	-4.905313	8.712453
10.000000	10.000000	6.000000	2.000000	3.000000	5.000000
-2.647400	-2.582237	21.402453	18.988935	0.270188	12.567941
0.112476	-14.751997	5.932012	3.745232	-16.831967	20.842789
-3.561088	9.689805	18.575307	0.000000	2.000000	3.000000
4.719051	-0.361829	5.102790	11.363397	12.498259	17.296100
4.000000	9.000000	3.000000	10.000000	7.000000	2.000000
11.033631	9.996626	6.588917	3.486974	-6.253312	9.234228
15.375140	-10.720668	12.406800	17.023305	-4.618316	15.027281
-2.906989	-22.177472	11.545511	5.624683	-13.012015	12.172274
-10.741206	-16.483865	14.910841	25.247237	-6.709138	16.422444
4.820232	6.345314	7.608840	1.228765	9.562911	2.666494
0.000000	11.000000	5.000000	10.000000	2.000000	0.000000
-2.090617	5.676322	6.000000	0.000000	5.000000	10.000000
-7.611757	-12.325368	12.752170	-1.994813	-1.276614	22.749458
9.787629	-7.220685	7.388154	-8.700954	-0.222525	22.998564
17.458229	5.535282	14.593314	7.754215	6.655014	6.492715
5.000000	6.000000	4.000000	8.000000	6.000000	1.000000
-5.080785	-2.814916	15.100552	8.203643	-11.260944	15.960951
13.423497	17.971015	-2.906485	11.827827	4.701636	14.737295
3.071148	-0.575580	11.253872	10.372798	4.716162	16.734396
-2.228950	11.000000	4.000000	0.000000	7.000000	2.000000
-11.607284	-9.910095	-0.049737	7.000000	2.000000	6.000000
5.000000	6.000000	6.000000	7.000000	1.000000	3.000000
8.740721	-5.681168	1.660302	-9.414344	12.569896	5.000000
-2.730366	-12.370582	12.667398	12.055133	-1.321534	9.658433
3.387926	6.000000	9.000000	10.000000	4.000000	3.000000
-8.228728	-3.737528	16.177800	3.719737	-13.336755	15.824404
4.033595	-0.267752	3.000000	3.000000	3.000000	8.000000
-2.193391	-2.289984	7.080150	1.000000	8.000000	1.000000
-5.611150	7.000000	4.000000	4.000000	9.000000	1.000000
11.000000	0.000000	10.000000	5.000000	4.000000	2.000000
11.920089	6.000000	1.000000	2.000000	3.000000	5.000000
-5.519274	1.776883	15.299652	6.263878	3.194311	4.332412
-5.377211	-13.788035	8.945879	8.645285	6.000000	0.000000
1.163360	-0.199188	9.046888	9.392887	-4.157222	18.845891
-2.397217	-12.816715	8.161932	17.122044	-5.747633	30.469681
6.265612	-7.440315	16.725196	19.778852	-4.097998	14.817063
-1.414589	-9.624735	14.763652	0.972958	12.306438	11.629421
0.372337	-21.144083	14.947378	4.846307	8.284846	16.345620
-6.283379	-18.020342	8.230040	-5.939945	-1.200605	10.243915
-4.618015	-8.727383	7.416234	-3.012626	16.604629	16.165154
9.000000	5.000000	0.000000	3.000000	10.000000	9.000000
-18.116179	3.145931	4.040365	9.152569	10.173629	4.598232
-2.558763	1.225583	10.397675	24.687255	10.191543	31.539976
-3.543224	-3.321387	30.112138	1.764491	8.153735	17.226874
10.000000	9.000000	1.000000	9.000000	0.000000	5.000000
3.830282	-10.535737	-0.967031	8.734224	-0.681383	17.641655
-9.425343	-2.870587	17.299026	12.330362	7.089026	10.612770
-6.340683	-1.433246	13.677179	3.533978	0.111925	18.791804
13.616812	12.271038	3.694089	7.834847	-5.446071	14.248365
-4.415622	2.299314	9.657162	12.792015	5.450987	16.773010
8.000000	0.000000	10.000000	9.000000	4.000000	9.000000
-7.223742	4.235862	1.949590	7.087692	-2.511463	1.000000
8.629624	-0.842548	11.000000	6.000000	2.000000	6.000000
8.038949	5.625011	17.327168	6.000000	7.000000	9.000000
6.144428	-7.673551	4.353240	6.379811	3.373324	9.000000
5.567061	0.000000	7.000000	7.000000	0.000000	11.000000
7.031870	-4.733983	21.342019	0.831658	4.179157	14.059281
-11.023459	-10.485040	12.457960	1.051139	6.774934	19.012231
11.000000	3.000000	9.000000	8.000000	9.000000	1.000000
-5.855353	-1.473632	14.243254	6.072431	10.210085	3.411424
1.425613	-9.407157	17.763411	2.951311	-2.177860	9.108172
5.000000	10.000000	6.000000	1.000000	0.000000	4.000000
-3.660275	-12.488504	10.568366	6.854816	3.801812	13.409532
-7.854814	0.206959	10.039371	4.984881	3.246493	23.828742
-8.310018	-3.243685	20.543002	0.677417	-2.572025	7.718133
-12.627125	2.745355	10.658864	9.516827	3.841964	16.222043
-5.897850	-15.827293	10.765699	-3.858083	-5.196415	22.672221
-4.650848	2.989624	15.667907	3.801109	-16.610954	4.203114
10.013535	-10.511569	20.311330	3.890677	-2.499702	9.075054
8.481704	6.786010	-3.818491	6.295857	3.000000	1.000000
-3.311579	-3.048025	6.403569	9.000000	11.000000	0.000000
5.578976	-5.513186	6.581269	4.164997	-7.227959	27.624022
10.149152	7.049309	9.000000	5.000000	11.000000	8.000000
1.893463	-8.189428	4.915451	6.517897	-8.674353	31.480702
5.674233	20.779490	2.000000	2.000000	4.000000	7.000000
9.294661	0.880990	2.000000	7.000000	9.000000	10.000000
8.577734	-1.487306	13.182418	11.410451	0.000000	7.000000
8.000000	10.000000	7.000000	2.000000	11.000000	11.000000
-3.622478	-10.714248	11.601664	1.911790	6.071283	20.258192
9.992735	2.252678	5.652695	6.000000	0.000000	3.000000
-10.740378	-11.354656	-0.523577	16.104822	1.000000	4.000000
4.953016	-2.723037	1.153384	8.000000	3.000000	4.000000
-8.285042	-2.201146	7.305170	0.383680	11.258168	10.151651
-16.715119	-9.660404	2.251602	2.973408	4.988238	21.420629
6.738007	-7.651916	-4.206668	9.926519	-0.309826	16.090994
-3.258009	8.587901	13.902255	-5.310656	-15.981083	37.064147
7.486497	-5.084938	4.927615	12.816225	3.328303	-6.252279
8.000000	11.000000	11.000000	4.000000	9.000000	3.000000
10.401079	-7.704732	25.378323	-7.566669	3.000000	7.000000
-11.509504	-11.822427	3.417192	-2.088267	-1.590458	27.182538
0.142339	3.249974	13.657289	19.190376	-0.091273	12.675293
12.794144	4.767461	6.593306	8.635437	1.479582	15.791427
8.460697	-6.872525	8.382409	5.255134	-1.489981	19.971896
-6.696403	10.106730	6.460479	11.548030	-1.103701	16.256429
-3.466717	-9.060140	-14.320854	10.998932	7.710913	19.203755
-0.011843	4.000000	0.000000	7.000000	2.000000	8.000000
-1.037295	2.197340	5.082531	19.546134	8.038382	13.810979
-0.771531	-4.900155	10.666526	12.588640	4.561740	19.015874
10.000000	4.000000	6.000000	4.000000	6.000000	2.000000
0.465047	2.896514	14.218220	3.730832	3.510113	16.713763
-9.577221	5.710050	2.891085	4.495580	3.784190	1.596221
-0.245176	-9.498132	19.591719	15.476897	-4.468514	0.360935
1.897691	-5.104339	8.846490	-3.087386	0.969273	15.216632
6.140342	4.669469	11.734839	-0.552768	5.343758	14.537178
-6.620068	-8.551808	1.884691	7.230657	8.000000	2.000000
2.000000	3.000000	7.000000	3.000000	7.000000	1.000000
4.470611	9.886682	13.912081	16.128651	-1.823551	10.000000
-2.505986	4.700166	0.810600	22.011624	-2.167127	15.778808
-0.898523	0.549041	2.162254	11.006821	-6.537643	15.160810
-5.291597	-4.759179	7.452135	-1.426562	-7.846321	15.474868
4.296427	-7.457845	-2.778862	4.869543	2.531781	21.505343
8.368543	-11.435043	3.336370	2.054224	-0.489586	16.658351
11.354876	-6.681419	15.049156	0.531782	10.585522	9.314587
4.000000	11.000000	11.000000	8.000000	2.000000	0.000000
-3.435396	10.000000	11.000000	9.000000	1.000000	0.000000
5.862175	-1.899435	3.414757	15.002459	8.000000	1.000000
-3.022950	-8.507873	-3.009819	9.000000	1.000000	8.000000
0.536720	-13.331787	16.912873	10.428500	-0.743959	16.915504
1.442781	1.389392	19.063195	-2.114232	6.849321	10.880679
2.000000	2.000000	5.000000	11.000000	3.000000	11.000000
-9.582342	9.000000	4.000000	10.000000	11.000000	3.000000
-4.448949	-4.691383	5.521347	6.377523	4.042155	14.313020
3.000000	3.000000	10.000000	1.000000	3.000000	7.000000
8.223037	1.557680	8.000000	2.000000	10.000000	2.000000
5.000000	2.000000	6.000000	2.000000	2.000000	3.000000
3.000000	10.000000	10.000000	9.000000	6.000000	6.000000
4.330526	1.000000	7.000000	4.000000	8.000000	7.000000
1.000000	6.000000	3.000000	6.000000	6.000000	9.000000
1.771743	6.287245	11.808406	-3.903425	4.996698	-3.476984
-3.688027	0.238729	16.080000	8.519264	0.012911	14.208881
0.853098	-9.908019	14.676666	11.000000	0.000000	2.000000
3.000000	1.000000	4.000000	10.000000	2.000000	5.000000
6.548765	0.369355	6.512620	9.010751	0.243971	23.572431
3.115853	-18.498794	8.666575	6.292011	0.452743	-1.053982
1.195350	-6.059522	7.000000	5.000000	1.000000	3.000000
5.599625	2.015298	11.000000	11.000000	11.000000	2.000000
7.000000	11.000000	10.000000	3.000000	11.000000	9.000000
4.184391	7.000000	9.000000	5.000000	0.000000	7.000000
2.331853	-1.851979	-1.263598	14.453836	0.000000	10.000000
-6.106997	-11.139437	1.246288	6.286561	10.543321	11.000000
-16.659655	3.560124	2.454524	3.932309	-0.712570	14.889674
-2.881871	-5.493709	2.526702	2.000000	7.000000	9.000000
10.187532	2.163167	9.203760	10.731265	18.412617	16.574443
10.559621	-13.398407	11.913023	1.707218	-1.950711	16.510543
0.826944	-1.532378	6.783214	-10.377660	6.551162	12.145128
-9.216176	-9.149862	16.782869	5.547330	10.093017	28.272274
11.158772	-13.066738	0.922087	4.627798	2.420029	11.280031
3.876987	-12.009520	13.619354	2.043613	5.000000	6.000000
-7.322239	1.947043	13.050709	9.450895	12.936956	18.470449
4.230004	-1.487936	7.311078	11.361845	6.302034	18.991886
-6.815273	-10.012946	13.011011	-5.566669	-7.304280	8.756756
-12.875116	7.000000	0.000000	4.000000	2.000000	6.000000
-6.189679	8.000000	10.000000	4.000000	9.000000	3.000000
-5.907438	-1.391508	13.975356	4.538091	9.747461	21.072883
11.841392	-2.502258	13.869702	2.231125	-1.454245	7.633049
1.000000	3.000000	2.000000	4.000000	7.000000	7.000000
2.419075	-12.608960	4.000000	1.000000	5.000000	8.000000
-1.218240	1.628716	10.000000	1.000000	1.000000	1.000000
4.612305	-4.360501	0.000000	8.000000	11.000000	4.000000
5.944573	-1.762845	5.747709	13.193454	8.763901	10.819820
6.651310	13.301598	-2.154797	14.898123	-5.245405	5.787515
20.685682	2.855896	12.844785	13.852607	5.000000	0.000000
7.310446	-6.785781	11.000000	3.000000	6.000000	7.000000
-1.721012	-18.127853	5.000000	3.000000	5.000000	9.000000
-0.086727	-10.169283	9.597143	2.130668	3.223799	7.449942
9.922013	-1.061371	8.387977	9.250903	16.488150	5.999986
-5.124143	-2.709028	4.901244	8.265526	6.674239	14.390915
1.454929	5.477668	9.630597	13.959048	6.000000	2.000000
10.190216	-9.788771	1.495727	5.806510	1.665067	14.609646
-0.107399	5.555869	2.091190	14.671033	7.354889	16.748861
8.890690	-6.165108	9.743618	3.287451	-8.387795	16.517531
-3.204707	-8.441884	5.079625	4.150298	6.211166	6.000000
11.493639	0.829637	9.000000	2.000000	9.000000	5.000000
-1.373732	-1.301090	22.566531	10.534898	3.588255	15.900263
1.404158	-10.745579	5.590834	-3.562933	-1.720020	11.575525
6.902947	12.959033	9.650149	11.579365	-9.306655	11.171794
-2.958902	-1.547372	2.555375	9.176597	2.284770	17.498755
1.299376	-5.270708	8.000000	2.000000	6.000000	7.000000
4.910315	3.616429	-1.159909	0.000000	0.000000	8.000000
4.263631	2.573561	9.831590	28.305232	9.787128	28.835825
-11.920766	-3.961856	16.625949	22.055500	5.370182	14.699540
8.000000	2.000000	8.000000	11.000000	3.000000	2.000000
3.600580	2.000000	4.000000	9.000000	7.000000	4.000000
3.342233	1.693573	4.958362	17.951835	8.000000	10.000000
3.025005	-5.965959	0.973463	1.111069	0.810256	8.732833
2.699939	-0.554596	9.579224	10.520404	10.000000	1.000000
2.922475	-16.594343	14.339506	11.482341	-8.607511	18.365558
13.144893	-8.808467	16.506334	-1.257550	-1.412665	21.256800
12.099479	-13.067217	11.368822	24.660774	12.049854	11.386966
-4.734760	-0.168608	12.959452	-3.438157	-14.797799	14.338016
9.296773	7.897917	10.000000	1.000000	9.000000	10.000000
2.163567	-21.098292	10.231950	5.871744	-0.784442	20.529195
1.615634	5.882393	16.408901	9.000000	7.000000	11.000000
7.518344	0.650710	4.170575	9.000000	10.000000	3.000000
-6.811026	-16.296625	12.453915	10.285558	-5.362481	16.227631
-4.710705	3.867216	15.077835	6.846553	2.525846	8.886645
7.000000	11.000000	0.000000	3.000000	3.000000	0.000000
-5.228382	-18.010250	7.047075	4.442025	-5.340655	9.648013
10.000000	6.000000	0.000000	7.000000	5.000000	11.000000
-4.035700	-5.134131	10.585308	6.645867	-5.558819	6.316714
9.000000	3.000000	10.000000	10.000000	8.000000	0.000000
10.053111	-2.834421	11.999930	8.724125	6.547419	-0.805643
-8.172544	0.245749	10.047764	2.926505	2.844878	-1.356918
-0.779171	0.253505	14.644820	9.779566	11.000000	5.000000
7.000000	2.000000	8.000000	5.000000	0.000000	3.000000
5.470935	9.374890	8.564583	11.256335	-19.097816	13.550278
-9.829299	-9.140267	7.315203	1.880328	0.172049	20.987415
-5.698311	5.349895	15.520367	5.522792	1.461917	1.394617
-6.558758	2.181570	8.682208	7.145235	-3.849025	5.000000
-1.008431	-7.234187	7.588494	14.371087	7.941162	12.093415
-4.239107	-6.905045	13.873344	12.617748	4.910331	8.383478
5.320220	14.669556	3.007333	-1.622676	-7.022231	13.402193
-3.372340	-11.858347	21.845292	1.000000	1.000000	3.000000
-4.883261	-4.459003	18.950123	7.000000	7.000000	8.000000
-9.947188	-10.249225	6.526343	10.424737	-6.918940	22.065585
6.891801	-12.514610	11.945953	14.395173	-12.048684	23.222292
-15.347834	2.000000	3.000000	5.000000	1.000000	0.000000
-3.912154	-2.694327	9.195611	6.189731	0.000000	1.000000
-4.646827	-14.851564	7.622010	5.869315	-5.904214	11.471769
3.110057	4.441221	10.000000	2.000000	10.000000	10.000000
-0.423144	-3.467948	7.371092	-1.561755	-13.556817	15.447066
-0.411559	-17.102389	9.011296	9.296159	-3.243468	15.018047
8.000000	3.000000	5.000000	5.000000	7.000000	6.000000
1.695936	-0.131419	23.711493	9.971458	6.011565	25.705915
-8.235698	2.038948	13.654436	1.000000	4.000000	4.000000
13.928871	4.061601	4.159261	16.873639	9.348518	9.630882
-2.648353	2.332878	11.569874	4.000000	7.000000	2.000000
6.853654	-11.537766	10.817388	-0.345121	10.022931	12.616728
-0.327516	5.780352	-2.433240	6.353940	16.554600	35.091088
-7.379484	-3.255616	8.982305	8.000000	7.000000	4.000000
0.457095	-7.005212	17.585024	6.710821	1.665441	10.314304
-3.265000	-3.359698	12.515812	7.928810	1.622684	17.590971
-7.555021	0.721743	9.615118	16.431272	9.435637	18.221943
-10.700512	-10.995098	-1.826630	15.619637	-6.722252	30.778708
-2.173547	-8.398277	1.754870	4.120279	4.173473	8.770232
2.467140	-0.763421	13.225569	5.025018	0.726562	15.617684
-0.859942	-8.062497	9.000000	6.000000	2.000000	11.000000
-8.047287	7.940403	13.724749	8.000000	5.000000	4.000000
7.697686	-7.823748	6.986458	13.230731	0.327842	10.333732
2.000000	0.000000	8.000000	6.000000	5.000000	9.000000
7.000000	6.000000	7.000000	5.000000	7.000000	0.000000
3.904719	-8.355289	19.539893	1.000000	6.000000	10.000000
10.339871	-23.019119	1.187602	4.398579	-1.019218	13.754027
8.569884	6.000000	8.000000	4.000000	4.000000	0.000000
2.522062	-7.542031	14.521602	27.039224	7.149124	17.862967
1.743782	-2.986636	18.122002	10.190991	-2.405955	15.917005
4.972764	-10.090795	5.555306	2.382718	-1.503481	11.039965
-8.243409	-2.132131	7.678671	3.785328	2.331831	13.143082
4.614197	-1.262026	-0.815172	-2.317689	1.841845	14.610672
9.000000	8.000000	2.000000	8.000000	10.000000	7.000000
5.915386	-14.785201	1.176700	-1.080470	9.001742	12.935805
12.338102	-13.242464	-1.633282	13.889580	4.816978	3.329428
3.881204	-2.126281	6.118680	14.240356	1.949425	8.006905
22.024324	-2.816713	7.195431	0.568749	7.943770	2.569124
-8.793959	-6.980075	8.372846	-2.409351	8.000000	4.000000
17.295678	-4.346270	4.915268	3.353662	8.444555	6.609141
-10.120932	-6.545074	14.145208	-0.643979	2.925430	18.012101
-10.881822	-5.983977	1.491901	10.365918	2.726709	4.282164
-0.109436	3.000000	2.000000	3.000000	1.000000	7.000000
-8.578351	-15.624545	8.501380	3.118984	-4.569214	27.405949
-5.920796	-12.681354	11.802203	4.026132	4.960161	9.680222
7.678598	11.332272	5.000000	4.000000	4.000000	10.000000
2.586908	9.000000	2.000000	7.000000	8.000000	5.000000
4.747821	1.933281	5.000000	6.000000	1.000000	10.000000
-5.037026	-10.582252	12.958866	-1.263209	1.783292	1.000000
-1.295002	7.731575	2.731852	-0.098649	3.000000	0.000000
1.864148	6.000000	8.000000	8.000000	2.000000	8.000000
7.185817	-14.806180	4.623455	1.440817	2.912597	-2.234158
1.357351	-5.237953	14.459335	6.838720	3.456300	4.010289
3.612795	-4.595684	8.125551	12.474777	7.368028	6.028728
5.832647	1.723158	13.653450	3.000000	4.000000	1.000000
-4.556312	18.275278	-6.890764	9.266711	-4.722793	4.147493
-2.064984	9.227656	12.214753	3.067389	2.248293	16.433046
1.427619	-5.262454	38.765551	1.487071	-1.903008	18.143002
-7.698804	6.751416	20.356904	7.660024	6.730278	3.011398
-3.650471	-8.121101	13.691623	2.256593	4.086616	4.812126
10.000000	11.000000	0.000000	5.000000	7.000000	3.000000
-7.659352	-3.127529	13.139087	-4.437061	6.524840	3.000000
-1.862598	-6.007118	1.861728	14.264986	8.749414	12.264064
-8.808953	0.927158	12.787321	-2.709147	14.104645	-0.286623
9.319240	3.122268	8.000000	2.000000	6.000000	8.000000
-1.689426	-2.226991	-1.918226	0.518693	12.979080	4.326097
5.607676	2.513963	4.000000	10.000000	9.000000	0.000000
-2.024741	-12.132859	7.655134	7.344501	9.746948	9.886594
3.000000	4.000000	1.000000	7.000000	9.000000	7.000000
1.718212	-5.905633	11.874550	1.837917	11.815695	0.396882
-8.872278	-13.704155	11.914575	4.694427	-3.434736	9.000000
-5.487156	-4.738922	9.076976	3.496964	4.963975	9.674165
-9.087890	1.000000	5.000000	8.000000	1.000000	11.000000
-3.346696	1.020301	3.739218	5.751561	0.005325	17.443281
-0.766445	-1.043293	10.704977	1.266173	15.672335	4.000000
10.191236	4.189995	0.000000	0.000000	6.000000	6.000000
-3.864687	-2.693882	1.955231	11.583307	-1.274157	-7.807077
6.000000	9.000000	8.000000	2.000000	0.000000	2.000000
14.955051	3.965938	16.532566	-7.980204	-0.200366	12.137555
-0.474217	3.178748	7.000000	0.000000	7.000000	10.000000
1.000000	6.000000	2.000000	8.000000	9.000000	6.000000
6.551868	-4.856241	8.921265	10.686985	5.701613	18.921266
-0.244286	-1.690758	19.244537	11.000000	2.000000	8.000000
10.072697	1.538729	23.411492	6.179117	10.596826	5.616556
2.439473	-7.269759	17.688887	7.006402	7.372796	17.537515
1.510844	8.551436	17.458830	16.607035	-8.102905	11.831735
5.000000	5.000000	5.000000	9.000000	9.000000	9.000000
-6.345529	-4.758577	16.013947	-17.485024	9.622323	25.574550
0.878641	-11.730307	15.731625	10.721791	11.162699	20.074417
-7.044909	-1.006079	9.798103	7.008801	5.000000	6.000000
3.050548	0.854702	9.000000	8.000000	7.000000	11.000000
-9.271188	1.515153	14.671617	12.479891	0.094988	9.000000
3.566867	-6.823429	14.416569	6.415106	12.251967	15.459088
-1.804282	1.739972	16.921123	5.603550	5.655083	4.341454
0.416153	-7.342554	9.956185	-2.387630	4.833054	13.060275
4.519629	-8.827218	-2.331110	0.917918	-1.035418	13.243744
-10.234079	-6.851744	7.455874	-0.206098	-1.251096	16.600396
2.364683	-6.302359	12.748480	1.182116	7.279132	2.091029
-4.123860	2.307044	7.941324	10.877616	-7.510601	12.927753
-0.712683	-16.582077	6.694164	-5.442951	11.361176	6.000000
3.027128	-5.909444	14.917931	6.478843	-2.375214	12.098771
5.000000	11.000000	4.000000	8.000000	5.000000	10.000000
4.166216	-13.098661	8.868395	16.712309	-8.018891	19.947111
3.042827	-6.633225	3.000000	1.000000	4.000000	1.000000
6.000000	4.000000	1.000000	3.000000	2.000000	5.000000
15.553424	-0.540516	5.937128	-8.360062	-5.146185	11.824523
-10.089934	2.954727	13.990482	9.954568	5.772462	10.811639
2.000000	7.000000	4.000000	1.000000	6.000000	1.000000
-5.337324	-4.425144	-6.920233	6.643856	-7.583994	17.573817
2.000000	9.000000	4.000000	7.000000	6.000000	7.000000
-18.698743	1.241070	9.193246	4.408431	7.319739	10.900249
1.542729	1.286279	8.000000	1.000000	0.000000	3.000000
-20.380758	9.151217	4.343798	9.020982	11.428848	13.477812
-4.015412	-12.097477	9.154533	7.674749	0.758093	3.000000
-1.155174	-1.435288	-6.734185	6.901902	4.639086	13.885051
-2.256312	0.729136	20.007859	2.899597	-0.538448	-0.140024
-7.576068	-9.169335	7.229412	0.663667	-5.076304	12.107748
1.736521	-11.990960	6.672211	-7.244979	-5.899335	11.215921
11.000000	6.000000	6.000000	4.000000	8.000000	7.000000
4.464515	2.966138	5.819383	9.682531	-3.508323	7.950441
-0.967459	2.880323	12.387999	-6.784074	9.127369	8.069047
10.000000	7.000000	11.000000	2.000000	11.000000	0.000000
-5.467313	-7.918352	10.928354	16.197974	0.730449	10.192103
2.727135	5.053499	2.696864	5.000000	4.000000	6.000000
-5.490405	-4.537934	19.977518	5.249138	7.913424	15.110900
-15.386219	10.000000	11.000000	5.000000	6.000000	10.000000
11.000000	6.000000	1.000000	4.000000	5.000000	11.000000
22.960609	0.434212	12.888701	6.315948	-2.346243	18.874481
1.599681	-5.428379	9.165749	2.732931	0.722011	12.100964
-0.513077	-2.351995	14.969222	-4.682168	-3.855284	17.326145
-3.068032	0.198319	9.044202	4.460317	-4.837326	20.762492
-10.280139	-12.028914	9.654842	4.187944	-2.448220	16.492150
5.222543	-19.403751	2.046606	5.000000	7.000000	8.000000
7.156036	2.852578	12.892531	7.057084	-4.584376	11.321105
6.000000	3.000000	8.000000	6.000000	9.000000	8.000000
-4.059113	5.876219	14.319474	12.867043	-4.370901	23.981638
17.944415	1.746353	4.000000	0.000000	1.000000	5.000000
-7.421028	-8.003794	-4.390519	-3.739897	1.295518	13.899700
0.268193	16.954254	13.046339	0.000000	3.000000	11.000000
6.021041	-6.720792	9.000000	10.000000	10.000000	8.000000
9.236712	-16.896226	9.699655	12.411470	-4.697545	16.738595
-6.261522	-11.247508	20.199661	20.845858	2.031810	21.191559
-2.516670	16.019509	8.000000	6.000000	8.000000	2.000000
6.478123	-7.443410	9.000000	10.000000	5.000000	4.000000
4.000000	11.000000	0.000000	10.000000	4.000000	11.000000
-3.271814	-20.173332	7.552332	3.037333	2.195592	10.052264
-3.590033	2.056260	8.275390	2.633975	-5.634833	19.716694
2.619719	-0.902352	8.451746	8.000000	4.000000	10.000000
-0.423651	3.783985	8.486201	1.441487	3.000000	6.000000
17.877271	-1.750383	-4.112232	11.578861	0.000000	4.000000
0.880055	-0.668550	20.098072	-9.173712	-2.016228	7.606500
-2.783365	-5.203399	11.128843	18.864342	3.187958	16.396937
18.027673	2.038115	6.402601	5.653472	8.000000	6.000000
-5.768320	9.911180	3.915730	4.539060	-10.852732	2.104531
9.602828	-2.757138	-3.488720	19.430723	5.877185	16.558986
-15.528176	-9.387547	8.887255	-17.035772	-12.641657	15.979975
-4.594259	-3.283679	6.216201	-3.292010	-4.071970	20.119717
10.576939	12.652664	13.343788	4.353420	8.019639	14.898189
8.202692	10.427391	13.092016	13.150766	6.000000	7.000000
8.000000	3.000000	10.000000	11.000000	7.000000	4.000000
-5.319867	-1.736032	3.445287	6.089202	-9.550651	0.835364
-4.995480	11.125062	10.331103	11.440277	1.235599	10.523458
0.534316	-9.194824	6.587747	12.066101	-1.308696	2.601883
4.879907	-17.494664	4.378813	-1.923848	-5.487941	5.000000
8.426132	1.301443	3.308206	13.909716	-15.094274	12.078112
-3.219715	-8.482810	14.201547	10.778732	-1.434403	11.018313
2.000000	10.000000	8.000000	2.000000	2.000000	5.000000
-2.042880	-10.465676	20.787447	11.120598	-14.561348	14.154299
-2.424550	-3.589418	22.154549	12.313544	-6.693521	15.894109
8.626228	6.000000	4.000000	7.000000	4.000000	5.000000
-1.672426	-14.314740	17.346052	0.714744	0.168784	14.515187
-7.433942	-13.102716	11.904737	9.972101	8.312760	11.356590
0.000000	7.000000	0.000000	0.000000	8.000000	1.000000
-2.748846	8.653591	11.501201	22.242404	1.000000	8.000000
-4.489224	10.000000	9.000000	5.000000	5.000000	5.000000
10.346337	8.779677	-0.828989	-7.902030	-11.071507	26.903153
1.233034	6.348912	8.920440	-3.414699	-4.324004	12.482872
-8.026759	-4.829871	10.804063	-5.058850	-7.925532	5.000000
-8.036843	2.378654	9.853750	17.668565	6.679274	9.960360
6.220847	-16.797079	18.873296	-0.154999	4.447516	8.000000
-5.596522	-5.763008	5.050666	-3.380182	2.888429	3.764137
-6.033732	4.000000	2.000000	6.000000	0.000000	1.000000
-14.029852	3.000000	0.000000	8.000000	4.000000	7.000000
5.716101	-3.359432	17.121586	11.406608	10.960752	11.256626
-2.007054	-5.243642	0.000000	11.000000	10.000000	1.000000
-3.856041	8.000000	11.000000	1.000000	10.000000	2.000000
-6.767416	-13.837661	20.810238	9.107499	4.488259	8.549740
-4.873170	-6.273409	6.276340	-0.595824	-0.484122	-0.808758
-4.639877	5.045946	10.000000	2.000000	1.000000	1.000000
2.000000	6.000000	2.000000	10.000000	0.000000	6.000000
8.493534	-6.492403	-2.957421	2.000000	2.000000	7.000000
8.094652	-9.480724	-6.335463	9.162052	-16.589020	10.743837
-1.594255	13.656712	10.000000	0.000000	8.000000	10.000000
5.174532	-16.575096	18.451822	14.005174	9.623224	-7.291220
3.482257	-7.603320	22.181959	3.179276	-2.392568	9.250416
-10.350283	3.000000	2.000000	5.000000	1.000000	9.000000
-12.167561	5.000000	8.000000	7.000000	0.000000	1.000000
4.892193	8.367073	10.000000	11.000000	7.000000	2.000000
-4.388427	-0.052562	4.690553	11.153795	-2.405864	17.621773
-15.701971	-12.456333	15.801347	1.877383	-2.460567	3.975020
6.882284	16.290259	3.431719	1.280674	12.138860	10.475900
12.105855	-8.066525	6.367440	9.803615	-3.119943	22.656145
-0.111019	-13.923380	-7.318017	-2.796652	-0.880717	18.939807
-4.331753	10.953294	15.584186	20.474477	-5.252437	9.662377
5.091131	-6.611742	11.753250	25.594759	6.249488	19.511607
-8.392925	-1.168250	-1.923985	4.702912	0.730909	36.421652
3.284553	2.979919	7.306820	20.354085	-1.782703	24.743293
-5.792673	-5.335735	8.122039	11.204834	-1.282623	20.492365
-8.553118	-14.652211	14.690752	4.849209	-4.419838	8.241346
3.707974	-9.147623	7.386690	23.079838	6.327646	12.672100
-5.519248	4.327125	-4.064275	1.254123	4.634451	2.151181
-13.869743	-2.894012	1.996177	11.000000	7.000000	0.000000
-7.320476	-5.725270	10.042055	7.479226	-4.538778	12.898594
11.000000	4.000000	8.000000	0.000000	3.000000	3.000000
-17.892269	-25.822839	-0.821216	-3.515083	8.698101	6.935500
-7.778548	-10.952519	9.979904	12.736220	3.977342	14.206162
9.578632	-17.185551	1.000000	8.000000	10.000000	6.000000
-1.289531	6.000000	4.000000	3.000000	2.000000	8.000000
-1.977490	3.000000	2.000000	9.000000	6.000000	6.000000
-1.725702	-1.070182	7.879065	12.840775	0.062318	11.714317
-15.346757	-7.096778	5.846366	3.057182	9.359542	3.000000
-11.433920	-1.896622	14.359047	4.000000	11.000000	7.000000
-7.052126	3.265619	9.096522	1.058583	-2.827514	5.446328
10.065909	4.000000	2.000000	4.000000	11.000000	6.000000
-2.037554	-4.310350	12.222271	5.891458	-6.009910	30.750964
-11.834396	-6.823020	9.491246	10.443369	7.829907	2.494262
5.000000	8.000000	9.000000	11.000000	5.000000	4.000000
-0.614270	-6.582793	8.402204	5.375747	6.238470	10.795945
-4.568836	1.194209	20.636612	9.089253	-7.019561	17.249070
16.213145	-1.175295	11.201173	6.423547	-2.372690	23.881590
4.940428	1.582940	3.259152	11.070672	19.302708	14.162119
-5.738975	-14.152307	11.135435	11.760519	8.016152	5.780983
-1.181836	-13.555903	3.321912	1.486987	4.068873	4.000000
-4.571483	3.000000	3.000000	9.000000	8.000000	3.000000
-5.995698	-7.223525	15.302127	6.826308	13.070417	22.386243
4.000000	10.000000	5.000000	8.000000	1.000000	10.000000
-12.395725	-15.869762	12.061520	12.715659	13.475310	9.617914
0.279523	-12.065548	9.555701	-5.481906	1.043043	9.000000
-0.740404	-11.694798	7.216458	-2.617863	-1.161120	6.000000
18.872541	0.362886	7.361872	2.000000	4.000000	7.000000
6.803541	-6.831802	23.070947	7.354353	-2.235788	13.962948
-9.811760	-12.902929	14.955902	16.850709	-1.293345	24.543193
0.376267	-6.193648	18.355952	-3.182933	-1.642899	15.634549
-1.359336	-3.069194	17.031956	9.192707	-4.574576	-0.428955
9.409732	-5.322544	4.000000	3.000000	1.000000	10.000000
11.000000	3.000000	11.000000	2.000000	10.000000	11.000000
11.345640	8.866910	5.339319	7.000000	9.000000	8.000000
9.000000	11.000000	7.000000	9.000000	3.000000	4.000000
1.921514	-0.829092	20.423315	1.827067	-5.414130	8.974247
6.227177	6.087526	21.835812	21.817771	11.755022	7.794080
-11.023851	-17.279983	18.615615	6.360915	-2.326348	4.932309
-3.243121	-1.903746	17.055682	8.244143	10.580766	5.973648
18.930612	7.749558	11.710099	0.000000	7.000000	11.000000
-8.188172	-14.069603	10.891613	4.036031	-3.952984	19.214436
-8.172345	-5.640274	14.735695	24.917634	11.301998	13.716377
-3.558040	16.127006	20.463042	14.342786	-4.700271	-0.457582
12.503270	-13.261914	-0.968954	5.166409	10.000000	2.000000
4.649056	-2.475107	0.000000	8.000000	3.000000	0.000000
-11.741417	-17.840037	6.635442	6.151175	5.244918	4.961049
6.331015	-12.821385	9.411500	11.173753	-0.079724	11.844579
5.322977	9.000000	3.000000	6.000000	5.000000	7.000000
-1.836152	-8.732940	22.655387	18.619630	-6.478044	35.138794
-3.117541	6.000000	2.000000	7.000000	11.000000	8.000000
3.000000	6.000000	2.000000	3.000000	11.000000	1.000000
-4.298526	5.203727	18.150481	7.240005	-16.642308	1.639665
2.242916	-8.365029	12.569626	13.642515	-12.321291	9.249606
1.494896	9.882949	2.000000	6.000000	3.000000	11.000000
-5.489283	-18.925245	12.624477	1.166521	-4.039625	12.138292
-6.615880	5.632865	11.376955	-5.030092	13.145520	4.199867
-1.268308	5.084313	10.801314	-3.919496	6.165865	10.990559
-8.625040	6.000000	5.000000	5.000000	7.000000	0.000000
2.184089	-5.933705	2.974840	7.195180	7.000000	5.000000
-3.417254	5.046715	2.003022	7.613651	4.210402	14.211997
2.272784	10.895582	11.219390	7.532313	11.568092	13.180596
-17.144660	-18.588891	17.567398	-0.473664	2.039372	14.353545
1.376366	-10.246418	2.000000	3.000000	9.000000	11.000000
-5.995429	-16.343442	6.622396	3.240122	18.652258	8.448343
-18.168364	-4.782647	21.096479	8.254616	3.359075	5.658340
-10.071223	-7.483248	8.436880	-13.488916	3.746570	18.252658
9.398332	-4.095594	13.360350	5.243910	6.629327	8.308324
3.843524	5.404550	1.130115	2.596677	-9.709314	16.574019
-5.477911	-5.237465	9.728550	4.926894	2.311662	15.582442
3.000000	1.000000	7.000000	6.000000	2.000000	6.000000
-0.015025	8.147269	1.484820	5.104084	7.128737	0.672948
1.869511	-5.320586	7.681458	-4.831026	4.652124	1.000000
4.110890	-9.694110	7.716000	14.815906	2.068822	5.301699
-0.299292	-24.464716	9.141109	-4.609275	10.030171	10.000000
10.293917	-11.283673	8.880227	2.251851	6.807959	12.140515
2.710765	-1.171569	3.494114	17.783337	14.499246	1.242951
-3.324672	2.361938	1.691453	12.187559	7.473643	23.129530
3.506412	18.516424	8.591537	-3.872012	-7.096756	-14.753202
0.985280	-8.405561	-1.403937	5.357540	8.188980	4.000000
0.161875	2.863727	8.808579	-3.773783	3.729080	-4.690768
6.508736	2.460254	8.000000	0.000000	0.000000	11.000000
-10.106971	-14.643100	6.712891	-1.112016	8.961277	2.000000
-6.644317	-0.845475	11.130219	-4.701541	-0.234372	5.701355
-6.551854	-11.749095	17.214113	5.000000	8.000000	4.000000
-5.038634	7.000000	10.000000	5.000000	1.000000	8.000000
-7.216462	-3.339135	10.226910	13.245299	6.132375	9.507178
9.943615	1.053838	10.000000	2.000000	11.000000	7.000000
0.597282	-4.774598	11.071722	-3.910118	7.876168	7.991529
-1.545953	-0.414824	5.484384	3.790108	4.107034	11.597817
6.102090	-1.996530	1.746288	8.560701	-10.348830	9.641328
-13.046779	-2.360952	10.706582	-0.865583	3.351860	4.464648
8.721056	-11.446748	2.609266	10.861583	-5.417517	21.125926
0.000000	5.000000	2.000000	1.000000	1.000000	10.000000
7.515279	8.660367	7.320749	11.000000	0.000000	0.000000
-17.648416	-6.748376	14.031223	11.156439	7.537096	14.474772
-13.493319	-5.106252	3.808566	-0.745817	1.874146	2.000000
4.158446	-1.771084	4.387689	-4.317056	4.166665	8.839184
1.299741	-1.040712	21.018709	8.983606	-3.590731	10.293947
11.535442	7.310089	2.937135	13.503766	2.000000	10.000000
7.937679	-0.433790	2.000000	11.000000	3.000000	7.000000
-0.051403	8.513071	7.757831	21.320083	3.262229	5.602490
-5.055236	-2.284530	10.615807	11.629190	9.709567	6.647493
0.000000	2.000000	8.000000	5.000000	0.000000	4.000000
4.688922	4.682992	19.269962	5.000000	4.000000	5.000000
16.472192	6.263859	6.961542	15.495452	0.000000	11.000000
7.000000	8.000000	2.000000	2.000000	3.000000	4.000000
-6.699411	-12.956021	17.319257	-4.449403	-1.521813	16.454635
-2.363342	2.257468	7.908347	13.600231	1.839337	12.230440
4.928042	-2.052604	1.161210	7.962350	8.327930	9.416931
0.931793	6.065662	11.043742	18.700468	4.012417	9.000000
5.641568	-5.388510	18.480708	2.209777	3.432407	6.696470
4.921373	-15.103715	12.131387	-4.471872	-21.374881	22.035087
4.273530	-19.142113	0.925599	5.113188	-9.951743	10.711721
-4.213410	-10.009281	-5.150524	5.000000	1.000000	5.000000
-6.327344	4.120287	12.137331	5.000000	5.000000	11.000000
0.571924	2.000000	9.000000	0.000000	7.000000	8.000000
-7.711209	-0.404551	5.610595	-3.028553	6.717395	7.930296
-1.745114	4.479121	5.237078	10.087246	-4.498855	12.262514
-6.363239	4.000000	0.000000	4.000000	7.000000	10.000000
-20.529156	-2.043645	10.507412	-0.380602	11.511361	5.415008
3.732001	-13.232379	-0.660103	2.802672	-4.088161	11.000000
-10.011383	-1.129151	4.770873	5.173949	6.050011	4.000000
-6.086635	-7.825666	7.522582	-5.958751	9.135050	20.282773
-3.444314	-13.544896	5.665059	15.227632	-7.841321	19.228591
-13.743688	-10.198927	10.098060	2.301317	-0.473668	13.769566
7.686243	-4.550931	3.011235	5.721060	-4.936417	11.509553
-4.830093	0.023748	11.781999	3.013217	11.221608	18.490726
-14.844510	-9.796271	7.612150	1.297921	1.547537	19.019138
-7.238185	4.977016	12.548030	5.423382	4.830239	28.781558
-5.165927	-3.004730	6.000000	3.000000	5.000000	9.000000
-5.902628	-0.435257	4.000000	2.000000	6.000000	10.000000
6.606325	-11.208317	17.252152	9.660941	4.976845	19.825252
3.000000	1.000000	1.000000	0.000000	2.000000	2.000000
-0.582285	-9.046775	2.370365	14.230105	-2.889788	20.305632
0.144900	0.169563	9.914614	23.385176	-2.442735	8.523998
10.281103	-1.710096	3.684462	9.560472	8.885984	16.743993
6.163906	0.623508	13.487666	6.625807	3.367477	8.007615
3.648121	0.691770	-1.518477	-3.836892	5.852239	14.099640
-0.822748	-1.884189	14.860603	10.888956	8.409680	11.798035
8.301534	-7.301282	9.122649	5.799769	2.088355	7.061111
0.195850	-20.071542	7.906436	15.920774	-2.676645	23.316092
-5.782871	-7.649963	18.875868	11.022754	-0.403062	12.660908
1.515678	4.327948	13.641778	10.000000	3.000000	11.000000
-6.397523	-9.111814	17.012896	-4.347410	3.302283	10.328681
-11.499816	-10.979353	8.118636	1.000000	4.000000	1.000000
7.176193	-1.204556	1.000000	8.000000	7.000000	2.000000
-8.518485	2.000000	3.000000	8.000000	8.000000	9.000000
2.846910	-1.198854	-6.332035	0.326717	-12.420310	18.570830
5.000000	6.000000	3.000000	10.000000	9.000000	3.000000
-2.650031	-9.338346	8.078657	7.201706	5.376934	20.184037
13.837895	-13.572519	-3.455471	6.879731	0.473361	9.287188
-10.143981	0.434082	4.524436	11.860441	3.136754	20.510902
1.687325	12.440048	6.245752	4.819149	-6.572070	37.011719
1.320156	-7.312854	2.519206	1.000000	7.000000	5.000000
-10.470773	2.893468	11.648151	2.000000	7.000000	8.000000
-5.717751	1.476513	9.967207	11.000000	10.000000	0.000000
-0.688911	-1.847452	-0.329398	10.228319	9.000000	8.000000
0.000000	8.000000	9.000000	8.000000	7.000000	1.000000
1.926522	-1.108324	7.697126	8.500194	-7.252963	17.414191
-7.199415	15.602047	8.663957	1.814309	9.536237	10.375345
-0.498898	-12.207932	19.154595	20.201721	10.057906	4.667486
4.539740	-11.157627	10.246024	-2.428479	-12.954894	10.758776
2.141253	-12.588267	3.338141	4.683739	0.914307	4.195326
-3.799545	-17.412388	9.877400	-1.879449	2.258099	7.964098
-3.346752	-1.857459	9.000000	10.000000	4.000000	9.000000
5.124973	-4.161305	8.608569	-8.769557	-1.839936	10.923035
0.178446	-0.744588	15.171455	3.753817	-4.943212	5.129415
3.102112	-12.519036	16.826565	-4.070705	0.481358	9.570808
-4.559121	-6.782075	8.780611	4.617718	5.366980	6.000000
-5.914385	5.659010	7.165443	-8.545733	18.081962	23.261845
8.000000	4.000000	2.000000	10.000000	8.000000	3.000000
2.181573	-11.554604	-4.415328	15.944777	0.000000	9.000000
0.000000	11.000000	0.000000	8.000000	4.000000	3.000000
14.188847	-3.948526	12.128872	11.370936	-2.268835	18.891260
10.000000	5.000000	9.000000	6.000000	4.000000	0.000000
-7.051331	8.000000	9.000000	6.000000	11.000000	0.000000
-4.943512	-10.171499	15.738371	6.125491	10.182821	7.656073
12.975856	-10.228189	12.716383	13.039908	5.923945	1.170320
5.737786	-2.576609	11.392137	3.675203	7.253520	3.488209
9.906674	-1.575383	2.940045	8.882444	7.000000	11.000000
11.000000	6.000000	5.000000	11.000000	5.000000	5.000000
-5.104430	-5.203449	1.659890	7.000000	0.000000	11.000000
-1.833123	-1.266834	12.899250	23.051822	0.000000	9.000000
-2.003016	-7.363551	13.728782	3.050052	9.431847	7.817084
-0.590202	3.970649	-2.978377	13.667640	7.274291	18.907938
-2.717598	-2.001400	7.387471	-0.439508	2.020884	14.294800
11.169262	-7.984790	-1.814343	6.784992	11.000000	7.000000
-2.511364	-4.226140	9.199944	-0.088459	-1.664708	20.202222
-0.116174	-2.938877	13.556370	-5.482688	4.375487	7.000000
-1.350478	0.086324	7.468051	0.472802	-2.584589	7.000000
1.000000	7.000000	4.000000	2.000000	11.000000	5.000000
-1.751680	12.793149	4.537863	22.609068	6.822427	3.926655
0.142647	-11.593405	8.706954	12.334605	3.084454	-2.078666
-5.104680	8.163296	8.824752	-1.081075	16.799879	9.533784
8.473631	-22.047883	13.790703	7.000000	9.000000	6.000000
14.142539	-6.281801	6.617653	1.127889	-20.716012	12.145525
-1.536040	-11.448351	1.142754	2.000000	2.000000	3.000000
7.000000	1.000000	3.000000	4.000000	3.000000	1.000000
-0.957262	-10.447829	-1.427380	-3.614381	5.290879	16.818720
2.659953	-11.871122	12.052720	7.686918	3.508848	7.019843
-11.459518	-2.637686	16.190826	5.951052	3.291760	15.478497
3.399016	4.000000	8.000000	2.000000	10.000000	6.000000
0.000000	3.000000	6.000000	0.000000	11.000000	2.000000
10.186640	-4.049524	-8.857691	3.271963	6.000000	11.000000
26.977798	9.087423	2.000000	11.000000	7.000000	9.000000
-5.401374	-1.910107	3.048623	6.298238	-10.408413	9.291943
-16.051673	2.761868	11.216376	6.951370	4.968919	13.490628
-5.939232	4.000000	2.000000	9.000000	0.000000	0.000000
1.506338	5.000000	1.000000	4.000000	4.000000	0.000000
1.376820	-7.220203	8.848062	0.000000	8.000000	9.000000
-4.876697	8.443908	-3.433667	5.210488	7.431856	6.000000
5.655779	-20.432582	0.973388	7.278115	13.269932	7.907631
-7.110101	2.227769	3.100612	21.007074	-10.959765	21.679109
2.749358	-6.063681	8.071163	9.541880	4.059040	11.505042
