91.970519	5.540043	-81.402138	82.178256	-79.481822	21.078494
-40.973252	84.866302	-20.503721	65.766667	96.434750	-62.696835
68.962437	-90.189849	-15.287238	32.301309	8.277102	96.994008
-77.277074	73.747064	65.786135	94.918440	85.486327	-86.092009
-30.224563	39.408629	36.006003	9.928852	80.136419	-93.349520
4.381254	-48.010778	3.391668	48.404146	-20.125802	31.529827
-36.094541	-10.242905	-63.603821	49.706823	32.625258	-95.935582
-57.678605	24.999591	-38.236212	-45.325859	51.263424	-81.914297
-46.187162	-97.148527	20.893119	-81.127728	4.377471	-14.997515
63.208635	-37.520094	-35.611720	-5.669010	82.727098	78.839902
15.306998	-94.248583	45.314137	79.970138	-95.285084	-65.109822
-52.736899	-16.239954	70.609929	61.126219	-7.692209	-12.995374
-73.335155	99.066226	57.401863	21.313761	61.839214	-81.651090
79.184470	-40.317889	-1.084265	77.961948	97.313739	27.820124
75.505591	37.661835	-95.176540	12.704134	5.333085	-9.404440
-67.239604	3.515831	97.870052	62.865608	-13.889907	-73.293133
39.725016	18.917100	78.871012	78.522557	-31.636938	58.623389
94.194680	34.215558	-43.290411	26.341365	5.820686	-1.032390
-55.793131	-91.622910	96.510419	54.910611	13.486646	-69.877267
-12.730535	-53.009601	-57.800787	-72.541799	-56.290748	-32.958178
-26.837998	-15.318037	50.999011	-20.793297	-47.553183	9.969299
33.889815	-36.310884	28.086350	97.546742	83.771487	-61.511221
-45.824232	-97.637908	46.148436	51.521434	35.245979	-67.350644
80.850004	98.283601	-89.246099	-19.485731	-60.317622	-85.767913
-82.266292	51.719917	-44.244838	-77.908852	-91.248701	-66.013143
-66.310249	-38.413045	63.506678	-79.803311	88.269398	-58.920321
-0.505008	-97.164992	94.115199	-26.184006	-56.924059	9.954443
84.363086	-1.529463	-75.749521	26.846111	9.386528	80.029054
-2.807732	-89.518840	-99.803716	96.855439	-39.396829	54.999761
-19.661063	7.985807	94.209384	18.283372	88.487103	-78.441213
46.521538	57.644494	-99.476124	4.818755	-44.400846	45.387192
4.472953	1.153768	21.607384	70.286986	25.019430	-49.239886
75.738551	-37.385741	-95.034377	-50.983063	-68.961704	50.476377
89.679068	-87.394184	7.503391	-7.181362	-8.510855	-73.340309
25.153194	-56.866163	-60.930446	59.357216	100.939693	78.595104
100.596000	15.122287	-15.929724	-14.287386	-49.490853	-89.512391
-23.975420	79.348610	-53.555575	-88.038801	-97.239582	-12.086185
-29.584135	3.284476	47.282329	95.456898	50.094558	-27.366854
-22.645433	-55.458230	9.042886	-60.279803	-73.254322	-42.553795
30.480541	-74.486869	44.166165	22.200299	51.474707	-69.704635
-4.504044	-22.079859	-89.808143	-68.065085	71.591086	4.177482
77.692943	-24.720686	-33.299722	-92.858567	65.621777	10.668195
-21.454867	54.439777	-51.996164	-12.231425	-70.700319	-40.879061
57.238639	3.447748	-57.833584	-50.638742	32.904858	-19.557557
-63.071700	-68.350335	-79.962624	-4.425114	8.510418	-88.464923
-90.026655	12.016448	91.067009	82.900564	-54.635698	58.123962
28.098764	-18.618710	91.516978	0.728827	-5.679310	13.996421
13.375107	31.795541	-62.688416	57.817854	-31.443599	-63.240365
-31.805455	-22.825348	52.367674	28.558732	16.670267	-60.549653
-3.945989	68.182828	-70.853330	24.821659	-13.135794	68.036639
-83.735261	82.179382	-9.271521	-45.779384	-90.620992	47.497035
94.040475	-96.146128	-85.913803	20.168496	-80.832807	-51.298217
-27.923901	15.853425	46.565537	-8.859507	-69.947059	88.025321
71.507920	38.294763	-97.282269	72.222071	-23.977638	66.939196
-85.210534	-79.451122	13.464429	15.376666	-94.006278	-26.502004
90.587358	69.067488	77.047731	-60.356811	93.034447	-32.234039
-61.515029	-49.342038	90.143442	-85.559965	96.407837	-65.627106
-81.490097	-17.846053	29.453703	20.269132	-17.140429	78.690150
19.326243	-28.706565	-42.787958	-20.901406	-77.674956	-12.418738
98.100638	63.846337	81.604566	49.213923	22.986965	31.839770
-52.296963	-28.287547	-84.870623	-93.074607	-10.772893	-97.747254
-90.177779	-39.266252	60.061614	-1.316823	-81.721793	-23.773793
-33.221743	-90.357907	-68.900625	51.041860	-57.540864	-71.500590
-56.965712	9.332922	-48.587656	-10.514884	42.627701	10.803769
-85.538496	69.266107	40.428355	-35.347813	-56.157470	-71.886398
92.410837	-47.496224	51.830495	-92.016949	-50.485654	81.817313
-68.545156	11.948188	22.060727	97.449604	-94.823155	-71.713651
67.671474	-67.910838	-22.797221	-81.226254	60.677359	-32.645689
-12.683131	-45.956260	-96.594643	-44.706436	-68.858939	-60.718876
87.867673	-40.952441	67.233845	-51.521732	58.796707	33.004759
15.750649	26.301428	20.734887	-58.382596	60.096080	6.027568
-26.569887	-5.870396	26.878786	-30.861898	-79.489247	-84.310198
-8.504215	38.332028	-30.005075	-34.690727	14.696043	-51.959317
-97.286165	36.704226	-45.834475	34.851353	-67.471805	-75.741668
0.304802	-42.170339	78.591445	-76.360058	42.243887	-60.561489
-31.471523	-45.969166	2.452203	97.335964	77.464280	26.443255
-52.093291	-66.970206	-88.194039	-4.731463	-2.087869	31.777081
3.724680	-1.291143	97.464714	-69.546857	-4.475433	-33.999406
23.690393	55.719831	-57.521592	-92.130285	-68.147106	-31.991382
-36.259750	-51.344668	-15.446475	-34.486265	-42.313409	50.938079
-75.048617	80.706499	24.472907	-78.433530	84.333578	19.972739
15.680697	9.261108	-99.317495	-65.666565	44.932925	-8.064373
-51.398966	-38.669116	-94.182497	36.232576	36.571019	-30.616147
65.969084	-54.360188	-83.463736	63.753342	24.017843	-75.768164
52.608205	51.473996	92.650509	-60.314208	5.654164	73.843687
25.091240	23.201177	-66.231573	-51.540077	38.579536	81.072171
-13.859803	48.904009	-64.061152	83.958460	38.444997	-29.034951
-1.140218	23.571859	-31.857550	62.506735	38.147392	31.513626
32.523739	-67.884388	15.319210	50.974655	88.492317	-25.654766
-89.046079	-19.319723	-45.204837	-49.205445	-43.727113	47.039280
4.101771	12.416031	-19.627038	-36.848193	-89.772983	-58.797183
-32.377354	94.340259	-75.749952	-47.567601	-85.198725	-36.126715
1.913487	27.754220	-95.832447	33.748167	-86.724828	-90.167042
-52.132681	-35.846911	-33.948551	-43.219747	-73.377253	-72.103926
-2.433218	45.710775	85.463943	-69.698988	-94.789972	-54.382559
14.245893	84.979307	-57.959446	-98.454648	-88.719918	55.483179
-64.198963	28.916619	-45.727026	-26.888309	-66.327270	34.203292
-9.700596	14.045266	-20.462587	-74.522757	12.071833	80.383139
-86.598087	53.795419	50.349422	13.941128	-44.876477	-46.629321
41.093174	-20.196864	-9.519049	-44.275936	81.734416	-9.296204
-56.668587	6.789306	-83.650999	-22.469188	39.106222	81.333805
44.500847	16.832833	23.350336	-58.024084	-53.476919	60.394210
76.243699	-14.510046	-81.152530	61.864450	95.163667	-9.945113
51.226049	-60.632131	17.889758	13.113357	-62.347420	44.969464
-27.200203	-20.860052	33.882066	91.591941	-8.905614	-3.797057
-25.758163	-97.213031	72.511277	46.546992	19.601411	-98.550290
92.879960	40.383919	28.839388	-33.735232	-5.291770	52.668651
70.964709	48.883355	-40.323691	-16.772014	2.110353	-56.839283
-15.733433	24.315502	-63.381446	77.726548	15.438033	-15.544133
95.430328	4.248874	-38.484166	-31.113550	-93.110058	61.700709
-34.507402	32.347019	6.799943	24.055662	63.659556	-74.015671
36.267677	73.666115	73.756599	-65.287458	98.689723	99.347639
96.693970	-55.580302	40.089524	85.833117	-49.613333	9.506461
-81.753356	-19.619958	-75.973849	73.096795	-46.692158	-97.907373
90.452126	66.343035	-42.495276	64.812756	-77.972134	51.687020
25.569516	15.305362	64.643779	100.357431	21.331717	-19.728498
-78.356293	96.807586	-85.523639	87.028014	46.207428	-53.548019
-68.242350	-86.523488	-78.916355	-44.821799	68.749454	61.313402
27.555774	-56.986385	-97.924092	86.791670	33.406755	40.010429
-28.192807	-32.481801	-93.615563	74.431614	-40.464087	-92.500719
-80.035225	33.915384	-55.582475	67.857962	72.755181	16.003114
-3.264534	96.786821	77.370501	48.269999	48.786159	4.218676
69.991059	-26.635766	32.644345	-54.665919	-82.826827	59.977041
-38.389888	57.150517	83.146100	38.939720	9.951780	20.847048
-4.223134	94.923373	-72.595577	-32.205319	-98.979245	35.039226
-8.004763	47.451058	100.475486	86.437305	-59.412211	-1.931137
-60.849997	-5.833697	-92.472631	-5.990413	16.408296	-41.573152
57.149076	45.012911	45.646449	-47.178010	81.739401	-48.178946
-89.720230	71.656215	-78.571716	14.142935	-45.714925	14.580721
-75.316259	-54.854885	26.893958	-90.891171	-89.833307	7.068779
-79.522499	-64.465455	-75.039541	-66.926368	-47.180917	17.592703
-85.272813	88.731453	-45.609233	27.079858	-36.686749	-26.814774
37.734929	0.451390	10.537535	77.272703	-49.131832	-18.412366
-0.844805	11.152870	-97.134335	-54.534385	89.265508	82.270245
62.264184	-46.638331	-67.763676	32.632215	-58.331365	-14.063121
2.809178	90.140267	-56.176271	27.638938	96.624841	-1.504223
0.697585	62.618375	-6.997369	59.871854	57.394480	-99.186742
-72.894979	-39.417274	-56.657191	-26.284435	92.721575	70.371464
-49.809006	74.991749	-57.185919	30.371243	-95.988076	64.363861
-83.692678	-26.646838	-67.936713	-55.126259	-31.670119	-89.256528
73.000161	94.797649	-10.920655	82.992474	95.915356	-63.140948
-40.694871	-14.637074	55.403584	-59.871148	46.917805	74.489668
55.248208	-1.918920	29.332795	-78.742584	-53.839412	-86.307112
-1.290733	-14.650662	32.042864	54.814946	57.505039	-97.976638
-97.022781	-25.188703	46.798048	-62.422732	6.784986	-23.702216
18.789622	-39.244023	-92.758997	-12.874713	55.892123	43.317384
-34.579630	-39.956042	60.312414	42.749454	-14.216213	99.160359
96.792945	-2.542205	64.408148	-41.211892	97.605428	-28.176235
-3.364919	-96.323499	-57.579970	55.487443	6.366417	-99.559178
-35.133670	39.567318	90.478830	19.993786	40.840657	62.687310
7.189274	9.143995	65.753580	27.841003	24.608117	-59.216771
-49.094726	-57.385634	76.615111	67.443633	-93.466008	75.938196
-64.471494	7.422580	80.729156	77.791295	55.262826	-39.008764
33.751305	22.451334	-4.669490	-58.458008	-8.422768	-89.662508
-14.852472	36.908417	-33.649766	-9.499697	-97.465046	37.027993
70.203656	65.533222	99.362649	11.560592	75.985059	-37.710184
-37.585329	-21.522613	39.872788	13.799481	-22.688096	50.227421
30.886394	-31.509330	81.896537	83.830984	-58.503226	36.944678
-61.875778	-22.451335	-10.804826	-47.288486	-52.996713	50.401111
-90.144265	29.034802	-77.793169	-74.427405	-68.322147	-25.018518
-76.408100	-11.982152	-97.915597	50.403150	-87.020620	91.146368
-11.348687	-6.466391	24.181001	-91.191527	28.378451	45.029027
-39.395093	-93.561733	-18.406376	42.495441	-64.294480	86.353818
-28.366018	76.974763	-65.654774	63.680418	82.492778	52.993066
46.887632	86.195158	-22.550229	21.121846	-38.308978	29.934694
56.512134	0.002032	1.455814	43.347297	28.433553	-36.101250
-24.399701	-67.553593	11.309610	-22.185209	46.812615	41.754735
-23.942641	-58.831469	9.841758	-45.128761	-77.363225	-10.151889
-24.291863	58.481895	-27.719455	-52.254905	-32.442114	8.271272
-25.542707	59.548928	84.551980	54.449344	96.134166	8.599543
56.411689	-76.330833	59.895472	4.449867	74.182435	-42.754399
88.614283	-90.808992	-91.089261	69.846841	-77.385580	69.244963
16.285178	-65.473553	91.316633	-94.555235	20.222363	-46.568958
50.897027	-63.264197	-96.829072	-73.905016	-98.376967	-21.117121
54.297639	-96.375619	-40.555081	-20.877530	-11.025356	5.126148
-79.851764	-69.438053	69.089597	-59.713124	60.754069	74.617590
-60.022546	-49.983156	0.487507	-68.517135	-7.573418	-73.452554
-19.166068	27.606866	4.254728	-47.993722	25.513269	-66.280237
26.147665	-12.946937	-8.257255	85.970693	42.794008	24.347790
-19.795580	-60.403695	81.308916	-45.965151	-49.955114	-63.007383
79.965091	30.458171	86.809592	-31.858651	44.354184	-87.574352
57.368051	-52.621901	-19.777367	65.494644	9.466207	-35.187764
-97.423615	53.161932	-2.247834	48.952697	-62.653249	-24.709107
-3.034439	-74.936677	49.136099	-22.977024	98.139655	-54.525921
89.741985	54.322130	22.475186	20.563767	30.619893	45.606381
-76.703482	78.314611	-16.034032	-93.698908	-50.733579	90.684139
64.885232	-74.075218	99.264145	-85.042571	27.285697	99.278575
-38.886311	34.811209	-16.558912	83.138087	-49.527353	40.285206
80.813241	86.296028	-14.112953	-24.358192	-35.013053	-24.598428
-35.995300	76.299232	-62.019774	41.435547	-84.577880	39.713155
90.933619	-74.140831	-32.341681	-25.016307	-76.065609	16.280685
52.828324	17.270496	-58.566251	-38.315873	86.454240	68.655472
73.618806	28.605648	-78.193628	-64.592041	13.533354	87.416144
92.349363	80.797708	69.010560	50.506569	66.475192	-23.262880
94.941643	-1.524468	-86.117818	-43.105300	-99.285336	66.986943
-71.315440	24.263035	-36.933916	20.111230	-33.561532	-93.635524
-67.971038	-78.489170	-21.663908	39.145646	45.459144	1.259085
24.400604	-65.767923	98.687945	96.780681	-61.999632	-16.792894
3.080929	-65.369244	-51.290055	5.573581	-92.496747	-87.478527
57.174782	-25.110448	-69.591522	25.231474	62.005782	-18.325642
39.543751	77.315671	-86.512132	27.584182	0.186509	60.286911
-23.892267	18.547514	64.764861	-63.399207	79.607938	94.332758
100.533044	-84.937238	87.830387	40.913525	81.339392	57.636635
96.184987	51.615048	94.191433	-2.993632	39.311116	96.481046
-31.021192	-34.477290	43.603913	-62.106142	-16.953464	50.724236
-51.748002	-86.672548	-24.624234	-13.257176	68.202443	-35.831237
-30.703544	34.493014	53.291334	43.430153	-84.108105	-11.227439
-35.144409	-84.863446	-54.946433	-85.752407	-81.748338	-17.870056
-39.475257	60.042227	-44.355107	78.281018	-3.280422	-78.927591
-90.419682	-44.000248	41.567855	35.331944	-40.121691	59.775340
0.384936	78.202848	87.409544	-32.721434	-38.935484	10.257319
-15.089004	-90.423452	94.399833	-81.476070	82.061711	95.302030
34.410241	91.498669	-9.269668	67.000843	-82.062621	-64.073622
-18.965663	-17.867681	-65.630098	-85.066875	39.531927	-87.485197
66.151631	-71.917268	35.085225	-37.897073	-40.396219	67.938759
96.110242	12.240295	31.019642	49.094472	83.497662	9.857586
-47.237314	21.486823	-53.681187	92.975116	55.977572	88.524319
62.463107	93.799762	-27.919678	69.858072	-60.905696	-25.504855
7.813289	21.238272	21.257186	25.144093	59.317906	37.861163
47.248284	36.979163	95.164382	-3.663832	27.581109	36.903440
-43.462474	97.709185	68.989225	-63.822743	-68.919218	-57.826107
-65.317401	-24.830391	-20.878772	-35.033225	-59.474145	-92.805003
-71.012811	-57.648883	-5.793209	-49.621664	-86.523641	72.962084
66.067340	88.328076	-80.391521	-77.966812	4.782373	23.495639
36.364496	74.960642	44.349711	-99.640596	-51.695169	56.517636
-60.460960	93.767152	69.023934	37.557956	-83.335103	-67.664191
-21.262483	-36.724991	54.794941	41.842400	7.222673	21.222435
83.502762	99.101750	17.358995	-30.235436	-76.085553	-10.870921
86.204447	60.125890	6.164984	-74.824383	-46.165192	-16.779922
63.476493	56.285544	21.753281	0.281757	53.848910	-40.199546
-99.386899	21.403121	-71.288102	-45.502922	-31.836406	83.482946
-0.680006	-87.653790	38.587365	-19.286424	35.123820	-60.140607
79.788594	-82.337088	-24.564486	72.771514	-80.460186	-86.026229
-91.385724	1.683996	65.392463	-15.651779	14.629077	33.031039
19.523409	-52.794951	43.788732	86.760459	40.356551	-0.946913
-73.404694	-71.245115	-48.973856	89.861692	-28.766256	-67.737759
4.597377	-39.383594	1.185480	-73.587694	-95.335007	-92.244890
42.085008	-8.750799	-62.941311	-29.395033	-51.322764	82.831776
64.124619	92.084957	-34.264239	-12.811151	-92.064236	57.520602
-33.105421	-81.383946	-66.312746	16.188591	32.094038	-16.465099
3.035251	68.726698	-1.706101	-49.645367	-2.904296	-47.070348
69.040611	54.461726	-7.070053	-24.576028	-1.730643	30.559608
67.780238	-69.293211	-15.821397	-94.160446	-28.215938	-99.375367
-23.281061	23.897265	-34.329565	-24.746512	2.811856	18.647868
-11.537227	-44.763662	-76.056884	48.672741	37.192052	0.169394
-69.311181	-0.889877	15.878592	10.045879	-98.450583	54.560542
99.694982	30.239042	-10.264460	-26.614871	53.077765	-98.331161
-43.549981	74.715420	-53.036792	82.740351	34.043959	58.287667
-85.685178	-33.034316	95.010948	17.535066	-7.327241	41.964153
63.205941	76.456624	-87.239017	15.200756	-85.522508	-98.429588
68.520894	43.376241	-20.956780	-93.568192	-40.700915	-1.914115
-88.281189	68.238550	-35.234069	10.412883	-34.315140	52.094336
64.690612	-33.189237	-13.063682	61.805281	89.849926	-67.992896
83.235073	-99.577903	24.490171	24.216692	37.571377	48.918245
54.315893	76.549452	-51.695235	-79.490723	98.691152	-9.008025
-47.500163	96.994141	68.557771	-17.049314	-57.346578	-54.480578
57.218286	-31.567750	-20.925043	-39.459613	-93.934753	-77.932517
-4.558980	87.059515	66.418764	-77.569424	87.212378	-23.251789
-72.385558	-20.588365	-40.873883	18.783253	-61.594411	30.273178
-53.514287	-11.301653	80.312231	73.872277	94.088626	-46.178205
-88.646332	46.920500	63.908889	5.408798	-44.288579	1.037158
-68.346277	87.199655	54.380258	-27.750781	26.970984	54.978314
-42.533846	-85.151838	-70.425929	-83.665929	-48.354501	23.347061
63.496783	50.581310	-14.078248	-96.243777	30.281940	-20.325885
81.679760	-59.490643	55.736070	19.156284	72.612393	66.339808
-33.953588	-86.117917	84.586029	-63.928111	-19.598886	-22.783623
66.464416	-86.476481	40.861036	-61.119182	-30.442744	-77.551130
95.435756	-24.362020	-52.400596	-44.533696	75.369237	-48.739485
-1.022140	-1.606157	64.346896	58.864012	82.877653	23.787736
-7.272733	80.579288	62.890752	92.325671	-12.836934	-39.977662
39.859206	-97.916041	32.206566	-4.128839	6.021495	36.568681
-86.165361	83.910346	8.160499	-58.447501	31.324678	-60.945353
-36.177662	3.534503	-19.189532	-28.761225	71.021564	-75.237528
-52.058462	25.757836	1.890720	-91.064936	62.807680	-46.843114
-8.766684	-37.719992	35.773891	-92.751446	8.064623	-15.471198
-11.347557	63.030670	-26.878207	14.782130	-62.426120	-99.801374
94.286032	40.933478	58.969911	71.705782	-39.809051	-94.276753
-20.518549	45.364198	89.421806	56.795241	48.794696	40.294814
-48.819584	59.474845	16.529468	-61.237008	-11.251142	-57.871984
-18.214526	-66.370457	-24.852091	72.156169	-45.592823	92.141036
85.638510	54.560313	-61.789164	2.002883	-39.894375	89.065606
-8.464729	-66.767505	76.916777	44.459806	-20.294833	-71.098206
65.502814	69.658177	83.971676	-95.607330	-10.448521	-94.568840
75.143890	-52.178731	-82.411292	-5.108997	33.571223	-72.020493
16.102671	56.572573	-63.957688	-62.479461	-72.932891	50.438594
-1.133879	80.290585	-23.267303	-41.335281	90.029413	50.145641
-74.929440	-42.901433	-46.593373	57.336279	-61.846347	82.671162
38.781830	-31.804754	50.942593	72.508752	-19.016456	-14.899895
-98.436844	40.552036	-47.292929	-16.431468	-21.969908	-46.653700
74.382749	-52.428109	-72.568786	-9.776717	69.155808	17.662574
48.089991	-28.753982	-34.103442	-28.491873	-12.941425	-10.573101
60.996926	-60.295330	78.968795	-64.613178	-61.738363	-32.206734
67.051028	-23.325861	-42.456662	19.941896	-14.996989	-94.680151
-83.844989	69.913824	-16.802427	7.740897	-81.405033	54.765868
-69.073787	12.648920	-39.323521	20.255076	-37.178932	7.120260
57.459850	60.278201	0.267069	-73.382685	-80.294518	10.847092
0.740475	-85.852601	-58.092511	-85.929825	-54.940654	46.332678
-28.165765	5.154782	89.453658	-74.709377	5.702438	-64.630638
60.676824	98.714366	-54.730794	-46.716062	44.252656	-87.455466
-94.867555	-92.239054	4.511443	45.810854	-99.757691	-18.416676
100.638557	-45.205537	2.670613	-37.397746	-61.851067	96.671897
-97.032572	-63.014833	48.248966	18.553088	8.705275	-92.627550
69.807984	79.645877	83.348913	36.962913	-30.727949	-25.957305
44.446654	-47.940687	72.235554	-38.440916	-59.803670	83.212344
-14.804292	84.435773	90.041480	41.107255	53.754849	61.890825
-30.436348	-91.969662	-46.403977	-71.987173	-15.342760	-16.796269
-57.700900	-36.924598	53.087692	25.835603	10.215996	44.115978
-91.864912	7.253614	-78.411172	-8.552501	59.674851	-0.057487
77.614011	99.298292	65.667224	24.637389	39.649929	72.045067
-31.486988	-21.003506	-57.856680	20.586126	-96.457015	29.950759
18.914293	-22.653124	8.929162	28.172211	-41.257392	96.435461
-53.546527	-91.394059	-38.607064	-62.877807	-76.125329	46.498910
54.607421	-67.497795	30.160034	-98.085305	-78.803349	99.830202
-35.306812	75.268802	100.475138	-46.568482	72.691142	-87.922716
-92.557207	5.127465	-82.081711	-68.883653	80.502146	-73.568617
74.465337	-59.015207	76.644949	-6.228091	-80.020980	-44.075828
23.365025	82.249072	-15.490523	0.428729	39.277252	57.157795
-3.858724	43.320678	-53.797567	-22.928942	46.024998	22.256395
3.036380	-48.648620	48.193257	-91.578167	35.230662	-91.919048
79.024482	-74.835364	-73.762382	-30.031254	56.990878	-69.655442
-51.188081	95.078510	62.496819	24.448456	52.602138	21.380030
96.785400	95.267091	-15.992579	-45.887029	10.751341	2.449885
43.367522	-81.197473	-57.728903	-31.863927	0.714432	-86.244504
78.535739	54.110228	94.417986	31.070155	-90.927323	-27.712340
-51.785081	20.751575	90.431673	-11.812043	-99.877042	-52.160524
-48.815730	12.701228	36.565728	15.473802	-91.995364	76.308119
-52.870763	52.904683	-87.616402	4.235772	-22.058735	82.083172
95.847849	-99.813243	-40.171376	77.691610	88.629048	-25.321256
-0.169229	-60.299683	36.564850	38.510440	85.599473	-36.514914
-66.974939	30.496048	-70.317861	-67.860530	66.594264	66.580837
58.370717	5.087474	-60.958981	96.527760	36.239618	68.751035
-21.800699	12.240130	63.962258	15.069028	-55.842966	15.142182
-98.140343	-93.021914	-55.848662	94.961034	17.790132	-38.878203
-80.810058	5.397430	25.567197	84.128767	-26.251494	42.339456
42.069801	48.655231	-77.146652	-26.473533	-12.072101	72.768635
6.698285	-18.390270	29.115041	-83.511331	46.850220	-83.657906
76.463666	-11.748548	42.759881	-12.069362	76.827027	20.618689
19.956335	-90.531762	33.920794	-84.720089	-77.320548	83.167063
-90.888945	95.302024	-87.364327	-67.901531	18.764622	98.061642
2.804546	68.450213	71.363341	98.659586	21.697612	71.818119
69.108062	24.348985	-13.683000	5.426435	-75.293435	6.007769
60.998883	51.392781	-15.591094	-72.234430	-41.625934	-32.866880
58.651551	62.614428	89.408876	42.195567	13.093884	70.677748
42.290310	21.751459	-54.806193	-94.029809	-77.108500	-31.629129
54.387241	-10.888778	16.530704	3.730397	-44.573711	-96.642277
-9.621747	-89.318668	18.850684	45.780934	85.975865	-46.418843
46.272399	-24.483300	-38.564597	-46.103975	-38.499406	98.955459
-26.103117	-17.469120	4.863146	-6.812126	31.891135	-11.802929
49.038683	-23.190307	-36.922468	95.415090	-15.642342	-14.516465
75.425741	-43.140412	-47.240254	-8.723282	-74.472029	-38.585505
-85.801428	88.076049	-92.449160	-74.036895	67.249443	-14.007857
17.584728	-74.629244	1.149828	70.347882	-98.675533	98.984422
39.295383	-74.493644	89.715545	-98.712700	100.448805	88.264967
-0.241982	99.420107	-55.240232	-29.013309	-43.000756	-49.139260
29.347657	-5.347355	51.120044	8.962304	93.536541	89.752777
70.938659	-32.451431	-43.957391	30.663095	63.934178	74.098037
15.933341	-4.930183	60.667996	-45.421052	-14.801274	2.455431
75.665835	83.889703	-69.047240	71.261994	20.201248	33.848689
95.167314	14.845981	85.667347	-77.602234	-52.010744	-12.148569
-93.575147	-65.979723	25.774007	-33.692682	-2.309319	-1.026982
81.284477	28.111071	51.109106	-67.259887	52.719533	-7.316407
23.029195	88.532698	-4.125844	-17.084290	-27.481393	-99.055768
-24.201068	18.170304	68.096992	-41.120120	24.122230	18.440621
78.003285	-22.281147	-75.146565	74.190107	17.527611	22.916509
70.967020	83.958188	33.697224	85.003738	90.966525	53.340873
35.043118	-46.813392	-57.849655	36.172481	-82.157321	83.779445
93.421648	72.302789	-43.448975	97.103347	59.698730	68.987598
-9.597687	-71.279690	80.012986	97.298382	6.578918	82.253278
36.418000	74.565129	44.379261	-48.146724	34.242858	10.953182
-0.443044	79.828291	76.576679	89.169004	-0.077466	-53.450331
58.044915	15.166801	41.542473	27.714135	-10.459466	-34.082835
76.274184	23.502209	45.978460	71.025678	12.495740	-28.973289
-65.518621	63.205859	66.013739	-66.309235	87.548780	-72.517649
35.768569	-61.910812	60.640448	97.989387	91.080818	-65.592313
87.247992	-67.569330	-99.804695	22.591726	55.968894	-96.172889
26.528377	-95.152356	64.376198	0.714956	17.012385	-18.265311
87.609593	98.577546	-34.615651	57.710392	-86.264928	36.625215
-80.378746	-6.649718	-45.280230	7.900488	25.594643	-88.365589
-40.270036	48.478142	98.700579	70.672878	-80.361236	-69.604882
18.062942	-27.939631	-55.946324	93.072460	-30.793555	-4.216186
-73.212119	10.776337	-11.698389	-72.399947	76.388388	43.485565
-98.149584	-72.672089	31.956806	100.442757	45.237769	-24.293629
89.300393	-65.609141	-39.782924	50.807237	-83.263515	12.721672
-96.129889	-63.184765	22.471387	21.949379	67.810925	-59.592025
-63.877412	86.620387	63.945710	-74.946165	45.920121	-27.037694
15.221528	60.117008	-26.613817	-64.335024	95.263525	-61.329357
-76.523838	84.021960	38.486440	-9.687268	-54.410788	58.732003
-66.296412	-50.641854	-83.553927	-32.366642	-72.852673	-65.102224
-20.644376	53.838606	-80.564779	87.070679	1.889017	51.043152
-2.494743	61.187046	80.733984	-6.665836	40.790128	86.273388
-31.708136	29.751898	7.982311	2.617945	-28.246949	14.424944
31.380860	-63.533381	5.990074	-83.929298	3.543001	50.025193
-63.480017	84.011432	-61.237261	-66.323034	-4.311039	77.622184
-56.526582	-82.174691	23.782269	-12.397854	33.403152	83.355087
-44.555373	85.611409	79.825680	59.796650	96.703291	68.488140
21.703823	15.412499	-65.091378	-69.622269	-82.929017	-54.871833
88.847849	-29.763220	91.240905	-48.643208	84.083164	41.998907
-39.435897	-18.533924	29.810213	60.921128	-13.564051	-81.841035
-96.459800	36.701215	11.111369	53.792689	74.378634	89.681989
-72.728352	-75.561298	-56.171971	94.290951	-52.765851	-97.210690
6.379028	79.689063	13.245338	46.630270	-24.493079	-22.562256
-54.468384	9.298523	-42.058954	45.838006	-97.529899	82.274027
-79.864721	55.639915	-71.609462	30.564275	35.983126	24.612441
99.204632	45.551822	-52.869430	70.422224	-39.944679	67.286997
84.985424	-47.717844	88.650471	9.655635	-29.815459	98.979115
-22.894601	60.561128	18.204002	91.301952	-86.282982	-71.844163
19.301429	60.100179	96.948287	82.360553	-20.941218	1.162502
100.925296	-64.103092	20.126623	59.690616	25.271824	-45.029737
-1.114477	-84.159856	42.618353	49.994496	34.638977	-37.964134
25.308454	-16.661636	-10.008620	18.556681	-84.654363	-21.544325
-23.024724	52.947057	51.622239	-22.242087	8.958400	-27.234317
-42.357353	91.653436	37.110524	6.575659	-56.601188	-29.528704
71.200723	68.725490	43.220165	37.382013	-11.375505	-40.367107
46.554800	-11.161243	-81.815232	-28.063596	12.742516	-15.822243
-73.225755	-29.232242	83.275353	-54.526721	-30.531737	-64.575395
85.780653	92.834085	-51.954785	-98.207143	58.720334	-92.088449
-40.038286	-71.192198	46.553211	82.418197	96.255008	-5.280848
-90.169680	-35.434133	-61.646294	-83.553267	-35.286745	82.914837
-86.766708	14.282623	8.261821	75.164580	-93.023483	39.212620
31.908195	29.196484	12.076968	-70.423350	-17.161033	-72.531524
-54.792263	21.131551	-42.536165	48.895995	-3.729489	-6.663836
-27.107312	44.209442	-96.046404	-7.182177	-64.378719	55.726463
68.411091	-16.701613	-69.439868	-10.810845	18.543538	-67.933765
-7.524498	28.175097	-67.934839	-47.673457	-64.641828	95.270000
-63.738923	-10.013408	81.258503	-3.667274	8.354319	-44.545133
20.222259	-29.188563	-53.107157	-66.426261	-73.251882	83.072061
-39.640873	22.911930	-9.230468	-25.110581	35.549884	88.574520
63.564028	47.226354	-79.645833	77.919096	23.400284	98.618537
78.516844	-86.676771	-52.255701	-84.562743	31.849715	94.952571
-54.895506	-66.397619	83.711977	51.827515	5.288783	-51.356180
-55.447503	-25.155762	-49.722460	17.273697	-2.385820	17.435104
-68.678417	90.437745	36.414763	-65.009746	-12.399052	63.743983
100.926046	-59.793967	-70.301786	63.754420	2.647158	8.932578
40.889707	28.881890	-74.666745	23.285542	-94.712747	-76.003889
71.449742	-52.343458	13.187055	38.980363	76.428489	-80.289351
-82.281301	-58.854995	-89.787513	-94.494071	56.134538	-47.024783
-35.866488	24.965940	53.178718	-66.545913	-41.602556	25.353533
-12.773382	52.630727	-82.305930	40.801659	11.895581	18.225027
99.460909	11.388009	90.963460	-10.492974	59.478364	-33.222852
-85.693313	30.176484	42.442758	-39.609436	10.281619	-3.936208
27.620795	-90.341389	31.523527	85.275350	97.454759	72.659290
21.315762	42.054743	-50.847411	-6.490042	-71.991868	-91.837504
-40.075671	-68.977513	-61.445887	-57.245296	51.151824	-31.772017
-56.920955	-84.561369	4.400758	-3.389128	-86.728305	93.955771
86.907388	70.886116	-70.886452	-35.705955	-15.212964	22.893569
92.295966	42.284167	-41.000774	-23.507818	-73.200599	74.206986
88.456325	-34.690900	-45.765893	32.583207	-81.696975	-64.495093
-63.501581	-15.903271	-68.717435	-73.683543	-12.429715	-72.964082
79.495223	56.644476	-88.568151	11.898225	-43.181446	-79.493274
21.987667	-19.188745	21.469232	-60.295289	-39.306326	78.172512
50.703279	85.030648	22.228961	76.982252	-3.698992	-96.632024
31.630572	88.251925	-83.215214	22.812496	-95.407722	-14.615997
-91.666117	-9.327841	88.392582	24.009195	22.584361	-75.593078
-82.510741	69.367481	36.785948	-18.101753	23.206318	13.122826
54.879745	98.461782	1.268856	6.868973	18.974255	70.322816
-60.817903	75.360869	-72.632188	65.548617	-28.918568	-26.399352
-91.345233	-85.210214	-24.022333	-39.544421	-90.814079	67.320776
-78.620592	-72.884924	55.773225	73.356260	59.831615	-79.664025
50.072701	45.645808	-13.646845	-32.305094	-56.194951	-59.577833
-95.382260	7.357170	-53.461145	-18.671024	-55.666435	56.977939
61.087290	-14.085623	-34.428726	-12.070611	-96.600227	67.717523
9.878858	-49.777789	72.230179	-76.243587	25.793504	-86.610714
-35.802247	-76.056643	56.754631	48.818076	-79.450870	-65.580845
-50.124004	-22.752207	82.951982	92.631532	15.730799	8.060915
-50.880753	88.658277	-56.769876	85.474500	44.910678	-21.463166
61.912307	-34.285662	5.972280	-61.690765	10.128188	-35.091122
-23.798501	-87.147461	-78.706520	-32.758981	-45.352119	60.305479
59.202205	-97.132031	-10.972506	43.992599	-95.642424	36.357494
96.734759	42.373988	-30.790252	15.139118	-18.533626	-3.588547
63.774344	-88.348471	-17.831807	31.318633	47.998907	-32.646095
17.152672	27.582590	-64.894793	77.981747	-41.089026	-11.236265
-54.137082	-63.184133	87.355607	23.937299	-85.648385	30.570755
-75.903233	24.041572	-64.075628	-40.848437	-50.218680	-38.102376
-25.111716	-6.753194	-63.774340	-57.955203	76.077697	53.126380
36.733226	-45.045794	-74.229633	79.255335	23.555778	54.471605
47.345750	-6.050400	-90.304403	-47.690583	10.924346	-29.237047
-33.847635	-79.700700	3.033627	-68.104924	54.014552	39.162984
83.359023	15.156617	20.238144	47.046303	-39.184226	-99.679392
22.898415	-79.310462	71.172737	-79.915782	60.206931	48.288944
34.711218	69.159494	-70.592078	-33.977269	11.799497	3.590056
65.225056	-55.883453	-97.643263	-48.319587	24.349022	-61.676950
70.725557	25.293629	92.196774	90.866117	95.154499	-58.496605
51.651946	-95.680621	6.246301	-82.749707	-55.077379	95.395397
3.847544	-85.279528	22.049079	-71.170370	-21.376389	1.019048
38.307121	-55.986425	23.913686	-21.694665	-29.897224	68.630597
-89.419495	-54.882991	85.991344	-8.177606	75.090781	94.834122
-38.633641	19.703013	75.987083	-79.026310	96.281920	-78.954714
92.014672	-17.341671	9.334307	16.925570	74.677086	45.541908
-68.374393	33.189354	75.884471	39.138495	-14.847755	-30.451486
4.962772	-39.109701	72.843216	-25.424632	37.082176	1.437696
91.644741	-9.869932	0.062747	-98.071924	100.815992	3.633753
-43.501530	-68.882631	17.465008	76.213835	15.429254	75.252802
9.666245	62.729859	-32.212617	-93.654846	10.434103	24.961153
95.571723	-35.228516	-36.050056	-68.500521	17.333901	56.860073
63.059856	-38.907528	78.365402	-49.836661	71.340027	93.749376
-64.092993	-36.095520	-14.753050	88.459127	-0.274806	-37.061172
16.798564	75.130052	52.610895	-47.711657	-43.856064	-5.536126
-89.898383	8.776745	-23.012045	64.623240	-77.304261	-88.463671
9.965576	-58.219876	28.478274	22.444652	-91.986691	58.955339
46.385825	37.673240	-74.827441	-74.799842	-39.349385	99.840324
-37.718311	-55.004132	-88.561680	-56.832689	-14.347767	-92.943470
81.014856	54.707375	-60.747480	69.279442	-72.438088	40.083020
-4.238552	-86.062095	-81.885927	40.606432	41.007580	-64.616969
52.862253	-37.943508	46.008463	-44.566110	-76.126885	4.685239
32.198986	69.199353	57.290525	-61.092014	30.051599	-89.178279
-58.199062	13.456621	81.773959	-78.945322	15.330462	44.685414
-15.049810	-19.759105	51.645028	-6.865359	64.644160	71.478342
-17.646197	77.750654	-84.410755	69.438865	-55.334390	-12.670573
-74.026949	-97.467261	53.280316	17.626887	-29.371958	-43.489189
37.500307	-33.465278	-24.817845	87.410517	-31.636362	-93.950169
59.281336	-31.709099	-79.063483	85.664272	71.076579	-49.607208
-62.206258	-9.271692	-63.341306	-85.435161	81.326258	46.461216
62.943342	-70.203747	8.375915	-87.219327	-33.918519	-93.277467
63.028408	88.065706	-31.112317	-54.412562	37.103998	-82.240957
-78.778859	57.026754	11.540329	41.959756	98.606038	53.827662
-30.993797	28.927176	79.541864	-39.871253	9.014586	-78.359458
-24.997278	-27.151078	-43.174692	-41.450940	-55.450661	-0.199955
-13.331698	-61.217989	-43.068601	30.008826	-27.407288	-28.754207
-80.538457	78.175062	-61.057645	-23.312140	63.870856	98.406973
52.399813	-15.859630	-67.435840	-57.389488	13.565978	-36.265922
28.022710	-62.683987	-63.063697	-16.262927	8.155902	83.557798
-63.150901	-91.434717	-14.330966	55.765849	7.042982	95.927919
-12.242750	-23.677912	99.001151	27.137276	91.993266	-80.293249
-15.448475	39.000611	-41.821980	40.528982	-31.147852	36.019028
38.288367	89.452926	61.374990	19.417188	-38.697574	80.165952
-55.471567	25.801605	-77.788003	-79.555176	-81.565726	19.818568
-69.759383	-44.136962	-51.158011	47.709777	96.742928	46.994720
15.519926	30.367749	23.041086	-23.313614	67.630630	-52.530070
25.367885	-24.274145	-75.846032	-89.366722	-90.933398	9.097809
-76.374941	-13.248252	-80.452977	46.578315	-66.934194	-50.790599
97.369084	-72.635066	-72.833356	-24.020973	-42.881165	-9.808770
89.735819	63.682948	52.311469	-83.740160	-4.657621	-68.465486
-57.381727	14.355511	-5.956885	70.183794	34.205762	-95.793027
-90.878987	-49.589843	-91.880431	2.637975	84.038048	-75.187721
-8.967457	-17.807724	82.399673	-6.306079	77.827495	-36.502876
57.872819	-52.453733	-24.822636	-46.338620	-9.449971	-29.646416
-64.411901	-46.406018	3.252211	-71.615730	97.803058	62.983047
94.166356	-30.597192	-3.706489	-6.752047	29.342273	-79.303216
-13.839780	-1.071998	-70.344381	28.299185	28.475421	6.010800
-39.998085	-85.196527	67.530657	72.253250	-2.063861	28.503917
-9.664936	23.578481	18.683262	-85.247751	27.407234	80.646968
-86.010051	-64.277628	97.676516	-57.449996	74.494268	8.493252
-51.745067	-54.234000	-92.375449	-70.786572	28.271659	85.076110
12.242435	18.155526	-16.045808	98.355947	48.768633	17.565363
71.189760	56.769875	43.755001	88.139792	-15.597077	67.561604
-78.636908	50.252585	54.507740	-48.454104	-92.251238	22.690107
31.744180	97.215409	-80.066563	58.890541	-88.761454	66.941984
-30.914691	70.438910	5.194023	72.961581	9.722462	55.067880
-60.420584	43.726205	-94.645255	-16.555368	-68.115946	29.308263
17.832149	-48.736048	69.003372	71.362458	-12.099453	-6.430235
35.367993	-39.303989	39.918177	-50.021812	94.270654	38.248085
-21.101487	-75.651040	-61.433528	-74.839501	44.269809	-55.829946
86.512655	92.952189	-90.456542	-9.666610	11.544816	-19.512292
-22.167240	-89.492039	-95.116510	19.789065	-40.567092	6.538123
-45.362152	-54.916063	-32.798411	-99.591996	94.080297	78.078294
-62.102895	62.649624	4.078181	64.347509	-90.500292	57.273911
-4.975097	65.167644	-44.376896	-40.222273	-76.938467	71.190869
57.991033	64.001044	-46.979377	39.263657	-89.551321	-56.170217
39.604034	-67.543010	99.908330	66.280022	-64.478863	48.508275
-20.010022	75.209592	-14.418221	-98.673746	59.715472	-37.260590
-90.411181	86.204641	11.533162	-14.751952	-68.921473	68.762936
-71.391980	10.059166	-66.009985	49.434863	7.457562	3.008150
77.464665	52.844316	-24.846358	25.534740	-70.443845	-89.832443
-5.777836	23.522647	52.332286	94.727465	-68.328962	95.488538
-50.134368	-93.362829	-32.982900	-39.568880	-49.572348	66.020519
22.942631	-87.049393	-35.887188	-57.612880	61.436657	-80.033239
4.497500	56.089514	73.110017	11.144385	-98.803077	-25.980803
86.836278	44.989615	73.517647	24.104368	84.216486	-34.273883
-66.807464	6.345661	91.446448	-97.406535	-95.399783	-8.643462
28.117680	-56.814763	60.809886	-33.081649	-69.683046	-28.487771
18.009049	21.447547	-92.229119	41.093238	20.372482	-8.757386
4.605598	-78.142409	62.894863	-78.509157	40.553636	43.492877
-51.198983	86.038511	-91.292813	-97.428880	0.443512	71.686514
-33.684634	26.181771	89.902319	-16.890633	-13.012333	71.147679
67.742966	20.094429	77.875706	-67.800144	18.236621	-75.522511
-7.092360	-47.177567	5.220140	-31.658159	-48.474714	14.582440
-9.968224	29.244443	-32.704907	48.259764	-50.555360	-79.536439
-58.619362	54.814591	-61.356816	95.930926	34.415961	-49.002403
-68.663548	-66.182575	0.947805	83.635776	47.712861	-84.406741
-81.067238	-19.397178	90.017607	-77.911194	46.516633	13.865147
92.434090	-24.885711	92.446411	43.965995	23.538996	37.860047
-30.853400	60.485545	55.912794	83.282927	25.289050	56.026124
-0.268800	-12.900769	-45.341635	15.705850	-36.944766	29.829596
93.689660	32.378332	-50.524870	-57.501429	-18.493329	30.310683
33.293741	21.128010	-76.024926	51.156654	37.671968	34.653300
-12.640277	-99.207468	-60.938351	92.424228	52.261708	-64.103166
7.688915	65.599286	-3.703541	23.484666	-29.260771	72.824428
59.576467	-81.450774	35.106349	43.022741	88.321772	-24.837046
-78.810313	-26.949056	-97.697011	-73.138662	35.891331	-93.991692
-79.257515	94.133561	43.900310	54.566687	2.512530	-45.967034
88.315320	-20.808564	89.208319	-90.402639	67.087989	-19.361834
-33.955544	-67.977270	-62.990270	45.354800	87.553812	36.909398
-93.257071	-94.703110	10.000561	86.449049	-67.569456	95.789899
26.097556	-74.901565	-80.546490	-95.251476	1.886317	-77.246622
-60.011712	96.812088	-43.808060	-1.746249	97.826731	-41.487721
-79.891978	88.617206	26.134318	-54.204037	99.161248	-28.995562
-80.077466	41.335091	28.444624	-94.996089	20.521451	52.239703
-74.712722	4.951121	38.212661	-62.767306	-20.786971	31.514919
65.483671	-42.364484	7.146781	-96.199679	7.557730	28.479882
-98.772077	8.747982	-86.530142	-18.971443	77.969775	-62.805700
97.695917	18.058867	-34.806205	-60.899129	76.818443	4.216672
96.273112	100.200964	-44.946933	-81.503504	27.623705	86.905153
32.418408	31.586814	-93.368445	12.124185	97.815297	74.450317
-54.359443	30.481267	4.541717	-84.476736	-90.106563	-53.354768
-41.968148	-15.821012	-65.632631	91.318865	18.733990	35.417307
-89.556415	51.051631	2.395636	-9.038242	56.961478	56.053201
37.765953	21.304100	53.116188	-54.478836	-27.298768	-69.820039
-13.552617	50.339785	99.149583	-2.423586	65.007842	-85.374751
-43.167702	21.349969	58.918297	-53.465991	77.138335	20.362475
20.796030	2.346352	74.807267	-39.638090	-38.482402	-15.120108
39.053894	49.244140	2.333705	-42.676024	81.799783	-16.335514
-91.740336	-33.519526	-75.232122	83.647118	-40.882660	-74.116433
49.572051	57.572579	11.612268	-80.883286	35.463216	-11.008876
22.636339	-49.777201	-85.990957	75.455168	53.432521	-29.996667
98.790919	-15.683279	-28.118566	44.978048	-12.413281	85.857095
71.138499	-18.394027	54.098074	13.333685	59.037783	61.394797
-24.164608	-67.368826	23.738134	-57.897765	8.077436	-34.786711
2.520384	-61.823429	100.756830	20.469998	-12.628290	63.580538
75.074248	59.197359	22.802397	96.610261	-30.118868	55.107247
22.065871	-27.654241	94.840263	-98.860548	4.890951	-3.746471
0.588912	-47.524357	-46.531693	-62.553130	-52.242916	-73.599901
39.503614	28.334583	-98.002378	-89.356413	-51.183156	62.503912
41.024048	23.202423	-62.922656	14.223895	96.013030	-1.206285
19.681435	-18.705864	-93.768487	1.602289	86.568673	-53.534305
75.044546	55.696088	59.333827	78.435419	-77.590885	35.671820
-91.615291	17.992806	-90.166860	-50.470552	38.658331	64.700088
98.281688	-60.936186	-84.835038	80.775657	-93.707322	-55.920965
99.325620	19.260116	22.976631	32.371491	-20.623280	48.953943
35.194459	21.257659	25.140324	-72.911408	55.302256	52.507570
-6.024127	-38.786590	81.626926	-18.965168	-70.626194	72.532061
-39.907556	79.127018	-32.798149	19.812746	83.017450	95.510245
-0.586942	-92.732511	-53.215834	-73.909640	23.210086	59.434442
-14.622566	-29.926296	57.720709	61.463947	-53.857158	-59.897938
-56.722027	69.134925	84.036996	-92.229815	91.886452	61.597634
-34.494050	-37.874404	47.465561	49.461998	15.350216	-6.153355
54.239009	-82.808769	-25.102633	90.087222	-12.760158	38.900583
-57.824198	80.011403	-63.874413	100.243469	97.668150	1.618824
81.299211	-26.477259	7.193789	86.176175	-71.587719	-68.005514
-90.972625	-96.165240	64.239093	-95.805015	1.056160	-68.969810
38.516616	28.268814	-2.047396	32.244256	100.948689	21.110341
-92.558256	26.697227	-42.605220	-9.459240	8.992612	71.691741
-31.287886	-2.237551	-89.853992	16.005832	55.199423	57.944009
-91.646743	25.453257	92.245611	57.484558	-92.590903	47.819404
-20.488900	-94.374314	12.873891	0.306666	34.244942	-63.435065
-79.864780	-45.817772	55.368014	-19.949770	-89.017459	-85.601666
18.693905	80.663296	-90.654910	-62.133784	-85.866253	-32.471652
15.284841	79.045671	-79.630468	98.148775	57.877125	-49.610425
68.442619	-84.842892	93.949641	-78.412814	17.861798	61.330567
-92.356009	57.553725	-18.425081	-21.691952	-46.369354	-11.810506
-10.437435	-13.235101	17.283382	-48.615187	1.718390	10.808169
-84.234451	97.598313	60.071928	36.453745	2.076232	-78.004922
71.055937	-2.025914	-39.280663	39.997935	76.186813	53.129721
74.074916	-97.713246	3.103097	-42.692299	-56.471237	34.906603
-5.203108	-58.552536	5.453624	-8.147921	63.919184	22.372292
-17.234655	83.943769	93.764040	-30.993242	-91.790156	41.248280
-28.622553	63.790219	98.468343	-49.119532	-6.660466	-14.671461
50.990180	-86.169731	98.036741	14.521764	-39.840916	5.591855
67.787765	22.923519	-42.237018	30.964832	65.824178	-75.939722
26.435633	26.221736	24.018440	24.085400	2.100390	57.484577
-74.582919	-36.657241	100.609241	57.952921	-17.387753	88.377399
55.273163	6.049751	28.277506	32.845583	-3.790808	-27.990468
70.805002	-76.054398	-67.627268	30.303806	-45.061333	95.238745
-32.989419	21.014130	55.225635	-18.127535	-56.314521	61.915013
61.992916	39.717224	32.138495	12.534824	92.893413	61.079959
-62.524927	18.866844	41.670672	20.109109	19.198238	57.411138
-35.524734	-12.338410	66.805884	8.451407	-17.569906	72.120081
57.524506	46.627012	-21.005140	-94.810151	74.469825	-7.445129
-53.143188	58.730641	-11.381073	21.023388	69.594225	-90.178772
29.563552	-40.521060	25.486769	-11.489240	69.885053	-37.050375
-7.005240	-73.286779	-33.816835	-88.547771	76.677046	-92.418906
-62.963262	53.026643	-16.864478	68.750415	-54.969854	-1.205938
46.682129	-42.073455	-14.222567	60.867485	14.782518	11.867021
35.664090	34.368253	43.316401	94.782268	80.904767	-26.340618
85.790390	-82.743546	-50.105008	-10.274186	2.601773	-83.082809
-0.065801	46.746300	7.717123	-30.342029	60.508176	-71.259723
-15.502894	2.385433	76.310804	-86.487569	44.174344	26.421544
-30.370882	-9.775672	-14.640543	60.290764	87.683724	1.321118
17.121879	15.296156	-44.769432	-94.313727	-10.302947	-87.341295
-36.013429	-60.303524	90.780581	-9.511290	-36.488053	83.272922
68.688285	6.966232	-97.494649	84.228432	-64.239766	-68.561625
-88.415238	-14.025064	62.859454	-57.701455	-8.805130	-57.369799
-37.099298	67.648617	52.602871	36.213888	77.493235	56.608485
-17.836690	55.011443	-41.447883	-41.084280	-17.915996	-15.898252
60.985120	58.820419	86.835516	-26.469453	-31.379612	-34.989905
-40.712280	-44.264410	-77.129660	-65.461641	28.260033	-6.771272
-46.520080	32.748336	33.171988	-74.864969	-76.183397	57.192145
43.296632	5.841285	-21.184215	-8.020081	10.543846	-56.926901
92.031659	-62.693297	45.985790	-6.764496	-98.686591	94.648692
56.076874	85.214347	-97.904203	25.968068	25.968791	-20.824123
-37.271671	78.048307	12.453504	-76.235493	10.643257	17.710516
99.545335	60.398353	82.641939	84.400385	4.856722	-52.464625
78.739050	99.764220	-93.467213	-99.176026	25.964717	54.483265
-12.961082	72.140186	57.154171	-83.861358	91.094949	40.461227
48.219455	87.751850	43.053653	18.525416	56.646076	-87.637649
8.033644	1.073538	2.473675	-65.574020	-96.131267	-28.203932
79.906907	8.538797	76.697544	81.956693	54.657059	96.713650
70.044137	52.118528	-26.238804	-44.152779	97.766870	-17.947164
48.318069	-78.260145	63.327536	84.337456	27.754407	-29.552103
-85.929319	-59.364176	-67.077963	-56.217708	-8.805092	72.892349
23.556645	-83.503117	77.663658	36.331256	-41.609195	-45.410209
99.647742	90.565913	-50.697957	75.780830	68.517786	75.478416
11.448885	-57.437815	-37.277159	86.100835	3.165107	-33.312768
-66.826867	-14.609057	39.493696	59.971404	60.523286	-64.929472
51.422466	-10.546312	99.648374	84.113506	28.020587	77.674210
3.841830	100.018686	91.121227	-60.007677	-80.612708	92.221754
-72.833998	21.271806	-92.961322	-1.693236	96.477632	-75.944211
-39.352825	-84.837926	58.319840	-99.826532	9.603906	50.628168
-51.893429	-95.551197	-68.498156	10.185679	-94.780008	73.791042
26.208149	-32.445118	-63.723745	57.093466	-82.444909	-7.434986
-25.619571	-68.394917	-47.260256	19.051579	24.986559	-34.009794
-38.338470	-33.090508	3.316096	99.824943	-99.982122	91.178745
-36.484797	86.774195	-16.831370	12.054627	1.985430	-70.910678
46.284906	60.291024	47.900788	-46.435506	-59.931580	61.164329
-43.520033	-31.166301	-71.300254	96.298805	-26.072647	-92.006454
-92.344505	-80.312896	30.907354	-95.688264	-36.440669	8.278540
-17.254602	32.143557	46.616980	-51.874202	-25.719323	-3.801281
35.543393	21.072010	-85.093601	30.685583	-37.055715	45.134679
95.282421	40.969062	-65.409213	98.185351	66.598442	-62.219207
57.883424	79.549710	1.048729	67.257691	63.768403	-86.996723
70.675290	87.329724	-7.781535	54.161879	-17.834307	19.656148
-18.402552	-19.321947	-69.123795	61.835141	82.576846	35.515877
83.471428	-2.192221	-27.529954	-63.823223	76.816666	-72.085373
-54.572504	44.181060	-59.558596	-63.416837	-96.807042	19.251583
-38.663412	-54.146019	-72.033286	56.399586	-30.415236	-54.507322
35.724591	-10.069532	80.728758	-27.078746	-15.625075	-66.965665
-1.658623	39.128302	-92.652832	-35.005247	-4.437419	-62.827503
-46.063237	-20.268548	-97.361975	29.933158	29.367447	75.868415
-57.892324	33.307001	86.456839	40.840114	-98.474728	64.730834
-16.108458	37.051092	-8.518755	-61.019260	-25.535275	-73.543922
45.748113	-73.499010	41.867561	-52.018152	-24.873310	74.138267
27.615771	-91.705074	-80.057414	30.840059	100.325049	-70.379724
2.011397	89.638235	37.665358	31.116869	-5.630270	66.873433
63.113571	55.854899	9.943670	-24.222129	21.306129	-75.595977
-13.942438	13.759987	-65.586849	-11.365600	-38.155747	-78.999505
25.085275	-5.304403	11.328572	-26.264560	4.593814	32.802487
-54.706064	-95.577733	-52.658221	42.697665	-37.480773	-1.618906
-84.242677	18.715550	-32.409025	-61.042413	-32.997094	81.928160
70.380731	39.012167	-31.569924	-15.472283	28.825994	-73.749594
-60.796661	50.674231	24.002345	100.983599	-84.283180	-38.984857
-56.652954	-80.821729	-42.742076	-24.254645	-83.493784	1.390237
-20.254427	25.069396	89.992851	28.537435	-78.972072	-75.668719
-83.166899	18.452500	-27.014733	-60.473480	100.937549	-45.701591
19.131483	6.160882	66.285268	94.974107	-59.203350	-45.881596
61.742279	-49.269078	22.058894	32.881115	-52.252058	83.022761
45.582095	-76.279935	-36.996684	-92.698914	83.632883	53.250935
-95.316347	-45.502339	51.678664	-39.061292	-38.929885	77.189938
-25.206554	62.642131	17.225931	77.411251	38.429596	22.526842
75.231670	-55.220999	32.970194	-21.774173	-5.052079	-83.526826
-48.172537	-79.069527	-77.114117	-30.198899	42.465004	-21.520532
39.015838	-40.475527	12.957757	-76.265046	-1.253978	-17.559542
20.693637	-54.696937	-94.375774	6.915678	24.712830	-40.387559
24.687762	-31.305945	-78.837572	-17.204553	89.071468	72.340681
44.853663	-26.418767	-66.815707	39.799009	-40.487744	-18.530676
-17.617251	-74.988947	87.536176	-53.425190	55.149011	-64.391655
-85.138380	57.125014	56.493981	82.149124	-53.918828	71.664167
44.629351	21.686594	-74.113670	18.136518	32.651318	-4.403536
57.562864	-2.685092	56.185707	-71.214634	60.521571	-6.354662
14.825680	-3.825808	-60.155564	-76.436482	69.433518	27.050232
36.787244	-84.990544	54.353692	-71.651112	43.698507	-10.424264
6.685196	-83.273317	-61.874175	11.737686	-74.948119	11.331241
-83.827609	23.780649	82.838981	-20.154131	41.396791	35.942194
-50.943888	-24.133938	-86.196043	-63.875380	-47.384199	24.297070
-16.956672	91.500373	-74.503440	53.057732	-13.364823	-98.714479
27.164535	-70.865755	-77.987513	-85.806628	-35.184358	52.587376
-30.859878	-39.480166	14.761003	-30.399537	40.384165	46.384324
83.552753	-73.833726	-92.065724	-43.963316	-73.647863	-5.215575
26.513836	-90.547100	-36.256403	-2.026630	-93.454489	61.599178
-64.301705	84.314113	-26.856717	-84.268969	96.487759	29.077990
-8.142797	-15.226132	91.710681	-14.909672	21.877861	-66.302586
-39.902464	19.152883	-39.135251	73.701847	-14.455892	38.178029
89.666848	-13.850779	87.572909	14.691904	-88.280129	28.408764
-31.057792	-22.298576	77.969456	49.855371	73.226379	76.505052
18.224727	15.581063	100.614599	-66.293382	7.213507	-57.979461
-28.914197	-16.440758	-32.599231	-74.383585	-35.568144	2.369191
-23.703099	58.170528	-68.024628	93.653480	-84.389560	59.597343
18.574504	-37.556787	-52.985625	-24.885188	34.650892	36.754670
-1.566466	-47.299919	-34.003412	7.564862	-78.794751	-84.758088
42.916042	-18.387923	-88.978685	89.163494	39.139408	22.034209
74.687198	-93.952406	-83.166580	19.734263	-51.953611	78.479237
-15.911418	75.463450	-1.312992	-60.553274	15.594011	90.106710
15.707274	-57.952884	-30.430966	-36.587759	-91.676994	-48.910669
57.261292	58.995693	-74.960017	-76.564308	-71.879295	-8.677815
62.504770	33.378783	-4.605756	-85.745379	-85.576243	-67.214439
-16.642694	79.431716	-40.542513	13.881965	46.822338	89.631944
0.950806	-27.912866	77.509101	-4.031817	92.417572	-52.215120
-26.214726	-98.548152	96.067444	18.808943	51.567893	-5.963261
-1.297301	-71.597707	-52.296234	24.243215	68.329899	-80.063551
63.998386	44.013020	-38.176765	93.802689	50.872072	-98.325599
-40.647721	92.619109	-18.949304	34.818573	-82.572626	96.610938
-32.305683	12.056979	-89.764882	28.329308	69.678124	85.457077
68.486398	22.986816	-70.463810	11.030103	64.160644	-83.014206
-20.409285	-38.154581	5.241667	-49.037414	0.774545	-94.475629
41.950109	64.199978	1.783043	26.871538	-51.700957	-80.454404
-89.615240	-24.134548	60.812497	-83.711291	43.895429	74.596861
-88.807242	9.405881	11.178606	19.405655	4.574567	4.689578
-72.632171	-56.253282	-69.593248	23.680708	-94.846959	-49.541970
-16.307916	-93.283897	58.094086	-79.488169	14.808327	-54.273622
28.081390	-10.692935	-7.287562	36.386844	25.109694	15.543159
51.717060	28.767678	10.417784	-63.010419	-1.102489	42.107553
8.965795	80.852755	-56.751234	-95.338028	-8.253728	-59.811805
28.247241	7.166460	-35.962225	90.695724	2.607039	-90.406576
-34.567934	-95.026669	-79.312024	88.470214	25.937163	-5.516039
-71.929524	-1.940045	-46.542505	23.586154	47.479472	43.218121
62.378288	-88.867123	-10.250156	87.290784	-9.283509	2.170922
-57.513430	-37.167889	72.807774	49.972660	13.571706	-68.545653
-31.770153	-0.924370	83.694923	-68.284239	4.682589	-5.785234
98.706359	-78.809420	-63.268971	47.113596	94.052124	63.721720
-36.888852	-68.398723	6.512122	71.740264	18.961621	-98.938554
12.758389	-44.721759	-93.287294	55.242912	-79.231166	2.205967
-40.415863	27.821705	-43.364715	-24.136295	84.923460	57.416391
-5.960224	-2.366330	-43.466945	56.792953	87.890208	-26.798560
-78.109947	85.077428	94.937068	53.538026	51.219775	82.011276
33.518171	-3.164588	-63.587990	37.044074	88.739610	-38.019200
86.091830	-26.687447	-72.579746	-97.548764	87.381309	-13.795901
-4.174611	58.443403	-87.252862	21.491886	-6.898957	-52.273271
45.663049	-88.252948	-60.027581	-7.560746	-46.114642	-83.038622
68.430971	46.212848	27.916157	90.327607	4.067410	-75.621306
17.571225	-76.190519	9.419281	-38.172719	-42.181419	3.569042
17.649797	87.509477	75.598885	13.558122	86.852957	-52.871442
-36.173115	14.875371	44.709832	85.889380	-75.583379	56.873183
13.783417	47.793996	-82.781266	85.425360	-95.118708	-28.324752
11.821362	34.939980	-59.277265	18.668046	56.343128	2.981639
-22.798723	-17.386040	80.360667	99.149713	46.864858	-44.155796
-34.288566	-79.601700	-85.174835	-74.656143	-37.916932	-26.333928
-29.792109	46.138609	85.173163	-92.897515	48.561941	-41.209130
63.789920	66.875563	60.971537	37.861367	46.205759	26.582764
-44.743159	15.363593	-57.308324	-62.047456	25.789535	-31.861625
-67.252370	23.084658	-65.603146	-38.365454	-58.292097	27.574952
-40.305464	20.903179	-9.714469	83.783802	5.079190	7.804671
93.223261	55.485948	-38.567541	-80.767035	-37.509610	-92.102993
72.617095	60.954403	-48.740363	37.221325	40.408760	2.270173
-29.370751	-10.950026	-61.665686	-73.435862	29.582663	2.234192
56.752684	75.873850	-43.056561	-51.544148	61.523925	-46.894717
-21.261783	34.032084	-30.286979	29.465160	28.902824	87.049230
-74.324085	19.426393	94.831563	90.108704	-81.003241	52.270224
-94.283727	0.839275	41.854365	-41.074800	34.964840	-75.466047
-90.068016	-80.562055	-22.003900	92.441426	-33.371030	31.076536
18.836157	-25.820666	-25.056980	26.828668	49.274731	-56.318921
27.865128	-33.189616	73.112993	29.447321	14.157717	-56.507565
-78.686859	-17.971849	16.198027	21.651060	17.275237	-97.083243
85.494562	3.083794	-37.218521	-95.440429	-91.519851	29.562525
83.544799	-34.966766	-57.308950	43.903132	-82.511449	50.836586
-78.853434	-72.895740	-17.488232	-2.534746	71.029170	-17.236965
-46.240326	-99.313130	94.828560	64.850706	-34.767358	-11.323817
13.006842	92.792581	-92.209372	90.955677	78.649973	6.654093
-88.696353	-8.343462	56.387909	-58.356417	20.472753	-66.176960
-90.348312	-13.350773	42.925337	88.912085	66.545421	-4.314685
-11.117849	85.908644	-33.264755	-53.258793	65.930823	-23.823408
84.292529	-36.500000	48.018332	-15.829314	-44.590381	-7.203772
-34.385887	37.159460	-66.828048	-38.196445	-90.122320	-68.329437
-67.969373	-59.170335	78.582050	-31.937418	-96.598662	-88.083215
97.050069	-84.465769	14.199064	89.693922	-34.742315	23.487129
1.569656	10.449813	54.706708	-47.403577	17.742160	99.579152
-64.683672	22.575201	17.609111	-64.071590	-71.268663	45.182632
-84.174091	91.022214	28.752325	8.918188	58.317091	-42.179825
82.059178	-15.511500	-83.085552	-84.880906	16.031710	-78.690948
35.976981	-64.072297	29.852880	-7.249113	-80.074707	-21.024588
54.499129	18.146979	-39.730832	97.923822	48.988037	93.224447
-41.052846	39.070554	-43.307309	30.502227	-73.520655	-11.084164
-13.293446	90.509402	73.457865	-1.437553	53.863376	45.206601
15.656653	93.965050	-26.540831	43.694504	-8.432497	17.673900
-77.540078	89.874434	97.581473	69.415780	-66.271742	51.482471
79.777458	-24.196065	85.492802	39.540787	5.078397	-43.424466
-83.432136	-83.239408	68.225206	26.343522	-66.170203	-32.260339
-27.683316	49.826099	69.837501	-10.203802	-62.241845	-69.107804
-55.654172	-93.668195	-1.726589	92.948118	23.683133	62.236242
91.550056	89.538447	56.520538	-65.473063	-32.569151	14.572395
-97.841464	-18.479445	-56.737604	16.000096	86.642307	-67.405127
34.310842	-3.532004	46.707686	64.385600	58.959302	-80.026909
-5.175901	95.646092	-17.514677	-91.699231	85.774893	-40.052967
-57.380856	20.032565	46.550800	-56.883556	8.320777	-91.766461
-91.023437	-4.601597	70.819653	-49.908941	65.316791	-44.344063
-57.394686	-29.628153	-38.133269	-11.533060	-62.939505	48.249050
23.895401	-16.594801	49.819013	-32.570074	-10.547587	1.979238
-72.845583	94.749262	73.024596	-6.505528	57.329334	68.471812
-20.872125	-75.320541	-71.137429	-35.889626	-37.879024	59.267532
-8.546486	35.662359	83.881413	92.812873	71.775417	73.270899
-73.015880	-14.768845	41.845248	-38.219252	24.295115	36.954182
19.784860	57.662774	-31.163850	58.663706	34.752751	-85.976398
3.369819	-84.441391	-75.080015	93.988755	-45.584727	79.350543
-80.239483	-56.718557	-57.559465	38.335237	46.837724	-92.105358
80.193374	69.951269	65.062413	-24.006137	-81.468341	-20.893359
92.216935	-66.444296	40.134908	39.870704	68.028336	84.332447
68.061078	-36.917714	21.119502	0.927377	-69.401861	30.096991
58.712838	-40.873741	-26.434954	-35.959090	-98.169621	9.744997
11.794204	2.765256	-84.767860	-93.291570	64.453160	-0.142247
47.586847	64.832710	-56.723957	-71.706011	-46.298886	-32.698438
-46.306820	12.254729	62.898928	3.899951	20.706312	23.564232
-42.217362	42.719824	-24.708340	30.284384	27.754509	-93.000390
78.607045	47.314717	20.888606	-77.777516	-73.788225	11.732288
-70.960223	-37.648404	-59.759621	-67.866494	15.466485	78.478098
-61.831316	24.431102	97.390619	6.166051	-49.492862	51.946925
-63.674762	96.450162	37.659644	-31.626663	21.422110	-0.517979
37.903321	23.726424	-12.920806	-89.604956	27.583695	12.162601
16.640178	-74.598232	2.225915	-17.147729	67.343772	13.942629
-90.947985	-13.143982	-20.474578	-96.701265	83.603589	49.287520
-68.687334	-58.683988	-98.534438	-50.768745	20.208566	32.082438
11.711893	-34.654360	48.523235	11.318985	95.819834	-38.791853
83.316071	-60.486582	36.321968	-62.101415	-37.236674	-65.633905
20.937387	89.250232	93.863047	78.179036	-77.716227	0.651235
70.931031	-4.816747	35.194146	-46.201770	-49.687833	69.837280
66.454750	14.461529	7.828213	-96.141142	-79.506173	45.328901
-37.667319	36.906132	97.119745	-69.717004	35.033697	82.460418
-35.954700	-68.345014	-70.116073	-13.996128	-57.405422	-77.829219
96.257506	-29.379420	86.263969	-44.012192	-55.904440	-45.543059
85.803119	53.872181	-41.080419	86.862611	43.739533	29.421526
-75.917363	-34.878259	88.082485	36.914477	32.438452	5.473604
45.922226	66.667424	37.420998	100.596493	-1.194617	53.675037
24.350659	-87.668386	-33.041044	48.912838	99.877035	-27.403459
72.940144	-12.878120	-72.854303	25.209621	-55.446593	-83.245254
38.774447	-16.891974	-3.954012	52.139615	-43.150909	88.682567
61.420841	28.186787	-95.703677	-51.593591	0.598010	-64.687997
100.316024	48.908351	-75.175946	19.558217	-72.178174	84.193804
-58.901899	-82.096199	25.234010	12.826449	-22.229166	-46.523977
-51.296008	2.422992	-31.469117	26.253954	50.514308	10.019802
-26.210392	83.787839	-86.592632	-61.003196	-19.180951	-65.261687
-83.612369	-59.647803	-54.332964	-28.862725	63.416489	-31.141338
-57.012134	93.754061	13.629488	30.014148	46.419535	-4.546176
58.332483	16.332758	88.448289	-91.449822	-62.734524	-43.683014
-95.930961	-89.117486	-29.666770	4.057079	-3.142850	-30.766737
-34.415151	-33.138828	-43.666236	89.123049	-92.819062	-80.022340
-7.344845	41.545198	-15.660506	-98.166550	92.011309	47.005497
19.387930	-98.093063	88.190975	5.776149	-7.169055	-35.839797
0.270851	80.697959	78.115130	8.582133	12.297340	83.414193
-49.471745	-49.163921	38.663102	54.412423	-68.086841	1.024947
-39.984313	33.417506	-81.331688	-96.747588	-8.295325	-72.270212
15.116492	8.956724	100.245106	-92.416694	19.028106	-58.629454
-70.096908	19.701389	50.124716	-76.710376	-47.273068	-25.774709
94.094007	77.761679	-91.798099	32.364496	15.395958	5.088578
-17.083270	29.716887	82.783511	-80.706241	92.945059	-23.454762
-65.400914	15.173250	-42.273924	78.112088	-90.079150	-66.410193
67.902054	-87.629640	-27.517358	-71.580501	-57.715541	71.611042
50.026954	37.463209	-85.969106	76.328504	33.908031	-52.222218
-32.346684	-90.463021	-95.914913	87.490331	39.557630	-30.510433
100.188076	-6.999136	-43.885695	-19.992154	10.966463	89.926456
67.137180	-88.517435	-21.501161	-65.439968	-16.636522	28.829516
17.037330	-71.620623	19.532306	-75.330874	-18.275831	19.104182
3.939517	44.095511	-43.234635	-97.115039	42.900588	-3.393051
16.900519	-45.946615	-39.222981	-1.330291	-23.496299	-11.163400
-22.798921	70.713276	-29.472102	-33.669859	78.067103	17.931270
82.902784	41.353841	29.809916	-62.946647	-92.753787	-58.730067
-99.038080	-1.919732	65.286341	67.713883	-79.898970	-73.111075
-56.032267	31.414131	-28.902314	-95.155822	91.786260	39.395180
-34.267092	-73.648207	86.081838	71.775024	39.107821	-53.811858
97.825071	-48.872521	-64.536291	39.572466	-88.407717	63.056791
44.183224	80.438063	-65.864049	37.378104	-94.834300	16.441752
-0.313586	24.043471	-82.503082	41.591069	73.209932	-2.030667
14.612122	3.586571	-55.798628	-64.448755	44.510809	10.922282
13.159619	-78.802110	-61.119379	-33.468064	-69.826187	71.700739
-45.385144	21.187034	-43.027548	-70.755300	64.526751	66.101900
26.485667	-28.682015	71.355670	-49.876276	26.750255	72.758794
78.194023	6.066872	78.340039	70.978112	16.075284	-28.881782
68.802644	-96.369750	-26.150920	33.444012	-4.203713	-45.577214
2.452141	-37.863633	-7.241680	37.378916	31.906513	-83.643050
-18.638415	47.170442	17.202802	-26.551849	91.365293	-42.207393
91.511038	2.777629	5.901497	-62.308881	-31.573361	77.088081
83.889922	-89.634224	74.110858	-37.212653	-76.512278	-61.519407
-78.149555	84.458757	83.310070	-86.089488	34.042832	42.806785
-33.545783	95.283822	-96.432667	-54.775049	-9.553960	55.651528
66.023500	-61.261485	90.099384	14.091972	9.486018	-12.025437
1.850895	-42.079287	-99.120377	63.603293	12.381367	75.411039
-5.508738	93.878988	-45.627688	54.807881	93.129449	-67.984456
-43.890217	91.037404	-57.585288	-78.099033	74.288856	-61.119311
57.531157	64.401806	79.610838	4.018251	-28.004410	-86.946833
98.104639	-43.915693	-85.987918	-70.331461	63.601581	37.370585
46.964643	79.425666	-27.666117	-92.212751	-53.656253	36.264390
80.146307	97.147046	25.567151	-49.783802	-40.148180	-0.459633
74.524989	-47.333820	-92.592537	18.376549	13.193677	-4.397428
60.443040	-0.944751	-65.761829	-66.084974	86.821456	43.197501
24.338913	-35.362903	7.597313	-10.683803	31.976955	95.101636
-73.734499	99.142672	30.269784	-37.032207	-44.432139	92.417968
43.984453	-90.960676	-31.665619	100.918551	8.829513	56.964341
-15.795131	86.858420	10.686079	10.189970	87.322228	4.703757
-54.291565	-54.705821	29.565002	95.308348	-83.885126	-53.995514
-88.427335	9.147875	-78.749129	4.437610	34.650550	-76.121024
-54.710857	96.136842	-28.102583	-20.278892	-86.638061	-96.768100
-79.803131	22.112101	10.866597	-28.786825	-81.231439	96.713095
4.487765	-49.548597	82.581316	73.941278	90.102979	80.106776
52.031622	-82.737311	-35.647246	-26.347060	-38.818316	-23.327432
27.297945	-90.173734	31.956028	-45.667136	-8.728911	-69.008743
42.754449	23.805394	43.840129	92.011688	24.480277	71.985937
-36.334919	25.840543	-74.551034	29.461934	24.065511	-24.349326
-18.977403	80.682652	26.438673	75.266757	-25.403040	-62.181243
6.821000	34.092998	-54.998347	4.859138	-91.757984	7.008655
-17.641955	45.669831	-21.277322	-58.544227	-51.696701	-24.180693
61.429633	-1.600808	-29.546457	18.562494	91.706692	64.537486
69.972517	83.099479	10.214563	45.357051	96.764901	-87.883643
87.119737	87.554734	-4.570750	-69.488219	76.998887	-11.583284
69.514085	-85.898305	50.755866	55.007124	-84.470514	77.271712
44.330739	-23.177448	59.756059	-77.086703	14.748520	-45.744776
95.470726	54.765310	-63.092701	-94.699397	31.242949	-95.005456
91.713203	72.811990	-14.459915	-29.600284	16.611795	33.214026
-92.543526	-81.446962	86.029551	67.087708	36.364169	53.769026
42.267855	-62.977931	-20.416017	-46.434030	-83.218437	47.151576
-79.582482	-91.451410	-74.525363	-26.983393	21.421900	32.847333
27.086401	-37.365359	-99.897686	-10.474605	55.963505	-51.226966
86.181728	83.151257	23.871687	-81.568508	-20.950066	-61.356211
-89.070983	-36.783813	50.698411	85.101971	77.468905	-40.572207
77.503431	12.512238	41.678578	-21.493841	16.863874	-14.665840
19.218035	89.502770	55.765581	-98.255485	43.862981	76.601192
