20.184429	5.836906	7.279339	12.942858	0.000000	0.000000
13.133989	0.000000	4.000000	5.000000	6.000000	5.000000
8.781928	17.607418	8.574176	19.257599	0.799640	21.160594
14.043711	12.935753	11.797382	4.578208	0.000000	0.000000
16.237826	3.005077	0.643986	9.208808	0.000000	3.000000
21.320015	4.526753	3.565926	9.584010	0.000000	24.055512
18.212975	1.272108	7.786443	9.166427	0.000000	0.000000
17.775242	9.195877	14.486272	16.133591	2.862122	27.752218
0.000000	0.000000	0.000000	9.000000	3.000000	5.000000
0.000000	0.000000	4.000000	5.000000	10.000000	4.000000
17.544365	0.000000	7.000000	7.000000	3.000000	8.000000
0.000000	0.000000	7.000000	7.000000	8.000000	9.000000
8.284492	10.767274	9.571175	0.000000	5.000000	10.000000
13.417133	1.496623	12.257682	0.000000	6.000000	10.000000
7.721268	0.000000	0.000000	7.000000	4.000000	8.000000
15.855477	10.219009	0.000000	15.361651	0.000000	0.000000
11.895518	0.000000	15.935018	6.427355	0.487660	19.836595
13.523863	0.000000	18.022941	4.683270	4.455140	19.496818
1.541208	14.449223	0.000000	10.000000	8.000000	0.000000
10.873980	6.452484	7.505200	14.711488	0.000000	23.431372
17.423013	3.199001	21.651898	14.677309	9.324265	26.762953
10.337288	4.120319	17.160937	19.208905	0.000000	26.553173
18.678069	4.490900	9.290780	7.739018	9.147032	18.387490
13.367740	8.160562	4.517159	19.039458	5.616167	21.134445
17.159761	0.000000	7.000000	10.000000	2.000000	0.000000
0.000000	6.596068	2.931804	9.564702	5.024681	0.000000
2.835360	0.035415	13.303776	15.770051	0.000000	0.000000
3.150505	6.087846	16.867417	26.234652	4.431660	19.117414
0.000000	6.000000	6.000000	9.000000	7.000000	4.000000
17.664617	6.268124	10.598876	0.580533	9.869870	6.480600
15.899932	0.000000	12.939834	0.000000	1.000000	1.000000
11.466513	0.000000	3.959712	0.141955	4.310939	16.172999
19.999646	1.472487	14.992565	8.511735	11.420083	23.496955
7.262766	5.852858	7.631173	8.988289	0.000000	10.000000
0.000000	5.000000	3.000000	2.000000	4.000000	10.000000
11.300536	2.864774	12.372475	15.044220	3.022366	20.998893
6.447624	13.822535	10.817890	10.627092	8.699038	24.505263
18.045293	5.477698	17.083864	19.827520	2.966341	29.192251
24.055526	3.129196	25.112916	0.000000	8.000000	1.000000
4.421606	10.705278	3.670384	17.903008	0.968278	16.245784
6.866151	0.850176	1.126319	0.000000	6.329739	6.098991
15.340860	7.209763	3.563363	24.808970	3.039647	28.501323
18.794683	6.001412	14.627261	16.785443	0.000000	0.000000
4.476606	0.000000	2.000000	0.000000	1.000000	4.000000
11.617136	3.732013	8.957086	9.193072	2.789448	22.290104
10.383211	8.468699	9.023760	8.475367	1.007601	22.248489
8.239797	9.733823	15.533688	20.314542	0.000000	25.652388
8.480182	0.000000	5.707912	5.060318	1.084258	9.644240
23.400767	1.250725	12.219736	2.194688	1.435482	21.976134
2.844939	5.794948	0.000000	18.121839	0.068530	26.153166
24.223261	2.609101	11.833187	18.073150	0.000000	0.000000
17.996565	3.775047	9.645647	9.300755	1.998940	28.799481
5.028556	0.000000	10.000000	9.000000	4.000000	2.000000
16.409369	9.019369	7.344927	14.541934	0.000000	31.138848
3.153568	2.965410	5.373793	11.128726	8.459442	19.550727
13.517178	0.000000	7.000000	7.000000	10.000000	7.000000
20.351566	4.042456	9.611845	6.162135	3.550674	24.427690
4.058804	12.294108	10.753390	11.625494	0.000000	12.804751
12.913752	1.298413	15.698398	12.616425	1.480949	28.722337
9.882333	0.000000	12.511942	0.000000	9.000000	11.000000
25.421715	0.000000	20.410222	14.694512	0.395943	36.830159
18.139785	0.000000	23.426579	12.696830	0.000000	27.617717
14.342667	2.849746	2.736775	5.827697	0.932644	14.563971
14.692803	1.538306	18.276262	8.196607	8.335394	25.201140
7.143345	0.000000	0.000000	8.000000	3.000000	10.000000
15.464653	2.064713	3.000236	12.566335	0.811808	26.616419
16.981457	3.981741	9.757699	15.872662	5.078238	34.549815
9.615749	7.179386	10.710552	12.551538	0.854550	23.557334
11.717675	0.000000	17.432535	18.768852	0.364267	20.277692
8.316722	3.240924	8.297565	17.619004	1.213888	23.281269
7.237844	2.390291	0.000000	10.000000	1.000000	3.000000
15.370261	3.298018	3.487350	17.607009	0.000000	27.479239
0.000000	16.293611	0.000000	2.000000	11.000000	2.000000
13.230466	5.233592	0.000000	8.849926	2.264984	23.964226
29.168099	7.001019	19.660825	0.000000	7.000000	2.000000
0.000000	7.000000	1.000000	7.000000	3.000000	8.000000
10.330116	12.771906	17.797029	18.273917	0.000000	30.913001
0.000000	9.000000	3.000000	0.000000	0.000000	4.000000
10.403384	0.000000	0.000000	1.218399	0.000000	1.000000
9.337218	1.310196	10.586067	1.343278	0.236732	34.997719
11.073695	6.424196	9.032703	22.925088	0.246054	29.314924
14.708518	2.308047	14.820891	12.814918	0.245661	19.758579
23.687553	0.000000	15.966383	30.800738	0.000000	37.370327
18.974430	4.640578	17.632469	18.212140	0.000000	30.694082
0.000000	0.000000	8.000000	11.000000	10.000000	9.000000
20.537192	1.110481	16.824623	0.000000	8.000000	5.000000
18.061232	0.000000	12.677793	7.830706	0.000000	10.000000
11.679000	0.000000	0.000000	0.000000	4.000000	9.000000
14.625899	13.598811	19.375249	23.479955	0.000000	29.280041
10.197208	0.000000	6.325244	8.633102	0.000000	0.000000
14.166865	3.611813	0.000000	11.000000	5.000000	3.000000
16.544779	11.271911	13.516178	0.000000	9.000000	3.000000
15.726172	0.000000	10.000000	7.000000	10.000000	6.000000
19.198584	3.670399	9.472412	10.330153	0.000000	3.000000
5.994022	0.000000	0.000000	5.000000	9.000000	10.000000
0.000000	11.000000	1.000000	0.000000	11.000000	10.000000
21.297562	0.000000	22.703698	8.291616	0.996999	16.048940
23.428179	0.000000	27.044768	9.812871	0.000000	31.867046
0.000000	9.000000	4.000000	11.000000	6.000000	6.000000
20.623206	1.230066	15.601708	13.604274	0.000000	21.024816
6.734254	0.000000	9.000000	2.000000	11.000000	10.000000
24.076533	6.773261	17.016351	15.846352	0.000000	0.000000
10.026078	4.190297	12.217877	0.000000	9.000000	11.000000
16.806942	13.854227	0.000000	3.000000	2.000000	0.000000
14.576102	1.124058	0.000000	8.000000	10.000000	9.000000
9.957366	1.824977	18.494023	19.656160	0.539204	35.275464
6.692946	7.075755	18.120554	8.507490	0.000000	14.492650
8.477481	0.000000	1.000000	6.000000	5.000000	7.000000
16.593339	6.325563	19.084647	14.164478	0.000000	24.728566
9.775960	9.360292	10.674731	19.544611	0.000000	23.349389
5.184306	10.415153	6.331913	10.885131	4.603300	27.257719
2.061870	2.881639	6.969993	11.329880	9.448763	17.153629
24.384755	1.398670	10.988578	14.443674	6.252313	34.333840
14.030798	1.633330	3.066464	11.373458	0.000000	0.000000
5.723156	4.329504	0.000000	0.000000	4.000000	1.000000
14.000516	0.000000	9.000000	5.000000	0.000000	5.000000
18.461970	4.280278	14.175042	16.010618	0.000000	24.346581
15.592091	5.293564	4.536264	13.814373	0.000000	19.936329
15.043315	0.193518	20.117223	9.355648	1.284732	20.921344
4.325977	9.129878	6.456094	10.428730	5.002251	17.730190
17.553667	8.775064	18.368107	15.431311	2.628834	31.217451
0.000000	1.000000	1.000000	2.000000	9.000000	7.000000
14.790952	2.765662	5.185272	0.000000	15.393921	17.204726
7.569364	0.000000	4.110930	5.801692	0.000000	10.000000
21.094657	3.938160	4.321354	15.063814	0.000000	23.844380
13.493024	0.000000	8.473313	11.532073	0.000000	0.000000
18.568448	0.771862	3.228232	9.607089	14.172440	18.769669
0.000000	0.000000	14.319808	15.088076	0.000000	19.371450
10.042047	7.705954	6.918415	14.446528	0.661716	28.566716
1.789129	0.000000	6.000000	5.000000	3.000000	10.000000
11.650596	0.000000	11.000000	6.000000	4.000000	9.000000
7.700692	0.000000	0.000000	3.000000	1.000000	5.000000
12.917889	0.000000	17.795139	4.591141	12.678221	11.869336
15.215801	6.552012	7.276825	13.193334	0.000000	22.025405
11.907611	3.320174	14.312197	18.938583	0.000000	30.272295
10.378952	0.000000	5.844660	9.372722	2.957684	23.191426
15.301952	7.877609	18.387053	12.504001	0.000000	24.167861
15.608546	3.108120	2.676947	6.631075	0.000000	26.118490
0.000000	8.000000	2.000000	11.000000	11.000000	7.000000
4.748216	0.000000	11.000000	6.000000	11.000000	6.000000
10.438028	7.056408	5.790274	27.639525	0.000000	23.634978
12.924980	8.259295	12.321238	0.000000	11.000000	8.000000
17.751122	0.000000	3.803698	15.241688	0.000000	22.574594
19.854128	0.343493	21.513375	8.253606	0.653299	31.315407
1.869643	0.000000	1.000000	2.000000	8.000000	9.000000
3.375192	5.482339	0.000000	3.000000	4.000000	4.000000
12.652896	1.915494	8.106317	16.964980	0.657712	30.849961
6.309186	3.777272	0.000000	15.838773	0.000000	16.696473
0.000000	5.000000	4.000000	3.000000	2.000000	6.000000
14.814555	0.000000	18.802612	0.000000	9.000000	10.000000
26.613439	5.202498	19.715593	12.510769	1.320824	32.801479
1.922635	7.254770	1.418315	8.829378	0.000000	1.577517
10.363480	4.687360	17.739469	5.233072	0.415331	24.039087
22.401806	0.000000	8.000000	4.000000	10.000000	5.000000
7.968474	2.935717	0.000000	5.000000	3.000000	0.000000
14.842067	3.106446	13.070975	14.813216	0.000000	33.076209
10.526032	0.000000	0.000000	3.000000	0.000000	2.000000
25.782752	0.000000	23.734557	13.692277	1.573494	27.825088
4.730398	0.000000	14.220259	4.552390	12.165821	9.564312
0.000000	3.000000	0.000000	11.000000	5.000000	11.000000
15.970385	0.000000	11.000000	2.000000	7.000000	2.000000
14.841670	5.911350	8.623168	16.633459	0.152897	29.918050
15.496953	2.988917	0.000000	9.115205	0.000000	0.000000
20.431437	3.204006	17.480844	17.423836	1.637751	34.583590
11.990492	0.756915	13.411234	13.749916	0.000000	2.000000
14.947934	5.583791	3.931796	14.288854	3.806852	31.362529
11.738384	1.442309	3.908977	0.000000	0.000000	0.000000
17.441862	1.468197	6.703641	3.384453	6.105236	26.409532
12.864044	0.000000	5.440843	16.919779	0.000000	19.269517
17.846428	6.008445	14.600892	20.001298	0.000000	27.505371
23.652516	4.351310	14.960039	16.976604	0.785342	12.929085
23.359201	0.000000	18.922954	13.259944	0.288044	26.181148
11.720440	3.579270	8.518484	12.465799	10.338435	25.298902
23.619142	0.150470	12.746670	8.251408	3.164504	25.776546
23.686898	0.000000	11.846536	8.596655	0.000000	22.961496
13.915636	0.000000	12.562834	9.080469	0.000000	16.507119
21.152579	8.548389	15.736038	13.253447	7.145763	25.642460
21.273500	0.000000	6.852045	0.000000	3.000000	4.000000
13.184616	7.140590	6.056154	22.333451	0.000000	29.836824
8.697117	7.449768	4.573894	17.429558	0.000000	20.939769
11.620087	0.000000	6.000000	5.000000	5.000000	7.000000
14.028607	2.778260	7.241541	14.029812	0.000000	23.505972
3.221252	14.608483	6.440014	23.225316	0.000000	24.812882
0.000000	8.000000	5.000000	6.000000	10.000000	4.000000
15.692970	13.387931	3.786761	20.688388	0.000000	35.539830
8.132464	3.320239	6.397740	8.323152	1.163227	14.585284
12.336023	0.301528	17.771529	0.000000	4.000000	1.000000
19.052023	5.596042	17.714376	7.486442	3.861356	22.500511
1.648993	2.219640	0.000000	8.792199	0.000000	14.597419
1.402071	14.509506	0.000000	9.000000	5.000000	0.000000
15.136346	3.099678	17.220380	19.925848	0.736668	31.115865
42.185296	0.045600	35.376608	9.995500	1.808582	35.957496
15.818483	0.000000	6.510327	16.312329	0.000000	23.570852
11.146706	2.990414	4.679281	6.859867	3.975925	23.101919
5.106208	2.520142	10.172020	5.147140	0.000000	8.494446
14.409858	0.000000	13.646357	6.547644	4.570888	23.872905
13.554980	9.722227	3.613969	17.895235	0.024334	22.897261
0.000000	15.475769	6.935553	0.000000	9.000000	1.000000
3.568089	0.000000	17.866845	10.572827	3.502174	20.922630
24.157002	0.000000	10.632257	9.171585	1.947638	25.120585
2.022235	0.000000	9.000000	6.000000	4.000000	8.000000
0.000000	9.000000	10.000000	2.000000	2.000000	4.000000
14.405341	16.351636	25.173832	22.312846	1.892311	31.871767
11.717899	0.000000	0.835019	6.719359	1.150815	27.915148
12.966670	18.458684	5.531991	11.522026	10.817922	26.144461
16.372242	0.000000	14.689227	7.369900	0.236839	26.054189
1.261582	9.002541	15.552092	21.635020	0.000000	22.142825
0.677401	0.000000	0.000000	4.000000	8.000000	6.000000
2.291433	0.000000	2.000000	10.000000	0.000000	0.000000
16.072153	0.000000	10.000000	5.000000	3.000000	11.000000
13.836950	2.101245	5.775860	18.424393	0.000000	27.289249
8.172765	0.000000	6.149919	6.568804	0.001271	11.452915
11.072185	5.177364	15.677934	15.237810	3.588689	20.333796
13.154414	0.000000	13.608390	0.000000	4.000000	8.000000
2.083827	0.000000	2.056545	8.968051	7.897684	21.048334
10.853372	12.740411	0.000000	8.435506	0.000000	17.867012
22.251782	0.000000	21.174056	0.000000	1.000000	8.000000
8.760139	8.484999	9.377453	15.756205	0.000000	17.741674
12.242508	15.589714	1.021471	15.822820	1.878990	27.431515
0.000000	10.000000	7.000000	1.000000	4.000000	7.000000
2.279832	0.000000	2.000000	3.000000	10.000000	2.000000
11.615663	6.281321	9.995386	8.204958	0.000000	18.934278
20.849094	1.965287	16.927330	18.065370	0.000000	24.596984
22.082871	7.708247	8.948800	13.757632	0.000000	29.681042
16.450190	0.000000	9.383401	16.591690	1.682976	33.824562
10.177191	0.000000	11.000000	4.000000	1.000000	0.000000
6.096177	0.000000	5.613686	0.000000	8.564221	6.018130
14.154836	4.581719	12.876132	15.145223	2.227911	17.051514
6.723893	4.954210	9.468355	11.189351	0.000000	22.375038
13.122142	4.941467	4.519236	0.000000	4.000000	5.000000
15.606359	1.792569	15.114733	8.608086	14.852705	14.761610
16.658895	4.397456	5.517143	14.440336	0.013558	31.297560
11.297165	0.000000	5.188808	13.116506	0.000000	23.482628
15.361030	0.000000	10.000000	4.000000	8.000000	7.000000
21.734497	0.415537	27.995969	7.827910	4.257069	27.918700
19.425071	9.257490	5.403652	17.278596	0.000000	34.206893
14.347939	2.602270	18.776999	17.516926	10.176048	29.992172
10.063143	11.216669	5.183859	24.443230	0.000000	28.748640
0.000000	3.000000	9.000000	9.000000	1.000000	8.000000
3.300548	8.277039	14.253242	8.109529	10.636233	19.304957
20.295645	5.941337	8.907148	12.142232	0.000000	21.375455
0.000000	10.000000	4.000000	0.000000	6.000000	1.000000
13.339373	0.000000	12.000943	14.202466	0.000000	20.973649
0.340146	0.000000	6.498675	12.003049	0.000000	12.654199
13.677533	8.694711	10.720976	16.090830	3.357919	23.113158
15.317434	0.000000	0.000000	10.000000	1.000000	4.000000
0.000000	7.000000	10.000000	0.000000	5.000000	8.000000
5.188200	0.000000	0.000000	6.000000	5.000000	7.000000
17.603227	1.534660	20.012862	0.000000	11.000000	6.000000
23.018704	10.468461	23.860429	15.719397	3.446343	30.629583
2.740932	0.000000	2.010946	10.074147	0.000000	7.002716
20.892587	1.410587	32.409110	28.558345	0.000000	30.138780
7.254825	0.000000	14.155514	0.000000	4.000000	5.000000
0.000000	15.943067	0.000000	12.324944	0.000000	1.000000
15.714883	5.749860	17.738295	19.036153	0.000000	23.499389
4.905605	0.000000	0.000000	11.000000	6.000000	2.000000
12.343952	8.768333	7.739046	17.003019	0.000000	31.702222
9.092769	2.296935	6.115233	7.705658	0.000000	24.299113
18.689900	0.000000	24.989702	11.910825	0.000000	21.292578
17.348046	1.409495	21.176784	12.564081	0.000000	7.000000
14.516561	4.266164	12.122599	12.572965	4.035257	18.424029
0.000000	2.834034	6.067664	9.218698	0.000000	15.764434
17.004994	0.000000	10.715312	0.000000	0.000000	1.000000
22.422375	1.956573	17.280133	17.290303	0.000000	28.490491
10.344732	0.000000	3.010503	7.801064	0.000000	3.000000
22.533531	0.704120	22.937282	13.803268	6.898882	37.762830
10.420135	0.000000	32.100035	12.578125	0.375794	23.775506
14.172412	0.000000	7.118134	3.142142	1.563621	26.952921
19.814777	1.812758	10.412331	5.908765	10.778739	18.091501
19.801454	0.000000	19.660117	7.945709	0.417284	23.885363
21.227832	3.166716	13.399250	12.544369	0.000000	0.000000
1.725473	1.878717	6.869061	4.855312	13.941547	10.978006
17.778590	5.266092	2.452434	8.270018	0.000000	26.607366
5.974125	3.134324	0.000000	7.000000	3.000000	4.000000
4.626985	0.000000	1.000000	4.000000	9.000000	10.000000
19.101386	1.656637	4.243236	9.241997	2.438346	34.294053
24.253984	5.602007	7.652505	0.202543	6.392388	14.398355
5.644074	0.000000	5.000000	0.000000	9.000000	9.000000
15.019785	0.000000	10.365738	4.195881	0.000000	7.000000
17.908229	0.000000	20.642697	11.059959	3.112359	17.097049
23.709180	0.651608	19.494261	20.944717	0.000000	31.698400
23.318869	0.000000	8.946304	5.992161	0.000000	27.314593
13.680378	0.323202	15.656488	15.783601	3.361239	17.014558
17.229042	1.000081	23.995458	0.000000	0.703122	0.000000
15.350309	2.496232	9.169712	5.700381	2.481638	18.598171
20.075714	3.670252	13.098442	27.304986	6.259645	34.708024
6.077567	3.224289	5.452939	1.595287	1.648023	18.923380
6.009950	9.026248	2.548513	16.509062	0.000000	22.946094
0.000000	11.000000	3.000000	11.000000	2.000000	9.000000
0.000000	3.000000	11.000000	2.000000	7.000000	2.000000
13.634311	0.350113	15.879381	0.000000	4.000000	2.000000
15.888954	13.719110	4.146906	13.598384	4.005224	23.736226
10.487816	6.004268	5.305157	13.700641	0.000000	21.021158
8.856838	2.288766	4.585632	7.907176	0.000000	21.515123
14.983307	0.000000	17.913508	13.769082	0.280524	30.191782
4.300591	11.178250	0.000000	1.000000	10.000000	0.000000
19.078797	0.000000	16.029058	0.000000	0.000000	8.000000
20.871841	5.437692	9.830684	17.961328	3.387884	28.727670
9.967989	1.613134	6.007868	10.694889	0.000000	24.107731
6.301680	3.826192	6.235361	0.000000	9.000000	11.000000
0.000000	2.904937	0.000000	7.000000	0.000000	8.000000
16.038362	4.701245	12.859483	10.282752	1.028696	24.653099
12.898881	0.000000	14.271033	10.024109	12.463796	18.819734
5.341510	1.535548	4.912832	15.749330	1.196000	23.726284
0.000000	9.000000	4.000000	7.000000	5.000000	10.000000
12.117348	4.504148	12.199504	9.854649	5.509602	20.298451
14.563024	0.000000	1.000000	6.000000	9.000000	3.000000
0.000000	1.000000	9.000000	2.000000	6.000000	10.000000
13.113446	10.394168	7.176020	0.000000	10.000000	9.000000
15.842529	0.034742	20.113274	4.034715	0.685029	14.886194
16.109661	4.142659	13.167567	11.910111	10.260602	17.332968
12.673328	6.051655	16.590716	14.771412	0.000000	25.477958
11.971971	0.000000	3.711189	4.276847	3.316560	14.290856
25.445705	0.000000	22.690928	14.138914	0.040336	33.528191
11.827849	2.581043	5.991141	0.000000	8.900250	0.000000
0.000000	7.766583	4.729472	12.598421	2.502731	20.832138
1.694067	0.481722	0.000000	0.117946	12.341006	13.379666
0.726654	0.000000	6.000000	0.000000	9.000000	2.000000
5.930314	0.000000	3.000000	4.000000	5.000000	8.000000
17.013518	1.156893	14.231646	14.379868	2.142264	26.033369
10.471740	5.958967	15.427929	18.247967	0.000000	25.762313
7.969528	5.238408	3.153345	10.033742	0.000000	5.000000
13.359657	0.000000	5.000000	0.000000	9.000000	6.000000
22.387236	5.323624	15.052900	16.221866	1.650760	30.797692
9.498105	4.804342	11.330300	12.632371	1.371540	19.417328
17.677981	1.071325	11.727229	7.945427	0.000000	21.090870
18.120632	7.100651	7.307199	10.951518	0.000000	0.000000
0.000000	2.000000	9.000000	10.000000	8.000000	3.000000
8.287001	9.542170	0.000000	8.000000	10.000000	0.000000
12.918029	4.223574	14.683315	11.948793	2.436336	24.492791
0.689337	16.492429	3.784355	20.262016	2.855667	38.532830
12.081630	0.000000	0.785388	3.962746	0.000000	7.515282
3.432472	4.303401	7.983663	13.101544	1.995686	12.795477
9.769344	0.000000	7.000000	7.000000	3.000000	8.000000
12.918787	1.988415	9.201104	9.254656	2.205999	25.551032
17.731702	0.000000	13.786370	17.746100	0.000000	27.844083
25.399109	0.000000	23.866628	11.211764	0.000000	32.623948
13.483192	0.000000	8.000000	5.000000	7.000000	3.000000
16.662025	4.311927	20.720472	11.232964	1.873871	21.522391
26.749306	1.290006	25.143992	29.449737	2.831255	34.430113
21.446454	1.239316	22.177501	12.047257	0.000000	34.454962
3.642114	12.906378	12.764559	19.789516	1.767362	13.790569
10.229511	0.651402	4.305544	5.571554	9.278198	7.198259
26.130583	0.238577	18.165331	11.496491	0.000000	31.093159
13.034318	0.000000	0.000000	0.000000	4.000000	4.000000
14.681847	3.001357	0.000000	10.000000	10.000000	9.000000
23.670568	3.337211	17.406462	9.833026	0.311017	0.000000
27.004090	3.433826	26.749869	13.565024	0.000000	35.259795
17.182788	0.150983	12.356376	5.720134	3.342873	19.285908
8.747948	0.000000	1.314707	9.764140	0.000000	6.912990
7.072957	11.857203	2.901647	19.133267	0.000000	25.069441
5.494493	7.268693	4.935615	13.338976	0.000000	0.000000
14.652551	5.645651	11.057420	0.000000	6.000000	5.000000
22.999497	0.000000	17.767385	19.686868	0.537975	32.073212
14.763681	2.575620	11.870330	8.296051	8.475251	15.632669
16.935418	0.000000	11.518150	9.769740	3.835631	19.094286
0.000000	6.000000	7.000000	7.000000	11.000000	0.000000
0.000000	25.177264	22.940451	27.841631	0.000000	25.804531
8.963591	0.000000	4.000000	0.000000	10.000000	9.000000
23.851766	7.254445	2.089428	29.952785	0.000000	41.700985
19.042178	0.000000	7.946984	15.956449	0.000000	31.262795
13.836976	12.450469	7.437315	19.388269	0.000000	28.839384
20.327583	3.915629	8.932624	11.830288	0.000000	26.796855
7.437388	1.279055	11.953370	9.848456	0.000000	23.172194
4.930838	9.657292	7.095082	19.514024	0.408300	21.648563
15.599759	2.081222	22.035815	13.289179	0.500095	32.240145
17.259586	5.609280	7.297958	15.122575	3.883807	23.535560
16.159690	2.772791	7.423154	14.780955	1.524272	24.807681
0.000000	2.000000	2.000000	10.000000	9.000000	8.000000
20.249501	1.066878	6.174857	0.000000	0.000000	23.044357
16.106595	1.712767	13.484669	18.084832	0.717018	37.725540
16.136880	3.457750	15.338823	5.475050	1.429754	18.533066
6.272564	0.000000	4.000000	8.000000	7.000000	7.000000
0.000000	1.000000	7.000000	10.000000	4.000000	8.000000
14.846958	0.000000	11.000000	3.000000	5.000000	0.000000
11.950604	11.670024	13.634474	18.824403	0.376964	25.892802
6.041578	0.000000	1.965706	2.741907	8.278483	0.000000
14.083037	1.161634	19.546925	0.000000	10.000000	11.000000
15.456611	10.292330	11.972432	11.650448	1.231732	0.000000
20.035766	0.000000	1.219560	3.354465	7.226158	25.509442
21.332217	5.314527	0.000000	9.948326	0.486455	26.274467
20.174742	3.801160	13.323461	9.936308	0.757483	36.811786
13.086918	0.000000	11.702662	12.135194	0.000000	11.000000
17.185958	4.276671	11.148856	14.738725	0.000000	0.000000
11.933521	0.000000	6.000000	1.000000	10.000000	1.000000
8.159482	0.000000	3.954346	4.310034	9.865170	18.539828
8.805498	4.030244	2.677669	3.493163	1.771380	7.769292
4.936226	10.714411	13.602215	0.000000	10.000000	1.000000
0.000000	6.000000	7.000000	1.000000	5.000000	7.000000
8.383790	0.000000	2.166224	10.090249	0.000000	9.000000
16.341129	1.853685	12.029925	0.051485	0.000000	22.581823
14.362583	0.000000	3.344039	7.521768	0.000000	15.499132
6.403689	0.000000	9.366018	14.444527	0.828016	21.859532
8.107581	7.658197	0.000000	1.000000	2.000000	3.000000
0.000000	7.000000	2.000000	2.000000	3.000000	8.000000
0.000000	4.000000	4.000000	1.000000	1.000000	3.000000
27.807165	0.000000	18.205392	7.888177	9.418007	26.048838
21.492737	0.526672	6.905420	12.119482	0.000000	22.189458
6.870944	17.760991	7.124720	19.113552	0.352828	36.890924
7.488618	0.000000	1.556921	0.206515	1.155137	3.362013
18.210525	0.000000	9.000000	1.000000	11.000000	0.000000
3.548494	0.000000	9.000000	3.000000	9.000000	8.000000
8.425143	0.000000	9.000000	9.000000	6.000000	1.000000
17.324466	0.000000	13.412300	7.690358	0.000000	21.796957
17.975031	3.512746	9.682430	0.000000	10.469638	16.094331
32.530467	5.130629	3.681242	12.778321	10.877412	28.414792
19.427586	0.000000	9.189832	14.105391	0.000000	21.042297
29.022233	2.655636	23.877110	26.215541	2.548346	40.715788
14.174628	0.000000	11.942014	12.454423	0.000000	9.000000
0.000000	4.000000	1.000000	6.000000	8.000000	8.000000
8.891162	0.914640	3.219926	9.782267	0.744124	20.283319
23.191760	5.497012	12.780984	10.047616	1.214970	35.976126
20.527509	8.064762	7.892164	14.144215	3.876077	0.000000
11.510155	0.000000	16.094272	0.000000	4.000000	8.000000
10.774014	25.962505	10.997880	11.595103	1.355639	29.825953
17.355593	0.000000	18.465762	8.516474	0.000000	18.961982
16.414909	0.640212	10.347989	7.132941	4.462130	34.001194
5.245106	11.779923	4.109077	9.903580	1.585343	13.319024
19.724275	7.965134	0.756017	10.382455	0.000000	17.864825
19.986369	3.717816	26.004327	14.925592	8.599340	21.524349
23.321034	0.000000	5.896151	16.502979	3.117061	27.817978
7.414430	0.000000	18.557621	13.360298	0.455145	22.473635
5.347547	14.507664	6.543789	16.417342	0.000000	0.000000
8.538716	27.946939	0.000000	21.843885	6.686998	30.700260
8.767093	7.833791	7.339360	11.510181	0.212650	23.818654
7.086894	11.934771	11.188529	19.450574	2.102346	20.905323
0.000000	0.000000	9.562875	17.544515	4.651889	9.988764
17.453578	0.000000	22.301669	13.781570	3.329368	25.911235
8.380943	0.000000	10.000000	6.000000	10.000000	11.000000
14.582930	4.903653	9.126186	12.815151	2.248220	21.102209
0.000000	8.677838	12.734097	9.570263	0.000000	16.082693
17.314301	0.000000	13.797127	15.736801	0.677287	24.221771
8.573262	11.797795	4.469370	11.647127	0.000000	24.341407
10.168527	1.626229	9.474508	10.194508	1.635969	24.894940
18.723255	0.000000	7.008311	12.634144	0.000000	25.945657
21.192619	0.000000	12.586147	9.834397	0.000000	6.000000
7.698822	15.874961	0.000000	8.000000	5.000000	5.000000
5.203517	0.000000	6.733377	0.000000	2.000000	10.000000
0.323279	18.473381	0.532851	21.348860	0.000000	26.191377
0.567121	0.000000	0.000000	2.000000	4.000000	8.000000
13.197383	0.000000	8.650756	14.315293	1.777596	26.214683
13.683852	0.591698	13.063570	8.889196	7.906591	23.004744
10.430716	1.516197	11.890951	17.073194	1.068149	32.790410
21.775932	0.000000	23.603163	11.027577	0.000000	29.862539
17.061343	5.278383	5.127512	6.010185	8.215830	22.472946
7.621943	0.327959	11.808810	12.925198	0.225094	17.063289
11.040091	4.421303	20.763429	14.925850	7.036590	0.000000
16.431264	8.655428	9.684068	6.187024	5.363215	16.411201
16.379175	0.000000	6.900293	8.672763	0.298304	28.247859
0.000000	2.000000	2.000000	7.000000	7.000000	8.000000
5.453739	12.166115	0.000000	22.581340	0.000000	22.234741
8.961900	1.773218	14.744904	7.346853	2.981789	22.982417
0.000000	11.000000	4.000000	2.000000	10.000000	4.000000
11.747732	14.684184	8.385949	20.440919	0.000000	24.341672
13.389022	0.000000	5.721405	10.362212	0.000000	9.000000
3.701757	0.000000	2.255771	2.668486	17.015845	11.531497
5.653853	6.997303	1.665139	15.421565	0.281331	23.868495
24.578936	0.000000	8.000000	1.000000	10.000000	1.000000
9.696374	0.000000	8.000000	7.000000	6.000000	2.000000
10.465386	13.173907	1.098692	20.554397	0.000000	0.000000
13.469048	1.183257	17.073353	17.598635	6.023850	20.829197
15.258101	2.679016	3.620191	17.721231	1.374416	15.816532
4.366367	1.313641	0.000000	16.549898	0.000000	14.844271
21.166781	0.952742	25.500838	0.000000	10.000000	5.000000
15.991266	2.630870	9.939532	8.022146	0.000000	27.446167
17.095346	7.129930	15.096292	14.316702	2.406797	31.340592
11.210758	1.575933	9.890879	4.070928	0.000000	15.328989
0.807430	5.352761	13.067484	13.142208	8.103011	15.228228
16.297939	0.603502	7.278221	10.151344	3.007060	28.382010
16.254250	6.695458	23.549059	12.986661	3.324887	27.547704
0.000000	11.000000	10.000000	3.000000	10.000000	1.000000
12.337813	4.855379	6.790302	11.953523	0.099180	31.885329
19.904368	0.165816	19.127496	10.989581	1.998183	19.429288
12.508608	1.501467	5.514923	13.806811	4.582587	20.076299
15.530044	4.066041	19.647496	10.359180	1.889406	23.971435
8.968278	5.838200	2.501890	7.493296	0.000000	16.044314
7.831179	10.418348	3.482554	12.035149	1.879307	25.136482
9.877857	5.462434	18.515268	12.236489	1.953490	15.220063
12.374302	13.907103	14.050268	14.731204	0.000000	29.021618
4.995126	0.000000	0.000000	14.055420	0.000000	11.829216
16.791941	0.000000	4.031661	11.794996	0.000000	2.000000
9.259919	0.545249	10.718377	7.685985	11.837234	20.037329
8.346541	0.000000	8.000000	11.000000	4.000000	6.000000
21.939173	0.000000	16.011674	14.539650	0.144440	28.277261
12.307977	0.000000	0.000000	5.000000	1.000000	11.000000
17.765263	8.143730	9.528961	16.946869	0.247393	25.569506
18.920767	0.000000	5.294171	3.346378	0.000000	9.000000
12.720565	0.000000	7.000000	7.000000	0.000000	6.000000
17.665674	2.154946	16.078987	16.113647	0.998585	24.074081
20.415757	3.147256	22.049824	0.000000	9.000000	5.000000
22.609106	4.055901	10.729186	17.924608	0.000000	27.460496
14.954624	4.683810	0.710539	15.179986	4.793008	21.947838
5.991729	7.178380	7.954677	15.411086	1.811801	21.168427
8.921004	0.651702	4.645708	1.364561	0.968492	10.831421
0.000000	0.000000	9.000000	2.000000	10.000000	4.000000
6.063824	5.537465	2.141422	0.000000	3.000000	5.000000
2.639786	0.704355	9.003852	0.000000	2.000000	3.000000
8.103001	13.993049	14.529477	0.000000	10.000000	2.000000
20.281200	1.677225	12.327944	15.306593	0.529819	38.611101
17.975014	5.406361	0.000000	12.007213	0.000000	3.000000
19.390486	0.000000	11.236184	16.042910	0.394745	24.752472
12.091369	0.000000	11.050598	9.719072	0.000000	17.136926
14.504399	8.016687	11.364225	6.829114	0.192523	16.910664
23.446874	0.000000	11.746292	2.118549	0.187171	24.448429
12.030765	1.679264	17.344282	23.809142	0.000000	15.003656
20.963013	13.443067	8.976100	12.025543	4.442635	25.855509
5.128803	9.673100	1.335167	17.033019	0.131109	40.303505
3.178829	19.765557	8.181972	9.968080	0.000000	17.385998
22.851269	0.000000	19.579556	15.766636	0.000000	25.823605
11.234696	0.000000	3.000000	0.000000	4.000000	8.000000
6.524959	1.390337	24.866314	7.933274	0.000000	20.297812
29.053395	2.625533	10.921301	13.895530	6.055260	30.824494
23.040374	1.703731	20.804417	10.143696	1.322921	26.238782
12.584472	2.620736	7.226010	12.475204	2.895394	0.000000
0.000000	0.000000	10.000000	8.000000	7.000000	7.000000
13.550467	6.074531	23.272111	8.067636	2.124459	14.673010
17.323785	0.000000	15.476661	16.909721	0.000000	30.247909
14.901319	0.000000	7.991848	0.295931	0.000000	20.872485
21.155303	0.301407	11.169666	10.001082	0.000000	23.652769
17.482095	2.947742	0.000000	11.000000	7.000000	4.000000
6.651577	4.373374	12.996075	0.000000	1.000000	2.000000
17.569749	10.608229	0.000000	16.797419	0.000000	28.246194
15.853623	0.000000	13.478559	16.960097	0.000000	30.416759
0.000000	2.000000	10.000000	7.000000	4.000000	1.000000
9.258962	0.234105	6.070520	8.853645	0.790074	14.785254
7.016382	6.023467	0.980031	0.000000	1.000000	0.000000
24.036952	0.379367	21.556156	18.737312	0.000000	29.780960
13.218249	4.357587	2.742042	3.319024	0.000000	22.989809
3.475609	0.000000	0.612661	9.520938	0.370834	15.706715
23.654123	3.036727	0.000000	12.872077	3.191921	28.741072
2.373583	1.635513	0.806902	1.324765	0.000000	20.977236
12.533262	11.204973	9.147746	15.702153	0.000000	29.895107
27.391613	4.612827	22.850356	7.750128	3.903080	28.301642
0.000000	17.324916	5.899265	19.136436	0.000000	23.469656
12.500914	0.000000	11.396026	8.969245	7.890581	16.814349
16.729028	12.828380	6.958162	20.224825	0.000000	35.195108
21.016778	6.226249	11.878335	9.989194	0.000000	23.229278
1.317883	7.741487	5.884254	4.716860	0.000000	8.832046
16.984437	0.000000	1.000000	3.000000	0.000000	6.000000
17.072764	1.699212	22.518534	11.056802	0.871142	30.800291
16.474290	5.352372	7.420168	24.831809	1.328311	20.331936
8.817859	8.478396	2.874665	7.084516	0.601262	19.409472
7.209580	4.721935	22.587769	22.983879	2.650437	25.181848
20.849646	2.480928	24.093829	8.152094	4.184933	31.409658
17.703722	2.821079	17.687633	14.595415	1.301802	26.387834
12.921320	0.000000	17.997291	0.000000	7.000000	11.000000
18.266154	0.000000	8.729250	1.126931	0.000000	1.000000
15.703465	0.746178	11.172816	17.260890	0.206055	30.857728
10.325012	7.902448	3.046088	15.518554	1.117627	34.027123
4.356136	8.351090	0.000000	2.000000	0.000000	5.000000
8.958108	0.000000	0.000000	10.946912	1.954082	14.993912
14.559526	1.999511	7.899328	0.000000	9.000000	9.000000
18.525875	4.494056	9.903216	1.808260	9.656249	21.535309
11.919558	13.978660	9.628538	10.323966	0.000000	20.627540
19.190850	6.185899	12.553130	16.401649	1.173833	33.011858
6.155271	3.048483	0.000000	0.000000	8.000000	5.000000
17.315862	8.380663	15.863774	22.843905	0.000000	28.988129
0.000000	11.000000	0.000000	10.000000	10.000000	2.000000
21.995429	0.398724	3.250078	4.590774	0.000000	0.000000
17.243661	0.799570	0.000000	6.000000	9.000000	3.000000
34.254157	2.099890	20.619262	21.531033	2.677224	33.297811
13.774602	0.000000	21.745561	15.585387	1.270757	28.299830
18.652625	1.063884	14.370419	5.123944	0.000000	24.131145
6.834348	3.273235	19.694096	8.187036	5.492162	13.572198
18.907144	2.091495	13.196050	19.566726	0.000000	35.999577
7.717981	0.000000	2.294758	5.585377	0.000000	8.018611
17.103120	0.000000	11.279150	11.111422	0.000000	10.000000
8.010689	4.188025	0.000000	7.640606	0.080395	12.741772
0.000000	7.247581	0.000000	1.000000	7.000000	4.000000
17.175124	2.713396	12.192117	0.000000	0.000000	3.000000
3.094256	0.000000	0.027506	9.976469	0.431979	20.386148
14.888953	9.917344	0.000000	9.000000	10.000000	8.000000
11.208568	10.129236	1.583102	0.000000	0.000000	8.604688
8.472358	4.151859	4.712614	17.031251	6.258383	25.258237
19.559749	2.235724	22.855651	14.118149	0.000000	23.422686
7.360856	3.952989	17.223458	0.000000	9.000000	5.000000
0.000000	11.000000	11.000000	5.000000	2.000000	8.000000
14.055959	5.986516	5.977948	9.239108	8.119846	21.901546
11.666934	4.337632	14.779324	19.888515	0.568843	36.631440
11.278526	0.189804	10.864571	16.787680	0.530030	13.886836
5.752753	0.000000	4.000000	4.000000	6.000000	7.000000
23.903622	0.000000	23.639025	34.873926	4.036448	33.168936
15.393207	0.000000	14.714766	11.504569	7.835350	23.104793
5.379918	0.000000	8.000000	7.000000	7.000000	2.000000
19.118038	0.000000	16.482110	4.832367	0.000000	17.855152
11.030498	1.481051	10.808167	10.558677	2.109157	24.356393
7.177881	0.880651	0.000000	0.000000	6.000000	1.000000
14.512807	11.673068	10.781840	9.670219	6.753539	31.022003
15.362818	0.000000	6.000000	3.000000	9.000000	7.000000
19.710174	3.733656	17.857260	13.283936	0.000000	22.109935
2.067759	3.125589	9.068322	0.000000	5.000000	4.000000
7.470824	3.542438	0.000000	6.000000	5.000000	7.000000
10.447714	1.372493	5.636694	0.000000	0.376637	16.011490
5.537384	9.263621	6.725697	25.317619	0.000000	23.061982
7.428233	3.000732	11.716325	12.315605	0.000000	26.610216
12.696979	0.775782	2.142496	5.043594	1.695615	16.062163
0.000000	2.000000	0.000000	5.000000	4.000000	9.000000
7.072435	5.157976	8.518636	9.403132	8.271188	18.491553
22.363319	0.000000	11.000000	4.000000	3.000000	4.000000
23.019894	0.000000	18.239092	15.562366	1.148694	30.293337
8.945251	18.067124	0.000000	16.324245	0.000000	32.335654
10.551860	7.887065	5.564611	10.380715	0.000000	20.821918
15.613464	1.402520	9.272778	14.536232	0.310148	26.004140
9.950748	1.379600	19.357601	14.321880	0.000000	22.151525
6.252922	1.029324	6.461712	11.385387	1.021734	6.277901
14.702033	6.643408	7.648295	15.676315	0.000000	29.964635
26.103184	3.812987	21.633689	11.857878	0.000000	28.296970
20.434743	0.857700	0.000000	2.000000	2.000000	0.000000
7.041009	0.000000	7.000000	2.000000	4.000000	5.000000
23.905370	0.000000	17.460336	1.501445	5.468542	27.722496
27.361180	0.647244	24.531089	9.993458	0.000000	9.000000
17.058934	0.550284	0.000000	11.000000	7.000000	7.000000
12.401966	0.000000	10.522479	9.273239	0.000000	5.000000
0.000000	7.573165	15.019602	20.849836	0.000000	18.086741
11.727886	0.000000	11.087791	7.624155	0.000000	20.544512
16.346719	3.255696	11.779883	8.268747	8.012396	16.592712
11.816091	8.616264	9.146263	18.029534	0.000000	26.954763
9.979896	0.000000	16.860023	10.935420	0.160759	24.283641
2.576810	6.172366	5.360850	0.000000	7.000000	5.000000
9.402543	12.102369	12.487736	22.851446	0.000000	0.000000
3.089962	0.000000	1.601289	10.312223	0.000000	0.000000
13.920509	3.203555	6.714700	19.971693	2.132716	28.319156
20.887417	0.000000	0.000000	2.000000	4.000000	9.000000
15.040558	1.236876	0.000000	7.000000	2.000000	6.000000
24.545350	4.458550	16.459914	13.967955	3.341210	27.962204
10.753117	8.891421	9.348562	19.721608	0.000000	27.814009
0.000000	8.000000	7.000000	1.000000	11.000000	11.000000
3.213919	9.089164	7.823025	12.821867	1.872404	5.844007
20.832791	0.000000	17.723350	10.936814	1.426309	27.371319
7.387315	6.028077	9.008506	15.146655	0.000000	23.663127
22.924257	0.000000	10.000000	7.000000	11.000000	2.000000
6.698497	7.620439	3.401530	15.695048	0.000000	21.868833
11.299521	10.394622	10.224258	17.016472	0.000000	20.826648
0.000000	1.000000	4.000000	5.000000	4.000000	5.000000
12.036761	0.000000	10.401024	10.369291	0.000000	10.000000
28.738371	0.000000	17.033595	9.301743	0.000000	0.000000
6.312980	6.221570	8.613848	19.375465	0.165759	24.901399
15.617835	2.646639	6.016243	13.342925	1.542106	24.918168
1.400986	0.000000	7.517384	9.093397	3.262912	3.152622
9.171631	0.000000	2.000000	7.000000	9.000000	4.000000
9.608402	0.824349	5.104797	6.466745	0.350138	22.653420
16.639387	0.356218	20.988608	14.104059	0.000000	22.473776
7.092761	0.000000	10.542066	5.129840	0.000000	10.218626
19.949508	4.001600	0.718443	16.012530	3.240209	22.105113
21.007492	0.000000	4.947753	20.187203	0.000000	26.944657
15.148390	0.855416	1.749949	8.715043	1.496765	24.432922
16.389081	0.000000	8.878545	9.689413	0.744470	23.863158
16.472813	0.000000	11.000000	11.000000	2.000000	1.000000
10.398958	9.889131	0.000000	4.000000	11.000000	4.000000
19.006158	2.379632	17.289623	0.000000	4.000000	5.000000
12.325811	0.000000	0.000000	10.776837	0.000000	0.000000
16.652417	5.703303	15.335299	15.052646	1.598451	19.330868
19.396850	0.000000	15.638875	13.236245	0.000000	28.719608
20.047938	2.904846	14.413335	15.723493	9.069370	33.708769
0.000000	10.000000	5.000000	11.000000	6.000000	5.000000
10.536402	3.568970	15.436189	0.000000	10.000000	6.000000
13.620685	1.665294	0.000000	5.000000	8.000000	0.000000
10.413310	2.750835	0.799410	11.981956	0.000000	31.809195
13.518519	0.000000	7.364680	7.896762	0.000000	10.000000
0.000000	0.000000	8.703846	6.658816	0.000000	4.000000
4.659418	9.585165	0.509239	15.777441	0.000000	10.261003
20.820139	0.000000	19.062964	10.853905	0.428005	32.524819
7.220693	0.000000	1.082259	8.637125	4.626613	20.353924
16.658162	2.634377	11.416822	0.000000	5.000000	9.000000
20.025200	5.428546	7.593069	13.657402	0.000000	25.159543
12.006575	1.719514	14.563131	19.249099	0.556129	38.042741
15.097587	4.939946	6.578896	8.992818	1.185610	21.899860
21.362076	0.000000	16.516623	10.773803	0.000000	29.795531
15.961490	1.369845	0.000000	2.000000	9.000000	7.000000
25.652934	5.699018	27.223809	15.921374	4.019902	30.435705
7.503587	6.570390	0.533115	9.160075	0.000000	18.927515
18.274555	3.486563	22.986734	0.000000	9.000000	4.000000
0.000000	3.000000	1.000000	0.000000	5.000000	10.000000
9.394325	2.868188	7.458383	6.223872	8.789742	11.924933
1.215417	17.509790	4.856573	11.959271	0.000000	18.103004
21.211518	0.475032	11.679797	24.324506	0.000000	35.630640
8.869236	1.729819	0.000000	9.000000	8.000000	0.000000
14.243519	0.000000	3.000000	11.000000	3.000000	2.000000
23.117024	6.933516	5.421845	9.053013	0.000000	34.973951
24.860926	0.000000	15.341756	19.542103	1.181139	25.160719
9.552966	3.288434	9.264758	4.527015	2.674777	19.535215
25.528305	2.215254	17.727329	12.453546	1.258816	39.128394
11.434899	0.000000	1.000000	8.000000	6.000000	9.000000
19.489441	0.000000	19.293585	19.159139	1.304556	23.956841
16.230500	0.000000	17.955201	11.363188	0.000000	21.280807
15.922037	0.000000	11.718021	11.663244	0.000000	20.187804
1.122541	6.433760	9.543769	10.867836	0.000000	20.901901
22.120371	0.000000	22.981971	17.430003	0.000000	33.288084
0.000000	6.000000	3.000000	4.000000	6.000000	3.000000
17.230716	2.944913	7.248198	14.216484	3.873530	25.941640
12.658426	0.000000	10.000000	5.000000	7.000000	8.000000
13.157038	0.000000	4.000000	8.000000	5.000000	6.000000
14.434195	0.000000	9.601999	8.964908	0.000000	8.000000
0.000000	4.000000	2.000000	11.000000	2.000000	10.000000
17.506815	4.016934	12.579288	13.776229	7.418474	0.000000
6.695520	0.000000	4.483581	5.026832	0.000000	11.000000
0.000000	11.604243	5.326216	15.767362	0.000000	15.334489
1.524237	5.289951	8.427649	7.249052	0.172256	14.565807
23.062816	0.000000	17.474165	15.315346	0.615142	39.280293
8.935018	1.229884	0.000000	1.878644	7.196289	16.535553
0.000000	4.000000	6.000000	9.000000	8.000000	7.000000
0.000000	6.000000	2.000000	10.000000	3.000000	8.000000
21.514732	3.594993	17.790960	12.101200	2.163778	27.356739
14.628836	0.000000	19.029944	0.000000	8.000000	8.000000
6.859156	6.266822	0.000000	4.000000	7.000000	9.000000
24.810729	0.000000	13.301511	19.410347	10.742617	31.369399
12.646429	3.409609	23.733291	14.029985	14.069844	25.170385
7.641310	4.009504	12.063605	0.000000	2.000000	4.000000
2.363136	0.000000	1.037472	3.229471	0.160069	6.107648
16.594742	2.793106	12.826207	2.240165	5.189928	20.727765
19.921800	0.000000	15.146073	7.389133	0.000000	11.000000
15.998929	0.952525	2.026994	2.174958	4.504165	15.909673
5.444284	0.000000	9.183244	9.736939	0.301128	13.590062
19.774060	2.106687	11.062911	16.730777	0.000000	32.363171
2.618227	0.264541	9.875357	0.000000	1.000000	8.000000
27.676723	8.754647	15.701181	17.216176	0.000000	33.314847
15.311282	0.719116	14.617268	7.336821	7.159248	17.310080
8.126905	6.115181	0.000000	7.908428	0.000000	12.864459
7.121896	10.255946	8.978980	17.848656	2.752724	25.745924
6.393052	0.000000	0.000000	1.000000	1.000000	1.000000
11.225455	0.000000	7.382768	10.695581	0.646881	22.076184
0.000000	7.000000	8.000000	10.000000	11.000000	3.000000
7.392890	1.448851	0.000000	9.842423	0.000000	10.193173
17.670593	0.000000	7.751143	7.792104	0.000000	21.875922
16.190263	4.993235	12.230540	20.200816	0.000000	27.612594
0.000000	4.000000	11.000000	1.000000	6.000000	5.000000
13.745715	0.000000	9.000000	6.000000	1.000000	4.000000
8.703360	7.363063	14.007114	10.586561	3.741712	21.621831
8.991163	1.504113	17.669349	0.000000	6.000000	11.000000
15.746875	0.793201	22.863704	10.653156	5.988520	20.558353
0.000000	0.000000	10.000000	0.000000	9.000000	1.000000
0.000000	2.000000	0.000000	1.000000	2.000000	8.000000
13.505025	15.705641	4.177332	11.096032	0.000000	17.830658
4.916004	2.167840	9.651503	15.092654	0.259715	27.265223
17.152537	6.279145	13.038468	16.132813	0.000000	0.000000
11.007450	17.328883	11.986583	13.051397	3.273300	22.647620
14.908142	0.000000	14.182359	18.351799	0.000000	0.000000
15.572748	0.302171	20.855197	15.574677	1.023899	36.650228
13.179266	1.710732	14.440642	9.703890	0.621999	28.944892
8.870801	1.066096	25.683525	0.000000	8.000000	2.000000
11.356551	0.082995	2.654977	6.579134	1.680395	21.440397
22.801522	15.891406	4.233391	14.015227	0.302536	34.614070
7.111222	0.000000	2.000000	10.000000	7.000000	3.000000
19.281391	3.762812	14.555569	0.000000	10.000000	10.000000
9.184880	9.343798	0.000000	8.364289	0.000000	7.000000
16.852497	9.500050	6.723455	13.842635	0.000000	25.900567
11.661898	0.609504	19.332900	20.330754	1.663293	24.228163
12.513676	2.360038	17.814485	14.362677	0.712006	36.611559
0.000000	9.000000	5.000000	5.000000	3.000000	3.000000
2.246449	10.755450	1.481161	0.119542	3.264471	20.744652
4.608086	14.460538	9.210594	18.782159	0.000000	21.863389
10.238076	0.000000	2.917934	7.149017	0.000000	9.000000
19.764625	0.000000	22.904797	5.678784	0.000000	17.935930
21.820798	0.000000	8.272769	11.150125	0.000000	29.929612
8.729973	8.115967	3.176749	16.560959	0.000000	28.528273
8.662057	6.637410	3.773549	16.125886	0.000000	28.956924
0.967668	4.646604	6.599818	3.110343	3.851820	0.000000
14.653429	2.907513	9.681593	0.000000	6.000000	7.000000
0.000000	8.000000	7.000000	4.000000	10.000000	8.000000
15.014580	0.000000	5.010959	11.013255	0.000000	28.249193
14.578511	0.827800	2.529541	19.215114	0.000000	35.736759
1.441028	7.825834	0.000000	5.000000	9.000000	10.000000
5.473475	2.351731	2.151314	11.154071	10.842728	30.336111
18.031968	6.202002	3.494140	20.692351	0.000000	34.328741
24.538775	1.620104	30.338263	18.843368	0.000000	29.977940
8.007543	12.505097	5.331070	21.454864	0.000000	28.240488
4.157161	0.000000	0.000000	10.894356	0.328010	19.451794
7.785160	5.215878	11.847559	14.816003	0.268173	22.643647
20.149711	2.359046	10.959209	9.120493	6.971867	25.374815
7.560139	8.257417	0.000000	0.000000	10.000000	11.000000
28.053867	3.486430	13.582092	13.634952	0.194697	29.076433
14.008613	0.000000	12.117560	11.365365	0.000000	19.161464
20.856407	6.471273	20.608431	10.367523	0.000000	0.000000
14.100582	4.317374	13.331422	20.139314	0.000000	33.897887
18.729828	0.000000	12.309869	9.751790	0.000000	0.000000
5.712231	9.938266	12.792045	12.552152	0.741799	30.561804
20.209797	2.000973	16.610806	0.000000	1.000000	9.000000
25.880558	0.232956	11.795764	16.420040	0.000000	31.830249
14.205408	4.426461	6.071973	13.890578	1.774795	21.049918
19.457136	2.671984	11.903618	3.838740	0.000000	6.000000
9.966427	3.679583	12.755708	0.000000	3.000000	11.000000
11.548823	0.631333	5.418641	9.786746	0.000000	12.942737
24.155086	0.000000	12.299722	10.268841	0.000000	27.123682
20.097017	2.341019	0.000000	2.000000	5.000000	6.000000
10.441608	4.690158	11.464728	12.616251	0.166472	16.270566
20.524291	6.960138	25.816425	16.257262	10.482240	24.496407
0.000000	9.878418	14.216007	8.606015	0.000000	10.180287
14.422706	5.919714	8.854939	0.000000	3.000000	1.000000
1.071722	5.920483	0.705908	12.799057	0.736795	14.164277
5.721300	0.000000	11.000000	1.000000	7.000000	5.000000
15.469434	0.000000	8.731956	2.075943	0.000000	0.000000
9.361368	3.869306	10.174163	7.264364	4.304517	24.035934
16.296120	1.877383	0.000000	5.000000	10.000000	8.000000
20.450247	4.024732	13.133383	13.460469	0.495186	34.552467
16.646105	3.001192	21.391083	9.461274	0.030730	19.473205
6.114010	0.000000	13.998739	10.416375	0.405086	18.850251
13.405026	8.040090	11.532176	0.000000	4.000000	8.000000
14.513399	0.000000	7.888422	12.843939	0.000000	25.077219
6.747201	0.026664	10.636590	8.189217	1.626697	11.055654
13.508713	3.070816	17.283711	15.318281	2.887774	27.093296
2.359858	2.642163	7.550897	6.912974	7.738768	9.345291
7.376909	7.547842	5.929585	11.507775	0.000000	0.000000
6.690137	0.000000	0.000000	8.000000	4.000000	9.000000
15.257288	1.197054	19.210870	8.468831	2.195049	28.053553
9.569309	2.746692	0.928756	25.304205	0.973557	32.831139
24.113920	2.137049	3.020066	12.878287	0.000000	3.000000
9.334132	0.000000	4.000000	7.000000	11.000000	7.000000
16.329191	0.000000	7.852167	11.065505	0.957192	34.501938
13.114907	2.397524	12.253647	12.423468	0.629827	14.429026
0.000000	1.249432	2.267236	0.900319	6.746748	11.108579
0.000000	11.000000	10.000000	5.000000	7.000000	11.000000
2.572900	0.000000	0.000000	1.000000	8.000000	10.000000
0.000000	4.000000	10.000000	8.000000	7.000000	8.000000
4.645279	5.086938	7.568922	0.352764	9.981316	5.331365
16.572798	0.000000	11.904684	0.000000	0.000000	5.000000
4.096316	10.762493	1.269974	8.876462	0.000000	11.931671
19.366539	4.806913	7.388837	10.175757	1.093158	22.257738
0.000000	10.000000	10.000000	1.000000	8.000000	2.000000
16.416391	4.317746	13.016924	9.879670	0.580790	27.134803
23.172638	2.485409	17.725450	15.447459	7.040068	32.409236
11.777161	6.854689	0.000000	10.000000	4.000000	10.000000
10.546007	1.863480	3.833608	11.159223	0.600993	13.685697
7.565978	0.478328	7.549923	13.061830	0.000000	17.017961
11.445673	7.093130	9.363221	11.023050	0.000000	0.000000
7.149303	5.361037	3.406715	8.724368	0.000000	20.031458
0.000000	10.000000	7.000000	3.000000	6.000000	9.000000
21.391621	8.103022	27.720809	20.104372	2.681806	28.022864
16.132675	4.032846	12.908358	0.000000	6.000000	2.000000
0.000000	6.000000	6.000000	0.000000	9.000000	2.000000
15.738682	8.810799	10.557858	11.030619	0.000000	0.000000
0.000000	9.000000	9.000000	9.000000	0.000000	3.000000
0.000000	4.000000	3.000000	7.000000	3.000000	1.000000
4.650225	5.173351	7.247086	15.126580	0.000000	16.153159
20.115652	1.069214	7.848724	3.649035	0.000000	11.000000
8.093628	12.368878	11.501907	17.241213	0.000000	32.943128
14.900636	8.498406	9.480759	10.368034	7.921131	0.000000
9.885754	0.000000	12.293940	0.481259	5.732475	0.000000
18.971699	6.316334	21.264247	14.657288	0.783202	31.348220
14.544014	0.000000	0.000000	11.000000	2.000000	10.000000
0.055600	13.552206	2.477214	5.680930	0.338779	15.028819
15.291943	3.906439	23.120535	19.372923	1.810552	27.806921
16.003459	1.043606	12.287241	26.165297	0.000000	30.580575
7.278438	8.514851	6.033555	15.348780	1.604391	22.707267
0.000000	0.000000	0.000000	1.000000	7.000000	1.000000
13.497297	0.000000	15.659633	0.000000	0.000000	6.000000
19.148887	0.193303	15.939930	8.283326	0.000000	19.990664
0.000000	2.000000	5.000000	0.000000	4.000000	7.000000
29.006348	5.862516	25.436082	18.664359	0.000000	0.000000
27.121040	0.000000	22.733707	21.163315	0.000000	0.000000
6.754725	4.678567	15.862317	7.006863	0.104513	12.371176
9.524782	0.000000	0.000000	5.000000	2.000000	11.000000
11.568138	0.000000	9.840711	13.546299	0.000000	24.652448
6.549554	10.531437	0.000000	1.000000	11.000000	8.000000
7.488670	0.317843	23.248086	0.000000	5.000000	6.000000
22.915581	2.940503	13.070969	11.254190	8.979892	32.544211
0.000000	11.000000	4.000000	4.000000	1.000000	11.000000
16.924088	7.385217	16.671833	21.134929	0.000000	0.000000
17.449066	0.457669	15.623216	19.509133	1.009068	37.658576
0.000000	6.281953	7.046617	23.915700	0.000000	14.983520
15.457288	0.000000	15.531452	17.799558	2.032303	21.145672
11.286126	0.000000	3.307209	9.816176	0.000000	9.000000
17.252699	0.000000	10.157821	13.146056	0.000000	9.000000
15.311308	0.000000	11.000000	1.000000	5.000000	9.000000
19.937046	0.000000	14.798698	17.351282	0.000000	28.899282
7.944966	14.894059	0.000000	1.000000	4.000000	7.000000
0.000000	0.000000	3.000000	11.000000	4.000000	3.000000
7.497868	0.000000	1.021231	11.095742	1.238364	17.831692
0.000000	5.000000	4.000000	2.000000	2.000000	10.000000
17.020630	0.000000	2.016676	8.653948	2.270759	32.903593
0.000000	2.000000	5.000000	6.000000	9.000000	3.000000
9.453222	9.256960	3.975737	13.044290	1.660623	22.827940
14.298508	0.000000	11.434187	12.245055	1.470621	23.372907
19.171758	0.000000	13.074294	8.781983	0.000000	23.689788
12.953574	0.255966	6.904102	12.135866	0.000000	19.744820
3.602389	0.697047	2.539757	17.272343	0.146558	14.772489
16.539051	9.316822	5.165879	11.798791	0.000000	28.972198
13.667841	7.598687	4.070482	12.065213	0.000000	24.527389
14.159833	0.000000	18.527980	8.675386	0.109889	21.086775
0.000000	11.000000	2.000000	5.000000	3.000000	9.000000
8.648749	7.476029	4.665280	16.362686	0.000000	0.000000
21.418630	0.343578	17.228538	0.000000	11.000000	8.000000
18.970885	4.540997	23.369063	13.890342	0.000000	30.270564
14.744514	0.000000	8.560247	0.000000	2.515633	20.176411
12.501037	0.000000	11.000000	5.000000	2.000000	6.000000
24.266955	0.431205	31.537073	13.537917	0.000000	32.955405
6.999128	2.228598	9.019954	6.569193	4.013607	19.545629
4.472800	7.852478	4.584539	5.258075	7.101471	10.033113
10.223346	0.000000	6.000000	10.000000	11.000000	10.000000
15.109218	4.843196	10.341829	4.902363	1.848535	16.644312
16.973644	3.233415	14.824430	12.175227	0.000000	23.344099
19.937236	5.570443	7.990581	8.771707	0.000000	0.000000
13.754537	1.509168	10.269921	0.000000	6.174975	0.333610
9.891710	0.000000	5.000000	9.000000	0.000000	2.000000
10.230741	6.095533	0.000000	7.000000	8.000000	0.000000
6.982135	0.000000	8.893748	11.050125	0.000000	8.000000
12.467421	0.000000	9.000000	9.000000	10.000000	6.000000
6.886822	4.555091	6.699368	18.276555	0.000000	0.000000
8.145369	3.136828	9.162041	2.466147	0.000000	18.343926
15.243979	0.306161	0.000000	11.000000	2.000000	3.000000
6.995907	6.526543	0.000000	4.000000	10.000000	9.000000
13.956160	4.281332	13.599227	7.984254	5.458137	22.418992
16.077290	2.376456	11.690980	1.961516	11.121120	13.056907
18.023884	0.000000	10.000000	7.000000	7.000000	6.000000
22.785964	2.974341	5.768325	17.353810	0.285795	29.204780
13.109588	0.000000	4.543377	11.060833	0.000000	11.000000
1.871908	1.152133	20.605329	24.517982	0.000000	23.378691
17.381511	0.000000	25.306421	0.000000	6.000000	2.000000
13.510729	0.000000	17.749120	13.807148	6.486479	18.908832
3.921174	1.925401	18.041352	6.560196	6.319305	9.518198
0.000000	17.662669	4.506469	17.060872	2.432839	15.231731
11.448755	1.416468	25.890060	0.000000	5.000000	8.000000
0.000000	8.000000	10.000000	10.000000	2.000000	6.000000
14.493438	0.000000	7.000000	7.000000	9.000000	11.000000
18.631207	6.663685	3.316593	0.000000	5.000000	1.000000
13.459952	0.000000	7.031891	0.000000	0.000000	4.000000
12.483227	4.527781	7.916348	3.274558	2.978693	20.638008
17.247687	0.000000	8.427861	0.000000	2.000000	11.000000
23.174599	0.000000	19.072881	11.101085	0.000000	31.984584
17.842771	1.586698	7.505889	17.742348	0.000000	26.979123
15.819471	0.407474	11.669175	7.403646	11.701240	21.430048
6.065404	5.393857	11.055536	13.572216	1.878945	19.836549
15.945496	1.775065	16.670306	9.529922	0.675860	27.029437
8.720836	0.610078	4.712582	15.781900	0.000000	12.826979
3.638303	7.431560	0.000000	8.220532	0.779984	18.610192
9.626207	6.160631	2.747292	6.229823	7.299733	9.809306
12.593436	3.124682	8.278667	8.755983	0.410373	20.683271
9.769286	0.000000	5.415903	10.394373	1.487946	28.908303
19.018610	0.000000	22.227222	9.490765	0.000000	24.794163
13.645566	3.536781	0.000000	3.218977	0.163370	18.568128
15.817896	0.391648	12.591440	6.750963	4.004636	17.788650
11.302944	3.714837	15.081826	11.119888	0.000000	13.956591
10.380635	1.805812	12.427112	15.182198	5.033603	22.258574
23.277058	2.991255	0.000000	7.000000	11.000000	6.000000
10.620687	3.892847	7.682856	11.504360	7.603648	31.595654
22.630131	4.541288	4.919730	10.293010	0.387501	25.387619
9.328466	1.452419	0.000000	11.000000	8.000000	3.000000
10.886738	8.772004	3.977107	14.967913	2.977743	21.664885
6.427335	0.000000	7.000000	5.000000	0.000000	10.000000
16.712524	0.000000	11.000000	3.000000	8.000000	4.000000
11.053851	0.000000	18.115948	0.000000	0.000000	7.000000
13.475708	1.308291	0.000000	11.000000	6.000000	0.000000
15.582893	11.837325	1.496476	23.889325	0.000000	34.811129
7.420237	0.000000	17.159368	0.000000	3.000000	1.000000
24.386915	6.071733	12.306403	16.537797	0.000000	0.000000
12.602608	3.657113	10.972707	0.000000	3.000000	8.000000
12.988866	2.689337	14.595135	5.147677	3.029580	10.250131
15.712556	6.213332	5.545516	23.998360	4.539530	25.769529
13.930148	0.193497	6.509792	12.229638	0.000000	10.000000
17.004397	0.000000	0.000000	11.000000	11.000000	4.000000
19.317789	1.660416	7.832204	12.478971	0.000000	32.115384
13.658331	0.000000	0.332278	3.453778	8.171222	21.320704
16.990270	0.203967	15.660671	5.762628	0.002887	22.773683
13.068409	0.000000	0.354482	0.000000	0.000000	11.000000
19.875480	0.999058	20.186277	22.518323	0.000000	30.185145
20.941269	3.360136	8.821900	8.840116	7.116740	26.797669
15.438848	0.000000	0.000000	0.000000	5.377260	14.367935
8.268442	0.000000	18.296456	0.000000	10.000000	7.000000
18.886216	1.286185	9.310853	17.898654	0.638624	35.764203
18.551484	0.000000	15.345070	6.694573	2.225864	20.462867
24.076165	3.498567	26.358301	0.000000	0.000000	3.000000
0.000000	11.000000	4.000000	5.000000	5.000000	0.000000
14.516380	0.174010	0.000000	6.000000	4.000000	6.000000
18.440013	4.869764	0.000000	3.000000	11.000000	5.000000
17.069145	5.574897	0.000000	5.000000	9.000000	11.000000
14.871236	7.149721	6.276170	11.858903	3.591594	28.783821
17.026343	0.097920	15.654627	11.319063	0.000000	27.280379
5.783020	3.827146	10.173169	0.000000	0.000000	11.000000
20.937622	0.000000	17.585693	12.987994	0.000000	23.670498
13.682504	3.343707	0.000000	4.000000	11.000000	11.000000
12.557830	1.885085	15.271421	11.725465	4.579366	25.390722
14.166118	3.003083	10.516484	16.029732	0.000000	23.188959
17.909729	0.000000	8.000000	3.000000	7.000000	2.000000
13.821515	0.018796	18.369778	14.102412	0.335198	19.879675
5.673673	6.098487	12.365861	8.163540	0.780958	20.985934
5.874534	2.636170	17.225071	0.160645	0.261985	14.499742
6.971008	6.625695	0.000000	9.000000	11.000000	10.000000
1.482997	0.000000	4.000000	5.000000	9.000000	0.000000
0.000000	9.000000	6.000000	6.000000	3.000000	8.000000
14.003985	0.000000	8.210813	6.402521	0.000000	11.000000
8.811856	0.392890	5.010989	7.521946	1.232298	17.523895
0.000000	10.000000	4.000000	2.000000	9.000000	2.000000
8.621226	17.123193	8.238381	22.863218	0.000000	31.647682
9.794508	0.000000	14.181213	0.000000	1.000000	5.000000
29.789804	16.345164	17.916612	16.371206	0.235659	42.089999
13.391201	1.781431	0.000000	2.000000	11.000000	8.000000
2.228987	2.167300	8.973959	10.432778	0.000000	17.818679
14.300792	5.645429	1.376848	12.983014	7.987337	21.246227
5.041660	3.083063	0.000000	7.000000	11.000000	8.000000
8.573824	0.489065	6.348184	6.877307	2.271220	16.378841
12.546880	0.326179	14.428353	10.197677	13.918850	14.466166
17.024746	3.563808	17.958559	3.176287	0.335662	21.303894
6.177232	1.617038	0.000000	0.000000	4.000000	0.000000
3.707879	5.578250	5.309766	7.417972	15.307971	15.228602
5.904950	0.667573	0.000000	9.000000	5.000000	3.000000
15.136130	3.485728	13.351749	15.772073	0.000000	24.400373
7.504230	9.563090	0.000000	1.831253	0.000000	13.933889
15.271321	3.557562	0.000000	1.380069	9.887357	20.698380
13.480303	0.000000	6.000000	7.000000	4.000000	4.000000
14.703871	4.445976	9.924548	5.983280	0.000000	13.122875
13.418213	3.275343	13.015836	14.343556	0.184943	28.565797
