-49.289710	-72.277927	21.612431	-30.176855	-10.751464	-98.985932
-54.139655	-61.559975	82.267190	51.426894	50.098130	50.369991
69.161261	-10.688661	91.275158	-57.936538	99.781577	89.271923
50.229291	19.860213	50.142710	-28.807106	97.425274	-99.666012
68.543861	-2.314707	-92.364405	65.207877	-80.864073	86.141954
-14.164911	-15.654603	-26.782026	-46.441276	-3.770660	-2.178859
21.436849	-9.725830	48.974969	50.329004	-67.596368	-13.505598
24.815911	28.222975	93.083694	96.650360	50.113735	-66.696690
45.025813	44.554183	39.037624	30.941975	60.606455	17.413204
76.981053	-15.867352	-34.814850	-36.179308	-25.963261	-73.344232
7.791681	95.650849	63.181463	82.130312	36.308060	18.002229
-2.346150	54.323741	-91.320641	70.379474	14.983245	-31.745533
-28.748710	-41.783112	-81.482109	44.371060	69.985601	-60.933518
25.364808	-17.506131	86.239488	40.093187	92.833413	90.280335
-62.918599	-46.334452	36.540049	47.035840	-5.338670	-5.396549
-73.296773	-7.842936	-45.450671	78.065729	29.053249	87.615018
92.954018	-41.318469	45.750666	-82.730933	42.573450	33.867854
-98.424965	-55.480462	27.927909	-8.204783	-87.804916	-24.065057
-74.086914	-54.922682	78.507373	75.370616	75.241596	46.922375
-37.193584	48.702634	-25.425098	49.599552	38.170983	-91.541423
69.090785	-38.386405	-98.189233	-11.136585	25.177118	3.780808
32.886969	0.283594	43.121566	80.535866	-88.180340	76.983945
26.088460	94.281486	31.291051	-98.081371	26.313106	2.172030
7.665708	-57.531810	57.386594	-2.728582	-22.803192	84.141157
-12.254252	-69.713814	39.059824	53.867395	88.434223	-9.657015
28.104104	-72.700360	100.229700	-49.669534	71.955672	-10.844253
-65.598647	-22.027129	56.150757	79.473426	80.875544	-31.634500
61.032990	32.433240	8.071780	28.387488	-15.794328	92.107240
-76.649411	-45.870786	-25.093688	-86.830680	-70.571764	-34.198687
96.958778	-96.294830	79.280643	-51.423498	-17.400392	-36.749349
68.330846	66.136153	82.326380	92.559697	-68.326095	-91.351730
-94.200502	-61.176545	-91.892472	-13.356624	-47.899065	92.605720
71.325639	54.384362	62.881806	-70.620996	-94.920628	53.751496
-95.739867	-2.367578	14.429923	-73.930830	14.949734	-10.295072
-75.336502	43.996799	-2.602617	71.376934	94.930831	77.912232
-64.564094	89.055381	-35.888600	6.510197	-37.729930	15.461673
-61.227692	-43.645933	97.730032	-22.867106	-77.832084	90.502907
-84.006869	80.991156	-41.271461	-71.331432	9.794910	-11.260030
-33.854511	97.413470	39.698072	-51.980643	-41.137795	-77.051031
-97.152392	42.336219	5.523286	34.701872	8.655423	-13.203175
46.174567	-79.485245	62.640255	-58.148021	-61.130670	-60.947051
-70.283509	-63.587337	1.055912	-89.897903	35.113590	-38.604852
-56.316685	76.180852	-19.406839	98.610242	-15.226370	47.128314
43.540886	83.274012	13.027936	73.212850	10.880209	-75.799115
7.342431	84.799716	87.552542	-14.527732	40.157894	13.098838
41.901603	66.479075	88.255526	64.637897	-75.076394	17.601143
60.470455	78.730232	-81.955092	34.544569	-21.091222	-75.269048
36.281973	-69.372960	-33.858239	13.717831	-38.190844	-19.696073
-72.584865	56.696286	87.857294	-20.413296	-44.360054	11.959450
-16.701302	-74.081988	-78.271298	-10.227866	-78.531741	-22.142878
20.057888	-67.542896	3.052110	-75.034635	-1.715846	-35.374855
16.514568	1.389203	6.930648	78.522272	25.050555	-71.011216
35.576273	62.539203	-94.038393	89.935606	50.234698	-95.284691
39.762279	-40.516594	-17.567349	5.871521	-69.190087	-17.553711
59.926579	46.502335	18.867437	51.615471	-34.183364	-21.321120
-91.583339	-78.471780	-78.144971	36.387908	45.149209	78.299588
-16.604066	6.688161	27.199297	-96.255156	-52.833438	-20.638488
-24.406868	-60.260290	90.942116	-72.358487	-22.662198	98.861859
-95.621169	26.158910	6.669357	91.353691	-25.432464	-97.957040
15.098059	-36.692641	-3.390190	19.027209	-47.009819	73.484517
95.604764	-45.968156	-43.552896	-32.007029	49.823853	-14.022950
16.696141	5.890873	-86.759471	73.104401	-45.553219	49.068220
-69.914816	-94.293980	-80.087106	14.093501	-63.727962	-87.449184
0.328975	-8.653614	-27.050404	84.150863	-16.156218	28.242241
21.950114	89.132753	-48.684278	-15.314819	8.967714	8.941831
19.889974	35.816317	41.367905	-61.957364	79.109841	77.045274
100.703691	-66.356666	-13.278934	-61.040506	-81.377107	-57.682393
-9.107273	38.997910	-36.664711	38.405822	49.164533	-94.221077
-42.583076	-30.610950	-95.191221	-7.328576	28.565608	-40.615548
43.660543	-29.893932	58.823474	-91.817521	9.981937	-67.424423
48.916065	44.039817	-24.197400	20.693757	99.258201	6.557658
75.186629	40.292602	98.331136	87.555005	26.449114	-41.677762
-90.646297	-56.029464	-51.214749	73.704925	-72.480959	97.330286
-66.225980	33.029060	-33.660304	-3.189755	-99.062948	-66.683380
-93.230204	-63.307706	71.785034	-29.087970	77.476053	95.387404
40.602651	17.596379	50.000530	-16.920301	-71.389077	-61.867278
100.871297	-12.157432	-42.504969	-29.325502	-13.551462	-41.408149
43.010470	-73.256863	35.850363	37.501083	35.769974	-35.500607
-65.564220	35.872166	-43.281128	68.360529	71.238081	-46.867633
13.423478	53.025272	63.755910	57.460642	-85.420167	58.882952
80.709545	-23.601830	-43.143953	20.547286	-64.489353	-20.364908
-18.648145	67.992889	42.139201	-93.625226	-14.013591	71.979296
14.715202	-10.428247	-99.561839	77.554725	-35.481941	15.265708
-34.129879	78.316985	21.088364	-22.930820	22.006142	-8.885874
-60.655014	-4.769347	69.054697	79.536540	39.271131	-85.565060
18.490679	59.090332	-40.129412	-4.386637	-46.523256	-68.234160
-49.563452	63.366686	41.247379	83.567318	-60.878272	59.332755
-69.331614	-96.854811	-66.198361	-22.737171	-54.008895	74.911751
98.616244	24.942821	45.395615	88.012936	79.272904	59.364954
-19.583056	-55.939078	63.118073	1.992001	-14.019836	100.918627
38.217132	91.560566	92.309905	-27.097275	20.388509	97.239857
48.774995	-26.626504	53.951192	82.083744	-43.202658	-24.875389
-77.774221	-40.049442	-5.703528	78.541879	13.709673	33.243626
-37.980977	-37.166680	-13.562175	-53.895040	-79.250151	35.842712
55.771242	17.096131	6.660032	-58.551163	-95.037322	29.144197
33.665886	-0.039197	54.992794	72.413125	25.017142	-77.880189
-69.597215	2.158601	-82.989630	45.175709	-26.439871	-50.543110
60.959389	-83.409266	-78.005364	-20.956186	-83.899845	15.604549
-49.291792	-61.371962	79.348872	-29.195396	-55.577350	68.289158
-90.945773	77.582061	-73.235368	43.595020	-13.715311	-28.445866
-67.152632	79.101194	53.331335	79.223619	45.941652	-18.372107
-23.412132	89.403707	46.164756	97.372401	33.845779	-68.253622
-26.497793	96.315410	-9.595010	-46.516348	-56.397557	12.704708
29.817694	22.533309	27.369331	74.449670	-1.313218	-26.049396
-73.159587	-9.147997	32.604889	66.750877	-12.773953	46.235221
73.464335	3.266697	37.472495	-67.326550	-3.453387	77.786590
80.165737	3.150686	55.073075	-80.894817	-11.552784	-41.986570
-86.826829	85.301162	-25.930348	-51.987261	49.482455	-48.644334
-22.869024	38.026328	96.529660	5.213735	-52.100589	-90.155847
-44.742904	-54.449098	-21.346181	-23.911545	78.919363	51.056692
96.707128	0.754183	-46.111154	35.176271	35.597191	42.664002
21.573785	39.901117	-46.484314	-9.116246	-57.422084	-61.345041
-76.850331	81.382486	0.661232	16.502716	28.478658	20.760711
86.704767	-20.807741	-3.716882	19.011100	-17.718124	60.364683
61.416808	-12.094210	44.709858	-68.657907	56.977421	74.220213
-35.841633	-85.613946	23.573907	18.664222	-1.878013	81.751482
77.074054	-61.029328	75.360765	56.224827	-17.348145	15.052470
-16.183485	34.255533	86.137983	69.732805	-73.456520	36.411233
-69.302209	-97.188254	-96.930038	54.632110	33.198369	61.515070
31.427790	66.074853	97.236074	-1.364914	-69.473062	-3.193722
-6.606059	61.161719	-17.620440	32.451544	-43.175857	50.681484
41.571162	-7.683760	56.151751	-33.549508	-8.932241	-58.478702
-60.992769	-49.825486	60.633270	-64.052827	-31.178890	49.332834
43.016711	24.322271	18.463085	-41.100887	-76.487399	15.018818
-5.092059	84.057808	-12.484004	-48.899200	-69.415278	85.479971
83.633597	67.273006	18.248313	-20.860944	46.823222	77.349787
93.837681	16.874584	-11.442804	-9.292112	-46.952019	-11.764935
-87.908723	-80.117889	-23.372932	70.508002	-70.782685	-65.284533
54.516787	60.123304	-65.595442	-67.772353	-80.527247	-57.207003
91.637927	-62.890272	51.203087	53.485658	61.083205	98.554695
85.332353	-31.423961	-33.158579	-15.582019	26.124124	-35.033704
-28.256895	-55.066909	-65.926319	-2.733522	-62.317392	90.380614
9.564424	12.734304	-32.126882	-58.498446	-9.352524	62.446023
-13.200761	-55.601776	-33.610976	25.541770	-63.885042	-61.160317
-32.735163	28.079213	-19.102080	100.339671	10.156284	0.044085
49.036758	-25.062860	72.251444	72.482399	-46.290293	19.667260
20.244415	73.330883	-89.906083	-94.412573	-24.364967	96.034102
5.921304	-79.560929	51.083662	-47.140065	-60.617105	-41.228161
62.491599	77.570994	-85.854115	-97.025969	-45.594415	-44.744064
25.528728	-42.700167	-59.803092	-0.356858	-70.168294	38.609338
-52.211652	-7.944564	10.008472	38.319156	25.709124	93.280599
29.487918	-46.087992	33.366460	-80.805481	38.004797	59.356971
-16.809980	-93.080993	72.736917	45.911666	-16.056826	34.201585
-22.271392	-29.203893	13.333950	-99.321381	48.009059	-23.874968
92.019540	-10.570319	83.201208	14.404809	89.439690	30.394746
-66.933519	-10.532525	-1.156585	8.679908	90.096040	-50.453340
29.328619	-53.756835	-50.858602	-35.227071	-99.270491	90.380737
-14.265116	-85.587257	79.627653	-64.223339	-82.423422	-1.570355
98.821831	-14.048271	-50.774652	45.425037	7.184040	-88.672147
-36.164645	-6.642584	-93.428238	-4.222271	-32.245304	25.752369
13.057154	12.075470	-88.074490	43.933153	73.980029	10.515209
90.054021	46.616935	41.464263	-17.634877	87.336143	-5.457576
93.612344	23.256129	-81.909614	49.793486	19.094710	-58.001459
52.875741	23.893710	-86.055924	96.014642	-10.510800	23.084938
-39.450488	72.388230	-91.430291	24.453106	61.248940	100.768143
45.260297	-75.749501	3.015479	-98.434361	91.200957	-55.705763
52.732785	10.134304	100.321744	61.492301	34.906658	15.796700
-88.945238	-63.388896	-53.046034	-68.920587	-84.123502	-19.204996
78.777624	-24.462958	0.690830	-72.345805	93.780339	-8.994933
-91.477039	60.950500	27.149881	62.078363	-98.896534	19.000021
7.565888	90.456457	-54.677547	-49.955110	-26.242381	85.114506
-90.168515	-84.882306	-46.546238	-88.711049	-14.729738	-9.174519
-71.785809	78.964833	-75.039743	20.205704	-94.227607	11.905031
43.739951	-67.310439	-67.991807	66.013664	-84.942185	-0.066634
-48.076700	0.956737	-22.225491	-22.449581	15.676338	17.961569
33.867859	3.147159	-59.994778	40.034159	-33.939851	-58.080080
74.413726	9.703067	-84.443044	97.391843	-32.171167	-12.981469
12.766068	25.539159	-9.845693	-51.670947	-14.836129	59.006165
100.934594	89.151612	30.832021	61.974309	97.512355	-98.498755
98.634924	19.425884	66.218520	-54.339431	-31.067959	43.519125
82.219532	-37.202027	-33.986691	-17.215830	-17.142813	69.736575
14.960797	-19.561998	-31.886730	-26.226462	-53.971422	-60.818677
43.452088	6.808406	-88.892316	-62.901726	14.183775	-30.277898
-90.868223	39.098639	19.954912	-76.960362	43.048557	49.954120
-7.464628	-9.448201	17.303614	-69.238935	-90.482175	13.879732
-67.586170	-13.253291	-41.987050	22.512131	69.567458	-60.632720
-22.547459	9.879051	81.289102	90.246646	9.192661	-79.115859
4.876989	-73.041543	-38.543518	-94.820080	21.303131	-2.855051
90.249338	25.600266	-82.498036	-21.330496	83.766560	52.572084
34.599994	36.256333	70.647398	87.224868	-80.628897	62.642335
83.713299	79.235538	-41.735354	-13.041783	63.211465	32.589394
26.792009	49.599795	42.868724	-57.208168	54.952919	-83.492638
30.139868	-42.686549	-9.892943	11.195345	-97.482880	-73.578227
-22.909655	-72.934482	-7.121335	5.850220	84.726982	-58.405789
-5.409422	-19.248544	100.417867	89.111854	69.004703	87.153975
-37.302227	47.378768	91.366158	31.140835	-38.946936	89.321278
-55.170234	62.237851	87.988109	-34.002274	-40.539811	87.777146
-50.860182	52.332616	-81.023590	-44.087751	-78.667780	-48.423589
-97.540345	-29.435235	-17.883530	-43.230805	-4.718668	12.143322
5.156660	-16.145781	-15.293790	-53.025732	-40.148769	31.947905
-32.451517	-41.305363	-40.402932	-91.076679	-34.255827	-41.002717
25.380732	5.066142	-7.875565	86.338602	-91.663647	53.989726
-93.136488	10.076391	25.316112	80.816983	66.771408	-18.340222
85.744614	-28.606687	2.823138	56.145589	-54.974331	-81.191033
23.328601	56.657074	11.672247	-14.860839	-61.730620	-27.222623
-40.659779	0.559907	49.114762	29.096667	-63.948887	29.850509
-22.132619	47.534205	48.429386	-35.774202	-21.758533	67.410425
-79.699773	51.385161	47.095480	-23.106086	-9.402602	-15.122866
23.236478	-34.354186	83.405293	71.595447	61.994279	36.738779
-74.967553	41.647750	80.799687	90.447833	-87.616650	-87.784951
-10.579901	-53.327911	8.727902	-29.204203	82.037652	-16.083674
-42.343637	-34.119984	-51.331951	53.791468	37.571426	33.810282
31.008550	73.396906	-95.411077	70.961894	-40.215255	-8.668192
66.798568	45.729158	16.263752	-11.039675	-52.485409	-18.920788
-81.063500	74.718786	65.803790	67.649026	-38.445162	36.649520
48.766804	61.632281	96.368699	41.548032	-4.386229	79.010680
81.858640	8.499732	68.167411	-36.428062	-75.051807	85.380589
-14.761885	77.897376	80.159947	35.512598	-47.389811	55.069010
-6.651799	-0.468476	-20.457850	37.848203	6.912757	-70.731363
26.733524	11.716824	-47.124685	-53.878528	-42.946881	-64.288598
59.215765	41.071308	-16.490905	91.723880	-75.482637	93.151666
-73.932574	70.989371	94.748366	75.662080	-58.132458	-78.303850
31.261784	92.925198	62.788666	68.488045	35.938782	36.502584
14.424296	16.396393	49.845771	-70.430797	-41.460934	-30.796605
90.842778	11.025806	7.564238	52.765629	-3.847583	-42.514445
59.000175	69.759936	-89.083399	16.821113	93.553476	-53.829731
-77.975153	-37.517628	55.585392	10.233178	58.325633	59.285337
-87.888829	57.509154	-69.397223	37.688138	95.948031	-37.237417
97.878685	-6.656883	93.392024	1.411795	63.476415	-15.556637
-72.329729	-34.908957	-80.306297	-41.768889	21.142926	16.994990
42.367528	-92.158924	-14.372503	-9.595108	-85.161312	13.942197
-99.401464	79.733090	-62.345977	-45.544653	-7.492900	-75.890858
-84.090417	10.626374	28.322218	-47.900803	-71.723390	68.683165
-78.895559	82.584018	92.140149	-95.593943	-95.525319	70.582910
-48.368805	-37.733094	-23.252429	-19.961736	55.495567	-44.245124
97.553730	73.970509	-65.999206	8.043071	53.093712	85.701302
96.136826	23.724104	56.080455	-75.517720	75.872797	59.837313
-5.505607	1.170346	-11.123748	27.921787	-38.657576	76.528600
-79.480704	-45.963845	-41.329955	10.126168	18.732234	15.626408
61.349083	87.266318	-89.738884	89.983117	74.396321	50.783804
-37.549207	-49.351199	68.909552	27.479940	8.817165	26.365766
11.450685	96.520689	23.642327	-21.851097	-37.174463	55.989922
-97.426144	88.099282	81.711028	-40.546492	58.054166	60.406740
11.114838	58.813716	8.496932	92.392251	-31.874620	-32.148958
-26.706086	79.645766	-90.281261	-43.994369	64.793334	-39.704309
17.615066	-47.457953	84.836118	-6.719488	90.350353	-4.655878
-31.115763	-12.701777	3.547921	-91.905833	89.145774	-51.800117
-5.959966	-64.293301	-25.570759	-37.066065	7.960813	-3.138792
37.714756	45.420996	-14.745394	-89.213022	-72.355976	-61.554155
2.699989	-1.658299	-3.169211	-48.824345	-24.999847	-62.144004
30.950572	-50.835513	-35.698384	-78.784421	52.800684	-76.441942
86.792656	25.260776	18.560310	-31.920741	-67.567557	-80.909691
-24.602503	-22.774339	33.080128	81.873385	-53.725371	-85.479335
-66.423184	-3.868877	-87.844487	-47.101139	46.309763	-10.723250
-82.014379	-49.663471	-58.904090	-67.632623	85.543870	26.287102
10.783956	93.102930	-98.682141	-55.497044	-38.645571	2.053420
-28.572371	83.143381	94.484359	-23.785690	95.173728	-75.106700
41.099649	90.094283	65.042429	85.229085	81.412738	-1.073562
-45.674923	91.778440	-63.920926	-67.992344	51.180989	20.274840
-3.457741	-14.096219	-72.157841	-73.990439	-57.267554	52.844170
30.318022	25.201814	66.794783	1.447454	-20.087962	89.509763
85.670557	-61.138354	-86.352966	-12.280535	26.107002	23.059982
-11.696492	-30.738965	57.330331	12.571824	-66.914628	56.788473
20.816894	-18.211126	39.368787	59.636232	29.638997	55.627291
-17.696280	87.641894	34.630770	-82.369660	99.792507	-70.383357
6.525999	-93.555413	-67.871802	-98.503331	5.188712	92.220942
-8.883062	-56.642441	-83.496097	-67.046565	72.815178	-40.821181
-27.640650	63.900265	-84.177401	7.482572	-20.385696	10.003472
-4.748605	74.900333	-89.135775	-70.504233	65.622873	-7.166240
89.483179	-3.858640	5.458353	-73.671652	-70.004700	-72.558240
-51.512783	13.365052	54.677759	-92.563469	39.157168	54.486367
99.841769	64.781652	90.064059	68.345575	9.413986	99.180655
-5.595135	-18.229906	-85.369650	-19.756738	83.020116	-24.990826
91.936836	4.175881	24.468662	82.129348	9.270326	-57.802087
0.124348	49.594208	-7.438440	-50.577728	45.362134	-31.447091
-27.680358	34.950505	-42.194869	-4.886025	-67.816318	13.775205
49.693000	63.844167	88.951075	96.645606	-15.336857	41.278128
99.015835	21.651388	-73.755752	68.587935	-50.914993	-65.687022
-19.533551	100.417518	-74.456404	28.152666	56.809222	61.115905
56.747737	-2.670838	40.584824	56.569473	-75.272471	53.906793
-66.160348	-44.915752	76.840740	95.919278	-68.930534	18.822193
-51.642748	93.344011	18.050677	-53.578687	-97.372121	-48.511787
-2.411301	-15.684247	-5.833639	81.200727	68.230963	78.219657
41.117421	80.059300	-67.588977	-85.245684	-86.540837	89.111853
59.367228	-1.433549	-30.063284	-59.451434	5.732641	-33.346076
46.899415	-6.289320	54.484148	38.120662	-52.682932	-59.659115
36.700499	-58.735041	-57.315381	-39.000339	-0.249247	-13.379719
-4.532199	32.748537	78.504782	-67.229208	99.583393	10.658563
14.450835	-80.311042	-56.889750	96.108857	-14.733089	-35.929259
-93.309098	-49.948089	-65.166211	-88.676342	27.704666	19.809304
-22.759841	48.503758	-6.272125	-32.549425	-8.117611	62.935453
45.891733	99.820856	48.904955	-36.385870	-44.542397	-21.555404
60.986886	-56.096949	-5.850936	-35.806424	-22.530801	78.169212
-95.715031	59.122915	-5.215637	8.532133	-18.568236	21.479423
26.712560	71.107944	98.467062	-72.529126	87.945172	54.478768
72.750164	27.964360	-50.714303	70.008902	-23.130439	-81.608740
-99.900608	49.762265	-38.705277	46.733128	87.711538	77.719686
-38.666673	22.817735	14.955737	8.052755	90.585243	-72.624345
44.160466	30.710598	-54.332279	-66.095990	-27.813608	-18.901798
-15.937154	-61.943349	68.630311	68.562963	27.105747	59.049207
32.832237	39.469034	-85.984670	17.513129	-73.727325	-19.057257
96.963904	-27.904075	97.206921	86.663534	80.481560	16.995201
50.421573	-96.136375	99.147055	-62.842743	-25.217828	32.823738
7.670382	22.095789	-6.234681	-92.919394	-41.192069	24.177811
99.034731	59.097509	-38.335121	63.628503	12.735815	59.713427
54.471932	0.325265	17.054591	-76.109658	-38.074770	-51.259307
-63.208715	-62.967652	4.201883	56.911025	-55.497460	-38.342952
-38.721978	-34.767994	37.342879	15.758603	97.453462	-47.667064
-39.610724	-26.370469	94.123908	-49.522515	-70.991274	40.828535
58.307308	-63.901663	-21.186940	80.485574	-88.536610	80.468942
-29.247954	-3.336737	-59.138081	91.565285	94.755415	78.446195
74.001468	-31.226356	-18.035612	32.213958	-82.291811	-72.466100
-50.510391	77.965032	-58.334930	85.604573	18.212483	46.368340
75.936897	28.313789	-93.621023	-32.057465	80.140165	38.829250
-73.345681	-63.619831	66.839240	60.719793	3.528140	-17.694628
-9.921615	-3.101041	-94.076511	50.258843	-45.648402	-10.667570
-29.283866	-31.155011	-86.366901	-18.848779	27.595001	83.717846
8.601693	32.363456	49.083104	-56.317835	1.749365	8.108699
38.245955	63.002484	-99.274796	-1.196094	34.437556	78.878813
7.090671	-93.481823	-56.773585	-19.481810	16.957471	74.686361
-72.022735	-93.424719	80.470902	92.225775	-38.507012	57.825180
24.239397	48.710100	14.642530	15.077651	74.616700	-90.998954
50.159359	-4.547907	41.955085	82.607383	-29.066427	3.619003
20.521251	34.008955	-80.403940	28.806219	92.967342	86.158810
40.982311	95.495912	11.868482	51.875049	-8.858769	55.671543
-34.649926	-32.757765	64.209401	-71.064529	-41.216245	14.726491
-35.988769	8.886974	60.345625	-63.036788	-60.240494	31.760601
-74.954455	68.637718	31.834350	26.338714	79.493005	52.877572
25.084843	68.709694	-78.054168	-21.901881	77.371992	-67.002224
45.445643	85.526106	21.399705	-15.655042	45.182664	-51.243566
-49.259569	95.597322	-45.177861	10.993040	98.838801	79.366993
62.345780	18.866186	-2.720403	-13.993779	15.503507	33.125111
64.659306	2.895902	-36.141726	-99.154849	80.767782	-64.073318
45.132768	9.279075	13.515724	-97.598244	-97.608018	-77.514527
-2.879833	62.097918	24.727708	-36.193305	48.989907	25.261571
76.416083	39.648701	-6.104775	-97.422334	33.760536	98.832172
-17.518078	-33.367881	10.279224	-73.864423	-80.848382	-84.030267
42.014747	-43.986939	59.779261	-20.596621	60.078214	5.160354
-36.500340	-19.199923	-83.246968	-75.615577	88.946283	-89.466547
92.635268	-15.014317	1.845322	-17.289840	86.994455	-71.701425
42.111276	12.574643	33.027241	-1.368605	-82.544921	48.243448
21.031564	44.644858	87.389310	48.102724	-43.529756	28.634513
32.820138	9.249081	-58.969282	79.482324	-47.076868	-11.373728
-7.385140	83.616177	-92.071511	-36.867785	45.863089	-16.063655
-81.176567	-14.360727	46.426493	-50.118922	64.021212	-43.202720
92.244966	58.015018	64.468564	62.894950	56.381900	88.791630
-20.221652	44.224777	59.988102	-68.216758	22.154564	-0.990276
-4.079993	-26.707629	-34.952323	-86.614124	-54.090674	36.304904
-73.659290	-4.746554	-2.450831	-87.370017	8.410942	61.095323
-32.260247	-39.309946	-80.307542	94.021410	73.542399	20.501610
-3.070329	22.017402	70.848700	38.118316	-7.715509	-97.333380
29.955689	-49.576133	17.708011	63.967542	-8.591052	-83.417869
12.691790	-56.549783	-62.756615	-60.821034	24.039444	-57.315763
86.125132	100.613389	37.592134	-24.043888	88.835651	30.623132
-77.637787	88.603160	-58.845788	24.560722	-97.626016	40.424515
-49.413697	43.911982	35.658499	51.782782	30.186512	86.708579
-30.470881	-84.695892	28.146079	-99.879332	39.404092	-55.809006
31.552540	29.382141	94.835973	-76.951550	-9.496261	27.781209
19.985857	-4.282986	95.944941	-89.708269	-19.905149	77.928724
-18.938566	-90.550354	84.044949	-61.669099	19.072891	59.852956
79.951945	-70.475724	58.272904	18.043453	-76.786912	-11.442162
11.096303	90.583439	-33.344555	49.730025	8.978157	-54.941009
-62.238155	20.781623	-74.995416	10.888343	-62.421045	-94.629304
-46.511745	63.787756	-5.098055	93.537453	-52.096256	88.457899
32.706429	27.590581	-40.725886	91.922983	12.871475	-61.633592
-73.605917	-5.511627	-45.255045	-89.842215	-47.002045	15.277800
-31.166840	22.291466	-57.008977	-89.714518	-15.939317	-82.896347
-13.900426	-29.031959	-43.865490	44.714509	-83.493354	98.587130
-93.132087	21.390518	85.011692	-92.789104	82.119893	0.747737
-42.365324	-85.448942	-23.069120	76.368028	65.079196	-83.295391
-68.695101	-24.807179	7.841556	-21.621107	40.975301	91.089602
30.103295	-56.593934	-84.988737	-8.048443	11.805243	-16.629806
-31.232634	-29.668880	4.147913	76.420011	14.338447	-7.934713
13.244525	87.260369	-93.478088	26.821577	99.269044	-22.636056
-35.014696	-84.977307	-34.683713	-14.211164	45.924783	48.983618
-99.920602	-58.081287	-33.060985	60.914504	-0.269606	89.213121
22.580265	78.681369	-5.700859	-68.064059	97.826298	-95.568006
-96.534511	-46.753009	-43.389300	24.504531	-97.516506	-8.968983
39.590453	-16.164406	-66.357737	55.314099	-54.566217	-99.904085
-22.396416	76.664423	8.337976	40.538346	-46.297063	-86.490177
27.776825	-68.675746	-63.754001	-82.622883	-51.159031	73.411728
7.379698	-38.699942	28.205613	62.443678	4.695841	-68.099821
-63.490878	42.965165	43.798328	-53.078393	-1.188733	-7.516056
77.150738	-66.683254	93.718197	92.274495	97.163235	-33.991173
-94.610907	-57.124054	58.914335	-65.827348	70.164877	28.942283
-88.474755	36.100845	-76.633946	70.593917	-67.408323	-10.711581
-60.505408	52.234660	-21.089334	86.655060	7.333409	-93.434830
-37.877984	57.871143	24.185717	17.273863	-66.468737	89.814478
45.227414	36.004119	-98.627365	-48.442866	5.478417	58.895361
55.488361	15.986194	93.271736	-78.348399	-26.960034	-19.314408
-76.886531	-73.388163	6.303079	-37.375781	20.597625	4.373416
21.681830	-92.630487	30.054138	-37.583272	-24.863295	-33.179451
-56.096393	75.838195	-20.660273	-51.339631	66.206586	-1.914495
-52.397712	49.041487	-65.623580	19.567806	25.250385	100.240541
28.677398	52.040277	23.324148	-71.267175	-75.637929	28.090728
-40.730096	51.302863	-14.601183	50.390022	41.055332	6.007165
-27.758003	75.022274	67.447192	9.793647	38.720019	-81.211323
-7.887087	16.320487	61.150612	-86.147934	65.034582	28.642836
13.043894	-99.635419	79.694829	-70.065349	73.196399	-99.713760
-72.212933	-34.347815	-47.082293	39.829625	38.151077	-60.521723
-82.543097	17.818595	56.334839	-17.908799	-63.567066	89.551186
29.485822	-69.379109	90.727363	-76.996677	68.411218	-8.221290
59.252764	43.315507	-79.190694	95.329228	30.130000	54.495584
22.314544	-42.397051	-36.632248	74.961131	82.660870	-53.688945
-52.132513	43.355439	62.866167	11.987104	66.876236	-31.363146
32.573954	-50.826463	76.341002	-65.693574	33.026474	-18.746224
44.042224	-18.961516	-22.525127	64.065542	-99.685395	-30.708407
37.341788	-87.681501	-53.537506	-50.339348	-5.504842	-97.971288
-68.465277	22.458043	83.777060	-14.695470	-77.775644	73.078658
8.266216	-57.538016	46.450615	77.874098	-6.307609	72.359516
67.494971	-98.812459	55.945385	-56.778585	71.276958	74.712550
-45.311094	-38.210393	-3.344860	40.967853	70.169074	-93.760108
-61.031949	-98.805696	-41.913878	70.040185	-21.886535	26.306990
-29.124954	-56.614838	-20.353456	-97.075461	-7.588766	-34.597447
-15.173464	38.942777	-90.952585	-81.691732	1.981254	-21.030600
24.476313	38.357327	30.598081	-57.529039	27.310242	-98.897825
84.157656	-73.911527	87.397780	55.932556	14.569535	97.486263
59.725681	49.092624	61.326393	71.415182	-39.389198	29.026610
-48.071113	48.659860	-70.782554	71.096381	81.995553	-74.036978
-91.194646	33.069939	97.463495	-75.225299	48.818368	-95.175575
9.869857	39.942275	25.969804	-51.666784	65.200061	-57.336315
26.172024	81.560388	-11.158155	-3.470925	31.932120	-74.088476
64.443204	-66.202445	-53.473053	64.837473	41.110737	15.399462
-12.950270	-46.340868	-20.949763	10.212887	66.590475	-80.738818
21.045185	15.391115	43.076403	-65.689816	97.368703	97.827772
61.525264	31.277605	-30.045497	-16.349631	45.920209	-4.303759
-90.120287	53.048629	44.285831	29.994614	79.917827	82.490216
-19.148508	-10.608799	63.174605	-84.445194	84.476742	32.484642
-52.809062	23.065469	86.192881	-47.319419	-82.905867	-61.128147
23.971546	63.769089	-86.631354	-61.066997	85.105454	-62.082848
-86.400956	-12.754122	-69.280094	82.780030	67.853133	-10.374251
28.544645	63.100559	-28.058872	67.385017	77.965462	37.546778
80.194464	-64.652525	44.747812	-2.998141	78.812779	-36.907031
-0.782714	-46.492424	6.343950	-8.543137	-23.207566	-41.565606
18.063854	26.840876	-49.791735	40.218858	53.883980	74.879577
24.117328	-99.912484	-38.018275	40.429992	69.059176	-85.742156
-0.497187	80.611213	-93.019561	69.948713	29.729290	-46.838652
85.382272	-94.769678	9.023111	-64.138420	-43.678578	86.969082
-19.664243	64.607656	-30.047828	-23.682813	60.117226	-1.576337
67.074325	81.521034	-90.804792	-25.261188	95.209663	50.062142
41.050347	-66.990316	-53.277582	11.532463	63.025780	50.287115
-55.542834	-42.008574	-56.422705	-38.626014	34.774469	65.058794
-35.457341	91.157972	-53.567260	17.230137	89.084526	-75.239833
60.371620	-68.505667	0.788684	-47.948032	-52.669348	5.002392
85.349494	77.882763	-19.331762	-31.474886	46.653034	93.980831
-32.023924	72.411800	-26.777161	32.940278	88.326105	-74.890637
53.418453	-98.771897	64.922925	26.722874	41.843178	-65.439625
34.648580	99.523485	9.816970	27.391954	54.944925	-83.213039
94.135691	52.200379	70.119001	15.917640	55.462009	-22.842874
-42.992253	-28.666821	30.905557	-22.347962	-42.404333	-79.922097
-99.355733	-20.747495	-27.526997	65.333441	-92.880787	-5.984898
76.250799	-19.542160	3.767218	84.284647	-9.852047	-84.218823
-20.104285	-2.452066	88.900092	32.131607	23.063577	-76.786968
95.068070	-41.324269	77.745735	38.556445	-60.848773	13.734143
-22.533251	59.438247	-98.297494	-9.868979	-62.008874	-0.277762
-42.857596	-34.589710	-85.236387	34.590607	-48.119061	-51.724654
-29.945565	-41.138659	-28.709687	-48.620014	-92.882854	73.678349
11.689264	96.004649	16.364623	47.703080	91.303989	25.906598
-93.635321	-44.164388	19.962770	-1.203690	-72.776145	-86.430061
-57.195868	89.081899	-61.084614	79.355366	5.681721	97.864291
62.851133	-20.858792	-65.564096	-64.143967	-53.135607	7.108379
41.000071	63.184112	-28.007165	96.464101	35.029017	66.197446
-80.550148	46.333510	-87.469184	7.360750	57.933784	-96.315196
-76.514707	20.777119	-35.098012	19.453476	12.661947	-37.207709
-1.138803	61.666876	-50.622593	-57.764560	-36.115977	-45.533236
-98.314006	-1.767402	-87.406883	1.765788	29.746652	58.701821
-52.417341	89.205695	92.790124	-55.714349	-26.037319	-74.976667
-62.058779	-19.827029	47.723152	-37.373014	-78.569284	-61.735729
-8.171954	81.687946	20.925858	-8.093666	65.030057	-90.908374
10.628424	65.562999	-95.394377	-87.946447	-93.224867	20.233066
-90.979188	-14.173562	-40.602411	-31.062732	-47.244648	76.346428
41.417977	-33.312998	-96.888976	47.818025	90.882453	85.714593
-98.898945	55.833596	-90.124849	3.894437	-38.874964	80.968270
15.385490	95.751408	58.507009	54.219934	-73.839658	38.360135
63.788030	94.097847	-99.926334	-39.650572	94.138242	9.607337
-67.312629	27.626408	14.129504	73.307715	-29.268492	59.902260
39.750112	-97.312323	24.649495	10.314132	-57.226003	20.531482
-64.156262	17.851927	6.060315	14.899293	-66.009059	-50.036266
28.030633	-87.197762	-3.264906	-95.490656	-79.965191	95.244105
-89.183103	14.415619	9.731916	-87.832661	-58.196730	92.215610
95.427826	-17.384783	69.546591	-76.615134	46.411778	21.871418
34.348007	-78.223356	-6.837856	66.895690	-85.126325	72.440281
79.053902	70.461812	54.079138	29.346472	14.659859	-54.131479
50.155571	9.592797	-76.038465	80.163192	-17.799092	31.337246
70.366108	-89.244857	-26.948784	-85.140949	-16.060926	-19.925985
-48.712386	14.750673	87.993619	-78.076524	-14.294268	-66.148564
-51.100495	40.063260	71.822286	-32.942328	97.076095	-8.407394
-99.079092	10.416068	-4.834221	-61.493472	0.665429	-46.515166
-50.843772	-79.463241	-79.163627	76.833540	8.292991	16.388470
-5.937009	10.596412	-37.360137	-63.709809	54.536329	-9.614697
-81.204982	-54.221513	35.344706	-5.775562	5.818902	87.894226
14.102344	-28.670811	8.266249	-13.015060	68.445006	-66.538966
-80.690970	-57.299985	83.082130	82.482705	-91.564910	-60.112668
-62.223068	-24.693656	-40.584348	-47.863250	95.092325	-85.263977
28.781093	-72.388709	-87.190330	-9.034220	47.962441	81.520711
-17.068226	-61.644271	85.402354	18.529799	25.240802	-51.328067
19.491005	34.575680	93.955207	-58.014463	-17.775430	20.496031
17.259308	78.638565	-30.685111	65.020685	-50.624952	70.470148
94.304791	65.997937	-38.144800	-78.631946	5.636948	-31.543749
-31.088420	56.171119	64.709477	-88.161102	65.744227	51.951339
-87.243609	64.372175	-53.913627	79.602960	3.441838	70.369935
7.463809	86.397448	-46.730811	-20.214119	-97.466910	-95.649113
27.151447	70.252394	-26.913280	76.218028	28.387178	8.867451
67.818017	58.046504	-53.690024	-39.958903	26.837800	-59.520988
3.122324	-62.747243	-1.214669	-83.939148	-31.228734	99.390807
-19.510268	-34.392710	95.924928	-44.781029	24.646196	-44.824398
99.769028	-13.875164	-29.310000	71.044755	27.713634	-72.810159
-22.335062	0.012145	56.893245	65.963778	-40.701601	87.984771
-60.865661	-95.866104	53.691754	83.688444	62.860364	-1.914952
-36.149186	-86.226108	-65.535419	97.695094	79.246906	68.397824
-56.259251	-17.533493	29.263383	46.056938	53.334983	44.833821
-19.981292	-7.925456	-8.918155	75.521566	-90.590585	13.042833
82.571572	-17.442157	-66.417782	2.583116	-69.086792	-17.522294
96.869375	-99.717779	-36.529415	-45.796714	44.133758	-25.187655
68.405139	-65.849508	-54.669114	78.280899	-35.339236	38.622182
-84.557630	17.339239	-29.411992	-28.576951	-41.581961	-20.056316
85.516518	-88.463987	67.311682	-50.996628	-0.846650	-78.562666
-61.600003	-96.138330	-56.600978	-18.842139	99.824226	-47.635790
0.200797	-97.246384	-22.617266	-93.750109	-77.884017	-85.688393
-32.558116	-74.034839	99.058969	-96.515118	-22.784266	-76.843297
-53.145480	-69.291107	-55.089837	68.103510	44.210752	-78.783447
95.301897	-78.405112	-62.785557	-33.699358	-29.326845	-22.667981
1.375300	-11.320196	39.787495	70.475744	74.927151	68.303128
74.843179	35.596247	23.451249	0.725149	17.042379	-10.457616
-45.458013	-85.514334	54.688477	22.139890	-93.599547	76.108068
16.680143	-92.900861	-35.173954	-48.246714	75.916823	74.756579
-94.061091	-95.848061	96.844488	-11.699181	-64.420835	48.012979
9.712154	34.352477	71.458087	25.732249	86.006108	64.739641
-41.886598	-6.874476	68.493691	51.461710	-97.001720	-81.332340
4.939030	85.861215	34.964473	-26.721413	-14.736771	31.206413
-52.709990	13.626755	-85.386467	-85.137816	-77.191619	-98.688934
-71.294793	-45.856351	13.910570	48.515605	-82.541940	33.653881
28.578959	-1.500873	-92.706121	-1.428553	36.646709	-83.132802
42.997067	18.288453	48.545677	-89.749996	-58.933336	100.557000
94.841254	38.013727	28.866118	71.583587	96.129834	63.231638
-85.015600	-92.719075	14.253526	31.204756	35.173519	-37.804157
-34.896125	84.396324	81.046881	96.242206	87.874664	-28.080647
-82.339719	11.654138	-25.007829	-46.767807	88.205974	-70.577784
49.887641	35.624820	36.584235	-34.809636	89.146058	69.691006
61.497553	19.233325	6.380703	-75.719559	-78.287103	-42.371722
94.520820	81.794811	81.812523	-63.045657	52.359789	-15.918831
-46.329102	92.463355	83.319914	8.465233	24.248702	64.947859
-52.542740	-88.342882	-63.073682	-41.901144	45.908425	-30.221626
-27.615313	18.590677	80.378210	12.639063	-52.360852	48.583395
-2.948093	-38.598203	-23.340656	21.435094	-37.670663	60.387694
77.428553	-33.719424	-50.070349	-92.314894	-22.515446	-27.904684
-27.766410	-75.364132	20.063285	27.165423	-49.974700	-82.099115
97.220440	14.368680	15.378812	-81.329653	-3.167412	-13.929053
-66.032828	36.564535	21.358243	-54.436596	39.298720	-97.333337
74.374854	-90.142497	72.117003	-33.414119	77.368144	-43.497894
72.087664	5.459634	44.402588	90.282977	54.930426	-96.277850
18.122882	8.475456	-2.292790	83.803447	50.638775	-72.515695
53.374981	-42.396383	19.178304	-96.369500	-61.833392	70.941592
96.982635	-86.117615	-80.933850	-0.795208	-72.796614	52.238944
-90.657742	44.452378	-79.867877	-38.846198	35.941433	8.740220
-21.385698	27.842041	-56.251030	12.290877	-32.101506	-50.562959
27.089688	-6.641150	-10.755948	80.339416	91.794319	24.904390
87.165085	27.066331	-97.255815	28.811799	-5.237990	21.178286
-17.153333	16.778786	-35.770630	55.746217	-40.900321	14.623091
8.719240	10.916257	55.866899	23.456125	-38.744897	57.729989
17.829015	80.434921	71.867410	3.057080	49.764539	-0.946460
71.475675	37.286375	-85.931203	83.527022	-1.261593	0.036164
-15.249074	44.794202	-94.294544	5.627308	-52.597032	88.128069
-86.004330	81.079693	-52.316849	-29.970707	100.269307	10.319759
51.694159	47.603717	45.833697	9.794934	-39.200113	-85.584684
-68.448359	-88.779205	19.071264	14.962108	10.569267	-28.706427
70.975803	-69.046301	-17.036693	-17.453945	13.708519	-60.788076
-88.037699	-11.672256	35.063578	-9.609066	27.505913	-93.636695
-93.838283	-69.356108	35.634613	62.490860	93.710069	21.457983
99.758966	63.563167	23.223352	98.634573	-92.401852	29.477276
-80.392161	64.434150	-54.014955	-48.556575	60.806461	-54.577156
-10.865709	73.095323	-94.156762	-46.608855	-78.285375	23.142589
37.248606	93.257812	-72.391797	-18.377165	8.212683	46.264193
-33.245871	76.098368	-85.092905	-86.964918	46.473660	60.902696
38.984563	82.598106	42.020637	-70.402587	-85.007869	-62.164669
14.505570	-65.387015	-16.981142	21.415565	-86.962612	-16.291305
7.713729	18.343652	-93.065701	40.860983	2.062795	59.537821
-37.442142	-89.361018	-70.149051	39.212886	24.405161	-47.556938
-45.203841	38.910689	74.976781	100.710427	39.385822	-28.545140
-39.812153	90.673573	80.602977	83.397238	19.860942	-32.301113
41.019866	40.484558	35.787309	-79.258293	-56.605182	63.232406
-46.012780	-95.220913	-53.720093	-81.133807	2.853724	-55.549932
-54.239822	-47.450499	-68.768708	-25.962226	87.332287	-80.093846
-59.752975	55.583408	24.589769	-41.212149	-66.955536	69.683455
46.235556	-2.674317	-70.373387	-97.834442	-16.891369	39.697134
-34.684007	68.430454	21.056550	52.782615	-0.760328	-46.477277
-93.838431	-44.045261	69.288683	11.936514	-93.121195	-95.466514
1.830106	32.668065	96.971759	-78.476748	66.380202	56.320658
62.158178	-11.931012	-69.837441	-52.321785	-74.891172	72.021377
1.179519	69.811483	-93.701085	-41.317674	59.826656	11.925159
47.851814	3.772649	2.592111	39.789929	68.539658	14.792605
19.746759	14.266150	-37.458562	-71.572841	75.148135	-10.960020
-91.335007	25.847522	-57.370368	16.982827	96.380998	20.987292
-26.950544	-98.690288	-73.555210	-80.052188	9.683444	8.408087
52.263353	-36.764337	81.858438	-51.072597	90.519043	45.030132
-35.967207	-42.415348	-85.939463	-32.865333	52.667109	-12.803638
46.821688	99.727423	44.808026	-51.229507	3.710766	95.407832
14.986476	-47.887478	-5.781456	55.212689	15.059764	85.714560
-24.448263	89.526460	84.178513	-13.339635	-63.036759	57.814449
-64.207418	-13.673068	81.439946	86.675062	-63.265668	40.314679
-42.614859	-92.654236	18.766128	-16.654545	39.771502	44.483791
-58.905773	3.387181	36.811284	-2.208726	-6.001572	92.325751
13.996984	30.500068	-16.792428	66.904197	-40.794023	-35.216601
15.795324	-15.692071	18.845268	94.971023	36.016121	-44.497254
24.614526	100.734517	54.478152	95.861041	-11.359564	-51.664247
32.150506	26.441808	-28.991212	-89.575844	7.183948	-88.072151
-17.957286	23.999324	-92.634072	2.882370	4.456657	-95.094296
11.296332	-4.889267	-29.712775	-74.116607	11.597328	-91.993287
75.290765	15.855646	79.890873	39.367988	34.424243	-84.317719
41.523084	25.087628	-76.586703	59.277485	46.565009	51.457621
-60.184727	-40.747935	78.687399	63.583255	-11.304946	4.321492
58.893626	37.427195	36.035488	45.079432	-18.682191	-41.982172
10.578650	54.743015	97.563091	-13.014619	3.924875	44.599200
-66.840079	65.377636	94.999908	6.608967	79.216083	-36.196087
79.137771	-55.179336	-70.054640	-11.195434	5.546165	52.143380
3.085546	73.967063	-33.131583	73.748966	24.412853	40.573922
-90.064220	-32.037633	78.303018	-29.616253	90.330694	-68.569788
18.879636	-32.995955	-50.262059	-32.867658	35.719391	27.805350
-4.726301	-59.239608	11.987707	40.468437	81.793861	7.321466
-82.861374	4.821201	67.667505	-38.456081	44.826623	43.056069
-26.291185	37.548299	-76.281451	-80.576976	-73.372619	-13.932194
83.171104	-80.364534	54.182064	62.332550	83.984445	-95.629953
-91.332254	-44.387939	-77.112397	-38.411098	27.192896	90.364918
31.473929	-51.951161	-47.679633	100.321123	69.247852	29.919443
83.502842	74.410862	71.025069	-59.266908	-17.188264	54.525358
13.287367	-81.154194	41.969762	-8.769961	13.172397	32.365081
2.809198	93.736385	18.925809	69.776532	4.002569	-80.642163
10.746214	-50.431368	-22.486976	-52.112666	98.668102	31.865908
72.855327	91.293271	73.820433	-98.755098	-89.741490	-6.241886
-95.925087	82.230512	-78.824786	-76.078052	39.081337	64.531393
67.972842	-22.457754	100.383033	53.854969	-52.502173	25.851731
51.818464	-94.813806	-23.779393	-26.598712	-5.550072	-78.159175
-99.169562	-82.502434	-8.703384	-4.299204	59.687258	80.252056
-13.057645	92.481540	78.424874	-38.716208	-11.013709	-37.103392
-72.320586	69.979818	30.482233	-56.294089	94.462464	65.619058
-25.164603	-73.437443	34.631405	-35.395913	28.689861	18.755324
65.221513	75.442791	-80.128947	92.356880	-20.039902	-39.657080
31.194140	75.840189	35.014460	99.120352	-74.995542	-33.950895
-42.125060	-20.412989	58.755812	-65.993071	39.647285	-91.875386
-66.711092	1.300601	-5.534119	27.219177	4.493876	56.471300
38.664829	-9.498112	-45.197682	1.704534	-63.161903	100.344643
82.462392	83.262630	74.449529	-60.714784	71.922097	75.768942
1.520143	-33.976473	39.052861	-5.356685	72.104866	79.653497
80.946343	69.092456	66.345399	30.059366	-37.133729	15.018315
-81.605123	-90.798733	20.828135	-49.107284	-90.258906	-27.128093
100.594431	19.729139	45.007907	-91.691499	-54.616218	-29.912428
-32.743887	20.433069	-45.683076	86.888880	-76.647423	-0.350975
89.988425	0.087985	-48.494205	-78.829181	17.216113	-76.398228
-62.295128	95.665475	-13.304615	-13.181437	18.264885	-32.301363
-92.282428	-63.372064	9.903463	1.850269	1.806196	-51.868008
51.119883	66.172827	39.141006	-99.914885	-88.372521	80.417194
-7.167188	49.420506	91.688898	-12.021090	9.430813	-6.499522
3.158519	-56.958931	51.835802	33.096856	-70.715590	-49.977751
-97.614777	-7.664289	66.674834	75.314546	42.695392	-91.134946
63.965060	-19.327089	84.238042	78.150404	7.078432	52.925691
64.986848	52.400059	79.609859	60.702874	35.597939	27.214926
-75.701518	-74.187064	40.556640	95.087798	-9.165169	23.703446
96.591388	-24.095806	-90.808409	4.571544	63.607116	-75.539575
45.024788	31.140336	-48.746525	-78.678874	-73.719665	97.749900
-98.213509	21.352981	-55.111755	93.500683	-81.095553	-52.814311
-77.673823	87.182088	-80.629816	33.102509	-89.532265	33.953689
-32.881144	-14.438853	-85.179122	43.195320	65.381314	89.689404
44.092951	69.131258	-68.989229	-47.930952	-1.539455	88.367337
12.337006	-90.119890	-5.090200	78.773244	-4.108720	-80.056145
11.420270	-9.176622	-34.310479	33.800942	63.548226	-46.254699
40.210901	-54.061512	2.753416	-87.704247	-84.624568	20.129171
-89.009312	72.731875	93.730155	-84.163165	58.999613	51.975369
-75.108916	58.267162	100.960826	-70.495948	-92.659076	77.059589
11.989701	-31.922973	23.000347	-65.657239	6.389538	-49.284806
-75.395012	60.403501	59.256484	-99.008275	-4.562164	-52.229313
29.287210	53.082592	-65.404163	28.307095	25.376408	53.524102
-1.529269	32.019487	31.447300	31.934490	21.409623	-29.395671
87.270386	92.527479	-93.311541	-0.461543	-15.410008	37.131381
-21.930945	75.397020	9.245706	-42.634295	37.263090	70.977846
-27.186563	70.356016	6.047392	-63.713314	-89.966146	-73.261354
-99.991608	5.116283	-1.638197	-15.669079	-16.116676	-55.032314
-21.971797	-73.990346	-2.774138	95.764020	-24.083251	96.297966
81.227541	-79.984814	8.272310	-26.933668	-27.268383	64.341964
54.689249	38.076662	-12.270236	-43.497744	95.040624	39.677946
-73.185229	31.298629	22.228477	72.227827	-73.527301	48.113654
-46.788849	-47.811642	-41.987457	99.242351	-9.316274	19.049351
99.573525	49.751771	-1.123765	89.698581	49.211150	67.157544
31.811818	60.176111	95.627333	88.393720	-93.939278	-41.640928
92.352268	-28.273667	42.193611	20.094866	64.913021	-12.000232
-59.463517	97.149827	84.403276	18.891845	-18.842799	-35.467007
5.023329	-95.705066	-58.447660	-34.897431	-20.746130	-93.531663
-78.087814	99.435711	17.160567	18.530241	5.207924	71.029793
-31.052620	96.508136	23.831919	-42.287364	2.965096	-59.418377
26.770073	39.274282	76.973781	7.121751	20.866599	-47.117965
-17.793854	93.803236	84.753353	-61.710409	38.336080	51.372364
34.471419	-48.266399	-73.249416	92.371442	33.612473	-2.246881
99.873153	-82.563211	-76.003489	10.109247	6.126599	-7.258699
93.297815	59.018676	5.541806	-7.096187	-89.051751	-40.033101
-16.028483	-15.426059	-95.999070	11.300910	-56.279996	57.398261
72.019022	48.402978	-6.860713	-9.925490	79.263442	2.461657
61.699085	-49.928481	-65.613343	-89.233829	77.284485	-23.708394
-72.742965	-93.865384	-99.122233	100.379290	95.998754	-76.318844
77.077934	40.412735	87.447409	87.058470	-76.811242	-62.383064
-97.099544	-44.934493	-87.545266	-24.852694	66.769630	3.578992
-48.476154	-87.793747	-40.075827	-22.476639	98.514834	-83.835708
24.996441	-85.206801	30.186692	-30.492167	-16.887810	66.384181
-76.798263	72.490402	70.175629	-94.797199	-27.679889	66.639778
-96.974703	26.137394	-19.728506	-4.005852	-52.606226	-12.596370
34.709000	60.763013	-85.946307	19.512839	54.877701	10.581122
-20.700951	-70.337629	-0.993517	77.634793	9.016511	49.819200
36.503713	-85.606284	-51.655953	-60.246376	100.071985	-84.839352
35.726361	12.494895	98.194259	-32.757969	-70.855035	-32.534473
-96.632619	-33.266062	3.272589	80.218192	-50.876897	-50.058201
62.173781	95.277342	25.811240	76.581458	36.259146	-80.790673
88.199579	-12.979111	0.509119	-55.246460	-60.853046	50.550009
-50.564893	92.614519	16.899322	-71.170412	67.277379	3.472806
39.397121	51.225590	-76.084689	51.988680	50.926429	77.758661
90.647803	26.914844	-21.910988	-36.486417	31.520659	12.331613
-69.844207	-64.166186	-44.416640	47.710586	45.837013	25.280983
4.551710	-11.120675	48.279898	8.233447	-47.638026	28.026369
86.964438	-91.904368	-55.359199	-51.506316	69.655617	12.225327
-58.566263	-20.011940	-30.876640	-97.800318	47.245209	-58.733925
-69.668635	64.389126	77.644903	32.695577	47.972277	-89.288773
41.459266	52.902361	-63.407347	15.053387	85.191798	-57.526158
79.403546	-43.563268	46.428522	-57.729506	50.529197	-88.456956
32.547005	8.898776	-80.962619	30.968730	-74.016803	23.117225
84.326245	-28.494047	-90.894056	97.972265	-18.241110	77.108459
22.897514	-26.457058	-91.184348	-66.972895	5.985770	40.037919
-68.908251	24.931723	65.768800	-29.549505	-75.105187	66.788326
77.938143	95.569843	40.044316	-81.196027	-69.379622	-81.662345
-87.845840	-16.211523	-10.649505	94.054325	73.580281	11.010271
-30.779774	-3.151710	-66.093655	51.888165	-17.545032	46.117456
12.228293	65.728792	31.495405	-55.101286	85.163313	-28.992682
-1.500030	-78.193825	63.150509	-65.521140	4.634680	35.427898
-22.795595	78.772540	-76.378191	-36.239400	39.119417	49.088796
64.460591	-89.128512	-28.450472	97.942285	-77.968844	-4.765060
92.528980	30.402599	-20.506934	-26.865401	71.591435	11.696627
29.626563	93.761495	67.834644	5.276954	-30.285169	0.409189
-71.389833	-69.506090	-21.269032	-91.565903	-82.577419	-5.289431
9.897504	-98.866365	-44.068209	-2.703566	69.056756	-97.484348
13.015888	-82.148647	71.800272	71.155040	-88.737508	27.241862
-67.645545	-82.124940	-5.596219	-55.389091	53.691212	21.836315
97.134749	85.363547	-47.715583	35.400279	-35.656518	-79.032543
-7.019168	36.203717	-52.369386	8.951722	-69.571538	78.446512
-93.677663	17.160606	84.824602	-55.250388	87.970974	-97.423809
-20.250999	-7.947464	-42.213924	-28.473751	-17.953680	-73.979664
-65.717890	-33.309123	-83.708083	-11.491625	85.122089	97.363930
-45.770479	-2.585129	-73.961405	-7.286826	-56.696631	-67.042779
70.713451	-83.264843	-89.658124	-40.326194	-91.994862	66.580809
-6.128520	74.682492	-0.251170	-8.733382	-35.681195	-84.208693
-25.511696	-79.738940	-76.291512	-47.731612	-51.705959	-86.269096
49.870274	-51.834375	63.088190	-12.609201	2.337451	-76.917905
59.595552	38.243974	-23.975015	-91.796974	-86.841209	10.184549
7.716502	-92.626198	57.224532	-13.074766	61.254770	45.958692
51.176320	-55.318882	-44.854948	-27.005020	-90.793839	80.202596
-10.588180	50.427501	73.065807	64.080780	-57.849812	90.768170
-66.673430	86.660524	78.928362	54.874964	85.729845	-64.663422
60.372388	-97.717795	-66.038815	58.735000	63.700621	3.114944
-0.665815	31.904750	1.414763	-58.623072	62.013117	-60.684487
86.953013	98.724960	64.471698	-64.215519	-0.767627	-5.333051
-30.186898	33.112109	-25.768143	93.004310	79.144146	-67.487189
-62.591520	-56.422643	-73.891520	32.365280	-2.269241	69.457710
-87.396875	-7.160643	-98.132296	78.852342	63.391830	-85.009951
46.972679	1.369618	-17.039956	6.648687	4.174484	68.622997
36.591332	-44.087942	6.287994	-88.760627	29.873154	86.966284
-27.359957	41.580641	-26.501985	-35.046425	20.615887	-48.072052
-72.672089	56.975432	-75.824086	-3.148377	-15.971479	57.148043
-60.055592	-32.354694	4.173405	70.807700	64.330854	-35.320745
-69.686210	59.596200	92.611746	93.641768	35.274224	-16.670413
-55.436199	68.641892	-87.328604	-77.881322	4.303430	19.696187
78.156509	83.032776	-10.765162	19.100500	65.357093	-25.591849
-15.825012	84.031184	0.372972	25.525854	-96.573720	26.713307
-51.048559	-85.477867	42.581500	-39.554481	-29.407220	65.955907
-57.678759	-69.282098	-34.591566	41.090850	-49.297860	34.651851
-74.152801	58.196077	-48.811320	32.717063	100.469403	38.420446
36.996447	-71.761350	-71.465694	82.957348	98.324564	-45.329830
79.936703	-76.215325	-66.094343	-22.149577	-46.513971	85.310410
-29.917062	76.364815	-73.876609	29.427736	-70.959268	-77.364484
-54.044373	-18.871893	-88.981592	62.441020	86.712203	-48.922435
95.192659	30.212451	31.821753	51.556017	14.045069	-81.625930
74.411065	-98.928458	-56.984200	-12.586812	-53.847195	39.430186
75.764125	34.144702	4.477369	52.408318	-65.346259	28.555971
87.825641	44.832282	-97.913774	-20.892680	-82.572458	39.330069
44.161425	-75.826745	-53.084666	-43.561072	-73.675454	-49.459690
-93.270749	-98.843695	-35.894244	-86.845736	90.496203	25.838614
-71.082759	48.439581	97.899418	-5.353015	82.790581	42.988466
-62.745749	-16.085439	27.828791	66.300890	30.402075	-57.605416
22.081378	-84.648092	-55.625438	17.775123	74.497682	-83.956348
8.973270	51.182084	-89.344175	23.784515	-3.192135	3.618013
-25.837817	28.914828	7.671665	-38.916831	-37.265530	-28.849236
-38.872434	-65.929834	-97.623807	79.320534	84.626860	90.886197
81.647900	-61.011591	21.648138	-85.391500	-39.614506	81.086974
-66.100091	50.395215	-5.720720	-81.669886	-45.428003	-59.823084
90.449914	-87.008095	-28.162736	-80.270988	35.104739	-29.716253
-13.123259	-87.408134	-51.769583	12.471743	-8.318590	60.351441
-18.238246	-12.160618	17.200738	-16.025823	-97.722385	-9.442761
-60.841666	-28.738327	23.071993	25.513317	-58.230186	-43.093115
65.589356	11.727987	82.604687	-78.285486	93.424428	54.984192
-77.669478	44.208200	68.756067	-32.563974	-6.260011	-56.162726
20.247771	40.907140	-2.458011	46.667861	-65.325638	-4.686464
22.618795	39.777426	49.909885	87.376351	100.366980	-19.046434
-46.451689	-8.404758	-77.119148	-91.307787	-29.634088	-37.841748
-84.679405	66.053878	77.969953	-64.099323	23.181471	-38.985027
90.172093	-76.542030	94.289424	49.944864	-61.150954	10.712915
-29.978130	44.746380	73.221877	-80.901732	-39.348910	55.769846
21.555593	84.555857	-10.529130	-91.488854	-91.158052	-16.196686
37.122305	47.175898	62.451756	-71.640011	-7.301669	-22.623470
47.893444	48.464534	-80.102463	66.603325	11.569273	20.907201
-79.325276	-27.853405	91.903665	46.523478	56.509024	35.328551
-67.038282	-71.218533	-84.356376	80.492835	39.679313	-52.352592
-20.843308	0.638591	-85.354606	-84.151603	12.943573	-14.852283
7.050840	-56.680331	-91.871755	35.221136	-41.458197	-9.960807
74.827258	99.197523	36.043762	33.424896	67.270398	-97.492857
-1.395071	-61.677725	-2.374836	83.725379	-49.389504	40.761724
-24.069864	31.854894	-18.808877	18.252811	-89.999492	22.380323
15.271687	-32.054340	-64.109654	-12.772173	66.458840	-24.688217
77.067923	97.326998	-52.002249	-92.679071	74.846077	9.522279
88.476238	-70.470752	-86.005783	-47.837885	-51.010333	-13.597835
-90.796985	-41.069929	-19.023004	65.278356	45.958059	-75.240920
-15.610462	89.012497	-50.055939	-62.505254	76.148732	29.522863
-18.881167	-86.447409	-99.642335	35.359142	-42.676464	-85.343432
-51.448653	-38.947330	92.206974	-21.324957	-28.032653	-49.599883
83.506451	-75.389071	17.301062	27.709349	-13.453435	-51.469630
-65.474432	34.237786	80.812805	43.793562	-29.862220	80.874661
-91.293432	28.269320	47.176707	-79.751983	-94.047797	-0.953263
23.908760	66.693406	-18.396177	43.127617	19.915430	-53.694374
-89.777225	-50.519816	88.857826	99.796709	35.244080	-18.979250
-71.761047	12.772760	98.998699	-92.571104	50.213520	86.437895
53.668537	-39.665988	-30.042494	-26.035455	-96.686730	-36.642385
-65.635204	-19.602477	-24.042753	92.774094	62.859085	3.288710
-36.304993	-33.896454	-94.468199	24.249697	48.926872	6.549132
-8.426312	68.938380	-85.597541	23.748211	-33.309028	78.939599
-97.620445	-51.827658	-18.924944	-98.497620	-86.153079	81.304281
35.123473	-95.342233	63.690779	-77.746965	-33.627742	89.590193
63.758418	-45.680964	37.901264	43.231101	-76.763004	-94.748786
-59.983911	27.102290	69.868224	93.152053	75.868393	50.831399
28.062822	-78.560955	-2.678370	89.409687	-73.355335	-35.823258
25.735274	-82.883921	3.811185	-62.375717	60.336345	53.895134
-48.513590	-82.852992	50.621058	0.244299	90.034417	56.589235
-58.258266	-69.577698	-24.310231	-36.502663	17.083236	14.061728
-83.327549	-35.497085	18.986089	-64.823732	-91.602911	40.897002
48.813483	-7.318748	-62.125019	83.337534	31.855092	61.621214
2.491043	3.811987	-22.851992	77.647530	-53.328635	86.374620
24.028862	41.775967	-86.923313	30.377856	-57.893256	-98.330502
51.733875	-34.848177	56.468479	-88.140368	86.879001	-53.717752
-44.422365	1.428088	62.728843	83.545819	-6.152399	-33.069811
-61.760284	-39.750687	0.971448	-41.099208	-93.085509	-57.055895
-64.343673	63.989647	-54.292226	70.116863	15.967003	-32.697966
-26.057693	-10.990630	91.123092	82.183514	25.496086	-71.990435
-7.150514	-70.758464	-58.753300	-14.962378	83.430753	38.770812
55.421972	69.420035	-40.718433	-93.828868	-75.935630	14.502727
-72.136202	14.654562	-78.440868	44.736890	16.259480	54.473350
89.568049	82.771111	-39.621031	87.307329	38.914586	-99.941140
42.487335	77.479255	41.149732	-94.887838	74.653680	87.680230
77.970130	20.806221	-46.269444	71.087539	6.194712	72.588925
82.063073	-10.525564	-97.259534	36.278329	-9.777798	-55.796543
27.855220	38.241359	-12.265492	27.267817	-28.513725	12.049824
-10.969982	-77.944059	53.587550	4.293787	-71.319054	-9.019581
-69.291378	-74.845715	27.202253	43.908559	54.959384	-84.891262
100.865183	-97.504135	38.266089	-43.300218	61.691607	-84.772981
23.070807	-53.792710	47.957603	-9.447590	-80.151982	17.444194
-99.473771	84.728744	-53.229640	-40.655382	27.450404	55.474199
-38.950983	-79.888063	-6.007775	42.829366	30.364238	16.137365
84.930706	-90.603722	-50.176247	68.527786	-35.033886	-75.565180
0.787635	47.345468	-50.983361	46.834791	60.600501	3.857322
61.738428	-9.575461	-77.424704	75.176110	-8.390849	42.126954
-70.686344	72.320739	-60.786596	-75.069392	-9.800523	-4.154278
3.557152	5.644535	98.247265	38.649109	5.814621	73.521427
-65.853726	28.348818	-77.020198	-13.480660	-25.739101	-18.630990
76.739934	-89.538126	91.942346	22.173984	-60.939503	-18.415877
73.435087	-65.059336	99.036541	34.763350	-74.132047	42.778575
-1.528487	50.793270	-79.844529	-19.942203	71.718742	-87.375925
76.343088	36.160492	6.623875	-39.554679	97.617213	-77.442390
-40.251964	-87.866455	-35.762491	65.032168	50.297602	-96.027957
-1.039760	99.191511	25.272684	-47.442378	21.793281	24.538805
-37.039638	72.131537	-23.423849	65.887959	66.971734	-25.242895
4.760836	-11.962583	-52.736244	10.730463	-75.457527	72.584269
-78.631765	-44.332548	38.970793	-60.285186	2.215611	5.743965
-2.623710	-21.840235	-98.081427	68.269481	-61.179387	-7.459481
-7.678073	6.794265	26.715728	-98.724272	21.336613	-40.312172
53.685245	-37.545717	61.397348	22.543136	-41.945886	-56.654422
-26.414705	-47.787795	61.365487	65.567240	-99.211174	63.390303
53.728675	13.270822	50.877834	-61.971424	-99.022130	24.803909
-57.352568	-20.013466	40.816507	-71.778149	-17.511132	88.104150
36.562494	-88.668902	77.832000	-12.339427	-38.206360	-55.302033
3.924717	9.339864	69.674445	-34.175383	27.322581	39.119063
-87.407048	99.111084	-33.486111	-86.866746	79.043853	-41.869884
-69.305524	8.052371	59.894655	-15.360298	81.731997	94.407683
2.730767	-58.997560	61.528837	54.761955	61.109801	-50.905246
57.951915	20.686181	-31.108645	67.023884	-25.954645	54.373892
26.822398	-5.011352	68.212406	-20.144934	-31.799135	-37.243840
-2.772876	-87.506999	63.673150	-99.790293	62.941580	25.608855
-30.043202	-56.371380	85.657345	-11.503723	2.805157	-75.239827
-46.196912	-77.116023	-88.039948	-48.666216	-36.225126	63.344868
-76.810567	70.404489	43.010396	-4.672463	25.967557	-99.264682
-31.722395	-2.675470	-35.407564	77.910645	10.130941	-98.090337
1.383477	-3.039320	-76.013853	66.768948	71.332214	38.185316
2.527597	-31.558888	31.920301	-4.913974	-91.254279	-48.917825
-59.261598	-31.430387	19.271170	-31.951026	62.727935	-38.886674
-70.929603	22.378159	-15.802285	70.438088	44.152574	-95.793135
-77.331634	-81.539374	94.117635	6.753646	-22.363521	-23.011560
63.565055	11.810137	-91.097803	84.805545	17.817753	71.896429
29.677095	-0.191286	-40.553409	71.898350	-97.652659	-56.955510
97.662469	55.157982	23.745734	65.360440	79.306862	-41.362138
67.029148	-4.117700	24.272974	44.761867	35.339100	-74.849259
75.985567	90.980784	-83.128945	-30.681997	26.118219	-37.714727
4.390575	-30.879169	3.588658	-1.324230	90.671989	43.721426
-30.393652	-48.860129	-17.552027	-21.795964	-50.211541	1.339258
-16.642453	-42.343406	42.791861	-78.163832	40.605831	31.601352
-11.287769	-57.057520	34.581975	41.667625	-70.067144	44.578182
45.733500	-0.207539	-15.514144	65.303494	-36.356984	-34.307249
-18.249517	-95.188700	89.274165	70.769538	77.160809	91.715573
4.256990	63.149626	28.894825	24.557539	-0.442239	22.738604
63.630432	28.759209	-59.226998	-5.824524	-81.401737	-23.647384
-31.921412	-83.812232	-11.511494	44.318396	-70.060657	-94.242450
54.421234	-79.936981	-30.630822	81.175896	-50.755044	-43.534654
-42.847501	9.513271	31.431323	-20.136872	7.840489	9.331062
45.946974	7.614660	-46.548776	40.020829	83.537103	84.928438
31.402714	78.998018	69.436260	60.160058	-50.588920	-20.990461
-53.908781	-91.402763	-65.252502	58.430918	8.043743	19.662458
-67.333135	52.182369	-19.312715	42.951937	12.803834	-48.216232
63.039499	-14.234500	98.941872	82.744922	25.825370	61.419646
78.530745	-95.039890	-35.008518	-10.362237	-7.846058	-92.500112
-52.149715	36.589945	31.983186	32.867502	18.950762	24.296041
-38.097115	20.852102	-78.500240	-73.104655	98.455917	69.416525
22.592739	13.194838	-1.698759	18.646136	-52.547976	-58.861142
46.317237	84.539898	-51.196914	91.896543	-10.696308	85.117705
94.092885	-92.437891	2.829129	-2.095567	63.719357	26.161273
-13.592615	99.394275	-63.057493	11.209788	-79.062825	78.046833
-85.843137	-83.593307	77.124993	-61.655721	79.009223	-77.897255
34.869413	14.098530	80.838800	-45.370729	-91.642241	14.192257
-69.303401	-97.651162	1.127495	84.152847	-77.089007	90.090111
-81.564827	18.044262	-18.183962	-29.478152	7.450642	-96.067550
65.445419	50.454561	-71.530017	57.173505	-88.325883	-6.384930
13.782620	-31.415653	21.316846	0.566904	-40.696103	-69.924254
-57.247059	68.085765	19.798204	-82.935799	-56.119378	-45.659731
-20.958890	9.106583	14.061467	33.656325	-48.418533	30.609157
-15.667432	21.835616	84.023047	13.160383	78.713046	33.877928
42.937078	-39.429298	-45.599987	91.755205	-78.492265	56.554488
69.061132	-24.170793	-38.825469	24.639560	-20.951620	9.920063
5.987558	-89.910403	-89.451033	43.859479	-88.965445	-56.935477
-17.826600	100.848915	75.145366	-39.163702	-64.995503	96.884151
-34.305696	79.873495	-76.384886	-23.452279	-12.064159	50.582712
87.245586	-53.505206	-82.544871	-34.876743	16.119531	93.170819
28.954972	49.054788	44.926206	-15.479473	61.456919	77.370950
-3.850319	-93.583441	32.538455	75.596415	-26.981146	-17.003085
81.822774	-62.628499	-33.545372	69.852925	24.816635	-2.545606
35.564943	72.124039	97.101076	48.592908	93.495796	-13.530107
35.963187	15.028225	-3.378620	-62.622879	21.890447	-44.870141
47.187072	-82.741724	-84.689766	-51.353284	78.978400	82.279480
9.055205	39.123309	29.552504	68.928520	-43.827882	-51.541116
47.982351	-83.498160	29.732459	29.751918	7.165931	66.615791
-79.761675	9.073771	92.701634	26.022667	74.134825	98.550418
57.372900	100.051465	63.352190	77.851327	-34.358035	-19.707468
19.385173	54.917801	-53.828965	-76.771212	-29.349482	57.302038
-63.567857	36.240071	-78.209336	14.306491	-61.396247	44.703353
-2.516866	-42.341400	-17.013865	-90.718240	6.918774	-2.165866
-78.128982	81.318179	-91.865826	-72.093640	82.016055	-70.093507
1.858502	-74.144259	-52.530032	-15.236010	-64.500327	100.995121
70.891219	42.726623	55.320442	-68.373303	29.676561	-81.823065
-37.897882	-81.667548	-20.953561	-75.356771	57.179884	-30.274379
-90.296635	64.418402	-80.855204	-24.391802	31.125841	81.890683
89.265917	-5.450467	83.134210	81.240346	-65.791131	73.030714
-7.789573	65.728959	97.123676	-73.502728	27.584866	72.797059
66.647033	-3.746066	-90.929990	-45.013176	74.978403	78.169219
-20.826617	16.090486	12.174358	-51.638719	85.835341	43.634858
5.859292	-33.899809	-68.467664	0.862510	11.263220	-71.928343
92.512079	72.402666	76.726354	-33.522436	-38.016242	18.259913
-15.292979	88.389391	100.070251	36.609513	-96.255942	-85.836097
-2.683478	-11.464629	59.957157	16.890534	3.861471	-3.045455
6.201150	76.434203	-27.963374	0.315092	-61.068112	34.152594
14.551205	-90.412558	28.266973	-61.230207	-45.922085	-77.578381
9.958045	52.616559	3.111906	88.893895	44.429664	-96.574842
13.192901	37.508692	-25.501737	15.646779	45.406620	-61.320192
94.729462	100.340796	-1.092651	-15.599029	57.989280	-40.932706
-42.423259	89.502713	53.477073	-65.290499	10.578147	-48.387659
62.554459	96.072544	82.053090	65.893243	-18.097999	17.866104
84.528334	47.988975	68.331314	62.806824	22.708688	94.549828
-71.108993	80.817982	-17.688618	97.952264	-50.685912	-17.101632
-16.076488	-21.356884	92.249381	-36.368866	57.670054	-40.222093
-85.395076	-78.863440	-90.379641	-81.862176	20.132229	42.950113
4.314211	1.516580	-35.227620	36.356593	-76.061478	-61.863797
-5.092906	-30.745165	-21.138550	38.688848	35.213692	-98.742060
45.307922	-3.818939	-70.863509	-72.078286	-51.917155	81.810280
33.274807	5.567929	54.400446	-99.132307	39.603279	82.510152
-87.044619	69.873937	96.718436	71.217250	61.040004	3.047857
90.103858	-29.693604	20.198301	-92.995132	-76.173162	-72.160692
90.067361	3.622927	-86.992278	61.209453	46.782749	26.654035
-6.593061	49.431542	-54.416299	-82.028781	27.764909	-73.446781
3.555627	80.271250	74.641417	-59.570039	4.525173	79.984385
23.608165	-55.576835	-75.654726	-77.954936	-65.011843	99.172139
13.968376	-28.481701	-12.061991	-65.443586	-60.732263	-10.895562
40.561511	74.290650	4.025504	-60.127782	31.185516	-72.630890
27.522241	-5.588016	-24.435738	-23.958265	92.153364	21.220116
71.966376	6.742891	-58.664513	54.333582	45.716225	51.541142
50.080928	-10.410850	-69.202536	-50.970760	23.823028	89.665239
45.509407	-67.781600	-32.594193	-4.611987	-68.193615	-17.517027
-39.414896	8.473653	23.568936	34.711421	8.632383	-44.372901
76.955853	63.704500	-82.905654	8.442981	28.670154	-16.808819
-74.454982	29.027654	-18.921687	82.802052	-71.582013	-48.286466
74.958154	54.426539	36.562527	85.383788	-46.519788	-76.199022
14.853105	18.230469	30.504510	-72.456941	-47.873793	72.081049
46.055719	-35.567220	30.418367	-70.924578	96.645189	-26.335719
52.816661	-51.800830	32.537032	-1.874387	-42.827342	76.788118
-5.705516	-55.613292	85.608662	86.905345	13.833187	-98.593786
58.095465	80.686369	42.801901	89.574581	35.722850	54.820718
-91.834644	11.493530	-68.297485	-89.771459	-50.077580	-16.473687
21.967977	-89.291400	98.399984	-15.619910	88.336752	66.219214
76.499122	33.341207	-85.075713	55.093068	-17.195078	-96.183969
-33.158661	69.594272	-44.191685	-74.745834	-94.879484	8.805152
-12.215087	-78.158899	76.171305	-43.989891	91.453685	59.137083
-57.070718	-44.027271	17.266829	22.052824	34.508394	85.339461
34.468234	58.365066	23.428211	-34.419776	22.078194	-1.964828
32.365104	-38.343349	77.202441	90.919472	84.644990	-42.349190
-17.474923	17.581362	-38.776797	1.201030	-34.759771	25.755363
