0.000000	0.000000	16.115003	3.301979	4.723890	14.361175
0.199159	3.269885	16.397691	6.144960	3.385583	18.149827
0.000000	0.000000	5.103459	3.037490	0.000000	0.000000
14.348370	4.133740	10.263664	0.000000	2.000000	7.000000
2.990799	0.397626	7.660568	9.624358	5.259343	11.260716
0.331388	0.000000	17.864852	8.576184	7.420536	18.048159
1.511706	0.000000	17.187351	2.677415	0.000000	1.000000
0.000000	2.000000	1.000000	0.000000	5.000000	6.000000
0.000000	2.384577	9.539574	12.643734	0.000000	15.405127
2.688146	1.695964	9.012397	12.527218	0.871730	13.943946
1.300536	0.000000	7.000000	10.000000	1.000000	8.000000
1.211986	0.000000	11.943461	2.881512	0.732780	7.890791
4.380474	1.985377	1.809321	10.127280	0.706838	20.165340
2.212218	0.000000	3.253968	8.132965	0.000000	8.789356
1.678604	5.782564	0.000000	11.000000	2.000000	4.000000
1.939437	0.000000	0.291720	16.031456	9.269843	0.000000
0.000000	0.290758	7.023718	6.808678	15.688650	17.262441
0.000000	0.000000	17.565553	9.330740	0.000000	0.000000
0.000000	0.100876	0.461720	4.569845	6.063306	17.334708
4.493357	0.000000	11.300387	8.041796	0.000000	0.000000
3.900086	0.000000	6.000000	0.000000	7.000000	4.000000
0.000000	0.000000	1.000000	7.000000	1.000000	5.000000
0.000000	0.864122	4.370166	5.979708	7.345646	8.678904
0.000000	1.282678	5.558315	2.732247	7.824122	7.282702
10.099301	7.053795	0.000000	5.000000	4.000000	11.000000
2.118489	0.000000	0.803956	0.000000	9.230954	4.398574
9.614058	2.572054	6.330685	7.893912	0.000000	14.997289
0.000000	3.880762	9.449403	0.000000	2.000000	3.000000
1.411898	0.000000	17.566649	7.598290	0.000000	11.395605
1.545467	3.567183	0.000000	5.848447	0.000000	11.834461
0.000000	1.413120	22.586009	5.292022	6.250861	6.906335
2.816261	0.000000	8.470173	2.229915	4.348054	8.002774
1.409516	0.170807	24.417561	11.334636	2.305471	15.109013
0.000000	0.000000	16.550022	7.355302	8.511704	18.877227
0.000000	8.412704	7.146463	10.028666	0.000000	8.815292
1.205852	0.882665	0.000000	5.000000	4.000000	9.000000
0.000000	1.291247	19.198343	0.305416	7.170967	9.885828
0.000000	0.000000	7.237433	10.009924	3.955991	10.492876
0.000000	0.000000	17.822824	3.552484	13.718737	13.175716
0.000000	11.000000	0.000000	3.000000	2.000000	8.000000
0.000000	0.000000	9.295838	4.592740	11.389348	8.178669
0.000000	0.829961	14.595749	4.939976	4.062886	22.547873
0.000000	0.000000	11.000000	5.000000	7.000000	11.000000
0.000000	8.000000	9.000000	1.000000	4.000000	8.000000
1.070160	8.390852	0.846117	7.384604	0.000000	29.096491
3.302903	9.193676	0.000000	5.000000	3.000000	6.000000
0.000000	0.000000	24.342590	0.000000	11.055826	5.425165
1.720593	1.331527	5.735702	23.884144	8.674687	31.130925
0.000000	9.000000	4.000000	2.000000	3.000000	8.000000
0.000000	1.458108	17.928897	2.750695	14.331961	11.209480
2.901337	5.184413	0.000000	7.000000	11.000000	1.000000
0.000000	1.127088	0.000000	9.000000	6.000000	1.000000
12.730646	0.000000	1.000000	10.000000	3.000000	5.000000
0.013494	1.840572	0.000000	8.000000	0.000000	10.000000
1.026730	0.000000	20.630807	4.305243	19.535904	26.704336
0.000000	0.000000	0.784148	4.957959	0.017961	10.659829
0.000000	0.370923	0.000000	4.000000	5.000000	2.000000
0.000000	0.000000	13.840177	6.443962	0.277419	0.000000
14.766188	0.000000	0.323969	1.526894	7.094354	11.681690
9.326176	1.103362	6.493659	10.951679	4.274658	12.309678
0.000000	11.000000	8.000000	9.000000	9.000000	4.000000
0.000000	0.000000	13.742194	5.764092	5.382044	14.344645
7.657026	3.613312	0.000000	8.000000	11.000000	6.000000
4.678785	2.862513	10.750289	8.523085	0.000000	6.000000
0.000000	3.904774	6.974139	0.000000	9.000000	5.000000
8.034509	1.444620	5.465127	8.136341	0.000000	6.080277
0.430066	0.000000	7.000000	5.000000	2.000000	10.000000
1.297012	5.026659	14.496265	5.041758	2.220474	16.099383
8.852057	0.000000	11.000000	4.000000	4.000000	1.000000
2.571418	15.378333	8.204304	14.536459	5.149317	30.528328
4.792821	4.859386	8.287044	9.995489	3.963178	19.129148
0.000000	4.000000	9.000000	3.000000	3.000000	1.000000
0.000000	1.000000	7.000000	6.000000	3.000000	2.000000
7.111173	0.000000	10.772284	6.127633	0.658288	0.000000
2.297300	16.688412	4.832443	22.053835	7.781338	33.597824
2.924901	4.915882	11.695498	0.000000	6.000000	5.000000
9.019923	0.000000	5.314234	8.099419	0.000000	8.187359
0.000000	0.000000	11.939182	0.000000	9.000000	4.000000
0.000000	2.123717	1.186669	19.700646	4.539748	24.755260
0.162960	0.000000	12.445586	0.000000	9.476053	6.981672
0.000000	0.395785	14.868799	6.077017	5.064736	17.937844
3.307204	0.754081	8.861228	8.551304	6.518858	16.286361
3.484121	0.000000	0.768300	7.238009	0.850911	15.322581
0.000000	7.000000	2.000000	2.000000	3.000000	4.000000
0.000000	1.378825	12.221577	2.400133	1.108584	5.113539
1.029728	0.395552	12.203812	12.069933	4.727276	22.912095
1.253126	5.367202	2.392998	1.119886	0.000000	8.851499
7.810160	0.069595	1.886376	0.000000	0.000000	2.000000
1.240053	0.473356	13.012640	6.527234	8.815038	17.392876
0.000000	2.772123	7.160023	0.000000	12.474422	0.000000
2.391244	4.426518	12.726742	7.289866	8.358891	15.556286
0.073475	0.000000	10.154951	0.000000	9.000000	9.000000
9.200045	0.202296	15.225337	3.774798	0.000000	12.637997
8.614156	0.776897	12.667493	7.190046	4.822471	20.838393
4.496967	4.791639	5.003121	1.809126	1.526854	13.751558
2.146863	9.750632	7.908610	7.982642	7.289946	23.338293
0.000000	5.416993	18.957344	7.299235	0.000000	5.880809
0.000000	0.000000	14.168649	11.105050	1.757645	21.478901
0.773893	0.000000	20.352168	9.748774	8.684054	12.103265
2.629127	0.000000	0.000000	1.358040	0.000000	0.000000
6.673645	0.000000	7.230629	6.501191	0.000000	9.505615
8.293948	0.000000	21.738901	5.097062	0.000000	2.818754
0.000000	0.000000	16.689861	0.000000	7.605665	0.000000
12.408890	2.313242	8.602339	16.197774	0.519216	27.179807
0.000000	4.196117	4.505476	12.374212	4.480170	0.000000
12.899271	0.276247	6.733758	0.000000	7.206771	7.629073
1.226554	0.000000	5.464373	1.422245	6.581344	19.872388
0.213567	6.553841	5.210060	0.000000	11.000000	9.000000
4.388899	0.000000	2.097445	9.765466	10.297857	19.157049
0.000000	0.628482	14.764759	4.749421	3.968330	8.577360
3.587158	0.000000	3.000000	5.000000	6.000000	0.000000
6.761606	0.000000	10.597196	3.175255	4.367296	7.519784
0.000000	11.921901	7.477749	24.001596	0.513279	19.456281
3.504257	0.000000	13.678600	6.846142	2.993391	8.033864
1.508074	0.000000	22.684729	10.713233	3.293396	14.840876
0.000000	11.000000	7.000000	6.000000	4.000000	6.000000
3.310202	4.110513	20.762961	17.532024	3.834714	26.353759
0.000000	0.036659	12.437891	3.354506	2.149639	13.583185
2.533882	5.186589	9.678686	1.773610	0.000000	20.762410
0.000000	7.000000	9.000000	7.000000	10.000000	10.000000
0.398825	0.000000	5.806014	6.802020	12.151311	15.892643
0.331049	0.000000	20.709758	3.442571	17.698773	11.466555
0.000000	4.644388	9.152262	7.275544	7.367371	21.315580
1.458682	7.700623	6.838110	12.146518	3.677755	14.148842
0.570252	2.544372	16.757031	3.295483	9.912066	21.349978
4.819543	0.000000	9.084194	9.068883	3.203271	13.858664
0.000000	0.000000	13.349841	0.000000	6.000000	6.000000
0.000000	0.000000	7.000000	7.000000	7.000000	4.000000
3.019741	0.692261	14.943540	10.612762	0.373102	10.012675
0.000000	1.000000	4.000000	6.000000	11.000000	3.000000
2.557278	2.509571	3.787759	0.418670	0.000000	8.000000
2.621079	0.000000	13.493278	4.093150	5.266078	0.000000
0.131024	0.000000	12.726175	10.461911	9.499135	14.527870
5.026489	2.279256	0.000000	0.000000	11.000000	2.000000
0.000000	0.000000	4.000000	5.000000	4.000000	0.000000
5.890664	0.188333	4.586887	0.000000	0.000000	8.552522
2.690371	19.506791	25.664315	7.279972	0.000000	17.214023
1.133990	2.502586	3.819403	2.156110	12.187039	21.653536
0.000000	8.266259	3.004238	0.000000	2.000000	4.000000
0.000000	4.033075	8.511885	8.745930	9.858609	12.802461
0.000000	0.000000	4.577369	15.351486	11.593123	20.548427
0.000000	11.000000	9.000000	0.000000	3.000000	7.000000
14.459298	6.640501	0.652770	4.509285	0.000000	16.193111
7.221631	9.276439	12.395018	11.624005	0.000000	16.513135
0.095139	0.383530	13.226104	0.000000	7.314397	11.551622
0.227420	0.000000	5.753842	0.000000	6.416390	0.000000
11.879274	0.000000	4.245035	0.000000	10.177218	4.181815
0.000000	3.000000	10.000000	0.000000	2.000000	11.000000
0.000000	4.000000	5.000000	4.000000	11.000000	11.000000
5.049763	0.018880	11.799993	7.648338	0.000000	10.568076
0.257387	0.000000	10.456834	6.534947	3.395989	10.208037
5.354194	0.000000	0.000000	9.000000	9.000000	4.000000
0.000000	0.245611	14.365585	5.205864	11.598782	11.212957
1.107680	0.925886	15.300773	13.742635	1.202406	9.986700
1.202018	4.425080	15.208422	18.223982	0.000000	22.976988
2.381573	0.000000	10.608062	10.634369	0.000000	13.087129
0.679849	1.427308	1.882527	13.806395	7.649951	8.759652
2.827741	1.323725	3.192207	2.192348	7.181504	14.360337
4.297156	5.002893	12.704549	9.800322	0.000000	21.263655
4.595309	0.000000	9.723335	11.993383	0.620679	14.521940
2.179515	0.770875	15.265941	0.000000	0.000000	5.000000
5.287239	1.298881	11.769518	12.598013	0.592949	13.611323
0.000000	7.000000	8.000000	8.000000	9.000000	0.000000
0.000000	0.000000	1.192870	6.704847	0.000000	16.503649
5.977235	9.671261	14.421739	0.000000	5.000000	2.000000
5.833484	3.940903	9.100922	10.988608	1.135206	12.604381
0.734916	0.090536	7.029200	2.568761	13.023668	15.016795
4.813653	0.000000	10.499798	1.816070	8.209047	11.270813
0.243589	0.465059	18.582426	7.553454	0.000000	13.402032
6.352030	0.276731	11.570884	8.896597	0.000000	16.667729
0.123488	0.000000	9.000000	9.000000	10.000000	8.000000
4.856226	5.730639	11.892712	11.447904	0.000000	16.791187
0.780951	2.352527	0.000000	5.000000	1.000000	1.000000
0.542997	0.439966	10.289601	11.281237	1.095405	18.870597
0.000000	7.000000	5.000000	5.000000	8.000000	0.000000
0.818582	0.180188	5.050002	14.612631	1.519352	20.127429
0.000000	0.000000	1.000000	2.000000	2.000000	1.000000
1.623562	1.084883	14.491906	14.026507	0.000000	13.742694
4.548831	0.000000	20.201786	0.000000	0.000000	0.000000
1.837107	0.000000	14.087813	10.547257	0.000000	15.597610
0.000000	0.000000	15.677815	0.923080	7.860408	0.508866
5.211528	0.000000	1.000000	6.000000	1.000000	11.000000
5.205298	6.784970	5.062962	12.891190	0.000000	0.000000
1.770915	0.000000	2.978128	0.000000	3.260538	0.000000
0.000000	1.489712	2.580198	2.153267	7.404049	19.312655
6.420996	1.679438	14.075014	2.511830	0.000000	0.000000
0.000000	0.906135	16.886840	0.000000	9.000000	10.000000
2.801694	0.000000	2.000000	7.000000	11.000000	4.000000
8.655228	5.507223	5.264872	14.165880	0.000000	11.000000
15.494230	3.518631	0.000000	1.397727	0.000000	9.252881
0.000000	0.000000	12.862472	1.033870	20.319884	13.431875
2.151043	1.314361	30.839891	4.190904	0.000000	12.205024
0.000000	7.000000	3.000000	6.000000	11.000000	10.000000
0.000000	1.023685	12.567513	10.071743	4.753153	19.469837
1.450577	0.005726	6.781355	10.118402	0.000000	16.427527
0.000000	0.000000	11.335118	0.000000	1.602670	0.000000
0.818997	5.447817	22.901360	0.000000	8.000000	1.000000
4.965245	7.772200	13.279060	2.150400	12.373235	17.628245
3.987114	0.000000	12.519530	8.649591	0.843563	28.859706
0.000000	0.000000	15.058704	7.427051	10.059821	18.195530
0.000000	3.000000	4.000000	4.000000	7.000000	6.000000
0.000000	0.000000	7.841665	6.847145	0.352836	9.300998
11.861469	8.917439	9.831353	25.825931	0.000000	22.311353
8.162906	0.578953	6.430463	5.007754	9.369377	15.786591
0.000000	0.642529	20.493990	21.769016	2.581052	27.367623
0.000000	0.000000	8.169903	4.727360	9.383764	20.132772
0.000000	0.567185	10.323879	14.880530	2.924280	30.881339
0.000000	0.000000	16.552007	6.180140	3.463404	7.159382
0.000000	0.000000	15.265955	0.000000	10.000000	10.000000
10.885464	5.997825	5.939325	15.852006	0.000000	0.000000
8.717439	1.516245	21.802519	4.009858	6.212883	2.510150
0.000000	0.000000	6.096437	7.870384	0.000000	4.000000
0.000000	7.775859	12.965749	16.184873	1.944854	19.533945
3.297643	1.236602	0.000000	8.000000	5.000000	7.000000
1.013128	0.000000	14.393388	0.948418	0.000000	16.348231
2.483171	0.000000	7.970267	0.000000	5.290208	9.728321
0.119557	1.080152	10.232477	3.437752	10.111941	10.126816
2.602973	0.000000	9.386837	11.291021	8.337208	27.450850
3.111337	0.000000	4.817256	4.299213	14.719351	16.860602
0.000000	0.000000	6.490147	1.763045	8.088415	12.944570
0.918620	2.031977	4.657679	4.191696	11.593852	11.838550
1.016942	0.970449	11.554795	0.000000	0.000000	0.000000
6.420711	15.549156	0.192344	12.863094	0.000000	0.000000
0.114858	1.400397	7.952690	0.000000	3.000000	4.000000
0.387992	1.266213	10.981674	13.943735	0.000000	16.026625
0.000000	0.000000	6.649703	3.904527	6.974606	0.000000
11.586599	0.000000	0.250424	21.306041	0.000000	1.000000
1.747016	0.000000	23.090821	2.198362	9.393243	10.316459
9.725037	4.141649	5.321613	16.335097	0.000000	6.000000
2.398215	2.009535	2.977133	3.976020	1.443476	22.647332
2.771852	10.968474	3.758444	6.851132	10.199381	13.589744
19.576195	0.000000	6.216431	1.329141	0.000000	0.000000
5.371612	2.170757	5.980833	4.962777	1.630094	5.650035
12.211775	0.000000	3.000000	2.000000	0.000000	9.000000
0.000000	0.000000	0.000000	3.000000	10.000000	1.000000
16.992053	0.000000	4.827891	17.401405	0.000000	10.000000
3.266462	0.687959	2.078272	5.039460	3.222089	15.305968
0.000000	0.000000	16.759100	4.738170	12.811633	15.415082
0.000000	0.000000	19.264426	0.000000	13.728595	7.719060
6.420978	3.902648	1.083683	10.046252	0.000000	2.000000
6.378720	1.389094	15.942622	11.916344	0.000000	9.000000
0.000000	0.000000	8.385710	5.251169	2.821992	0.000000
0.022839	0.000000	11.190115	16.579625	0.000000	12.388369
7.215604	5.541481	4.065524	20.327079	0.000000	31.621250
2.324190	0.000000	13.854939	0.000000	9.585262	10.467278
6.478055	0.618052	12.546872	3.558398	0.000000	0.000000
11.714310	0.000000	3.193718	6.997848	0.000000	0.000000
0.949354	5.686160	0.000000	4.000000	5.000000	6.000000
0.000000	1.878707	11.405225	4.804491	8.058889	19.306197
0.000000	0.000000	5.000000	3.000000	7.000000	8.000000
0.000000	1.000000	8.000000	0.000000	0.000000	3.000000
0.000000	0.000000	13.106518	3.192838	3.281926	10.066354
1.223149	0.000000	5.000000	0.000000	10.000000	8.000000
3.782923	4.978634	6.726050	0.000000	4.000000	11.000000
8.516357	5.630959	9.470547	7.912561	0.000000	0.000000
0.000000	0.000000	7.382828	3.688048	5.810960	18.094139
2.057590	1.816450	9.656156	0.000000	2.000000	10.000000
8.096949	3.067513	8.607868	14.186636	0.000000	13.501071
0.492420	1.056339	7.872175	0.000000	5.000000	10.000000
2.864454	4.579662	5.932980	0.000000	5.882726	0.549158
0.021819	0.000000	5.996214	0.681914	4.218154	7.226004
2.302745	2.675193	0.199087	15.175516	12.705214	16.393016
2.480693	0.000000	9.000000	3.000000	5.000000	2.000000
0.000000	0.669065	10.553581	1.606903	6.781479	11.320226
4.170699	0.000000	4.920919	0.752377	7.524950	6.369900
3.032308	3.593024	6.191807	14.353116	7.866244	18.758256
0.000000	0.970917	13.587925	10.248466	11.860326	22.651430
0.311616	6.099990	12.202589	5.832776	10.824124	12.091670
0.000000	3.000000	11.000000	1.000000	5.000000	0.000000
0.000000	0.736458	11.247265	0.000000	10.000000	0.000000
8.345214	2.420289	6.147416	12.096395	12.222477	16.274291
15.599459	0.017125	10.453972	5.954272	0.000000	12.831155
0.000000	0.000000	0.000000	7.000000	11.000000	6.000000
0.000000	0.789645	24.036975	4.300944	2.216436	17.448166
10.527592	0.000000	4.042940	7.350983	0.000000	8.000000
3.751044	0.000000	19.428951	5.096540	0.000000	9.454389
2.802767	0.000000	9.812081	2.134348	8.938233	23.000118
13.054393	0.000000	3.000000	9.000000	6.000000	6.000000
5.367734	0.852584	11.614291	4.191992	1.315272	8.858164
3.068558	0.055120	0.000000	7.000000	10.000000	2.000000
7.041587	0.684935	20.568805	2.116187	0.000000	0.000000
0.466622	0.000000	20.114246	6.430316	4.815707	19.875190
18.184035	0.000000	7.000000	1.000000	5.000000	7.000000
4.330949	2.395497	15.144093	5.270675	7.550533	21.459592
1.829937	0.784122	5.984205	2.141609	0.990051	8.027124
0.000000	5.000000	11.000000	2.000000	1.000000	8.000000
0.000000	0.110062	2.557929	8.712450	9.883323	0.000000
0.000000	2.421572	7.069250	13.433129	8.454805	25.742713
3.604765	0.634366	20.840213	10.930041	6.166471	22.924707
7.893795	0.000000	13.762164	0.000000	0.838368	0.000000
5.249677	6.902704	9.534264	0.000000	3.000000	1.000000
5.000904	0.000000	11.000000	11.000000	0.000000	5.000000
0.000000	0.000000	9.344563	9.754660	7.875653	15.302461
7.963331	8.679769	4.689091	11.953071	1.526142	22.097702
8.585802	3.868570	8.756714	13.150912	0.000000	20.485895
1.144534	0.000000	7.461960	3.306138	0.000000	8.654186
0.000000	0.248929	19.410786	4.187663	12.102722	11.978182
0.000000	5.000000	11.000000	10.000000	9.000000	9.000000
1.542868	6.119042	10.477201	0.000000	6.000000	6.000000
0.000000	10.000000	0.000000	1.000000	0.000000	9.000000
1.687440	0.000000	24.265058	0.000000	3.000000	9.000000
3.222865	4.343359	10.934139	2.766020	7.406080	5.021366
0.000000	0.000000	15.784649	4.692690	4.397008	4.561676
2.036800	6.506928	0.426818	0.000000	8.000000	0.000000
7.190852	1.576724	0.000000	9.000000	1.000000	10.000000
1.578042	2.809153	9.118095	7.179641	0.747447	8.668683
13.766543	0.000000	9.852166	5.403700	0.609977	9.047997
0.907716	7.130549	11.278117	3.677380	1.044383	13.576751
6.351741	12.803775	4.445672	11.739091	0.000000	10.000000
7.652382	9.806634	13.189789	7.758541	0.000000	10.000000
6.170299	0.016399	13.415157	9.605611	9.703278	21.122580
7.876537	0.000000	0.000000	1.000000	2.000000	7.000000
0.209477	0.000000	7.343119	9.406176	4.068259	13.078001
6.125305	4.876750	7.672958	9.503963	0.000000	0.000000
12.629632	9.340879	3.208730	17.890763	0.000000	20.005723
0.721675	0.000000	15.122524	2.490306	9.046581	12.587122
0.846949	0.730085	5.613659	3.847527	6.705390	10.409581
0.000000	4.000000	9.000000	1.000000	11.000000	7.000000
3.683058	0.000000	0.000000	8.000000	10.000000	2.000000
6.349823	13.592879	10.493133	5.616774	6.877362	13.897245
0.000000	1.872682	4.663521	5.831480	0.000000	4.000000
0.000000	0.000000	12.762907	0.000000	12.810054	0.000000
0.000000	0.000000	14.162686	0.000000	10.156001	0.000000
0.000000	8.000000	4.000000	0.000000	6.000000	2.000000
1.001423	0.000000	12.188349	0.000000	0.000000	11.127934
0.000000	5.594830	5.661676	8.869592	9.016305	19.388441
7.441049	0.000000	8.164845	8.372637	1.520568	6.700830
0.000000	1.324475	5.039586	4.756507	0.000000	6.576145
0.000000	0.000000	10.000000	4.000000	3.000000	5.000000
0.582366	8.181210	13.677618	3.255888	5.487705	24.767914
0.000000	14.796366	5.843134	11.373425	7.334592	23.057416
0.000000	0.000000	20.546694	3.217513	9.221568	18.276735
6.128674	0.000000	3.000000	11.000000	9.000000	2.000000
5.455596	3.941194	5.275264	13.266775	0.362166	15.249046
0.000000	0.685135	15.355177	0.000000	4.000000	11.000000
4.157743	0.940118	11.734756	0.000000	9.932274	4.362148
5.665920	7.755169	8.529123	7.977943	0.000000	13.351029
11.098493	0.983635	23.971779	0.991688	2.049056	7.958381
22.359889	4.291642	12.041966	4.036448	0.000000	9.953439
6.631128	0.495797	9.252022	11.288974	0.000000	11.000000
0.468963	0.000000	1.672555	25.069097	11.083630	26.223319
0.000000	3.675306	15.526211	0.000000	6.108019	0.000000
0.000000	0.000000	8.038164	0.000000	5.120872	2.952492
0.000000	4.000000	5.000000	5.000000	1.000000	9.000000
0.761962	2.423928	8.369203	4.811578	19.682113	20.391350
0.000000	4.000000	8.000000	8.000000	8.000000	4.000000
3.561484	0.000000	0.000000	13.701650	2.941843	15.142225
1.886136	0.964141	19.597037	11.404396	0.000000	21.176123
0.000000	0.000000	9.526558	1.743905	10.311935	0.000000
4.001970	8.972768	12.685472	4.779192	8.341553	22.068604
5.957519	15.203648	11.958597	16.691572	0.000000	2.000000
2.955925	0.487525	23.458147	6.891136	0.000000	7.159257
3.138630	1.800186	15.255430	2.504981	6.875761	7.446580
0.000000	6.184003	12.500473	9.651656	8.783895	17.620999
8.952586	0.000000	12.271701	10.989575	0.000000	13.994979
0.000000	0.000000	8.430638	6.193736	9.629919	0.000000
0.843263	0.000000	12.364492	0.702371	0.000000	5.000000
12.573982	0.368265	0.000000	9.000000	4.000000	6.000000
1.770321	1.641920	12.302479	1.478544	11.574563	8.750969
2.860461	0.000000	10.348489	6.907326	0.000000	0.000000
0.000000	7.000000	2.000000	1.000000	3.000000	5.000000
3.578174	0.000000	8.686665	3.200504	11.160553	21.630371
0.000000	0.000000	12.518989	4.926560	7.677625	0.000000
0.029126	2.553967	5.587143	7.496732	0.000000	11.737559
0.000000	11.000000	5.000000	10.000000	1.000000	8.000000
1.297879	1.831283	6.863855	14.479134	0.000000	6.000000
8.648006	0.000000	5.000000	8.000000	11.000000	7.000000
0.000000	3.230213	16.454469	7.957842	0.000000	5.000000
0.000000	4.139629	9.005809	3.839958	9.595465	11.109532
15.421895	7.498276	0.000000	1.000000	1.000000	4.000000
3.951212	2.423489	0.000000	5.000000	0.000000	5.000000
0.000000	8.717627	0.000000	5.000000	7.000000	7.000000
0.000000	1.000000	9.000000	5.000000	8.000000	1.000000
7.922584	2.721174	12.733420	17.086875	1.386460	15.507005
5.191661	0.000000	13.661612	14.411067	0.000000	11.000000
2.906535	12.430139	0.000000	4.000000	4.000000	8.000000
5.762012	0.000000	13.008307	5.292055	1.268983	1.782569
0.000000	0.000000	3.962852	1.600786	9.362701	7.720113
4.731910	0.000000	19.826443	3.729713	1.495374	3.293188
0.964973	1.656292	13.858103	3.329808	22.810817	5.069054
7.321780	0.029591	16.514290	5.185140	0.000000	11.579140
9.496938	7.372315	2.309983	7.076851	0.000000	6.000000
7.412992	0.000000	0.000000	3.984755	0.000000	5.045357
12.311387	0.000000	3.788971	9.231976	0.000000	5.000000
1.580562	0.817798	4.789480	0.000000	10.173850	4.348861
0.000000	0.000000	3.000000	11.000000	3.000000	9.000000
1.472941	0.656683	8.910011	13.708408	8.520730	20.928366
1.688336	2.161826	19.094212	0.000000	8.000000	6.000000
2.224381	0.000000	18.743324	2.930281	11.045849	5.188121
3.276549	0.374719	12.873623	14.085339	5.288963	14.094453
2.729887	5.316435	17.153613	0.000000	1.919887	15.311944
0.000000	3.000000	8.000000	10.000000	2.000000	9.000000
0.000000	10.000000	5.000000	7.000000	9.000000	2.000000
0.000000	0.000000	6.747272	2.363265	0.000000	3.376617
0.000000	4.623882	8.222562	9.666326	0.000000	3.000000
3.356465	11.859263	9.835579	0.000000	5.000000	0.000000
0.000000	0.000000	9.000000	10.000000	8.000000	6.000000
7.866568	0.000000	5.000000	0.000000	4.000000	11.000000
0.995825	0.000000	8.000000	0.000000	11.000000	5.000000
7.660203	2.826603	18.576973	6.139980	0.043268	4.585745
6.210341	0.044805	13.147542	14.583024	0.000000	22.204712
0.000000	0.000000	5.886430	14.970912	1.696595	13.083623
5.245536	0.000000	15.449331	1.967539	13.351448	2.863305
2.067901	6.999482	7.197535	10.905580	17.490518	25.328353
0.601731	1.197054	3.964573	10.238246	1.026900	15.618695
2.025669	0.000000	15.100443	12.669510	4.712402	15.553069
1.852198	11.222154	0.037216	0.000000	5.000000	5.000000
4.892842	0.119443	18.514836	7.853373	10.640853	8.976524
0.000000	10.000000	6.000000	0.000000	9.000000	4.000000
0.000000	0.000000	10.000000	8.000000	10.000000	7.000000
0.506277	5.798782	3.706785	16.205340	0.000000	11.000000
0.000000	0.988089	4.557294	6.517343	2.752029	20.973300
15.111065	1.269013	6.247843	0.000000	7.000000	1.000000
12.149958	0.000000	6.304620	2.427906	0.000000	11.369499
0.000000	0.000000	14.443362	2.965995	7.426600	4.541706
2.402565	0.000000	0.524692	6.430980	16.013438	16.896256
3.022241	0.908283	15.269973	6.931765	3.824454	28.045797
2.327169	1.609701	0.000000	9.000000	4.000000	0.000000
0.000000	5.000000	4.000000	7.000000	7.000000	10.000000
8.224710	0.875017	0.000000	2.000000	8.000000	7.000000
8.554689	0.000000	4.848874	6.384553	5.563690	15.680958
7.108322	0.000000	12.646466	18.473112	0.000000	13.105008
0.000000	6.000000	9.000000	6.000000	3.000000	7.000000
0.590552	0.000000	13.457347	10.744160	7.420229	18.968654
0.000000	2.918153	2.189789	0.000000	2.000000	0.000000
4.440030	4.444303	8.604369	7.877812	0.000000	12.889881
0.649793	0.725698	17.562552	0.000000	0.000000	3.000000
4.679098	8.280114	10.715095	14.358361	0.000000	10.000000
7.935209	4.428980	4.737784	5.231715	0.764825	10.245067
0.631628	1.231999	3.676274	27.275099	0.000000	27.281054
3.718473	0.000000	12.343030	5.655524	1.287604	0.000000
0.000000	0.000000	23.382654	9.107442	5.827569	20.494015
3.105822	10.510965	5.155677	14.565373	1.572518	15.103020
4.988827	1.252714	0.000000	11.000000	11.000000	6.000000
9.375740	1.568697	0.000000	13.087274	0.000000	10.975302
0.000000	0.000000	10.291521	3.353440	4.438163	11.891025
13.027175	9.479474	0.761780	20.871324	0.000000	22.180801
6.933280	0.000000	2.862498	14.274945	2.140672	11.869225
0.000000	2.000000	3.000000	5.000000	11.000000	6.000000
8.319219	2.988176	18.977802	9.250475	0.000000	12.827910
5.102408	2.642834	2.710286	2.878382	0.000000	10.000000
3.627421	0.000000	11.861209	3.483658	1.051360	3.514782
2.756308	1.059646	17.972693	0.616727	10.358234	11.841783
23.231245	17.291447	7.831399	8.688564	3.166110	18.850618
0.000000	3.363591	12.806532	3.042349	10.193012	14.101417
0.000000	6.489271	5.744635	12.240465	0.000000	1.000000
0.000000	0.000000	11.000000	6.000000	4.000000	1.000000
4.337311	0.814256	15.239198	0.826341	8.356985	2.533945
4.482951	0.000000	14.646340	4.006737	1.432543	9.907915
4.087241	5.142797	22.818149	13.743582	0.000000	16.935459
1.728515	0.000000	5.573467	1.645540	0.000000	6.000000
0.803744	0.262401	22.933213	2.251817	12.966479	0.000000
6.491210	1.822262	8.257236	4.028318	0.000000	8.839986
5.408753	0.000000	2.000000	8.000000	4.000000	7.000000
6.231459	0.000000	8.085021	19.119032	0.000000	17.047091
4.730824	0.000000	6.000000	8.000000	2.000000	4.000000
0.221932	1.183165	11.366880	0.000000	9.000000	7.000000
4.128526	0.000000	8.000000	0.000000	5.000000	10.000000
0.885470	2.835570	0.000000	9.000000	9.000000	4.000000
3.223041	0.159593	10.205949	10.142482	0.935054	8.758541
4.237958	0.000000	0.000000	11.000000	11.000000	2.000000
0.964515	1.217493	29.129989	9.229042	18.202554	13.344840
5.074147	0.000000	7.430147	12.415588	1.734755	19.956532
2.301783	0.319442	6.965455	13.741681	0.000000	13.211209
0.871932	1.078477	16.463505	3.788261	9.761158	17.532257
1.257141	0.984580	2.011637	3.200158	18.228704	14.350023
0.000000	9.000000	3.000000	2.000000	6.000000	3.000000
0.000000	7.666424	12.732452	16.081460	9.188469	22.358828
6.297868	0.277256	6.245093	15.109768	0.000000	16.941182
3.185171	0.000000	2.452764	10.074742	6.356281	8.883416
3.988912	1.776639	5.900743	6.744760	4.329753	9.508857
4.004243	0.000000	6.797229	18.807962	0.211861	10.863895
5.646351	3.277548	0.497535	11.923241	0.000000	0.000000
0.451774	0.000000	14.322430	3.178573	17.015274	14.483981
2.855098	5.139442	3.903432	6.003122	5.579471	11.216879
0.000000	0.000000	8.000000	8.000000	6.000000	5.000000
0.946444	2.597687	11.283861	0.000000	8.000000	8.000000
4.205720	0.000000	2.355136	0.000000	0.000000	3.000000
0.000000	7.599237	6.190978	1.152472	0.000000	3.000000
12.630176	0.000000	3.000000	0.000000	4.000000	7.000000
0.000000	0.054167	14.833603	4.574073	12.400866	15.955700
0.000000	11.394086	16.812545	12.460341	4.040568	17.934956
0.885880	1.695026	16.686495	4.392680	0.000000	2.342926
13.581725	2.796135	19.408687	13.857536	0.000000	14.257777
8.350384	1.479773	31.047642	12.900571	0.000000	17.443072
0.000000	4.707389	13.438074	26.562554	0.411235	20.576016
0.000000	1.212192	0.962145	0.000000	2.136550	7.299262
0.257132	0.779007	7.784271	13.817333	8.161830	30.196887
6.230899	0.000000	0.000000	11.435603	4.896123	13.822547
0.000000	2.000000	1.000000	2.000000	0.000000	8.000000
1.365047	2.265185	10.284729	0.000000	3.000000	3.000000
5.211855	0.565660	12.339935	4.766465	7.643224	10.988306
8.746866	0.000000	1.000000	0.000000	3.000000	9.000000
0.000000	3.000000	0.000000	8.000000	8.000000	8.000000
2.649850	0.625120	9.940311	17.168571	0.864932	10.687874
0.000000	0.000000	4.000000	11.000000	2.000000	7.000000
0.000000	0.000000	11.127697	5.607433	0.860194	0.000000
9.549087	3.188981	13.043047	5.110565	0.000000	4.000000
7.247222	5.204244	16.977065	3.951188	0.000000	11.605012
0.000000	0.000000	0.000000	9.000000	3.000000	0.000000
0.000000	0.206515	11.153927	7.865723	0.000000	10.000000
0.000000	0.535225	14.091989	0.989408	0.247655	0.000000
1.030741	0.000000	15.433537	0.000000	9.019770	15.933204
11.748603	5.638108	9.949503	8.920875	0.000000	15.699964
0.000000	4.000000	6.000000	2.000000	0.000000	0.000000
2.573243	0.000000	8.437041	0.000000	3.000000	2.000000
1.511266	3.165152	6.861162	1.438040	22.180062	16.831482
0.560039	0.000000	13.297975	4.065493	7.306630	21.569086
0.119932	0.000000	0.000000	4.000000	10.000000	8.000000
2.854972	0.505488	8.716428	1.693856	9.581958	0.000000
12.242435	2.236365	8.175637	3.876028	0.000000	5.478914
3.062227	0.000000	9.404293	7.674429	0.000000	4.000000
1.323915	0.767696	6.678728	4.506989	3.831951	7.454113
1.246914	0.000000	4.649477	4.840007	10.185918	14.041039
7.657114	0.000000	0.000000	5.000000	6.000000	8.000000
10.848558	0.000000	3.199980	7.646691	0.336350	0.301934
3.089927	5.220496	0.433172	5.643288	0.000000	4.073677
5.358368	0.000000	11.305072	4.148814	0.000000	0.000000
0.000000	7.000000	9.000000	4.000000	7.000000	8.000000
11.905724	2.434305	6.718261	17.370864	0.993392	23.873809
0.000000	6.648365	0.000000	1.000000	7.000000	11.000000
0.000000	0.000000	14.222781	7.945948	1.569029	12.278971
0.000000	0.373114	10.799212	19.180927	0.000000	17.710946
10.315749	0.000000	12.135406	8.697156	1.314604	8.983433
0.000000	0.000000	7.372750	2.472120	5.180383	4.635607
3.790893	0.000000	9.965132	4.824953	0.000000	10.170219
3.858618	0.649556	8.068114	6.380814	0.000000	18.002476
4.712018	7.461504	0.000000	1.000000	6.000000	1.000000
1.241481	0.000000	14.570620	5.706379	1.794678	6.872078
7.395019	6.351003	4.297164	4.388406	3.823358	22.576381
0.000000	1.000000	4.000000	6.000000	9.000000	8.000000
1.352510	8.142154	1.422864	1.890709	7.355379	19.039302
3.118549	0.000000	11.779179	2.298430	6.568002	3.133987
0.000000	2.989484	0.000000	6.000000	4.000000	3.000000
13.399883	0.000000	11.000000	2.000000	3.000000	5.000000
0.000000	0.000000	5.690259	0.000000	12.751101	6.263809
6.522960	0.160189	0.000000	5.000000	6.000000	10.000000
0.742751	0.674454	14.115465	6.361421	1.036862	15.293671
0.000000	1.000000	7.000000	7.000000	1.000000	4.000000
8.613486	0.000000	0.000000	8.000000	1.000000	8.000000
0.945074	0.000000	10.000000	1.000000	3.000000	11.000000
0.831547	0.000000	9.658986	3.901158	15.184878	19.289950
0.000000	0.387079	14.457868	3.917687	3.036262	14.903531
4.471726	5.639613	10.546697	7.118730	0.000000	7.000000
0.000000	0.000000	11.396404	0.000000	9.181987	8.017704
4.652543	0.285353	7.912013	7.858450	7.051472	12.711229
2.054062	0.000000	6.798083	3.792937	8.006143	3.106954
5.907320	0.000000	6.647950	8.274552	0.000000	0.000000
6.614869	0.659692	6.397783	0.000000	8.654196	0.000000
0.000000	0.700270	6.006658	10.881318	1.765490	22.624638
15.193358	0.000000	2.000000	2.000000	9.000000	1.000000
2.744051	0.499661	3.669176	8.173930	9.407371	20.827587
1.253462	6.959812	0.000000	8.000000	9.000000	4.000000
0.000000	11.000000	9.000000	6.000000	10.000000	9.000000
0.000000	1.696909	18.002856	9.009419	2.814432	12.865546
0.000000	0.127546	6.612870	4.612728	6.155622	15.636515
1.011460	0.000000	20.279521	0.000000	2.000000	11.000000
1.841772	0.620895	14.202345	17.085171	3.600716	27.880564
0.000000	7.747916	0.000000	2.000000	4.000000	10.000000
1.381238	15.739469	15.286732	13.265633	6.888071	16.955591
0.000000	0.000000	0.000000	4.000000	8.000000	9.000000
14.963264	7.279542	15.820730	17.904068	0.000000	20.775290
8.140041	4.433336	5.817100	0.000000	0.000000	10.000000
7.262061	2.100556	0.000000	9.000000	2.000000	6.000000
0.000000	2.018811	18.108463	9.489908	0.000000	4.930452
2.701501	0.000000	6.644352	2.463356	2.598575	0.000000
3.898644	0.853375	8.830451	10.298067	0.000000	17.773912
0.000000	5.059965	17.135572	4.700747	0.000000	17.221437
0.000000	4.000000	2.000000	2.000000	6.000000	8.000000
0.000000	5.000000	8.000000	8.000000	2.000000	5.000000
0.000000	1.666963	17.965147	5.981823	0.029480	18.787330
2.628979	1.009474	23.764423	8.680745	6.506262	27.078871
1.784101	0.623450	5.928506	0.000000	4.000000	4.000000
6.451585	4.097006	10.475656	11.445138	0.793745	8.271863
2.952684	2.189116	19.173126	0.000000	2.000000	0.000000
4.203599	3.734163	5.701720	10.981072	1.260751	22.154273
6.608576	0.000000	1.217697	5.967653	0.380766	0.000000
0.000000	0.000000	12.311301	2.489638	3.388505	10.061573
11.663006	1.795306	2.929724	6.014998	4.425223	0.000000
0.000000	0.804791	5.692644	6.304505	15.005638	17.303189
5.197067	2.964741	6.887305	0.000000	8.000000	4.000000
0.000000	0.000000	7.036324	0.000000	9.250029	0.000000
1.351486	5.104757	13.007082	4.307472	8.686952	14.632026
16.029962	0.000000	6.869032	9.788046	1.417734	15.511488
2.479766	7.999786	6.027881	20.310103	3.679214	15.755795
0.000000	5.177700	21.570775	16.450048	3.279443	20.526926
4.809473	6.205019	2.628571	3.508171	1.362335	16.806865
13.511062	0.000000	16.731217	3.655815	0.000000	6.656102
0.000000	6.018923	10.845317	15.412399	0.000000	19.088995
0.841964	0.855741	6.096496	3.423517	0.000000	11.218309
0.000000	0.000000	19.445739	4.703046	9.690415	18.995579
0.000000	0.000000	4.000000	1.000000	3.000000	0.000000
1.151967	0.000000	28.307222	3.252978	7.964429	13.371235
0.000000	4.875009	10.026490	0.000000	5.000000	0.000000
0.000000	0.534774	14.418881	0.000000	6.000000	11.000000
7.055553	1.975948	14.484957	4.089121	2.475489	17.472812
9.077495	2.101025	11.299487	0.000000	3.406817	0.265241
3.140145	10.795878	5.212838	8.419022	3.445767	12.523857
3.372300	17.306613	9.389080	17.464542	2.774975	17.867378
7.627908	6.365204	0.000000	5.000000	10.000000	2.000000
0.000000	0.382744	14.247180	3.160286	3.576397	16.908018
5.804912	2.359461	7.296803	7.518574	13.467484	23.318810
0.688792	7.052192	16.752683	0.000000	11.000000	9.000000
0.000000	9.000000	7.000000	6.000000	6.000000	7.000000
0.502419	0.181475	6.619811	8.596248	8.368758	8.440182
0.000000	0.000000	4.000000	0.000000	2.000000	9.000000
1.914228	4.601676	12.328121	0.000000	5.000000	3.000000
0.068273	0.196014	7.521921	10.442285	5.354055	23.330196
0.000000	0.515292	4.624487	5.615624	20.431213	17.341597
0.000000	1.000000	11.000000	2.000000	0.000000	1.000000
11.416666	4.786655	10.618560	16.354864	0.000000	0.000000
0.570596	0.374670	9.177643	6.750769	0.000000	8.194310
0.000000	8.000000	11.000000	7.000000	9.000000	10.000000
2.594696	0.000000	4.798140	0.000000	9.000000	0.000000
0.000000	0.000000	16.267304	5.997138	9.426537	15.764682
0.495933	0.212066	0.000000	9.000000	2.000000	10.000000
0.000000	3.000000	8.000000	4.000000	3.000000	11.000000
0.000000	0.000000	12.946000	10.681972	7.131629	11.436211
4.553962	0.000000	10.000000	1.000000	0.000000	0.000000
5.470342	0.000000	10.112256	13.048691	0.000000	4.000000
3.538231	1.385899	10.120472	6.472451	0.000000	2.000000
0.000000	0.000000	15.779981	9.899155	4.789348	18.571714
0.122271	0.000000	8.000000	3.000000	5.000000	4.000000
0.000000	3.659979	14.512047	16.620770	0.000000	12.662458
4.138966	0.000000	18.040994	3.425321	5.650508	9.154250
0.881260	0.816519	13.398220	0.000000	11.000000	6.000000
0.000000	8.000000	1.000000	8.000000	7.000000	10.000000
0.000000	2.789112	4.743314	0.908287	6.933190	0.000000
0.000000	10.000000	2.000000	11.000000	3.000000	3.000000
8.448376	0.000000	11.000000	0.000000	1.000000	3.000000
6.422327	0.000000	2.944031	9.037512	3.697292	9.532710
8.705123	1.617900	6.773997	0.000000	8.000000	0.000000
1.194654	1.618977	11.574778	7.532411	11.732809	0.000000
0.000000	8.000000	10.000000	6.000000	1.000000	0.000000
16.080965	8.119459	11.188902	0.000000	1.000000	6.000000
0.864589	1.648429	7.188402	5.183928	16.610037	11.144612
1.789085	2.781105	13.330767	4.134065	9.545162	8.552844
0.000000	4.559981	8.095667	5.428308	1.977529	11.685037
2.632114	0.000000	10.768230	7.291744	7.667160	0.000000
0.000000	0.000000	7.071215	0.000000	2.000000	4.000000
0.058782	4.917744	5.849769	15.399576	2.862106	22.674386
6.192381	0.000000	5.000000	4.000000	5.000000	8.000000
0.368368	3.143365	7.287045	12.718858	0.000000	10.000000
1.464914	2.383059	17.000015	2.815346	18.440471	6.633171
2.425462	16.508793	11.734033	0.000000	1.000000	1.000000
0.000000	10.000000	9.000000	9.000000	4.000000	11.000000
0.148645	0.065858	12.317216	7.058616	4.173393	8.918680
0.495926	0.000000	10.598167	0.000000	7.000000	6.000000
0.598338	0.000000	8.622955	0.000000	8.000000	7.000000
6.266864	0.000000	14.222498	9.369854	0.905480	11.417206
7.124313	0.000000	16.671579	5.312485	3.132942	0.000000
5.707895	11.195926	0.000000	0.000000	9.000000	3.000000
10.278170	0.000000	12.082443	1.549818	7.889942	5.430627
0.000000	1.145317	18.853471	3.951343	5.740103	20.742180
0.000000	0.377650	8.338689	8.473530	2.102447	14.552537
0.141849	0.000000	12.477348	13.837736	0.000000	8.000000
0.699119	0.458139	11.871594	11.339681	12.930265	17.620780
0.000000	0.139363	8.910675	3.089083	11.429850	16.084776
0.302636	0.388355	0.000000	7.000000	11.000000	8.000000
0.000000	0.000000	10.330585	6.757995	1.222800	18.962916
3.190771	4.034899	13.508740	8.463976	3.707469	13.711741
0.000000	0.905137	17.771260	14.831764	5.939774	26.952516
1.478349	0.000000	26.524501	5.328934	5.087920	22.847704
4.925053	0.000000	16.378276	3.468899	5.348546	7.129501
4.748925	0.000000	8.324863	6.169985	0.000000	2.462881
2.484923	2.211421	8.213844	5.944570	17.307027	11.250902
0.000000	6.000000	11.000000	8.000000	1.000000	7.000000
4.215300	0.000000	3.000000	4.000000	7.000000	7.000000
17.842797	4.292249	2.452296	9.640605	0.000000	11.002267
4.845984	9.203932	0.000000	3.000000	5.000000	10.000000
2.270847	0.000000	5.231246	0.706972	0.000000	0.000000
1.904283	0.000000	7.900390	6.392330	0.000000	0.000000
0.000000	4.300399	11.707971	0.000000	9.000000	9.000000
0.867669	5.398381	15.640448	0.000000	11.000000	10.000000
11.536141	6.483187	4.671597	7.715561	1.381327	0.000000
0.077993	0.060468	11.498957	12.975647	2.682710	18.603720
17.353098	0.202283	6.994611	13.714074	0.000000	19.670513
6.844989	1.824191	3.268567	10.004309	6.103031	15.860359
2.016831	7.594209	1.153266	0.000000	0.011912	4.985172
1.128383	11.889386	0.000000	5.000000	2.000000	6.000000
0.929284	0.000000	2.500175	1.672480	4.321214	0.000000
2.791217	0.576389	5.329740	0.000000	10.000000	9.000000
0.000000	3.412112	13.428948	8.355651	8.255131	23.161248
4.689679	0.998605	16.632790	21.444484	6.471235	34.601617
1.013091	0.000000	4.458906	0.000000	4.000000	5.000000
0.242644	0.000000	4.000000	9.000000	7.000000	10.000000
2.606125	2.572214	13.827490	25.139163	1.238598	21.028691
0.643628	13.260980	19.581500	10.491488	5.442760	13.027779
0.397680	0.756473	7.925506	5.651876	10.547335	27.546058
2.851487	0.000000	4.000000	1.000000	11.000000	11.000000
5.339371	6.351581	10.882026	16.578884	0.000000	22.797970
0.000000	3.000000	9.000000	10.000000	4.000000	10.000000
4.814013	0.697233	8.811147	13.155731	0.000000	14.361397
0.396231	0.864271	10.667569	4.817412	0.000000	19.755983
0.000000	0.000000	7.000000	10.000000	2.000000	0.000000
11.907048	0.000000	13.310706	5.545857	0.197159	15.762351
3.369543	0.000000	8.499063	8.011756	5.378914	12.569125
24.436667	13.265359	0.000000	18.527228	0.000000	17.658537
3.029892	2.413708	0.000000	7.000000	5.000000	8.000000
0.000000	0.948783	16.212665	0.000000	10.000000	5.000000
0.101691	0.000000	5.810175	5.801791	8.093540	13.049712
7.572343	2.636879	1.703540	0.000000	12.723898	10.099494
3.123930	0.980808	16.933470	4.780975	8.891219	15.432852
0.000000	7.000000	6.000000	2.000000	0.000000	0.000000
1.857497	1.328962	12.218413	0.000000	5.219905	0.000000
1.445684	6.633900	7.607365	12.555207	0.000000	2.000000
15.992416	0.000000	0.535861	6.783830	3.006220	10.291121
19.362465	0.000000	8.000000	2.000000	1.000000	2.000000
7.297568	3.378078	14.878306	0.000000	1.000000	11.000000
0.000000	1.000000	2.000000	1.000000	2.000000	4.000000
3.496469	1.240016	0.000000	6.000000	4.000000	2.000000
3.446962	0.000000	13.859634	4.704906	3.423652	12.028105
0.000000	9.943575	7.654824	13.528912	0.000000	0.000000
10.054812	0.255859	11.139447	3.810335	1.411378	15.303510
17.441467	3.640200	5.627355	3.666695	4.689488	0.000000
10.645187	0.895150	11.636733	8.937460	4.597298	21.181163
0.216382	4.405276	13.798664	3.599604	8.743700	13.459947
8.434296	0.000000	3.000000	8.000000	3.000000	6.000000
3.249671	0.000000	2.834561	7.222790	0.000000	10.597661
8.175336	7.078305	14.458217	9.611231	9.987787	16.514856
4.164547	0.411647	12.766022	8.887506	0.000000	14.206502
5.597906	0.000000	2.572762	13.914924	2.223518	13.380567
4.729220	0.000000	15.711310	7.245869	0.165693	15.073529
2.813896	0.000000	17.323966	8.276350	3.499554	15.037958
0.000000	10.000000	5.000000	4.000000	7.000000	7.000000
0.000000	0.000000	16.218701	1.923985	4.232804	0.000000
3.424276	0.139593	4.658043	0.000000	6.000000	0.000000
2.622090	0.000000	13.381694	3.439911	3.410266	14.138472
9.303765	0.000000	0.000000	9.000000	6.000000	8.000000
22.388439	1.595172	7.478861	6.172234	0.000000	7.000000
4.771807	1.275089	0.000000	1.000000	6.000000	6.000000
3.629979	0.000000	15.302541	0.887535	2.956270	0.000000
10.422582	0.000000	13.528428	2.698764	6.393041	3.210145
6.767863	0.923650	11.684082	0.000000	0.000000	0.000000
0.000000	6.176413	14.009755	6.792026	7.520413	13.140677
0.332855	0.032515	16.441722	11.674538	3.667227	9.811528
0.151883	0.000000	15.378017	6.029457	8.389445	16.325155
1.001023	1.446624	16.452013	21.397910	0.000000	22.055356
3.024193	4.209819	11.069615	0.000000	10.886856	10.894688
12.634297	13.214918	6.065422	4.373799	4.202357	11.242683
0.000000	9.000000	0.000000	2.000000	11.000000	4.000000
10.835771	0.000000	0.928573	12.458542	1.702077	8.956894
3.004438	19.863632	13.839674	3.804964	12.718813	11.482803
0.000000	2.557370	23.215035	15.936398	1.761503	21.789832
1.638740	0.000000	5.180724	5.642914	0.000000	6.000000
8.650968	0.000000	5.000000	5.000000	2.000000	0.000000
1.114001	7.382166	18.489884	15.742150	6.300593	33.187298
0.000000	0.000000	4.000000	8.000000	11.000000	0.000000
1.989134	0.767800	18.795095	12.766469	0.000000	22.866820
0.000000	0.000000	10.700186	2.168091	6.207982	0.000000
5.486488	0.000000	10.605335	15.322324	8.877462	15.433120
9.996991	5.262791	0.000000	7.000000	6.000000	7.000000
0.249831	4.181224	24.139521	2.746442	2.904170	10.211585
17.148513	2.202761	5.581945	1.443520	3.903692	9.164721
0.000000	0.000000	5.826826	0.283468	9.598714	0.000000
0.000000	0.000000	0.000000	8.000000	4.000000	8.000000
3.909495	9.341166	2.784348	4.175303	5.658799	13.624248
0.000000	0.000000	9.000000	4.000000	4.000000	8.000000
0.000000	0.000000	3.356645	1.176759	2.922270	0.000000
15.351440	2.481032	11.164968	4.979548	4.605533	13.862760
3.443435	0.893432	9.615696	16.149142	6.390070	20.501082
2.520070	0.000000	8.365374	15.718127	1.878671	20.236723
6.611354	4.830069	0.000000	5.000000	1.000000	2.000000
13.623733	0.000000	4.000000	5.000000	1.000000	0.000000
0.899926	0.000000	20.030389	24.714723	0.000000	36.536907
0.000000	11.000000	1.000000	7.000000	2.000000	0.000000
0.036982	3.031636	12.846220	8.549303	0.000000	14.275019
5.054323	0.000000	0.000000	4.000000	6.000000	8.000000
0.000000	9.117287	18.323972	8.856918	0.000000	17.469292
4.101870	0.000000	11.914910	0.000000	8.000000	2.000000
0.000000	0.000000	8.000000	9.000000	7.000000	1.000000
0.000000	0.000000	12.257272	3.068200	5.084054	21.150535
1.588494	7.287754	19.485248	13.497838	0.000000	16.032690
2.816747	2.174565	6.056445	13.764666	0.000000	3.000000
0.375708	8.830185	10.700976	11.779679	1.100185	16.692292
1.457848	0.000000	17.076184	2.983835	15.288834	18.151865
1.593260	0.000000	18.431535	8.261625	3.384481	6.279966
0.000000	3.000000	3.000000	11.000000	9.000000	5.000000
0.000000	2.740679	15.769538	0.713115	24.912905	8.350548
0.367873	0.000000	11.000000	7.000000	1.000000	10.000000
0.545258	0.511363	15.374779	3.395177	8.289857	16.655420
3.017819	1.858924	6.933324	7.689300	2.868202	7.047359
5.802871	9.564204	5.951161	0.000000	10.000000	7.000000
2.116321	0.385800	15.160591	8.888016	11.481762	22.045601
0.000000	2.408279	8.139176	11.445469	6.041493	22.349528
5.099412	2.713729	12.512978	6.681646	3.005774	16.416693
3.248246	15.544107	0.000000	0.000000	3.000000	6.000000
0.000000	0.000000	6.343520	10.277806	6.164365	0.000000
0.000000	0.000000	5.000000	6.000000	11.000000	5.000000
31.252226	13.421885	6.751848	10.826008	0.000000	16.990413
11.289378	0.000000	11.128616	11.100223	0.000000	0.000000
0.000000	0.000000	11.308393	6.849865	1.226982	16.513324
7.627905	0.000000	0.000000	11.000000	3.000000	11.000000
2.853887	1.790670	7.125784	13.726922	0.000000	16.690896
7.270168	1.531254	18.772845	15.019464	0.772827	22.096769
7.718566	9.578102	0.000000	9.020268	0.000000	6.000000
0.000000	4.523445	0.000000	6.000000	9.000000	9.000000
1.510516	0.000000	16.047031	0.000000	8.000000	4.000000
0.000000	0.796158	6.361707	4.229558	19.675668	20.757062
8.339342	1.977922	12.667942	14.374287	0.000000	15.573848
5.830429	6.026187	2.292171	9.711384	0.000000	7.000000
3.084641	2.260736	3.929861	4.743977	0.293047	14.192842
0.000000	0.000000	8.049792	8.597701	10.679952	18.327111
1.273565	0.179138	19.244835	8.202296	5.757219	18.327971
0.000000	4.000000	9.000000	2.000000	11.000000	4.000000
11.788536	0.000000	14.590382	3.777010	2.968951	18.920002
17.001266	0.000000	6.027251	7.020930	1.865526	12.933427
5.805156	0.000000	16.388239	3.980079	2.612808	11.035526
0.000000	0.351290	5.506600	2.025634	5.500344	16.294818
0.350798	0.523506	8.772622	12.623385	2.277822	24.970997
6.620485	0.000000	6.000000	11.000000	8.000000	1.000000
0.000000	0.019749	12.242425	2.544903	10.780813	9.742550
3.379944	0.000000	7.397821	2.814489	10.729038	0.000000
0.000000	8.000000	8.000000	11.000000	8.000000	5.000000
6.849513	0.000000	10.000000	3.000000	3.000000	7.000000
0.000000	11.000000	2.000000	10.000000	10.000000	5.000000
5.933246	4.499996	16.796802	2.545299	3.237152	8.988413
0.000000	0.000000	2.231131	4.085933	9.061387	0.000000
0.000000	0.000000	7.000000	0.000000	2.000000	5.000000
8.295418	0.409702	2.044696	22.153067	1.114022	33.874065
4.762991	16.303839	5.474745	18.334059	0.000000	3.000000
0.000000	6.000000	8.000000	0.000000	2.000000	8.000000
0.000000	4.767799	7.974814	9.454171	1.315420	20.224378
0.000000	3.000000	6.000000	2.000000	7.000000	7.000000
0.000000	5.000000	5.000000	4.000000	8.000000	0.000000
6.506778	7.319896	16.478804	5.736747	0.000000	4.000000
0.000000	4.000000	2.000000	3.000000	9.000000	7.000000
13.735465	0.461002	0.000000	1.000000	1.000000	6.000000
7.187861	0.000000	4.113675	2.805615	0.000000	3.272706
0.000000	5.000000	7.000000	1.000000	1.000000	0.000000
0.193769	0.000000	7.618713	10.477123	4.527151	16.339176
0.000000	11.000000	10.000000	1.000000	4.000000	6.000000
0.408188	0.000000	1.468898	0.000000	1.956806	0.000000
5.551551	0.000000	0.000000	0.000000	4.000000	0.000000
5.710188	5.858232	2.842748	14.346273	0.000000	2.000000
0.000000	5.000000	10.000000	5.000000	5.000000	9.000000
0.000000	0.000000	2.000000	8.000000	5.000000	10.000000
2.513623	0.000000	6.977146	13.842626	0.000000	18.805094
6.469051	5.435959	0.000000	11.750273	0.000000	14.659837
1.218542	1.798632	2.421404	0.000000	4.790363	0.000000
1.616687	1.444644	22.843059	0.000000	8.000000	4.000000
0.000000	0.000000	13.853021	4.851876	8.423008	13.429160
8.775520	0.000000	8.582390	5.085131	0.000000	13.630403
8.399205	9.504587	0.000000	5.000000	2.000000	4.000000
2.746552	6.224670	4.780774	8.492461	8.443964	18.102361
0.000000	10.000000	9.000000	9.000000	7.000000	4.000000
0.000000	0.000000	4.000000	5.000000	5.000000	8.000000
0.000000	6.000000	6.000000	0.000000	7.000000	10.000000
0.000000	0.000000	6.904354	0.000000	8.398591	7.523920
0.000000	2.350916	10.017311	6.048463	0.791015	19.115564
7.976621	1.588809	3.377722	0.000000	12.353663	7.120367
1.385967	0.000000	3.048849	15.187206	3.664465	11.034745
6.966307	4.346941	17.974264	4.384755	3.538620	4.066468
0.000000	4.000000	3.000000	4.000000	0.000000	5.000000
3.279315	0.067418	0.000000	5.000000	10.000000	7.000000
3.178533	0.000000	11.327716	8.144957	0.339735	27.267558
0.792984	2.246587	15.657062	2.905491	6.664055	18.215894
6.713336	0.000000	6.547685	7.749304	4.568244	9.344981
7.328571	8.761220	8.705511	15.110965	0.000000	24.417078
0.000000	1.358085	4.451864	22.083637	0.000000	26.102415
0.000000	2.000000	5.000000	8.000000	0.000000	5.000000
1.746084	0.000000	23.293710	1.765043	13.175724	12.998627
0.087011	0.416310	19.487399	5.670144	5.589451	8.627313
0.860969	0.000000	1.913037	1.237966	4.517074	0.000000
8.749759	0.000000	17.359829	11.702459	0.000000	12.584751
2.908064	0.000000	5.381860	6.301725	8.630451	14.387265
6.449719	0.000000	7.000000	0.000000	8.000000	9.000000
0.000000	0.000000	0.000000	3.000000	6.000000	4.000000
0.000000	1.627826	1.585652	3.608151	10.122439	0.000000
0.959907	1.449431	21.302176	11.009935	5.155019	22.087943
18.235418	9.288672	21.474949	10.346794	0.000000	13.522891
1.234399	1.438290	12.180188	11.246557	0.000000	22.719990
0.000000	0.000000	9.557989	3.389882	6.756199	10.855441
2.347979	1.914175	5.072257	16.535082	2.042009	20.389828
8.649090	0.650487	10.892844	11.442983	0.000000	15.080811
4.272037	0.000000	4.277691	4.007743	3.459704	8.572331
0.000000	8.031049	3.881520	16.100878	0.000000	24.462716
4.022626	3.389868	2.040926	17.055185	0.418280	19.810766
3.844835	0.000000	7.280963	9.928717	4.364482	16.330853
0.917269	3.957383	5.802216	7.400353	8.035711	26.502466
5.225257	0.000000	16.042063	7.031117	8.311569	18.035339
0.000000	2.546942	0.000000	9.000000	4.000000	8.000000
7.701678	10.332187	10.569065	0.000000	5.000000	7.000000
4.848202	1.968281	3.404909	21.071185	0.643578	35.966040
0.000000	0.000000	12.324202	5.697736	0.000000	11.548836
0.000000	3.405604	2.527034	24.136300	0.000000	7.000000
3.786309	2.241331	13.453852	5.757874	0.000000	13.722242
0.000000	0.000000	14.861728	9.073712	0.000000	6.000000
0.000000	0.000000	3.000000	3.000000	11.000000	5.000000
1.873680	4.627220	0.000000	7.000000	2.000000	9.000000
2.424718	3.030379	20.165355	9.914298	0.000000	19.407251
2.901100	1.037124	18.411642	14.836339	0.000000	0.000000
8.526270	12.998323	10.074183	0.000000	0.000000	8.000000
24.297542	0.000000	3.702731	1.560379	0.000000	1.627320
0.000000	0.771640	0.000000	6.000000	10.000000	1.000000
1.480298	3.042980	0.000000	7.000000	0.000000	6.000000
2.430837	1.556033	17.203545	0.681850	18.665514	6.297857
7.172263	7.181209	9.676927	10.442212	0.000000	8.000000
3.794182	0.000000	21.048030	19.602692	0.000000	0.000000
0.000000	11.000000	3.000000	7.000000	7.000000	2.000000
0.074438	0.000000	4.872296	11.294897	0.000000	14.670858
0.000000	1.476522	14.119742	9.045119	4.864500	21.395846
0.000000	0.889551	11.529671	18.295685	8.494751	17.215345
0.000000	0.000000	17.912928	6.783169	9.835506	15.945928
2.849908	1.697446	17.018732	4.279292	0.000000	12.975144
8.609968	3.494187	7.902546	5.280208	0.000000	12.123682
0.000000	2.000000	8.000000	9.000000	5.000000	0.000000
2.871648	0.244286	15.890319	6.365912	10.007532	22.700395
1.690862	0.000000	11.231731	2.251352	0.000000	0.000000
10.306698	2.826834	0.000000	8.000000	2.000000	5.000000
0.516788	7.521192	3.963217	0.000000	1.000000	10.000000
23.896431	2.935715	12.273661	24.053250	0.000000	32.631249
2.064233	1.795051	10.172279	12.263226	0.000000	23.618581
3.449172	0.000000	14.396130	4.063225	0.000000	7.000000
0.000000	0.000000	5.449884	10.468266	1.023677	12.995381
6.693191	0.000000	8.000000	9.000000	3.000000	10.000000
14.335877	0.000000	19.236587	5.781367	16.146093	7.846539
0.000000	6.000000	1.000000	4.000000	3.000000	9.000000
8.516907	0.000000	10.000000	0.000000	0.000000	2.000000
1.420574	0.000000	12.179247	2.746518	0.000000	2.093145
7.326258	0.000000	6.348079	5.781248	0.799013	13.192517
16.330695	4.707367	4.010830	8.757141	0.000000	2.000000
0.877017	1.451432	0.000000	10.000000	5.000000	8.000000
7.282530	0.000000	6.854962	21.156155	0.000000	17.881403
8.097247	1.722662	11.878601	16.771882	1.454630	6.159177
0.000000	7.603885	6.722711	5.159487	0.000000	16.014863
0.000000	3.000000	6.000000	4.000000	9.000000	10.000000
0.000000	5.000000	11.000000	4.000000	11.000000	10.000000
0.000000	5.713357	5.992191	9.197369	5.520262	20.077417
0.000000	0.136347	8.272483	1.504804	2.370847	0.000000
0.000000	0.000000	5.745181	8.405968	1.888172	7.985113
3.494388	1.506889	0.000000	6.000000	7.000000	1.000000
2.469911	0.000000	0.299853	7.224557	0.000000	0.000000
0.991584	0.000000	5.950999	12.590129	4.725642	11.858903
0.000000	2.900275	6.341243	0.000000	4.594212	6.752202
3.153393	0.000000	2.000000	7.000000	4.000000	11.000000
4.958871	0.000000	10.601577	2.431447	0.000000	6.476397
7.117408	8.306894	7.207337	10.523628	0.326640	22.298111
0.000000	2.770508	14.014570	3.137102	1.846962	15.846929
4.432831	0.000000	8.000000	4.000000	4.000000	1.000000
0.000000	0.182800	15.014927	10.483325	0.000000	12.194191
0.000000	8.672646	5.979335	15.913721	0.000000	14.209317
1.017988	0.000000	0.000000	7.000000	3.000000	1.000000
0.460538	2.021095	24.268374	5.152758	7.051766	17.221285
3.703695	0.000000	15.531962	6.604931	8.923224	2.462275
4.573482	7.400954	6.461745	19.317242	0.000000	28.035228
0.000000	0.000000	14.520571	2.971204	13.456220	0.000000
2.556448	0.000000	13.658221	0.000000	7.000000	6.000000
1.690930	0.000000	11.000000	11.000000	1.000000	10.000000
12.127926	8.701892	8.851337	11.612555	3.122654	12.297931
0.000000	0.157329	4.154994	3.907667	0.170688	12.337597
4.627027	0.000000	6.892282	8.556091	1.077177	16.283555
7.528346	2.469966	10.214456	11.971635	0.440446	13.916444
0.632100	6.708275	16.255526	7.140611	0.000000	20.776260
1.458888	9.108505	27.686693	11.478154	4.363951	30.668573
5.762929	6.005256	4.569307	7.764725	0.000000	8.466108
0.818884	0.000000	9.152353	15.257925	0.686502	30.557195
0.000000	0.382323	17.081773	13.612898	0.000000	10.430063
15.226958	9.473514	0.000000	4.000000	2.000000	6.000000
6.079391	0.000000	9.000000	2.000000	1.000000	11.000000
0.000000	3.554529	16.140641	1.109977	4.370365	10.134850
7.419615	2.501983	11.948488	0.000000	0.000000	11.000000
8.376048	0.000000	11.608203	7.703430	8.427054	8.088040
4.098082	0.000000	4.318887	7.996583	2.297704	8.730130
0.935012	0.000000	4.218688	1.200414	2.471229	0.000000
2.213792	0.115518	11.092323	5.656565	5.187524	9.170511
0.262315	1.352634	23.980060	5.917296	7.391651	21.304721
3.470931	3.881171	12.742418	9.315201	0.227697	16.691798
2.172761	3.563935	9.695437	0.000000	3.000000	11.000000
4.889295	9.612698	27.046076	20.146379	0.000000	21.321166
2.563804	0.000000	4.967798	1.841214	14.313746	16.826231
7.668716	0.000000	0.000000	0.000000	0.000000	0.000000
0.707145	4.586458	4.146353	8.126473	2.160288	19.572844
0.000000	6.350882	11.277417	0.000000	7.000000	7.000000
0.000000	3.256033	6.545302	3.907143	0.000000	0.000000
0.057466	5.700981	1.590082	2.126422	4.261197	0.000000
0.696047	5.098473	7.607279	6.293129	3.511488	10.057527
0.000000	3.000000	8.000000	5.000000	5.000000	3.000000
2.965907	8.004280	3.191524	7.869660	1.200071	10.353697
0.000000	0.000000	0.000000	6.000000	0.000000	2.000000
1.763761	1.419358	24.006786	6.626602	4.975200	15.872837
0.000000	9.000000	4.000000	10.000000	5.000000	4.000000
6.800558	2.463866	13.484876	4.179863	4.552024	8.694884
2.166215	0.000000	3.000000	7.000000	9.000000	10.000000
8.676955	0.000000	2.066130	11.887090	0.000000	23.644951
5.476203	4.386241	6.285542	0.000000	1.000000	0.000000
4.026402	7.562343	11.423588	3.539469	3.838190	15.311771
0.000000	1.821040	21.080413	3.569818	12.129865	12.564744
6.429118	0.000000	4.000000	7.000000	0.000000	3.000000
0.680425	1.535449	10.752257	7.217653	7.401038	25.401546
1.146200	0.000000	6.000000	8.000000	6.000000	5.000000
5.978655	20.338765	18.099872	0.000000	3.000000	7.000000
5.519826	0.000000	11.286120	2.801767	4.476595	9.312084
0.000000	0.000000	9.861742	4.036021	3.347980	4.802104
0.000000	1.339774	23.211333	3.335572	2.856483	20.763470
14.184465	0.000000	7.338938	0.000000	1.981929	0.000000
0.599089	0.277410	11.140238	2.868132	3.794188	17.071679
0.000000	9.000000	2.000000	11.000000	1.000000	8.000000
1.409344	0.000000	16.190111	0.000000	11.000000	9.000000
0.000000	4.495008	13.187689	3.669173	12.191139	11.639675
