16.642012	24.637949	-8.258199	8.435338	-4.789692	5.711806
25.104985	8.242838	3.915355	6.266903	1.816907	2.748228
7.000000	1.000000	2.000000	6.000000	8.000000	5.000000
29.989463	10.117019	-1.947641	13.474317	2.922803	-3.893502
15.478314	11.188209	3.000000	6.000000	10.000000	9.000000
20.446570	4.948123	-7.686090	9.000000	9.000000	7.000000
17.623869	11.350704	-10.406412	4.764632	0.269405	-8.053596
2.141026	5.667612	-8.552092	5.319363	5.178675	-2.258071
13.593625	7.700744	-7.821296	-11.422763	3.000000	1.000000
9.998837	6.883669	-1.933132	7.619648	-6.082044	4.000000
11.410021	7.121399	-1.273186	9.998068	2.679182	1.825246
14.391614	5.745036	2.142385	9.305600	8.787640	3.765203
7.031379	9.804443	-7.400343	9.885569	-7.268525	-7.035210
7.000000	9.000000	7.000000	11.000000	8.000000	10.000000
16.814389	0.967122	-3.308277	8.245994	-4.831176	12.166033
16.723790	-4.053368	6.813885	-5.666487	-8.024917	4.514260
17.108671	6.596214	1.267772	7.805829	1.803859	-10.728113
18.924833	5.993849	-6.823016	6.000000	5.000000	4.000000
12.451406	6.000000	9.000000	10.000000	5.000000	4.000000
9.242945	16.226623	-17.207059	4.926304	8.964057	1.054382
22.406542	1.282129	-8.821779	0.109657	-6.985372	4.659453
17.088474	12.192275	9.000000	2.000000	4.000000	10.000000
11.533267	14.458831	-5.544665	0.742175	-14.354436	-0.554559
9.016235	9.620231	-7.700340	6.747205	-3.761072	-0.667911
23.632642	18.656491	1.435920	-1.691941	-8.786358	-4.135620
23.797228	7.370502	2.638742	6.749390	0.406533	6.891885
21.524243	-3.921442	6.183216	-5.283047	10.713770	7.793336
21.395278	11.012526	4.284649	9.167155	-4.103691	6.303620
21.186126	8.670498	-1.717095	8.304325	1.229863	7.634373
22.312574	13.666148	-1.838539	7.130130	0.919532	9.854453
4.633829	18.155586	-12.246807	0.041385	10.020496	8.000000
24.311646	11.254950	4.829646	9.389211	5.928266	6.341788
8.696303	5.798839	9.000000	10.000000	7.000000	9.000000
15.310195	1.813250	-3.969883	3.000000	6.000000	8.000000
18.894384	18.735230	-8.058622	3.316274	3.000000	4.000000
9.993174	13.341291	2.104965	4.663385	7.460573	13.333858
23.284680	9.481707	5.588683	-7.747587	5.073717	1.371116
17.214818	16.819712	-11.736029	0.601026	9.117106	11.041239
-1.375572	8.080068	-5.428530	6.927854	-6.190683	-2.234353
21.759664	12.551687	-0.546444	13.311291	2.014415	5.136433
16.835760	8.983535	4.000000	5.000000	1.000000	5.000000
4.292678	21.495893	2.000000	8.000000	1.000000	3.000000
26.367305	13.187093	-11.434152	6.289071	1.670583	6.921125
36.872854	14.896323	1.078843	9.461159	-0.548305	9.638822
16.106724	10.000000	11.000000	4.000000	6.000000	9.000000
10.484166	18.954386	-5.623642	8.279045	-7.541567	2.430633
21.830714	17.280151	0.839601	7.793455	2.018138	-1.740287
25.997506	13.076084	-10.221621	8.270676	9.047448	1.663965
12.057634	10.370838	-2.536350	9.254123	-6.034534	-0.486766
22.927329	7.911795	-0.546998	15.388583	-1.995960	14.235776
8.641467	6.498611	-2.798492	-5.366913	-7.498867	6.338587
29.398955	16.346072	4.264864	13.607478	-0.051786	3.116322
7.869227	2.769238	2.883074	6.903916	1.254507	9.488078
12.299732	7.947189	4.429147	2.841053	11.441972	7.437837
21.375061	14.222278	-7.829492	11.674268	-16.045655	-0.255235
25.484361	8.260955	4.000000	4.000000	8.000000	10.000000
31.627576	4.713549	-6.065108	18.327484	15.791511	2.881233
1.000000	11.000000	5.000000	11.000000	9.000000	5.000000
15.921567	17.400892	-5.281535	10.903709	3.810713	8.415686
18.311094	13.229070	3.881194	7.289716	4.803635	-5.152180
21.619696	17.838454	4.953062	6.475335	-3.675844	2.150317
16.222806	13.722536	-5.188080	8.000000	8.000000	0.000000
20.544687	5.309727	-3.557070	14.775445	-3.029776	-9.558363
12.849247	21.680151	-20.436968	2.665330	-9.853560	0.000000
23.400597	10.071635	-5.627819	8.674192	1.759678	4.866948
0.750983	16.113060	7.000000	3.000000	9.000000	11.000000
2.000000	8.000000	2.000000	0.000000	0.000000	8.000000
4.609659	9.508478	6.529346	10.467261	3.804297	-9.441399
22.596792	8.820352	-3.671873	16.370076	-6.664323	8.432534
16.555518	20.249442	10.738047	-0.406121	9.181086	3.527963
9.000000	11.000000	11.000000	7.000000	10.000000	2.000000
29.335027	3.997106	-10.229361	13.643322	-3.694718	-5.348444
2.000000	7.000000	0.000000	8.000000	6.000000	10.000000
1.015435	1.692311	6.000000	0.000000	3.000000	6.000000
16.787358	1.770926	-9.356133	13.091784	-5.942386	8.558169
2.000000	5.000000	8.000000	2.000000	3.000000	9.000000
25.582976	13.158031	0.264372	4.294493	4.120420	-0.161391
15.760292	4.230944	-6.510325	-7.431506	5.388923	-0.770070
15.289598	7.618908	-3.323951	6.946654	5.000000	3.000000
34.251080	24.087299	-0.017685	10.178654	12.046046	11.475070
13.447329	0.487768	-2.236355	-1.096133	1.737044	7.908395
7.000000	2.000000	9.000000	2.000000	8.000000	1.000000
18.948861	-4.035700	8.945428	0.750419	-1.631594	-0.177123
10.938022	12.252011	11.000000	1.000000	8.000000	6.000000
20.966790	13.838609	1.132314	-13.141733	2.429588	2.803516
15.232632	14.891977	-10.450987	8.000000	6.000000	3.000000
21.846940	5.365501	6.576433	15.336053	12.962542	1.000000
7.404350	10.610439	-5.238933	6.000000	5.000000	2.000000
12.950325	5.365324	-11.017460	3.729352	-0.328441	2.705230
21.223495	16.690230	-5.447840	10.164829	4.263442	-0.890912
13.376440	2.202625	-1.203406	0.175966	4.000000	11.000000
34.041476	15.550674	-5.869953	10.650424	2.348359	-0.215066
17.144288	2.000000	2.000000	4.000000	8.000000	2.000000
20.819742	8.330345	-0.544397	-0.754383	7.095941	6.532927
13.365756	0.173622	-1.002109	2.843632	-2.498078	2.000000
12.124743	-0.174292	8.000000	2.000000	8.000000	6.000000
28.176113	16.957529	5.796614	4.000000	9.000000	11.000000
11.000000	8.000000	10.000000	9.000000	10.000000	8.000000
14.541929	10.504177	-6.690227	-16.151742	-8.058686	14.177595
14.622974	4.872323	1.068628	7.000000	6.000000	2.000000
10.337751	13.245571	-2.147034	-7.405111	-10.989922	18.530249
5.922843	12.099877	-0.689711	-0.097699	5.626308	-4.278247
26.210470	22.464956	-4.718716	14.119845	-1.182745	9.418224
21.081335	12.091798	-1.913860	6.285017	0.970559	3.897357
15.384313	-9.729461	8.164050	8.187275	-1.452067	-6.386605
24.745014	15.305256	-4.643260	10.379599	-11.302319	6.450093
10.000000	0.000000	8.000000	3.000000	4.000000	1.000000
22.650605	15.495334	-1.663345	5.497821	6.685453	1.175477
15.665199	8.490071	-4.084837	-0.141518	3.319433	3.457132
27.206885	9.340082	-6.574868	11.518409	0.302754	8.901169
14.877380	0.812208	5.356415	9.208854	6.641939	-1.008751
20.671800	12.091822	-5.599749	5.022236	-10.753790	3.055674
26.618281	5.446991	1.415568	7.780092	-5.464200	-11.795840
4.000000	2.000000	6.000000	3.000000	7.000000	7.000000
14.605954	1.885919	-2.817296	-6.027005	-0.404576	8.994208
24.639541	16.106042	6.394547	11.453338	7.158709	4.373886
18.093680	11.402766	-9.010658	5.805343	0.389940	6.000000
10.836580	15.066869	0.197430	10.252089	1.187599	0.000000
26.070183	6.870727	15.273601	6.144727	4.157527	-0.917569
2.175659	8.364862	3.011018	4.861139	0.447457	-4.543470
10.212556	2.810340	9.000000	1.000000	7.000000	4.000000
16.580288	12.194103	0.790147	10.000000	5.000000	8.000000
19.724963	15.557360	-0.990811	6.753253	2.968346	-0.281242
6.330903	6.901851	-9.960581	14.515361	-0.730674	6.562861
16.804687	23.622466	-7.058270	7.128860	15.336435	-1.786640
-1.958568	8.418747	-2.338044	-2.722121	-10.457094	3.823151
23.332629	5.000000	1.000000	0.000000	2.000000	2.000000
12.268664	5.636029	-3.480741	11.338194	4.000000	0.000000
14.303478	14.677061	-7.930695	6.948880	2.675537	2.485087
24.306684	31.066324	2.756574	16.467435	-5.707378	12.467054
5.000000	2.000000	2.000000	4.000000	5.000000	7.000000
28.283828	14.700366	7.387743	10.256370	1.185865	2.581220
24.847471	13.911407	0.337996	2.144136	3.284611	0.547651
12.575123	28.981692	11.702254	7.708227	1.484477	5.000000
1.376304	2.427086	-4.709464	-5.159905	3.569947	-14.710049
20.459386	7.000000	1.000000	11.000000	7.000000	4.000000
17.919731	-0.002309	4.431187	3.657636	-1.438215	11.341663
30.075413	14.442912	0.507170	11.225575	11.418112	3.630818
21.617495	5.985589	-7.376420	1.000000	0.000000	2.000000
8.862784	16.278662	-1.664341	10.104629	9.432463	8.751131
30.604703	8.121864	2.000000	10.000000	6.000000	1.000000
10.991989	15.383445	-0.231583	4.189567	11.000000	1.000000
13.447050	8.591993	8.248298	6.560453	1.000000	5.000000
14.878762	8.517000	-3.194978	4.595256	-2.125095	-4.709662
19.720964	3.000000	5.000000	6.000000	1.000000	7.000000
15.537659	11.595796	7.944893	16.825590	13.900654	5.736401
10.264901	5.460609	-3.598274	-4.617050	3.218073	-9.712836
23.410588	9.575750	3.163953	14.787709	0.862382	20.182954
5.181833	9.179207	2.226049	-0.935243	-16.101870	-5.913648
28.281529	12.368735	-4.932693	16.768518	-16.933550	-3.440938
13.083759	3.905913	-2.609109	11.053452	-8.134070	3.500093
30.025085	7.787358	-2.615699	11.727149	-2.245672	-0.350524
13.479307	6.195849	2.487494	3.000000	11.000000	3.000000
19.098565	13.469125	-5.098585	8.848983	10.519580	6.344642
14.256341	12.668145	-1.249238	-0.113848	-2.470591	8.015146
21.402171	10.862534	6.126104	0.053685	4.000000	9.000000
14.112673	-1.066682	-2.987877	3.292756	1.516081	10.000000
22.810289	18.053719	-3.179508	8.706705	0.200213	4.000000
29.302771	17.266422	-5.391108	10.191619	5.261965	5.884203
23.973492	3.197020	-2.559069	2.765770	-8.131546	-1.555503
22.848142	14.438667	-8.712938	9.682181	9.654597	5.743044
12.646299	10.000000	2.000000	0.000000	10.000000	8.000000
27.541385	16.960267	-3.478556	11.837321	-4.923879	3.520457
14.021670	3.835303	-12.961744	3.000000	8.000000	1.000000
18.529756	15.732667	5.519927	-8.860929	7.000000	10.000000
14.165072	12.716791	4.926793	17.168644	14.518973	9.711512
21.324865	20.028367	-11.530783	15.711323	-11.469873	5.720387
11.941244	3.000000	4.000000	3.000000	0.000000	1.000000
16.717141	15.573359	6.200547	-4.478617	3.714253	4.215119
18.306661	11.202677	-10.262325	-10.810658	-5.229454	-5.677054
15.014210	17.359225	-4.373114	10.119832	-1.005270	1.455797
6.000000	11.000000	5.000000	11.000000	8.000000	6.000000
10.816836	13.691583	11.000000	11.000000	2.000000	8.000000
2.000000	4.000000	10.000000	1.000000	3.000000	7.000000
23.667629	1.650887	-0.059821	-2.860396	2.246416	9.000000
15.988472	11.611816	8.179890	9.171556	0.000000	7.000000
13.816153	23.882106	-1.728597	7.549742	-12.003422	-1.138464
15.876718	-0.725991	0.149184	11.655970	6.363221	-2.749987
15.927884	11.072890	1.000000	9.000000	2.000000	9.000000
18.249598	11.957138	5.866823	3.702105	11.000000	11.000000
14.519905	4.503321	10.000000	10.000000	8.000000	9.000000
20.934570	16.082574	-5.980502	-4.859432	-8.921709	-0.761900
15.623675	13.768887	-0.785205	19.486857	12.321384	2.525058
10.084201	31.876920	-5.830927	8.580204	17.881356	4.376331
24.219907	3.974146	4.000000	9.000000	10.000000	9.000000
12.349886	8.819327	-14.045569	7.283935	-5.070927	-2.570751
23.960960	11.730600	-2.849178	-3.430870	10.000000	4.000000
31.883322	25.124311	-6.423876	10.421890	-2.781794	-2.485168
19.455054	13.696757	2.908493	14.914797	-9.745136	3.864448
13.316801	-8.549353	-23.255835	-10.545787	2.044969	-5.916524
5.000000	9.000000	6.000000	9.000000	6.000000	10.000000
19.661136	15.567537	6.780037	3.751661	8.806976	7.512931
11.000000	9.000000	5.000000	1.000000	2.000000	6.000000
22.535373	1.848478	-6.881888	7.760153	-13.244157	14.857205
36.370648	9.226368	-8.074684	21.583659	0.478853	4.159206
27.362746	8.000000	0.000000	9.000000	3.000000	2.000000
19.117370	5.842013	-6.776146	7.887661	-5.250193	-0.688694
24.734895	8.875891	-5.288738	16.500870	6.707458	4.016842
11.495176	4.541332	4.060243	3.845377	2.000000	4.000000
1.983902	23.800046	-7.355421	4.882863	6.000000	0.000000
25.860551	12.522508	-2.600726	0.363630	4.442336	2.797365
25.457012	3.143924	-1.888207	1.001567	-4.188966	-1.024920
29.210272	12.460975	-1.442428	5.315100	9.174784	4.756987
24.380356	10.508516	5.000000	10.000000	4.000000	6.000000
4.023492	1.565778	-0.708981	-6.967840	1.000000	4.000000
14.357479	11.000000	2.000000	1.000000	2.000000	4.000000
6.134615	8.474123	7.408051	2.386967	9.000000	0.000000
16.668028	7.000000	2.000000	9.000000	7.000000	2.000000
24.130945	2.000000	9.000000	7.000000	8.000000	10.000000
4.000000	8.000000	3.000000	5.000000	9.000000	9.000000
2.971109	10.434550	-12.891570	5.290333	-8.150760	7.270231
17.845619	10.273064	-11.094230	11.078456	-4.748526	5.999621
14.098303	13.356540	-6.967120	7.000000	1.000000	8.000000
9.000000	6.000000	10.000000	6.000000	9.000000	11.000000
28.284883	16.451279	-5.155219	17.371650	8.997722	4.049676
32.944697	9.320774	-9.750094	12.043667	-11.118726	10.646907
16.309828	11.313692	2.000000	6.000000	9.000000	0.000000
14.955580	-0.006557	-7.582788	8.119342	-12.668729	-1.005115
21.406312	11.731676	-5.362535	6.801772	-2.018474	4.892782
7.153293	26.152618	-8.063805	0.826187	-1.445096	1.482762
14.472978	20.269741	-2.921822	6.008542	9.771055	-0.258210
2.812797	-1.966165	5.280074	-3.615412	6.034895	-5.917877
16.128161	21.291130	-5.795928	12.937031	-3.052773	8.081318
19.108797	18.761849	28.373749	0.506061	4.199223	6.608853
34.549389	8.283830	6.112244	-1.109870	1.283553	-0.740433
17.027770	1.462991	-5.164109	2.620484	-8.696552	-4.895438
6.027037	12.306869	2.605556	16.887439	-3.045701	5.000000
17.615793	16.754057	0.116995	21.279413	14.109011	-4.588604
12.756211	16.385733	-16.897229	5.063130	6.051036	3.430235
24.865558	16.592321	-0.935352	10.752158	3.640847	-9.736189
20.702818	15.758663	-4.800533	1.525396	3.815236	9.167304
11.360882	14.358122	10.608712	13.260210	-5.321143	6.879851
0.921651	5.729905	0.881184	4.000000	1.000000	6.000000
11.301609	17.115038	3.707728	14.104831	4.085786	4.886319
12.766210	-12.137254	3.702570	8.553390	2.284504	3.091266
6.680766	22.599727	13.462863	-2.533496	-5.965935	7.317444
19.850525	10.988468	3.115938	14.503997	1.068091	2.822021
11.853149	16.394947	-7.475294	6.045541	-2.051719	-6.326813
12.789367	3.231898	9.438933	-7.698861	10.937280	7.697125
20.563716	15.339532	-4.303642	14.232928	-4.146295	1.810765
8.886211	5.515032	1.509644	9.270337	4.897772	3.413240
20.277267	19.075625	8.432502	4.821845	12.729858	0.669409
11.477265	5.819486	-10.708307	11.499335	1.000000	0.000000
7.450060	6.058494	-1.201907	0.015049	0.029118	7.958731
19.769765	9.858987	-5.921112	5.805109	-3.228515	5.000000
18.906127	13.290763	-20.991531	10.573175	1.866268	8.000000
11.000000	10.000000	2.000000	6.000000	10.000000	6.000000
18.598093	4.890229	-4.968485	0.091296	-12.757596	3.506813
24.182798	7.934009	3.538032	2.000000	9.000000	4.000000
26.739824	12.104543	1.051768	0.766935	6.000000	8.000000
5.521397	-8.902770	-3.146459	2.826787	4.259663	-0.713619
17.008049	15.722131	4.330648	12.303611	-11.679986	17.995041
21.287378	0.614913	5.916160	4.143712	4.000000	2.000000
11.910245	14.898462	-7.096344	-0.770331	0.763076	1.216294
23.072625	10.160685	-6.878886	8.000000	8.000000	9.000000
15.544502	14.643125	3.000000	7.000000	10.000000	1.000000
12.378741	16.269634	11.000000	8.000000	1.000000	1.000000
11.693474	12.723445	-10.235083	9.067242	-6.431560	-1.485584
23.787741	11.049207	-6.588163	0.000000	1.000000	6.000000
19.828675	-1.882324	1.724390	12.029577	11.696713	0.900207
27.218240	1.297408	17.091392	7.588507	11.247915	7.534756
21.072163	16.931356	-5.344430	0.493002	-8.737779	-0.843894
15.996783	8.562487	3.453963	7.020968	-3.926351	-2.409772
14.028145	10.064541	-5.310520	-4.428661	-17.521562	10.266157
25.901837	9.735675	2.344317	9.858341	13.928818	3.000000
7.827946	3.000000	2.000000	1.000000	2.000000	2.000000
15.827774	2.168423	-4.261482	3.275216	-2.543139	15.132245
20.901737	4.355267	-1.215022	19.334457	18.052169	13.988863
9.000000	9.000000	4.000000	10.000000	7.000000	2.000000
12.705322	18.608221	-2.646222	7.000000	6.000000	10.000000
23.547807	-3.643551	-8.263939	-4.098056	-15.803577	12.302554
14.814378	11.744263	-1.253777	15.911734	6.023805	8.000000
14.848863	21.656366	-6.566935	1.824360	2.656454	-0.009074
12.983559	4.267514	13.517868	6.050133	22.778812	9.490193
9.144755	12.238957	-3.360119	17.611139	2.445228	0.039884
15.634698	4.715475	-6.433449	-5.731618	-6.807553	-3.898465
8.297331	16.810343	-6.480785	11.073049	7.298364	-2.101690
14.321099	2.142003	-6.015642	12.737517	-11.249491	-9.644037
24.209140	8.809076	-2.712876	1.505922	5.539551	12.160725
17.566822	9.456537	-8.124911	3.115546	8.000000	7.000000
23.192528	0.000000	11.000000	3.000000	7.000000	0.000000
14.882466	15.695787	0.655065	2.080285	0.000000	2.000000
25.765937	14.907309	0.032501	-2.639224	-3.399752	-3.341627
15.573150	8.827340	5.949031	-5.954234	-2.608101	15.054253
3.328136	15.531597	-3.451437	11.266003	7.113570	2.000000
19.203227	13.606667	-3.224358	14.813384	-2.373614	-1.971355
14.743988	12.811130	-3.404391	-3.166722	1.000000	7.000000
28.196755	11.343534	1.913174	-0.041239	6.622613	9.400736
12.348742	30.087734	-6.871881	6.325795	-2.547611	1.982942
24.255499	1.042683	9.538424	-3.948076	-3.805988	14.466834
15.710734	4.663744	0.000000	1.000000	2.000000	1.000000
20.282428	8.513336	-6.530732	1.182357	-7.370871	7.982041
2.129883	8.000000	3.000000	7.000000	8.000000	2.000000
16.938617	6.571653	4.784958	-0.506219	1.000000	4.000000
14.788100	12.499985	18.536592	-4.528775	3.000000	0.000000
30.753425	0.356476	1.401329	1.307643	12.688873	2.762953
16.286000	8.996723	-2.694016	18.583339	8.490818	-1.678765
10.192734	1.859175	0.984367	-1.266224	9.000000	4.000000
15.059013	9.240584	-0.408392	0.663662	-2.410021	-5.250048
28.905904	30.980507	-13.992425	11.739068	-1.499645	1.249487
16.134708	8.720249	12.237029	8.560398	13.593931	-5.904401
11.882023	24.990686	-7.408397	15.206429	-3.088343	3.109304
15.221668	0.474105	-12.327143	10.201633	-0.223524	-2.213967
19.589218	3.407218	-3.779685	4.060577	6.000000	0.000000
6.160718	13.678529	-1.111607	4.383774	5.047613	4.940128
19.879551	15.130034	-10.394235	17.156085	5.524546	10.000000
20.164674	8.386194	7.498121	3.752831	12.068468	-4.261766
10.988495	4.726405	-1.329032	-4.782307	14.544678	6.147537
28.003224	7.929509	-4.669004	10.521274	0.661835	-7.459406
6.344435	11.230210	0.500560	-4.267090	-8.976718	-1.427172
17.090895	10.567692	6.613219	2.545124	12.041222	1.536186
15.307829	3.842656	-7.566040	2.832049	8.000000	9.000000
10.745969	5.120847	-10.267085	1.935777	11.000000	3.000000
7.000000	9.000000	9.000000	9.000000	1.000000	7.000000
3.653103	2.584106	-2.953381	-0.461664	12.108980	3.817453
29.533408	9.656861	8.930274	4.120276	0.414572	15.856889
14.386372	13.690109	-10.149036	7.623875	0.884976	-11.261754
3.420209	7.886059	20.680300	13.931518	-1.658269	9.098806
12.453449	22.342084	-12.662251	5.603749	2.851802	2.288727
15.484165	7.953041	0.576287	3.969328	-6.315528	1.238356
7.000000	8.000000	4.000000	7.000000	8.000000	3.000000
12.820375	12.924475	-4.374852	1.677840	6.499078	6.218614
23.891324	18.196031	-9.614794	5.132317	-11.945021	6.684956
9.952189	0.000000	9.000000	1.000000	3.000000	0.000000
16.962488	13.751403	-15.196523	9.384151	3.071171	4.037207
3.000000	2.000000	5.000000	0.000000	6.000000	0.000000
9.000000	0.000000	7.000000	5.000000	6.000000	3.000000
16.682282	19.020184	-15.569383	0.279278	0.165484	2.415806
1.000000	5.000000	4.000000	5.000000	0.000000	2.000000
18.741265	15.554045	-6.206820	15.085962	2.647662	8.000000
7.141871	10.001376	0.631077	7.285670	4.711572	1.000000
18.804932	12.752946	-9.814805	0.107172	-0.735143	9.694418
20.504250	9.985292	-4.932997	-2.134889	4.081024	-2.876148
19.261067	7.000000	4.000000	11.000000	1.000000	1.000000
28.307433	12.451320	3.125613	8.948284	6.012946	8.526605
26.793748	12.312015	-3.359753	5.925668	-6.942598	3.085220
10.952554	8.852572	6.673583	10.000000	8.000000	9.000000
23.950840	15.052999	-9.181315	5.105755	4.289196	0.000000
11.414300	11.441444	5.983385	7.131938	0.249314	5.744861
21.256372	14.252601	-0.349586	1.048817	2.519833	0.270373
18.075212	13.165971	4.000000	1.000000	10.000000	4.000000
9.226439	17.909950	5.096392	6.387874	1.000000	4.000000
26.182012	20.792459	-5.545318	14.035519	1.775746	6.040479
3.777757	5.299503	-4.287880	-5.509818	-0.166096	0.639673
20.060849	13.224732	1.487684	4.786170	8.302020	4.295698
4.372978	6.000000	7.000000	1.000000	3.000000	4.000000
28.475933	-2.319656	1.000000	3.000000	9.000000	0.000000
20.380697	12.048931	-8.449227	6.175545	4.082297	-3.873614
21.129484	5.075472	0.635635	3.653656	9.000000	10.000000
29.758649	13.635796	0.829330	-5.688432	0.980437	1.528947
20.417343	13.815325	9.309001	9.391419	16.183871	0.833746
18.670148	7.782998	-0.370581	9.238361	-4.386972	7.388637
9.415173	13.465345	-4.645464	6.572801	5.248098	15.337886
10.666774	7.767720	-7.632034	2.505353	11.116351	7.287884
18.269426	22.452193	-5.137332	3.000000	3.000000	4.000000
14.414080	17.820544	-9.088232	5.609705	1.202312	-6.262239
17.502408	3.000000	9.000000	4.000000	10.000000	5.000000
5.000000	8.000000	8.000000	5.000000	9.000000	11.000000
17.573390	11.429023	-2.026913	4.150764	-6.652513	-0.165781
14.657997	6.266002	1.460124	5.000000	2.000000	2.000000
19.861489	13.283326	-11.994812	1.088572	-9.223432	-6.522463
16.716345	4.038475	3.539048	5.493440	-0.991322	-0.816917
11.704113	11.603862	1.798415	6.775326	-1.877226	-2.096492
18.635358	14.124580	0.000000	7.000000	6.000000	9.000000
18.441855	10.033484	-10.055957	21.641095	-6.298584	2.843670
25.434499	-10.293596	10.000000	11.000000	8.000000	10.000000
17.244540	19.759824	-11.925826	0.204843	-2.607904	6.846583
25.279837	6.417876	-2.719415	-4.848248	-8.584137	8.347107
3.000000	4.000000	4.000000	1.000000	6.000000	9.000000
12.966979	8.272404	-6.285765	-5.330896	-11.662646	18.803637
14.670518	4.925129	8.311653	-5.856684	3.268520	-3.282281
14.793284	8.106046	0.754575	5.000000	4.000000	0.000000
11.118978	9.989970	1.584858	2.120075	5.060137	2.155645
27.861079	16.340085	-6.807238	13.738019	-8.870773	2.412775
14.999600	9.376801	10.000000	9.000000	3.000000	10.000000
12.198328	7.647207	3.901936	5.000000	1.000000	11.000000
24.165509	15.034099	-1.295662	10.501301	-6.778531	2.643840
17.499163	9.067970	0.549412	0.482313	9.000000	9.000000
18.036871	14.243463	-4.396495	0.000000	6.000000	0.000000
17.896051	6.828611	2.919126	-4.206510	5.196109	3.482372
9.000000	2.000000	9.000000	2.000000	7.000000	4.000000
3.927303	5.641606	4.000000	7.000000	8.000000	8.000000
7.901270	25.732401	-2.827239	23.158580	9.071595	7.000000
16.288790	18.828121	-8.733628	12.468842	8.164661	-11.416373
23.556958	10.000000	5.000000	9.000000	7.000000	8.000000
14.901523	18.157368	-9.418929	3.000000	10.000000	7.000000
15.658222	7.000000	3.000000	4.000000	9.000000	7.000000
-0.935906	6.714380	-23.784960	3.185274	-1.910685	8.370719
18.534445	3.868039	-4.007714	-3.925243	5.000000	5.000000
11.084272	14.878365	3.662621	21.071354	-3.484307	-0.132596
17.972020	13.015795	-20.349378	8.813003	4.467093	-10.716416
20.508380	4.594079	11.000000	5.000000	9.000000	0.000000
23.028066	8.363929	-4.959781	21.026851	7.783261	10.983991
12.088024	19.917575	-9.106568	18.578841	-6.365712	-0.257673
11.360520	13.676072	6.000000	4.000000	4.000000	8.000000
33.667072	7.193647	3.319582	0.993775	9.290776	7.732959
8.962415	4.000000	6.000000	11.000000	4.000000	9.000000
29.172823	18.197720	-1.872181	14.587108	-7.496480	12.131358
30.929093	15.678147	-0.509113	17.513804	-8.648769	-0.047889
23.030611	3.014757	-3.101884	7.196642	1.388948	5.839727
0.000000	8.000000	8.000000	11.000000	0.000000	7.000000
6.160065	17.695942	9.077870	10.102161	0.000000	1.000000
14.746724	18.296887	11.859188	-4.364499	10.000000	5.000000
6.000000	11.000000	11.000000	4.000000	0.000000	5.000000
22.061410	11.738650	-20.787114	12.667361	-1.370652	13.065996
10.923735	5.300090	0.000000	7.000000	9.000000	0.000000
9.764366	11.389713	1.662917	5.355200	-5.559109	-2.192873
29.477917	3.000000	7.000000	1.000000	1.000000	4.000000
15.138106	8.627647	-7.196529	19.527316	7.067528	7.863011
29.373289	19.920828	-1.150750	8.605236	-0.696660	10.156524
12.767941	17.568232	0.759190	7.591431	-8.112426	0.540922
5.000000	6.000000	8.000000	5.000000	1.000000	1.000000
9.330210	19.875814	-18.569348	5.567325	-4.821362	-2.538850
13.955990	11.000000	10.000000	1.000000	5.000000	7.000000
9.594937	24.240099	8.000000	4.000000	11.000000	3.000000
6.497469	-3.280648	-14.509374	2.954355	1.547174	1.631301
18.426725	14.307163	2.895109	7.831279	-2.669111	10.000000
11.450772	13.169265	-0.608293	1.000000	0.000000	0.000000
28.636804	11.000000	7.000000	0.000000	7.000000	0.000000
23.800268	8.429138	-2.849601	-6.622737	0.370805	8.279762
21.564139	-8.380154	-5.806296	5.865423	-10.144407	1.006112
15.840776	4.000000	8.000000	8.000000	7.000000	3.000000
16.630511	12.505100	-8.313915	12.859374	-0.176556	-1.621116
27.216636	6.000000	8.000000	11.000000	1.000000	11.000000
19.273107	12.330770	3.611530	-1.618957	-2.771608	-4.304630
20.461103	23.332509	2.000000	2.000000	4.000000	4.000000
3.958058	11.031974	9.948487	3.244617	-0.188276	27.860701
18.157125	11.626783	-2.758410	10.444970	7.058804	0.075880
17.971961	3.550986	-9.739983	7.730052	-0.853742	-0.446886
11.000000	0.000000	1.000000	0.000000	4.000000	7.000000
19.932261	-10.375782	2.224194	-5.134381	1.276214	-14.314302
21.190704	13.572095	-11.249505	15.746853	1.902132	5.000000
10.207841	19.004913	0.000000	8.000000	1.000000	8.000000
26.077521	13.922820	-0.947233	0.313211	8.000000	8.000000
18.427113	14.653074	-11.749342	6.687953	1.231027	8.376424
11.090842	6.479234	-0.014707	11.091171	1.227776	3.990175
9.991689	9.000000	3.000000	6.000000	7.000000	0.000000
15.558726	-0.060342	-4.398382	12.977685	11.594844	3.179002
15.058474	-8.798386	-7.035939	10.669720	1.175921	4.070827
15.035113	11.530280	4.736529	9.325888	-4.551313	-1.008267
16.608333	10.645164	12.313648	5.738008	-11.519634	4.958690
30.519152	9.813042	5.599114	8.436169	8.825828	3.000000
16.354199	22.231910	-5.357337	9.000000	11.000000	11.000000
2.000000	5.000000	10.000000	10.000000	0.000000	6.000000
6.000000	8.000000	1.000000	1.000000	7.000000	6.000000
14.178480	5.971776	4.941814	3.373749	-1.272999	0.933984
20.701789	6.372166	-8.938363	13.971764	10.873089	-7.409015
7.998371	-0.222764	3.652653	-0.743189	-3.481625	9.390917
23.556586	13.016701	-1.497805	5.339538	2.364637	2.603882
28.669183	10.301637	-11.020687	-2.405943	-16.281495	10.620753
4.716843	18.963814	-1.287082	2.493656	17.132418	0.038204
16.866319	6.663310	-9.981981	4.000000	5.000000	1.000000
13.238708	16.051112	-12.614520	12.872062	-1.982104	8.860241
6.251689	14.386202	5.753515	-2.021475	2.000000	4.000000
8.152601	-0.977239	-0.490203	7.286060	7.765325	5.876328
12.263874	1.000000	8.000000	4.000000	10.000000	8.000000
6.772792	7.541568	5.713247	2.326721	-10.664531	13.853785
8.426360	14.353600	2.409161	-8.731956	9.296881	22.259703
37.539172	15.327856	2.471513	11.347769	1.102520	2.744488
8.000000	7.000000	5.000000	1.000000	10.000000	0.000000
22.093317	6.150452	7.802715	-6.741267	10.000000	2.000000
9.270500	9.556100	13.005974	-4.981988	2.493009	-9.092982
16.713234	6.371698	11.000000	3.000000	2.000000	1.000000
13.852440	12.541212	-5.927442	9.469215	0.436303	10.394993
27.584893	10.204808	4.865043	12.869144	-1.736461	-1.438286
20.656566	12.518344	-7.806579	8.955324	-11.134623	8.744901
1.000000	4.000000	1.000000	4.000000	2.000000	9.000000
24.919469	12.789769	-3.730225	19.667665	1.215056	0.719666
16.075200	16.974749	-11.149286	8.247297	-3.351201	13.257232
12.901307	6.055821	-11.761503	-0.245528	-12.958028	0.982301
10.614840	15.548908	13.960199	0.109276	-1.972187	13.316209
28.040642	8.987338	3.000000	7.000000	7.000000	7.000000
20.529518	-3.819435	1.667180	-3.177651	7.074790	-0.728310
6.000000	10.000000	11.000000	10.000000	7.000000	10.000000
24.188014	12.689657	-8.832445	9.316854	-0.443264	0.929096
16.552055	9.390842	-11.559486	12.816199	-0.751465	2.000000
25.283740	13.832123	-1.980162	-4.906239	-4.090835	0.689410
21.492136	13.213928	-0.610129	10.033217	1.318300	6.176103
15.592246	6.325275	-7.000780	11.915827	14.766417	5.462269
6.673729	13.346766	-4.006629	18.381846	-3.922892	1.000000
16.079959	12.160430	3.527288	13.862873	1.453955	8.840325
19.222234	20.426733	-10.948472	5.845467	-8.697293	1.104186
35.022023	19.145011	-0.970044	-5.722422	4.927433	10.648697
18.063120	8.000000	1.000000	5.000000	6.000000	10.000000
24.730740	3.000000	8.000000	8.000000	11.000000	11.000000
14.771359	12.309227	-7.243050	11.795323	-6.424026	9.983268
15.975000	3.000000	4.000000	2.000000	10.000000	11.000000
17.983574	2.724837	3.079531	-1.341776	-11.825646	7.063249
13.193763	9.717385	-0.644676	5.750921	-19.690087	0.274366
8.000000	4.000000	10.000000	6.000000	11.000000	4.000000
10.007957	16.743934	6.442184	-4.340180	1.000000	3.000000
27.190970	15.608613	-7.855388	12.226783	-2.628818	-3.121380
12.396181	-2.999677	-1.726061	-10.543424	-6.933182	-4.347386
25.623157	3.634986	1.553437	-3.090993	-8.025079	5.130273
11.047028	20.134950	-1.737717	8.277200	-2.183264	-1.553258
26.691999	8.825976	-11.827690	11.980889	3.252582	4.000000
16.351113	2.966828	-16.842708	12.556633	2.951971	1.815066
12.107584	22.084790	-1.915071	6.391672	2.112449	-6.627947
8.661179	12.672608	4.681996	6.320256	6.313915	7.609349
19.762720	-1.715700	13.634452	6.680416	11.000000	6.000000
9.590264	10.038206	6.098871	-1.848334	1.951539	28.597793
21.363782	24.416511	9.000000	2.000000	10.000000	0.000000
4.176370	13.491412	6.540975	6.686261	-13.357212	14.321416
18.276567	9.000000	4.000000	1.000000	8.000000	2.000000
14.424357	14.098649	-2.196424	10.862297	5.000000	11.000000
19.181607	17.905266	19.347165	9.273927	0.549382	13.406365
22.596069	13.462069	-6.755141	13.352441	5.550972	5.552921
13.113460	10.126220	-5.213467	-0.933861	6.457760	4.222087
13.697107	11.505031	-4.710746	9.544742	6.131071	-4.129667
-0.783090	18.896594	-10.509375	12.311640	5.826616	0.000000
14.690261	23.550615	5.805807	5.955887	3.776210	18.548258
37.798921	6.578718	9.640635	5.032586	-1.652519	4.127042
16.300830	4.922402	1.000000	3.000000	10.000000	4.000000
10.758610	2.653434	-4.712924	14.780431	-0.602644	13.633720
14.466218	8.000000	11.000000	5.000000	3.000000	8.000000
9.183776	13.621526	-14.652076	1.643407	5.051567	0.787900
8.607204	0.000000	11.000000	9.000000	1.000000	1.000000
18.485731	5.641819	1.066799	-2.334417	6.000000	0.000000
22.476708	18.095628	6.613377	1.807523	-1.078343	8.000000
21.239502	13.011068	6.679798	16.258303	-4.107363	5.000000
14.408998	18.062062	0.000000	1.000000	2.000000	10.000000
19.391245	12.524629	12.158522	5.049186	25.563442	18.348618
12.485078	10.988672	-9.609790	12.172909	1.877392	12.249579
14.828537	-1.651771	0.711078	-3.662160	-1.525948	5.686620
6.000000	11.000000	10.000000	7.000000	0.000000	9.000000
9.637256	10.762810	-12.397335	8.915221	1.081506	4.334572
21.037263	11.155629	-14.997506	13.814902	-0.170176	9.000000
22.638866	4.885141	0.489757	-6.042813	-22.284751	-1.468574
20.604448	11.446229	7.944480	9.737846	-1.201445	10.360361
16.694493	6.732770	11.000000	1.000000	9.000000	2.000000
13.597126	-6.106694	6.000000	7.000000	5.000000	6.000000
10.105122	3.324650	-0.307064	9.083851	7.000000	5.000000
14.945729	8.386889	-1.622734	6.656189	2.121556	-4.607875
0.000000	7.000000	8.000000	9.000000	6.000000	11.000000
18.231601	10.194350	-3.381419	21.016863	6.641970	0.656906
12.641417	8.614297	9.241156	4.026441	8.315446	3.133531
9.297807	6.968680	-5.003666	9.668235	9.340422	1.132202
7.000000	2.000000	4.000000	10.000000	7.000000	2.000000
20.227989	4.776183	11.000000	10.000000	1.000000	10.000000
24.837743	12.622892	12.554883	17.019046	13.364766	1.397474
15.859334	18.050914	5.000000	3.000000	2.000000	6.000000
20.604585	17.457222	-4.092820	2.937566	1.620661	17.340988
22.042088	21.916722	8.987193	-6.819783	4.114148	1.763156
19.069950	13.831326	-4.527856	8.109888	8.000000	10.000000
14.065201	4.000242	-0.095624	0.935439	2.095402	11.029428
15.674055	13.374211	6.797200	7.133735	4.844959	12.616811
22.178124	15.577725	-3.362477	11.350485	-6.019538	-0.929422
3.403401	1.603873	4.114867	0.547425	-2.208474	2.441773
24.531563	19.481380	0.451548	9.700317	2.842449	-1.550665
0.000000	5.000000	4.000000	5.000000	8.000000	7.000000
31.098205	7.000000	11.000000	3.000000	6.000000	7.000000
24.455488	9.120182	-6.169050	18.569441	14.710151	3.039872
19.183925	13.895606	-8.071630	17.808168	16.049823	1.000000
6.000000	10.000000	0.000000	10.000000	3.000000	4.000000
16.120602	-0.964714	6.103374	1.072891	5.000000	6.000000
30.119807	9.000000	9.000000	7.000000	3.000000	0.000000
26.538517	17.794783	-3.808579	11.263707	11.825662	0.437652
11.536280	7.129784	7.000000	2.000000	6.000000	4.000000
28.400503	14.613528	3.659095	6.849845	-2.797967	11.643709
29.414781	5.260731	2.155784	1.843331	-1.667796	3.865987
25.544385	11.087061	-10.707755	8.989381	-5.351113	7.955650
3.223336	10.087977	-1.012006	-5.408991	-1.248737	-0.394109
18.493345	7.193512	0.626521	12.604554	9.391838	5.791460
3.000000	2.000000	6.000000	8.000000	10.000000	10.000000
25.432211	15.101338	-2.057731	10.239585	-5.823685	11.170730
23.173274	7.000000	10.000000	3.000000	5.000000	11.000000
17.655961	4.299273	-3.684187	6.534561	9.286941	-1.513947
5.000000	9.000000	0.000000	3.000000	3.000000	9.000000
18.291870	18.069370	7.000000	7.000000	3.000000	8.000000
28.732469	12.751826	-2.549982	3.491611	5.536354	3.437016
16.932204	23.376943	-2.657875	8.618286	0.354988	-0.668965
5.000000	7.000000	1.000000	1.000000	7.000000	1.000000
9.000000	4.000000	8.000000	7.000000	6.000000	4.000000
6.837361	16.502418	8.578906	7.758212	5.778850	1.256028
14.676018	10.518507	-2.714377	14.190761	-0.308203	4.000000
7.898005	10.351269	-9.126381	5.000000	4.000000	1.000000
24.281376	18.167255	-11.130127	11.378245	0.925778	-0.014878
8.000000	9.000000	0.000000	7.000000	0.000000	10.000000
23.889079	6.000000	10.000000	6.000000	2.000000	4.000000
13.620571	23.431114	-8.381736	13.853103	-5.443722	-0.672810
15.346717	11.183847	1.000000	9.000000	3.000000	3.000000
21.653491	4.496067	-10.590836	9.652082	-1.503438	-2.167204
18.879328	11.974015	-12.859765	5.800401	-4.774160	7.534750
14.562165	16.534865	3.847291	2.000000	5.000000	4.000000
20.574244	11.258213	-5.999262	-7.628967	-7.305484	-2.301521
14.826328	18.730297	2.397669	0.223646	6.795888	5.009358
15.982574	14.904088	-0.524178	0.723193	-1.345960	-9.000368
13.961050	-12.034306	10.377527	7.370781	0.881574	11.486831
15.501861	5.162662	6.038833	3.000000	8.000000	5.000000
20.728308	7.672908	4.000000	1.000000	7.000000	1.000000
16.589021	8.250259	-6.362507	8.113635	8.225533	7.787948
14.179078	3.246657	4.175112	1.506766	7.551420	-5.539570
20.667054	10.948160	-3.194745	3.198922	-2.924294	2.867022
23.408764	17.888250	13.904904	9.393954	-1.181710	5.562646
10.415159	11.616371	-0.460076	0.479018	8.000000	6.000000
11.691594	9.471294	11.000000	2.000000	7.000000	0.000000
9.694334	15.072149	-3.113658	0.859719	-5.297173	5.337893
8.505374	15.453941	8.347848	19.694694	13.417913	12.714489
1.975400	13.769686	-4.241598	7.858864	4.757296	11.000000
27.747718	16.886108	-6.672601	6.131827	-6.364117	1.741393
-0.598403	12.610894	-3.018871	11.337687	0.911609	1.000000
8.430964	1.000000	9.000000	3.000000	0.000000	0.000000
8.000000	5.000000	10.000000	4.000000	6.000000	7.000000
24.333998	7.107623	4.602556	-3.307181	5.646638	7.024490
2.608151	19.225728	0.043237	4.640305	-1.976420	8.000000
24.919745	10.370447	2.895715	5.190332	9.744857	-1.691928
8.000000	9.000000	1.000000	6.000000	0.000000	6.000000
0.000000	2.000000	9.000000	4.000000	4.000000	9.000000
15.759404	8.919187	8.856489	-1.288201	6.943229	1.397376
24.730279	9.792626	5.509050	3.674755	4.530858	-3.427262
18.490179	4.179888	15.428185	-6.150865	5.000000	1.000000
29.483600	7.205435	0.615787	10.651284	-7.168431	2.382736
8.503234	10.132192	13.856412	1.822040	-6.409404	4.595395
13.583466	13.491111	-0.981101	11.548367	-5.349714	9.710561
8.661642	9.360871	-4.482507	4.949332	10.124789	-1.481969
29.974323	22.007431	-7.396951	1.429744	9.840733	-5.995336
8.445119	4.347825	0.888711	12.775956	-2.765197	6.883757
23.595826	9.905107	-5.564370	7.989202	10.268137	2.346404
9.000000	1.000000	2.000000	1.000000	5.000000	6.000000
14.617987	14.080274	-2.025802	8.000000	2.000000	3.000000
25.489827	14.304605	9.057392	5.761710	-11.854411	13.723967
5.995357	2.962703	8.187213	6.933359	0.348552	-3.749529
7.782843	7.257967	10.000000	5.000000	4.000000	5.000000
17.988422	17.316437	-5.576711	6.180887	-1.101920	-2.349246
16.715832	11.146362	2.639478	3.723392	-5.881703	4.635230
10.320347	19.232827	0.270246	14.176115	7.554091	5.799917
21.484582	10.216734	-7.828254	12.144229	-1.544250	2.568550
4.457018	0.880518	-15.942519	8.273606	11.872009	-8.160060
23.946312	10.927498	-5.202164	14.352270	0.728727	8.626471
22.281791	12.642834	7.000000	1.000000	3.000000	7.000000
29.007267	4.620822	-0.120247	7.348123	3.947587	-7.624525
21.636225	0.000000	10.000000	6.000000	8.000000	9.000000
20.959319	10.444201	14.584900	5.843919	3.389698	8.129534
12.769099	3.000000	9.000000	3.000000	5.000000	10.000000
8.191967	6.454830	-5.108815	13.686757	11.158783	4.000000
2.849445	6.680159	-5.736941	15.919170	-6.444368	-6.193525
14.280726	6.926830	7.619574	11.000000	1.000000	0.000000
21.460833	5.620994	-0.847212	-5.422422	9.227856	1.447883
16.336493	13.231083	-2.886309	6.800740	4.299798	9.893120
14.894575	13.274225	-4.285721	9.989902	3.981564	1.854593
24.339892	19.070872	-21.329118	10.344085	-14.285265	-4.247036
1.000000	11.000000	11.000000	11.000000	11.000000	9.000000
15.274085	17.087851	3.813842	4.280316	-1.806473	8.467270
8.000000	3.000000	3.000000	9.000000	1.000000	4.000000
25.523418	8.752950	-0.825259	4.990408	2.354469	0.580674
-12.491486	11.709883	-0.653272	5.689201	6.000000	7.000000
22.156607	12.606699	-6.755473	15.436267	10.098071	6.728690
12.693500	10.152690	-2.118265	6.485028	5.585951	5.463040
10.108926	18.108903	1.026044	9.000000	6.000000	7.000000
21.546308	16.454734	3.699650	7.822769	9.000000	5.000000
2.384560	11.365747	7.000000	2.000000	2.000000	10.000000
4.522940	4.663526	4.000000	0.000000	8.000000	8.000000
10.055531	5.107847	-1.171424	7.024085	3.262500	-3.636896
14.858411	13.495051	-1.424466	11.000000	6.000000	8.000000
23.241816	10.299336	-16.185108	18.138288	-6.744025	3.633905
0.101328	3.597208	8.358655	13.824046	2.488184	-8.338812
13.887162	11.000000	6.000000	7.000000	3.000000	10.000000
26.781523	6.644345	6.362812	6.428269	10.519428	11.404930
11.000000	7.000000	1.000000	3.000000	11.000000	6.000000
12.603966	3.440357	-7.851432	2.167982	-2.920011	10.843357
23.652602	2.533733	-11.213031	5.019727	3.282689	4.211184
21.042297	18.359800	6.000000	5.000000	7.000000	7.000000
14.312070	11.322145	-4.089848	13.270879	9.279626	4.716907
19.195739	8.350569	-0.370057	7.160832	0.295694	5.555443
13.502085	18.416418	-2.017541	5.971212	-3.089342	-2.967838
28.320680	3.806191	-1.813005	-0.767358	-0.174961	-1.074572
11.932788	8.000000	8.000000	10.000000	11.000000	11.000000
22.339670	11.681713	2.142859	5.701617	-0.986022	6.326764
26.574678	6.454708	3.393085	12.010024	-0.418107	10.291613
15.595223	-0.193137	-6.536668	12.980317	0.861101	-0.784002
12.334763	6.517008	10.000000	0.000000	1.000000	2.000000
12.468576	3.164588	14.720447	1.578522	-3.180463	12.482084
21.549897	-2.183877	8.991781	-7.294354	10.000000	9.000000
22.662057	4.377632	0.012915	6.458596	-1.818428	4.691124
31.851089	10.373105	-0.164009	11.661038	-12.096743	6.651536
1.000000	10.000000	2.000000	4.000000	10.000000	1.000000
3.097873	14.870138	3.489079	5.028348	-2.358902	8.000000
14.529366	3.011207	7.146813	5.560689	11.542262	5.938371
22.942696	17.036661	1.531584	11.182239	14.821960	3.977043
16.207664	12.623003	-1.574934	4.970091	1.279629	6.622980
23.352380	3.401800	2.239734	3.524434	9.000000	1.000000
25.321423	7.909057	13.427160	-1.118685	9.200350	-9.096798
33.241212	-0.934620	6.118388	1.855976	22.216447	14.080838
15.731550	12.418658	3.103980	5.097755	-5.846400	4.065604
5.073561	10.369983	11.000000	6.000000	0.000000	5.000000
16.022515	3.291380	2.508549	4.503288	-3.788138	1.265869
17.372495	16.803454	-3.540851	13.490862	-9.930442	5.416629
12.941223	9.129836	3.056705	17.211086	11.130155	3.000000
19.606880	18.325630	-16.382094	1.899757	10.436606	6.074118
11.060427	10.454141	-1.239569	9.103454	5.889023	5.000000
18.901794	11.405415	9.178849	6.967341	10.104699	9.784122
21.537607	11.961935	4.457890	14.350178	2.721488	-0.501744
20.497191	12.885986	5.629017	1.431195	14.059869	-6.229122
9.139839	22.553234	2.346079	22.345940	12.531587	6.003319
5.876283	12.288973	6.214737	9.839912	1.463114	4.000000
27.524910	15.776101	-1.184122	9.884834	1.775490	3.903191
23.207912	13.603033	3.886707	11.020401	8.999495	4.266162
8.989032	5.563701	-4.116189	6.757244	0.000000	0.000000
30.165307	6.692061	-1.734205	11.723004	0.727515	6.044771
16.611143	13.536721	-16.019688	6.122976	-7.262026	6.351469
18.142183	2.266403	-10.411720	24.778947	10.793662	-3.304293
17.568018	12.545627	-4.456635	6.733285	-0.611905	1.395990
32.874669	1.114178	-15.778990	11.988650	-7.263016	-11.089240
8.000000	3.000000	7.000000	0.000000	9.000000	6.000000
3.379277	0.298505	10.000000	6.000000	2.000000	9.000000
7.947400	16.975866	1.718834	8.746877	5.776544	7.000000
6.224218	6.914193	1.209692	4.000000	5.000000	5.000000
19.037581	12.597288	9.936182	8.243639	6.567376	0.625716
6.000000	5.000000	4.000000	5.000000	0.000000	2.000000
1.000000	11.000000	0.000000	5.000000	11.000000	6.000000
19.721222	10.396766	6.347243	5.137412	13.650408	1.590311
15.760444	-1.360576	5.613608	2.846665	1.000000	11.000000
12.811952	3.799601	-1.721270	-9.029820	-2.310524	1.989289
19.096347	8.596767	-2.205199	3.842412	5.511722	-1.707284
13.217325	14.912499	-4.769214	6.960283	-6.924971	14.776407
30.087191	19.717976	7.930010	14.834682	16.840501	10.001211
0.174330	7.462067	5.453803	-6.876167	3.805974	-0.542334
20.320774	11.000000	3.000000	5.000000	1.000000	6.000000
19.331506	-6.407230	12.392695	0.050426	-9.250867	18.444942
16.343436	7.814639	-5.336908	0.093250	-10.958168	5.254161
3.000000	2.000000	7.000000	1.000000	5.000000	7.000000
31.061540	15.450366	-3.201143	6.592634	5.819094	4.829798
8.526904	10.000000	5.000000	4.000000	2.000000	1.000000
-0.173452	3.193801	-10.218023	0.000000	5.000000	11.000000
11.630745	9.821814	11.000000	5.000000	1.000000	2.000000
7.000000	3.000000	11.000000	7.000000	10.000000	0.000000
15.909553	3.573450	-8.431079	10.527383	-2.879332	8.128885
22.988217	3.529934	10.000000	1.000000	2.000000	2.000000
2.000000	2.000000	10.000000	6.000000	2.000000	10.000000
17.537972	2.000000	7.000000	5.000000	7.000000	3.000000
8.635781	12.412153	1.569963	6.039034	-13.110754	13.690152
20.349806	14.924864	-14.328205	8.052302	0.255855	1.971717
20.333297	4.653886	-15.078234	-6.875653	-3.757921	6.450990
8.740940	4.074357	0.529765	8.824237	8.674699	-2.073123
16.357394	13.346528	-0.351494	2.334037	5.165693	5.276293
2.000000	0.000000	10.000000	6.000000	8.000000	10.000000
10.648145	13.528387	-13.955766	0.358856	-4.176778	2.584686
15.119535	6.516190	9.874342	1.319057	11.000000	7.000000
1.000000	6.000000	7.000000	7.000000	11.000000	3.000000
23.804879	20.503489	-0.436370	9.879738	-3.094935	6.069758
28.971198	9.062567	1.465133	15.503366	-1.242392	9.460125
1.844660	0.019947	7.000000	7.000000	3.000000	5.000000
10.730950	11.270542	-8.913590	4.482913	-7.962647	3.330167
13.967919	18.575321	2.301726	11.000000	10.000000	2.000000
20.862660	15.739716	-2.294740	1.292204	-14.334303	5.440675
8.413309	8.392559	1.857235	5.000000	0.000000	1.000000
15.858588	17.231487	-0.276362	12.328428	-8.649106	1.431565
26.481636	19.925516	4.080794	-0.426983	-1.360447	6.337221
16.590822	9.984522	-5.385660	15.716798	-8.292593	16.285997
28.336473	12.096175	-2.398619	5.972259	0.713699	8.652737
8.223751	10.037052	4.000000	2.000000	8.000000	8.000000
19.684251	14.933870	-14.377983	16.066022	-3.406054	0.143391
22.316700	15.588260	-8.510426	17.201368	0.564495	11.127664
10.480562	13.090729	-4.077233	-2.836331	8.000000	6.000000
11.809611	4.308409	4.423800	3.000000	9.000000	6.000000
13.273529	7.851244	-5.556997	2.608858	6.281503	11.384966
16.615489	7.306633	-5.732911	11.477529	-4.078428	-3.936720
-3.715248	19.923132	3.215019	9.639367	2.557552	-4.043155
26.230050	7.916622	5.947470	10.000000	6.000000	7.000000
12.973055	5.750389	7.000000	1.000000	2.000000	2.000000
18.449450	1.775320	0.000000	10.000000	3.000000	5.000000
8.602704	6.737246	-3.378532	7.224517	2.073816	0.937799
16.263843	16.527697	22.728832	13.160981	2.881597	14.408800
24.244062	10.366741	8.000000	9.000000	2.000000	11.000000
14.558215	4.000000	6.000000	4.000000	10.000000	0.000000
7.525650	5.197822	9.000000	0.000000	10.000000	5.000000
29.404622	15.010310	-3.867527	15.727897	5.709010	0.068425
16.553463	9.186103	-6.063275	13.227553	8.341919	3.266254
24.338499	10.862737	-3.144464	15.921134	3.648987	-2.198183
21.832724	3.704198	-4.716969	5.899655	10.305934	2.573361
22.636131	14.668296	-1.745371	6.473998	3.920067	-2.585312
11.000000	0.000000	9.000000	3.000000	10.000000	6.000000
8.585080	-0.180711	-4.375230	8.441579	-5.870307	-1.967956
5.000000	2.000000	11.000000	8.000000	1.000000	2.000000
18.926920	2.000000	10.000000	6.000000	2.000000	9.000000
14.904867	7.451104	-17.169950	12.559153	2.649963	1.154539
20.617975	30.287314	-3.798820	14.798519	15.090914	-1.153086
26.001478	19.638949	-0.279189	15.873915	2.420445	-6.037767
18.040088	20.659855	5.382777	0.498849	3.260592	12.971704
9.643456	11.346047	-10.818587	14.558403	-13.224911	4.195565
11.582086	10.500293	5.122216	9.690194	-0.671380	6.217108
22.606138	9.817504	-1.906899	1.481438	9.000000	11.000000
27.290890	14.004020	-3.753257	1.364363	-4.356990	4.308299
15.861852	12.420586	-7.636924	13.922210	7.349942	6.000000
27.597533	-6.810270	-3.492966	9.378577	1.823155	5.400873
10.303484	15.661098	-1.782262	19.610663	2.332260	10.570582
2.000000	3.000000	0.000000	7.000000	11.000000	4.000000
18.951994	10.867542	-3.143809	8.874050	7.714461	2.741274
14.928190	11.208905	-1.433268	8.908034	4.114198	1.458451
6.149261	8.529103	3.743841	8.000000	11.000000	1.000000
10.108240	5.252009	-1.348543	3.578634	-0.741715	-3.841368
7.997731	18.126617	7.808809	18.139375	15.531859	10.176736
19.193748	4.283429	-10.643199	21.967183	4.239970	-3.905319
25.024993	9.000000	10.000000	3.000000	2.000000	2.000000
20.690884	10.922160	-10.382790	6.089379	5.006271	6.000000
26.297511	12.390777	-3.865456	20.271878	3.359544	2.000000
19.981837	23.263062	2.021442	10.737456	-2.857500	3.718590
4.000000	2.000000	5.000000	0.000000	7.000000	1.000000
21.212916	11.019874	-4.686263	4.646935	-1.384783	-2.432788
21.584419	4.377700	2.666188	14.219871	-1.949203	10.624827
22.990746	15.069920	-8.714019	4.968640	8.600605	-5.596407
14.419801	11.759667	4.420268	11.375488	5.733456	0.074109
23.138216	2.107924	1.000000	7.000000	11.000000	5.000000
21.695666	12.360618	-3.408417	9.398853	-5.868044	-0.559114
11.750475	4.906991	7.087267	-1.942319	-3.015662	0.308968
22.017719	5.992568	9.000000	1.000000	9.000000	7.000000
23.197092	11.293084	-5.443401	3.159465	-10.826951	1.607171
3.801963	21.501477	-7.960874	1.928561	5.451464	-3.970903
2.962025	3.000000	1.000000	4.000000	6.000000	6.000000
3.577451	18.911685	-0.353961	7.870410	9.000000	10.000000
12.691583	2.000000	2.000000	6.000000	4.000000	4.000000
14.848187	4.810274	5.339167	6.299811	3.454730	0.279725
2.622008	18.762128	-1.139500	11.365379	1.000000	4.000000
17.568074	9.703836	8.000000	10.000000	5.000000	11.000000
11.301040	0.178817	0.161883	5.988309	26.198575	-6.392629
28.555750	15.307023	-0.588513	5.070655	-7.242219	1.701080
18.129500	17.148429	-12.201368	11.197256	-11.121623	2.404981
1.653001	23.787835	-0.750814	18.688299	7.000000	11.000000
0.388251	15.055711	-0.374126	5.731815	3.865643	3.537633
11.536198	1.351338	6.387174	15.176295	9.478854	4.000000
16.013180	10.227049	3.218952	7.729065	6.601336	-0.504636
15.432562	7.950654	7.899191	5.537214	11.531613	-6.262276
29.444276	10.171213	-3.715765	4.201642	3.491327	8.207529
17.281628	14.576189	-2.733778	6.440203	11.951604	1.268189
24.477098	13.107165	-1.541596	-0.893041	-9.729771	-1.371152
26.687251	5.751487	-0.892388	7.162049	-2.129041	-3.606161
7.617861	-2.240546	-11.294500	14.003528	0.467817	5.703950
5.705007	3.700872	-15.452712	-0.325518	-8.098145	3.000000
13.361885	10.254375	-3.665075	-0.952914	1.605009	3.106699
22.445512	13.373786	2.050427	6.174512	-6.779840	9.377735
6.021141	6.429563	10.000000	8.000000	10.000000	5.000000
10.000000	10.000000	1.000000	11.000000	11.000000	8.000000
12.337685	12.432684	2.153410	4.522051	0.000000	2.000000
14.153717	6.087052	-1.703740	6.152551	-10.796853	9.076027
21.420058	7.361139	-2.592698	19.231335	3.406058	-8.337279
16.156399	10.110657	-7.271858	15.320833	4.698787	2.000000
15.816504	17.196133	8.698326	5.582986	12.545166	9.115535
21.192299	14.143019	-13.215593	2.331670	-10.770461	5.520325
8.284457	8.566550	7.000000	10.000000	8.000000	8.000000
18.978659	12.302836	-4.286068	1.188041	1.000000	2.000000
11.045829	7.153200	3.000000	9.000000	6.000000	9.000000
17.789922	6.000000	1.000000	6.000000	11.000000	6.000000
29.231913	0.428937	2.948879	6.627367	-1.405585	12.074455
17.722212	5.019057	1.653365	4.330012	-16.982410	5.173662
21.834956	17.918896	-12.274449	6.410375	-3.005282	-2.682748
20.636857	2.000000	6.000000	2.000000	1.000000	4.000000
18.956687	19.624890	-11.129062	8.010352	-0.615470	2.114607
23.252992	4.430671	10.000000	11.000000	10.000000	10.000000
18.415955	8.195492	2.000000	3.000000	10.000000	0.000000
7.876603	19.017015	-0.540691	4.533938	-2.013883	-2.573928
19.467267	6.748305	-2.631182	10.074832	-9.885787	-2.191787
13.990241	9.266224	-11.555584	4.944348	-10.748021	11.585082
15.786443	15.085389	-9.788094	7.756589	1.805730	1.000000
16.818428	14.718637	-1.246308	2.460633	1.916566	7.373661
28.338256	5.467854	4.124769	-6.823019	-1.244710	9.697409
2.000000	6.000000	4.000000	9.000000	4.000000	1.000000
19.436403	5.112804	-7.476533	-2.615601	-1.227669	-5.025206
23.291254	6.735397	0.568688	7.503550	2.665912	4.129228
11.848860	5.498075	11.000000	1.000000	1.000000	10.000000
13.026052	10.390441	1.964743	7.000000	0.000000	4.000000
23.918716	12.500983	-8.989963	11.718751	5.784826	5.717618
5.023100	13.204454	-8.086945	-0.420474	1.773270	-0.897806
11.191102	0.335558	-3.460088	13.160151	6.614745	-1.994962
4.474073	10.501038	13.694488	10.641744	7.000000	3.000000
12.602585	7.768039	0.464732	11.110072	2.419850	-1.602692
26.721423	18.273169	-7.543212	4.356692	-3.160468	-23.749653
17.562599	0.808701	2.239855	-1.980244	-0.456324	5.042081
14.914322	18.292749	-5.331124	7.458890	1.885115	10.186314
30.248342	17.290437	5.174308	5.302288	14.444774	5.587828
11.615119	7.247148	7.989679	0.520252	-1.619871	1.312128
22.624217	4.000000	6.000000	9.000000	11.000000	2.000000
20.617731	8.835134	2.000000	10.000000	9.000000	8.000000
23.895360	1.000000	7.000000	8.000000	5.000000	6.000000
6.000000	10.000000	10.000000	11.000000	9.000000	2.000000
5.000000	4.000000	1.000000	7.000000	0.000000	9.000000
17.019834	12.189672	5.794646	3.779737	-1.062301	5.278814
27.557688	7.575051	-0.245515	-3.296515	-4.752067	-9.961542
20.408043	13.686536	6.159947	2.678460	-0.224130	2.748335
19.618871	4.923196	-7.584836	9.689367	4.633651	-4.091625
15.107900	12.082776	10.000000	8.000000	1.000000	6.000000
17.498670	7.328269	8.017761	10.592467	4.046878	1.000000
19.935114	13.501274	-15.317866	23.691990	-0.061783	0.000000
7.229646	11.701065	5.280421	14.729092	1.015954	4.702609
14.938752	4.808367	-7.772239	-1.382397	2.705721	9.696089
7.987856	12.263134	-3.189411	7.349793	-6.436848	-0.160085
19.110141	10.000000	9.000000	1.000000	0.000000	8.000000
17.223986	14.249886	4.000000	0.000000	9.000000	11.000000
20.647417	2.753764	-0.102784	11.885885	5.296843	5.057937
16.234795	20.248860	-7.427017	2.207957	-6.058042	-7.722767
23.415901	10.788570	-1.997574	9.719178	0.050893	5.000000
11.000000	11.000000	2.000000	5.000000	11.000000	9.000000
14.431896	9.202742	4.751250	14.387831	7.971572	11.000000
29.546664	6.581974	-3.564691	5.986416	6.659144	2.752690
2.000000	7.000000	9.000000	5.000000	2.000000	2.000000
26.992923	11.678246	7.902999	7.772198	7.000000	7.000000
-15.221202	2.770039	-11.006831	2.000000	5.000000	7.000000
31.084657	11.000000	1.000000	9.000000	11.000000	1.000000
5.081859	-0.012471	6.000000	1.000000	8.000000	3.000000
18.408849	33.699421	3.344528	15.369487	3.433101	12.529897
11.928513	3.018822	1.209591	6.155861	6.649006	5.974640
6.680157	9.804257	-2.924605	10.550659	-0.140790	6.031004
15.161790	10.622268	-1.018402	5.069722	-3.941526	8.690531
0.656014	17.746663	-21.332850	7.407030	3.559174	-8.008609
10.958195	3.598019	4.652286	2.568197	-7.209883	2.896980
5.993010	0.022797	6.960962	2.000000	5.000000	1.000000
36.717356	13.914529	-2.783198	14.217607	8.173579	7.452584
-2.268297	-0.695349	10.956943	12.459336	0.838432	3.496131
22.632304	7.345698	-3.176063	5.716346	5.791608	3.696474
12.503103	15.777907	-5.672200	9.601085	5.145751	4.710519
2.000000	8.000000	1.000000	2.000000	0.000000	1.000000
10.320497	9.254828	0.000000	1.000000	11.000000	10.000000
33.233737	12.840180	-10.030510	5.142411	-1.479541	9.380494
16.886985	8.134527	3.704711	2.456362	3.407801	-6.643441
24.269578	11.750195	-12.305076	7.800303	6.755840	-0.462766
4.196521	17.538180	-7.843146	9.441056	-7.701124	5.000000
5.000000	7.000000	11.000000	2.000000	11.000000	1.000000
24.145083	7.392104	5.078690	1.230187	6.000000	8.000000
28.516888	4.242432	-6.486718	9.574348	-0.756149	1.000000
25.159366	10.116907	6.492563	6.125019	-9.272777	7.991952
15.922193	20.972059	4.029621	8.209842	11.860282	-2.585863
7.737090	6.981158	7.098625	2.961234	6.000000	9.000000
28.448695	25.392418	0.955488	-8.261481	10.000131	13.184697
-12.954756	-10.270842	9.000000	8.000000	0.000000	6.000000
19.537525	-2.748315	-22.037930	-4.303701	-13.681815	-10.561487
12.235680	2.904839	-5.658200	10.818227	3.247005	7.687294
12.941573	6.287368	6.000000	5.000000	2.000000	2.000000
11.415166	11.652723	-2.891981	11.120112	-2.192807	10.522169
13.818040	18.146314	8.099863	8.504254	10.000000	6.000000
11.108374	15.910074	-9.254302	15.593929	-1.928727	2.449144
6.000000	3.000000	6.000000	9.000000	6.000000	9.000000
10.269456	7.627259	6.090401	15.128018	5.122083	8.000000
25.486164	10.628027	-6.394052	11.755122	16.971260	13.536441
4.954405	2.364434	-2.415802	6.283999	5.000000	6.000000
15.379393	14.213404	5.689597	4.000000	7.000000	9.000000
25.889525	6.934586	-4.500351	-4.892693	-0.756689	3.043470
18.304767	-0.499065	9.624939	8.879806	-4.857289	19.308727
7.740767	5.403484	3.000000	4.000000	1.000000	4.000000
6.793260	6.760316	3.313923	5.474519	13.264205	5.000000
10.000000	4.000000	11.000000	4.000000	8.000000	9.000000
18.304296	9.430420	-9.626144	13.386597	3.912750	3.791920
23.562048	10.632676	7.766991	5.147625	-1.571808	4.129009
5.000000	9.000000	0.000000	0.000000	4.000000	11.000000
15.828363	9.245091	-15.119717	13.087594	-11.718242	4.621349
13.165038	8.431008	3.011042	0.298742	5.539097	0.622795
25.844234	12.621663	2.949079	8.239954	2.000000	9.000000
22.455300	24.765244	-5.213554	10.971508	13.133631	13.967429
24.358549	7.048583	8.000000	7.000000	4.000000	1.000000
23.723252	9.000000	6.000000	5.000000	1.000000	2.000000
16.226405	3.000000	1.000000	0.000000	2.000000	4.000000
20.005136	7.089179	-9.055940	7.364649	-3.438482	1.159608
17.678918	5.901899	-7.867088	3.220095	3.635719	-0.574828
8.924718	6.377429	-3.554311	11.189217	-3.685128	-5.116593
10.000000	7.000000	5.000000	3.000000	1.000000	6.000000
20.257537	9.212272	-2.873080	-7.105679	9.492682	-2.518604
26.282503	4.408006	7.603666	-0.494176	4.024850	2.227962
5.000000	9.000000	7.000000	8.000000	3.000000	1.000000
0.000000	11.000000	4.000000	0.000000	1.000000	9.000000
13.444699	14.817974	2.986322	6.606062	4.586031	-7.326092
25.266667	5.859109	-4.346277	6.224501	2.267261	-3.315670
8.215381	1.951145	-8.998365	4.553146	-9.735711	-2.821416
7.000000	9.000000	11.000000	2.000000	2.000000	6.000000
2.000000	6.000000	0.000000	11.000000	1.000000	7.000000
13.098202	16.728774	10.000000	5.000000	2.000000	1.000000
14.001314	0.940621	1.933327	-7.731883	-7.545068	8.526294
20.316268	11.764127	-5.030447	-5.883532	-2.300589	-1.342086
10.861506	8.461402	0.408255	6.542070	-7.126693	4.065305
-8.338744	8.555460	-1.669564	10.639164	5.792810	-10.381041
22.259472	7.999794	-2.444085	7.854642	3.800770	7.896765
8.866976	11.870908	-1.205756	8.000000	10.000000	8.000000
5.846416	10.246887	4.694961	-14.982781	19.278387	1.576518
6.055157	5.284830	-9.613936	-0.599206	-9.150964	8.801459
7.000000	10.000000	9.000000	6.000000	0.000000	0.000000
15.202799	12.487988	11.091166	8.164679	3.297132	5.188379
24.033522	9.257291	-9.435459	9.002298	-10.005287	-1.103378
24.922586	4.000000	10.000000	6.000000	8.000000	7.000000
18.584106	6.344136	7.452055	11.000000	6.000000	2.000000
1.000000	4.000000	4.000000	2.000000	2.000000	10.000000
28.337521	12.942275	-11.694192	12.385323	-3.668946	1.399141
26.186693	10.853106	-7.397022	10.427719	8.744295	1.619815
24.008877	14.192893	-8.856020	11.246346	-1.460093	8.044606
7.126121	11.681401	4.277588	-5.861236	-8.350403	12.897145
26.674973	21.862788	-2.876004	11.099444	-1.829383	4.973541
21.228825	9.845198	0.022090	11.000000	0.000000	0.000000
21.288329	10.754093	-8.247223	4.782457	5.664560	9.721412
28.342552	12.482972	-0.280916	1.577969	5.452289	-9.434767
4.081723	12.223022	-9.655336	5.373090	4.156112	-0.402540
12.392129	4.232502	4.993502	4.397022	4.987139	-3.038440
14.836405	16.228351	-20.388580	13.563454	-10.427365	6.067542
17.846889	11.883205	-5.868949	2.166182	-7.279157	1.675311
12.930296	12.028653	-5.826551	6.521784	1.459192	9.751515
4.000000	9.000000	11.000000	1.000000	1.000000	11.000000
17.283770	18.950088	-12.665091	15.971012	-20.405191	5.887624
15.226535	11.000000	6.000000	9.000000	6.000000	4.000000
24.927586	11.874379	5.002148	-0.033077	9.000000	3.000000
26.361631	0.537771	4.539766	4.188251	2.352210	13.012318
13.823431	5.147449	0.410892	1.403115	-6.520262	15.966866
28.976262	12.208839	-3.937853	6.661520	1.410236	2.900567
18.480165	11.813594	9.000000	0.000000	0.000000	0.000000
24.099428	19.632755	-6.590586	7.000000	3.000000	7.000000
22.161895	-0.358344	1.115389	11.446145	10.126409	10.000000
