-13.241835	16.376901	10.385065	10.681387	-2.437185	7.917951
-5.843890	8.490716	8.534316	6.191580	10.227283	14.397389
4.000000	5.000000	7.000000	2.000000	0.000000	4.000000
-2.899388	10.000000	1.000000	11.000000	11.000000	11.000000
3.002204	5.340822	17.035973	12.563633	12.168131	8.408108
-11.196843	7.640196	10.109079	-1.394949	15.736335	2.941740
-0.031707	12.974138	11.653040	11.527116	3.000000	6.000000
6.407999	17.379632	18.871100	11.955165	9.709869	7.533574
1.291329	15.142463	6.277887	8.432142	4.584208	17.594314
-5.796161	-2.475031	12.655444	27.502647	13.604542	-2.816746
13.000295	2.964398	7.914635	20.582669	8.450950	-2.590336
11.409191	2.331808	21.896909	18.838780	6.522018	11.726534
7.690958	4.000000	11.000000	1.000000	5.000000	6.000000
1.000000	0.000000	7.000000	8.000000	5.000000	0.000000
3.891532	11.000000	11.000000	11.000000	8.000000	7.000000
1.265669	11.000000	9.000000	7.000000	6.000000	5.000000
7.850450	6.000000	7.000000	1.000000	2.000000	7.000000
4.990646	3.693891	7.744527	1.941586	3.659333	12.536071
-4.742271	10.923422	11.847914	5.054059	2.934320	11.161242
14.195902	7.091642	11.460303	3.000000	10.000000	5.000000
-7.754223	0.268483	7.123231	6.034648	14.886268	13.906529
1.782775	3.000992	9.504256	37.960776	11.521165	11.224750
7.000000	6.000000	7.000000	7.000000	9.000000	9.000000
9.303853	-11.093740	0.043453	-3.230677	10.268978	-3.719446
-2.597801	10.660725	10.712379	9.605138	3.732041	17.345058
-3.764825	8.409817	16.426349	21.643655	4.523657	6.698729
-5.897945	7.502622	12.139537	5.857419	8.000000	9.000000
-7.598481	17.804688	14.783046	4.206187	7.451898	14.635247
5.699632	22.129569	17.266922	14.754871	1.573383	14.313283
0.280606	-3.406615	8.038891	20.302591	3.608955	-8.812698
7.378664	0.912681	4.493085	14.507735	9.959427	9.376871
-6.319087	15.695741	25.405191	9.918280	6.000000	6.000000
2.601256	13.067414	20.449006	15.341238	-0.623564	7.853058
-4.420645	17.326404	8.485976	2.000000	9.000000	4.000000
6.951366	1.762935	13.682805	11.452127	0.709563	9.800808
-4.172278	14.793837	19.303399	6.007528	-2.749104	-10.743120
13.560886	13.016247	31.299169	14.201063	6.490847	11.865980
-4.930587	18.751942	13.420487	9.910476	-1.765202	5.537679
-5.004342	1.278832	7.667441	9.000000	9.000000	10.000000
5.000000	3.000000	5.000000	10.000000	11.000000	7.000000
5.000000	5.000000	0.000000	5.000000	4.000000	6.000000
14.556072	1.478944	23.996094	6.232976	11.671618	3.068312
22.964248	9.432569	11.835874	17.925276	15.055799	0.969432
-0.491707	2.000000	10.000000	1.000000	11.000000	2.000000
-1.793514	13.124854	11.877070	9.543463	6.513268	3.453169
7.790685	-17.718059	-1.333890	14.108708	25.759734	0.295672
2.196572	13.862107	14.348347	7.429489	-2.634765	5.414663
-0.077373	7.670730	1.750346	9.291317	-0.692603	1.246409
7.134471	16.978699	6.859913	12.819900	5.000000	3.000000
8.000000	4.000000	11.000000	7.000000	3.000000	2.000000
-3.658298	7.411976	3.000000	0.000000	3.000000	0.000000
-12.381906	3.738312	5.321434	-10.977781	6.092441	5.000000
7.481356	9.402780	15.788982	6.287027	13.068455	11.000000
-0.380517	18.836915	19.788602	-4.525209	10.122287	0.552073
-5.465910	4.000123	19.488259	14.824960	-4.504413	4.677273
-2.507543	10.916245	18.457386	20.026018	11.824093	17.702103
-0.846538	5.642402	5.032242	4.426424	-2.042003	16.008012
3.228397	3.017832	13.727220	17.931783	4.367033	15.393769
-6.260521	3.000000	7.000000	9.000000	0.000000	4.000000
0.683051	1.000000	6.000000	4.000000	4.000000	10.000000
4.000000	0.000000	3.000000	0.000000	1.000000	4.000000
11.696383	11.706052	7.591989	0.000000	10.000000	3.000000
1.159436	3.018212	-0.484341	13.245742	9.000000	1.000000
-12.901124	7.000000	5.000000	6.000000	11.000000	4.000000
12.961332	2.860143	-6.186431	26.499925	-7.902889	14.774098
-5.396206	7.070425	8.000000	1.000000	4.000000	8.000000
-1.551062	23.053394	18.574486	19.004773	6.000000	1.000000
-6.382479	4.566661	26.549812	16.722855	8.000000	8.000000
3.238882	12.404981	19.613775	7.769890	7.799201	8.451106
-1.798518	5.760183	9.152013	8.140775	3.993519	14.542852
1.044996	0.762597	16.991045	5.174263	10.507379	18.491419
4.197485	8.000000	7.000000	9.000000	10.000000	7.000000
-3.795890	-1.137876	4.080704	-1.368966	15.807997	7.738456
10.762558	14.010474	9.521702	10.548586	-8.501097	4.228027
5.859651	4.089138	9.000000	1.000000	11.000000	10.000000
4.988228	-4.764456	20.135603	17.446904	6.854102	-3.400016
6.381270	2.046523	1.706031	11.557230	7.354309	-1.849356
8.859595	11.424448	12.812744	14.239640	5.648571	0.707189
2.923257	-7.258617	18.275669	7.000000	5.000000	1.000000
2.461101	3.714773	10.655432	16.555975	7.796003	13.435453
-10.059823	17.339427	8.783226	8.637749	-1.353941	12.561477
-0.842003	13.396985	9.684343	7.511602	7.207227	9.409915
0.493235	0.299671	11.000000	8.000000	5.000000	10.000000
5.059298	-2.545440	17.538932	4.364340	-2.170544	5.014769
25.423038	5.814156	5.898880	12.326457	8.000000	1.000000
-14.584763	9.898633	3.429478	20.818859	6.779419	10.000000
3.000000	11.000000	9.000000	7.000000	4.000000	0.000000
-0.907104	-0.075938	18.018641	6.464992	5.386003	9.423220
3.950738	2.122303	16.792381	4.643449	11.508961	5.798058
4.739009	19.220476	2.000000	3.000000	5.000000	10.000000
-7.774466	3.587584	13.680910	10.577338	5.859384	0.912128
5.752309	3.453964	-0.553523	9.950836	9.221184	10.082282
0.755371	8.554049	15.059985	15.481615	1.821421	15.627715
-3.884793	3.331769	25.219442	11.128083	7.149990	10.416081
4.093772	-5.757905	10.652915	18.855090	7.000000	8.000000
6.245927	4.031365	10.138994	0.000000	6.000000	0.000000
1.000000	3.000000	4.000000	1.000000	9.000000	11.000000
4.406319	-1.980961	13.537342	16.439330	9.422712	10.460604
11.912151	-1.867820	6.000000	1.000000	8.000000	9.000000
7.191536	2.473052	12.977556	15.283872	17.852301	-5.001759
-2.948623	14.208000	11.437740	12.777384	1.000000	8.000000
5.330560	4.072036	-1.019121	11.854054	13.364878	9.714348
7.000000	9.000000	11.000000	9.000000	1.000000	9.000000
5.881109	7.908631	11.904441	9.701754	4.947314	10.759910
-3.800687	-5.267550	5.794843	0.000000	7.000000	6.000000
9.847770	-5.110648	15.243901	1.000000	4.000000	2.000000
-1.226165	19.330838	14.165061	20.347225	11.228099	2.899822
3.846737	14.397057	8.336978	2.593719	9.401813	2.802066
20.520244	-3.719685	6.030816	-5.028088	14.870462	14.707979
2.571037	11.939746	12.626070	3.542723	7.496890	6.728876
10.507444	0.921340	7.501879	7.000000	7.000000	9.000000
0.105898	10.000000	2.000000	8.000000	5.000000	7.000000
-9.681130	-4.448737	5.851347	4.000000	4.000000	3.000000
-1.043769	8.624742	-3.876536	18.193787	10.444227	6.726700
4.270654	5.041564	14.819795	15.223829	13.395101	6.017798
4.132847	11.101595	8.087360	2.370655	15.829543	9.916080
-9.286321	23.050227	-0.341491	6.277535	8.000000	10.000000
2.798135	-20.442267	0.586582	9.403931	11.505721	-1.242212
5.462474	10.840375	7.081336	6.954432	25.862995	-2.787483
-0.428278	8.256417	20.895122	6.661143	3.333649	15.156779
-0.897466	10.159966	23.537282	20.264630	12.904084	3.016944
8.039147	8.033075	13.140050	-0.301244	0.293723	21.542094
13.199616	16.270449	16.313341	7.991807	2.401719	6.862791
-0.242980	-1.364935	10.705040	6.510795	-0.534874	5.000000
6.663711	-3.577379	0.885543	15.724326	9.536178	20.195948
7.911310	14.685542	10.834221	16.818213	4.761658	5.804194
-2.515622	5.225286	7.653185	20.452672	2.072841	12.576512
2.401392	9.000000	7.000000	4.000000	9.000000	8.000000
8.062301	2.854277	15.502912	12.069674	3.132364	10.000000
-0.024239	10.165995	13.303462	5.436630	1.232777	11.646192
8.000000	11.000000	5.000000	0.000000	10.000000	4.000000
-14.185204	4.339958	17.850306	14.052343	0.463375	-0.777906
16.711265	6.621307	9.961654	11.198629	3.046497	10.253463
11.000000	0.000000	9.000000	5.000000	4.000000	6.000000
3.116046	9.347862	1.000000	7.000000	6.000000	8.000000
6.725467	-3.265382	3.000000	4.000000	6.000000	9.000000
8.624829	9.911956	10.610742	4.371329	6.439217	5.828029
8.726936	10.000000	10.000000	8.000000	2.000000	11.000000
2.739900	12.253285	20.552330	8.254936	-1.118834	11.315557
11.417515	1.000000	11.000000	7.000000	10.000000	9.000000
10.064287	-7.632352	9.038819	7.140935	14.597538	2.764068
10.569816	0.936783	11.446122	18.721618	-2.526729	-2.509652
1.413692	3.000000	1.000000	7.000000	2.000000	8.000000
6.432117	7.279123	5.000000	0.000000	11.000000	4.000000
4.534795	-2.205359	4.905175	3.445745	2.400508	16.073931
1.367466	12.917159	1.019841	9.542174	-2.323842	12.186093
10.787341	3.535011	9.674817	6.344270	4.295389	6.734050
-6.401139	-0.635828	16.278344	20.482242	7.722572	15.022727
8.796113	17.393540	26.313077	14.113300	0.719012	19.351402
-3.317468	8.917837	9.389382	20.642894	2.911789	-4.985785
5.694323	-1.873957	9.425127	3.980765	15.139335	13.114050
4.751161	8.204319	14.570666	11.061202	14.981543	11.449629
7.518437	-3.750200	11.594403	7.294126	12.610355	11.645573
11.000000	4.000000	11.000000	0.000000	8.000000	4.000000
8.766548	5.218564	11.000000	0.000000	4.000000	1.000000
-1.654196	17.724042	-0.031092	8.730678	9.389254	12.378044
14.793924	1.311693	16.888296	5.128140	14.835224	13.942313
9.940275	0.600332	10.129450	0.000000	0.000000	11.000000
-4.742431	11.218842	14.622477	2.654120	10.549390	0.000000
-15.168523	6.000000	8.000000	5.000000	3.000000	11.000000
-0.053336	13.987701	19.140254	6.445636	1.141465	14.355789
5.187452	5.930350	19.039506	11.462081	-2.524485	10.531386
-1.321244	6.371472	20.272832	14.965421	7.350256	1.776120
-1.379741	14.443680	6.543923	24.660594	2.334385	-4.719477
1.000000	0.000000	5.000000	11.000000	3.000000	2.000000
-0.505782	2.938137	6.577680	-1.262189	3.878182	9.938062
-5.846771	19.117431	8.187989	3.995256	9.503273	16.628433
6.810448	2.000000	9.000000	7.000000	3.000000	6.000000
5.000000	3.000000	4.000000	9.000000	5.000000	1.000000
-1.712751	7.000000	4.000000	6.000000	10.000000	11.000000
-3.370502	11.161491	5.829228	25.052471	14.995487	13.897534
2.045758	7.164638	10.721940	6.016235	8.987014	8.234762
1.725506	1.000000	6.000000	10.000000	2.000000	0.000000
2.277774	5.000000	10.000000	0.000000	10.000000	0.000000
4.342001	-1.814810	11.463553	10.989382	8.034666	1.054456
11.000000	5.000000	10.000000	1.000000	4.000000	5.000000
5.811181	13.461205	11.982354	10.516636	2.380265	8.015995
10.481876	14.446222	-0.302386	6.000000	6.000000	4.000000
6.861205	11.426997	21.453294	17.389700	12.885423	3.195465
10.449858	-3.673622	19.191321	3.562036	16.144753	-5.470513
0.104249	7.932887	16.059049	10.000000	2.000000	8.000000
-5.403049	3.289372	7.734084	12.785133	-1.135458	7.823013
8.440032	3.326282	-1.206552	5.030092	0.567951	3.000000
3.000000	9.000000	10.000000	8.000000	7.000000	7.000000
4.566539	6.111401	7.620912	14.025765	13.245607	0.429924
-9.065017	6.223987	13.650044	1.117877	-3.185824	2.130286
3.835301	12.663128	8.545577	2.000000	9.000000	9.000000
-3.352793	-0.920180	5.544521	7.947980	11.715872	2.730102
5.169717	7.000000	1.000000	3.000000	5.000000	9.000000
1.919590	9.029990	10.250583	18.841849	10.000000	4.000000
3.264844	7.355864	4.173230	7.925577	11.944267	14.627696
4.777393	0.226356	14.558844	15.366398	5.934122	10.283524
1.573106	9.000000	6.000000	6.000000	1.000000	1.000000
-5.863148	9.126683	-1.057589	-3.324759	7.592801	1.485373
5.880452	11.827218	9.974119	0.025340	5.486131	10.553080
2.543292	-5.580096	5.354873	2.751042	16.090689	17.125808
-1.778467	7.663569	10.929706	11.646429	5.481100	12.981742
4.397395	6.370861	12.422240	14.327422	2.052008	2.348722
1.196366	18.335118	20.025701	9.039688	1.359825	1.156081
-4.749846	-0.432350	4.693087	5.079832	6.742524	11.105136
10.942406	-0.373065	3.000000	2.000000	10.000000	0.000000
3.247862	0.716206	15.310940	15.563873	-0.978610	15.179377
3.539048	8.800271	8.734670	7.025673	8.714491	13.608402
-2.506668	9.642669	-4.476259	4.492249	4.575570	10.000000
7.014363	-1.886670	14.336790	12.156246	-0.298513	7.783839
-4.313212	-5.020875	15.927200	10.677142	9.712443	3.395463
-7.727921	6.000000	0.000000	0.000000	0.000000	9.000000
9.000460	-2.121036	7.683913	2.504113	-0.751312	13.816420
10.174255	10.000000	3.000000	2.000000	7.000000	10.000000
13.411781	-6.734986	8.666829	5.000000	3.000000	7.000000
13.614268	0.239360	11.652471	14.371415	-1.129560	12.745305
-4.661556	-1.904211	-1.231116	10.065776	15.778990	0.000000
-1.823043	-2.223143	5.646772	11.790291	2.134596	7.000000
-1.845812	4.415942	6.095845	13.227288	8.189537	6.576341
-11.957911	11.415398	12.760436	7.672795	5.468738	10.629931
2.000000	7.000000	3.000000	7.000000	1.000000	1.000000
-4.757011	11.954477	24.654566	15.179624	0.515301	4.122787
3.927250	-12.295507	-10.771998	14.853964	-7.299228	-0.244491
12.014086	2.000000	5.000000	11.000000	2.000000	9.000000
4.733520	-4.254065	20.667165	10.316585	2.399448	10.064941
-0.488986	3.280106	9.438556	17.172304	7.700883	10.738171
9.625600	-10.659648	18.593502	-5.009919	1.819329	15.879581
-3.456918	7.443150	5.125239	13.502006	4.283715	21.846342
8.201304	21.206366	15.777533	-4.562116	6.548323	18.349085
0.782510	-11.370422	17.949604	14.840612	6.464545	-1.460729
10.134263	0.655047	4.000000	0.000000	9.000000	5.000000
-5.388021	13.020201	13.315231	-1.931930	11.854580	7.965336
13.069317	-8.280066	7.657509	13.154837	-1.117191	13.474408
1.725749	3.123596	11.492018	16.152479	2.824691	12.000173
-1.320432	2.439479	13.626685	12.562014	7.060094	9.367742
9.940450	5.103284	-4.769800	3.324645	4.004749	6.546263
4.804866	-2.273524	10.651637	18.878069	5.127332	2.378450
4.247210	1.196799	7.000000	10.000000	5.000000	2.000000
7.000000	5.000000	2.000000	3.000000	6.000000	11.000000
10.219451	16.722976	12.471190	7.523365	14.317288	3.661460
-11.247795	2.521482	-0.027422	20.867316	6.602396	-0.961229
7.759431	7.045263	18.705054	21.706413	12.676490	15.125922
2.678378	-7.517887	9.000000	6.000000	6.000000	0.000000
9.309011	-3.110267	12.823153	12.908587	10.114284	9.997140
1.292099	1.353570	3.846363	4.383176	6.192727	0.000000
-0.280852	-0.131551	4.131819	16.945269	5.012908	-3.645096
-3.489121	0.830085	32.229416	14.987607	3.451339	8.828249
2.000000	7.000000	6.000000	9.000000	1.000000	1.000000
15.245799	3.147403	13.806644	20.143227	0.901143	10.618700
5.138249	11.940567	18.418064	20.494577	5.337206	2.315673
-9.184041	2.484168	-1.940829	4.000000	8.000000	8.000000
6.925598	-0.261244	13.985426	13.752419	7.419541	24.074430
-2.303361	15.569132	12.418937	16.547314	6.178769	14.699362
12.027359	15.627036	-1.227747	-3.331666	11.000000	0.000000
1.188006	-0.257097	4.151438	25.973091	8.588629	5.216674
7.905552	4.283133	19.192219	20.059708	9.651285	12.425142
0.770008	7.958379	14.251162	8.852375	5.511191	-8.544286
2.737293	5.000000	0.000000	5.000000	6.000000	5.000000
9.801183	10.869954	11.000000	6.000000	10.000000	4.000000
1.150468	11.583311	23.283450	19.649746	9.791075	4.378885
3.675903	-14.070792	15.090569	2.103809	5.033181	-3.852052
9.000000	7.000000	11.000000	9.000000	7.000000	4.000000
-3.196260	4.000000	10.000000	7.000000	2.000000	2.000000
-2.098658	14.133330	10.000000	3.000000	1.000000	7.000000
-6.533023	1.847345	9.603397	11.053180	5.000000	1.000000
1.142244	6.043131	14.430799	8.429288	-1.206773	17.365777
20.320084	7.141454	18.076651	9.753062	7.237517	1.000000
-8.670478	27.680873	13.832142	16.397197	-3.002770	7.598630
-8.212194	-11.829629	11.338442	25.465729	9.000000	0.000000
11.540343	0.000000	0.000000	7.000000	4.000000	5.000000
11.645886	2.673321	11.965952	24.768617	3.287388	0.246682
9.129648	4.129307	3.000000	7.000000	11.000000	5.000000
-1.967726	12.064138	15.410285	4.728193	8.000000	8.000000
6.864584	13.521628	18.877028	10.626148	13.458457	11.000000
13.704420	5.000000	3.000000	9.000000	2.000000	9.000000
11.000000	7.000000	9.000000	1.000000	3.000000	3.000000
5.475842	0.498692	3.000000	2.000000	0.000000	2.000000
9.069416	15.299689	6.529286	12.007260	11.091236	6.293330
0.093405	10.837053	3.000000	4.000000	1.000000	4.000000
1.907780	11.079971	15.002764	4.708619	1.565689	21.558657
12.503951	9.306374	5.000000	0.000000	11.000000	10.000000
-3.336685	3.872327	7.243720	10.407163	0.476336	10.395080
4.002821	13.860572	4.837037	4.951359	8.453549	12.811634
12.485508	-13.308537	6.010065	12.836721	17.822880	1.000000
6.268538	11.000000	5.000000	4.000000	10.000000	9.000000
7.047341	-7.039601	3.540827	14.307556	21.309427	1.015696
-8.444362	11.057438	19.875550	17.454320	-0.631520	16.057406
5.000000	3.000000	8.000000	2.000000	11.000000	11.000000
3.490246	-3.658870	5.684984	7.000000	9.000000	2.000000
-3.877557	9.000000	2.000000	4.000000	10.000000	7.000000
-14.944886	-13.523742	12.804418	7.243361	4.922528	0.749416
3.154445	7.370579	7.500306	5.209212	6.000000	6.000000
6.557406	22.754194	9.778520	6.263103	6.000000	7.000000
-0.440074	-8.989191	15.286813	13.492572	5.344510	10.000000
6.600368	7.023200	13.740629	3.036896	10.016021	4.618744
8.155778	12.854814	9.325959	18.661146	6.969693	12.655346
1.085028	6.836847	3.633636	16.565024	7.677022	-1.383462
9.000000	9.000000	9.000000	0.000000	10.000000	8.000000
12.228220	0.452481	13.286911	11.000000	5.000000	9.000000
2.000000	6.000000	10.000000	11.000000	4.000000	5.000000
5.350085	3.388088	14.470009	7.132949	11.000000	7.000000
0.134997	9.000000	5.000000	0.000000	11.000000	2.000000
5.000000	4.000000	2.000000	2.000000	9.000000	6.000000
11.539250	-11.555495	17.476877	16.499907	-0.889351	2.005208
5.120108	0.937066	3.464271	20.430067	16.941364	0.000000
5.000000	8.000000	6.000000	10.000000	10.000000	2.000000
7.385327	-1.350169	23.255198	4.504295	10.036917	22.394381
11.055812	1.037163	10.291370	8.227546	2.247127	5.000000
-0.114227	6.302420	19.126499	7.278515	-2.377144	11.975898
11.769991	5.195531	0.189898	3.580583	5.244979	11.000000
1.000000	5.000000	4.000000	6.000000	0.000000	10.000000
-3.439041	9.578833	6.636108	16.164180	10.241108	8.358736
-5.834466	18.420760	13.409561	-6.041114	4.926913	11.000000
9.107714	0.524434	8.016666	10.913374	8.490078	9.277049
9.397476	11.856848	0.621058	-1.584966	3.249316	11.873648
12.168818	-6.091607	4.425240	1.000000	7.000000	7.000000
1.593672	11.671167	10.468557	11.521749	-2.147835	16.561076
5.273666	10.973305	17.485004	9.332195	9.392624	14.775879
9.807463	3.534126	8.737180	14.676536	12.518015	8.102168
0.000000	8.000000	7.000000	7.000000	8.000000	6.000000
5.000000	5.000000	4.000000	2.000000	2.000000	7.000000
5.418370	-11.182180	17.092199	12.373341	9.068656	3.799235
11.276265	0.824381	5.000000	7.000000	5.000000	0.000000
1.963796	8.977194	13.573297	20.021759	-4.663285	9.153858
1.765640	4.000000	5.000000	6.000000	5.000000	0.000000
-3.000723	12.877932	-1.822174	12.526901	-1.755326	6.494314
4.363246	-8.791082	2.617447	5.000000	8.000000	0.000000
16.793140	8.176015	5.440119	30.486271	13.368679	-5.111183
-0.476010	16.588534	15.759619	15.876566	1.682376	13.387634
7.004981	14.620944	10.783911	14.995291	8.092587	11.177714
7.819137	11.103256	21.010143	13.180549	6.906872	8.648051
10.401573	14.817596	5.428051	6.215362	1.000000	2.000000
1.414881	7.510192	-1.374268	11.627905	2.505703	5.000000
-0.443469	19.911604	23.371818	8.333937	4.705219	-0.931204
6.243686	-5.706538	12.639559	13.315480	8.155425	-5.486788
-2.638719	2.000000	1.000000	5.000000	8.000000	7.000000
7.570435	1.979594	18.296832	4.872679	8.457610	2.866054
-0.124418	11.308296	0.000000	3.000000	10.000000	0.000000
14.112584	1.140808	11.268389	5.575374	5.355746	10.996495
-1.162482	12.681654	6.000000	4.000000	5.000000	9.000000
5.903424	15.179080	19.360707	17.297551	8.767403	0.387399
7.000000	6.000000	5.000000	7.000000	4.000000	1.000000
1.547894	0.894280	16.924997	8.308645	3.611408	0.246677
4.697768	4.690173	8.053658	11.007426	10.119069	8.638408
3.992492	10.726835	3.000000	11.000000	6.000000	6.000000
2.748292	6.381937	13.163091	17.262193	6.350702	11.391030
8.256317	3.873617	18.804111	27.217244	17.020903	12.799703
1.033096	8.979002	13.682244	7.383634	5.000000	5.000000
-9.141955	14.807825	3.316902	7.613393	3.203664	14.103377
8.182529	2.201859	-2.737157	2.000000	0.000000	1.000000
-4.471816	-9.218930	-6.954428	23.415422	15.571459	-2.954253
6.828224	9.317138	7.506457	13.696207	4.695925	12.552237
9.000000	0.000000	6.000000	4.000000	11.000000	1.000000
0.735771	6.000000	7.000000	2.000000	6.000000	4.000000
0.747696	-13.544247	17.048447	6.930758	11.627200	-3.954778
3.244275	2.839370	11.000000	6.000000	5.000000	4.000000
6.487242	-6.893844	6.168052	10.480995	0.331164	9.000000
2.412214	7.641099	1.043518	5.836047	0.114963	1.307368
1.458558	4.000000	10.000000	0.000000	11.000000	5.000000
2.899711	1.658985	24.200368	6.519920	10.948783	11.370201
6.874446	2.094309	15.062073	1.000000	11.000000	11.000000
6.407686	7.637597	3.430486	-1.444909	16.526951	-5.200932
0.396821	7.484054	14.399014	11.000000	6.000000	1.000000
10.825667	-3.255614	17.606623	17.093468	3.269708	14.189176
29.306331	-11.812550	16.512427	3.000000	5.000000	11.000000
0.897927	-10.268714	11.372162	4.103693	9.208835	14.901809
0.526835	-0.218506	16.300702	12.931961	3.000000	6.000000
0.438657	24.925556	18.157958	15.276258	1.179069	15.127917
1.242208	11.033236	9.855642	6.226690	2.571579	-3.819056
16.779805	10.334623	17.062921	-2.296274	13.317168	6.640316
0.000000	11.000000	8.000000	2.000000	11.000000	4.000000
2.000000	10.000000	4.000000	5.000000	6.000000	8.000000
1.323790	-1.729196	7.378920	-1.002344	-1.069828	-3.212631
-8.514098	10.668061	4.820995	-2.858944	4.402693	13.955378
-16.663562	-12.193677	11.422916	10.463846	10.704580	-8.001235
-2.286100	9.593382	22.235900	5.788504	6.844732	9.583193
0.233182	6.000000	6.000000	7.000000	1.000000	0.000000
3.277034	11.170174	11.379775	8.142705	8.107524	-0.654235
0.091152	-1.238675	9.885132	15.941357	6.155243	10.072941
0.483192	-7.763676	6.000000	10.000000	3.000000	10.000000
22.015641	-1.603125	6.361210	8.000000	3.000000	11.000000
4.000000	8.000000	1.000000	1.000000	11.000000	10.000000
-1.892449	4.000000	6.000000	9.000000	2.000000	6.000000
-7.963227	-6.896384	9.964284	24.003871	1.074418	-5.955886
1.504261	8.472256	10.589462	3.000000	11.000000	4.000000
2.521081	10.820350	17.302468	11.000000	3.000000	2.000000
1.954808	8.409658	5.354032	2.517673	8.208813	0.000000
2.740244	8.957916	8.030630	0.879707	4.000000	5.000000
-7.249725	9.000000	4.000000	10.000000	3.000000	8.000000
3.716136	9.363531	33.650530	8.125387	4.551590	2.943985
2.774461	5.278762	-3.369599	22.309918	12.967350	-1.473020
9.299509	17.960298	20.333234	15.631459	11.000000	11.000000
5.090906	4.823981	10.929367	11.060204	6.420086	4.832145
4.562202	3.227292	16.588229	17.912849	13.536290	10.425951
-2.408814	1.000000	10.000000	9.000000	0.000000	11.000000
14.690769	1.895341	0.078551	5.000000	0.000000	9.000000
-0.194820	-5.950385	0.189671	12.494849	1.795782	7.000000
1.224885	4.066439	32.337866	8.955335	-7.932806	7.330856
2.942395	-5.326892	7.412132	28.980777	13.597811	-4.769151
-1.489267	-1.940731	21.589908	15.026141	2.418669	17.674100
0.682735	2.854601	17.218328	5.704187	9.238793	-1.189039
-4.229169	5.653585	7.211062	7.971094	3.184195	2.000000
0.000000	8.000000	11.000000	3.000000	1.000000	9.000000
2.252580	21.562576	23.466798	4.141657	12.385235	15.296949
3.233055	7.073144	5.000000	8.000000	5.000000	10.000000
17.292644	8.669255	8.586177	5.404707	8.326495	6.511361
1.320014	-1.435284	18.707068	11.642380	2.210501	29.390040
-6.161918	-2.784990	10.000000	7.000000	10.000000	7.000000
2.167852	1.523710	10.699171	18.022077	3.900389	-5.090783
4.158792	3.450390	8.587044	7.152907	3.750325	3.504644
8.229956	1.915295	10.009835	13.116827	-1.177838	14.044396
4.246511	12.318604	1.354432	8.749692	12.967684	12.730582
-1.139309	10.000000	9.000000	5.000000	9.000000	10.000000
7.845886	9.000000	7.000000	2.000000	2.000000	10.000000
11.220383	-1.095311	-0.334622	16.862785	10.335600	-4.306349
-4.303772	2.767396	15.376305	16.417961	-5.850457	11.218030
17.936386	1.022320	10.122917	4.708366	3.395366	8.000000
13.165335	-3.537727	9.420195	15.755630	3.891601	10.184179
1.942986	10.290172	16.063979	8.244514	10.182233	6.873017
5.736742	20.088020	18.074253	11.831312	3.975146	11.764932
-0.187982	0.000000	0.000000	1.000000	6.000000	7.000000
-5.549942	7.085651	2.000000	2.000000	8.000000	10.000000
6.589534	5.425561	7.650459	6.385503	7.087410	1.000000
3.522639	7.701793	12.577459	8.066343	1.346630	2.000000
-5.285495	3.893230	13.217619	26.401312	9.452158	0.467127
8.887799	9.488019	14.429552	9.246031	11.455604	20.884311
0.000000	1.000000	2.000000	2.000000	9.000000	1.000000
9.620730	1.327525	10.569261	7.540287	16.970010	2.373399
9.000000	11.000000	10.000000	7.000000	10.000000	0.000000
8.000000	9.000000	9.000000	7.000000	4.000000	7.000000
-3.946664	2.659604	9.268330	5.661612	10.577802	14.748798
3.000000	0.000000	9.000000	7.000000	1.000000	11.000000
-7.018945	7.599499	29.943330	4.740964	-1.139890	5.918973
-3.938667	-5.807118	9.000000	11.000000	6.000000	3.000000
-2.980463	4.793026	3.234633	0.911323	11.000000	0.000000
7.169508	7.512092	17.396130	5.715826	4.981128	6.638987
5.913008	8.802161	9.849568	10.192915	5.283197	5.305136
10.226539	8.870669	30.281506	19.855127	11.244292	3.741063
3.194382	8.093332	6.977203	27.339886	6.627499	9.262849
1.369505	13.203269	14.338605	8.838635	-0.273367	12.494173
3.821539	2.743366	6.000000	0.000000	10.000000	10.000000
-8.317552	16.160762	21.749035	5.578728	-1.404547	15.760817
8.116837	16.726345	-1.926625	4.432687	2.000000	0.000000
5.301026	6.622563	17.836349	2.479906	3.281120	11.080665
-12.437525	4.523896	4.455284	24.822834	22.457085	-3.407132
0.164895	-5.656562	14.939708	10.833406	21.403953	-1.002460
-0.681508	2.251631	13.675133	11.986156	10.742236	14.403723
16.077092	13.881964	8.541481	8.992172	1.302474	15.599600
9.480114	1.138994	12.962040	-0.965621	7.680898	6.803489
-6.248638	3.574985	2.000000	8.000000	4.000000	9.000000
9.067282	-11.760793	14.887390	11.494336	-0.369779	11.788297
4.052306	16.516915	9.000000	0.000000	10.000000	2.000000
-7.877427	18.827099	11.872765	10.857407	0.000000	3.000000
7.451717	5.382550	4.404089	12.717156	-10.932837	5.329379
1.921416	0.626136	9.722171	10.904143	6.951113	3.649304
7.846071	15.885227	22.041687	8.555249	2.975725	3.822148
-0.526676	-15.382573	13.686413	9.735912	12.457129	-6.712388
-9.796706	-1.277302	18.423304	7.114983	1.000000	2.000000
3.532373	-1.530634	27.133608	15.124604	-3.619695	14.048292
7.431184	13.100064	8.630485	3.022371	-7.409006	-11.841096
10.608549	-1.623013	18.029675	14.251875	-2.576474	10.535765
-4.768332	14.138402	10.675318	8.775281	10.463874	14.541308
4.327812	5.239653	22.402888	10.000000	1.000000	9.000000
-7.295014	-2.261262	10.294149	12.666386	11.004037	2.576269
6.000000	11.000000	2.000000	8.000000	11.000000	6.000000
13.767556	-11.136284	-0.032153	9.000000	7.000000	4.000000
7.117039	6.607883	11.000000	5.000000	2.000000	2.000000
6.150301	12.407123	21.160001	12.818121	-1.941505	11.982688
7.000000	2.000000	9.000000	5.000000	8.000000	6.000000
0.928742	9.284500	7.844773	11.272195	5.044726	2.006858
4.240227	4.166753	17.093777	18.942663	2.277782	15.705841
3.763577	6.655355	12.990230	7.183520	4.000000	6.000000
13.372332	-1.415159	7.000279	8.336818	8.302168	4.000000
5.308766	10.486427	12.680111	14.882125	4.077867	3.195198
12.355965	2.590992	-0.230472	3.162923	5.238402	4.749786
-2.559458	-2.637973	22.765652	20.900695	12.572563	-8.072614
9.610139	6.932717	-6.956655	23.306953	8.865167	13.366093
17.169622	0.603412	-0.108676	16.922612	7.839325	-1.593040
16.796473	7.736846	14.238584	18.630180	-1.354251	12.703107
-1.399291	8.916414	20.402441	16.199600	9.996671	3.148028
11.108931	7.329976	5.737137	6.000000	9.000000	4.000000
5.455580	10.793194	6.000000	9.000000	0.000000	9.000000
3.000000	0.000000	8.000000	5.000000	7.000000	5.000000
8.879825	11.000000	3.000000	8.000000	2.000000	9.000000
10.000000	7.000000	0.000000	11.000000	7.000000	2.000000
9.249010	-7.796381	4.275199	20.103307	5.777347	3.849220
3.455305	3.921194	8.000000	9.000000	11.000000	3.000000
4.309463	-4.284954	-0.863665	10.087098	5.000000	9.000000
15.393326	2.150329	10.092861	9.394083	4.865563	6.038847
3.531674	1.060889	0.650608	9.238191	4.487069	12.232452
-7.326090	-0.653440	4.112122	3.144711	0.501874	-0.420723
2.955892	8.255515	16.720432	15.687171	8.000000	1.000000
-1.961895	-2.408375	6.638717	9.000000	11.000000	5.000000
6.261269	13.558730	29.671997	17.234669	3.213493	11.484969
-1.305407	9.864472	8.427205	8.000000	5.000000	1.000000
1.251263	10.118629	20.392787	9.852181	10.894365	5.000000
9.080549	6.081304	0.797276	1.000000	10.000000	11.000000
-1.297979	18.202432	20.973422	9.130597	2.000000	5.000000
5.737798	-6.243561	10.210349	16.296608	-4.550470	-0.324180
6.479316	-6.500157	9.274687	13.197577	6.150544	-0.137251
10.482692	2.917913	8.419248	3.415379	1.758777	5.525708
4.430558	4.957820	6.586180	13.613328	5.098401	9.689452
12.334896	0.313284	6.640941	17.038473	18.560183	4.663512
6.644315	4.711786	20.754315	0.000000	4.000000	4.000000
-5.152876	8.000000	8.000000	8.000000	9.000000	11.000000
13.203916	19.536984	14.035766	12.204406	1.000000	6.000000
-8.610466	8.843601	25.841659	9.845130	7.929025	4.825874
-7.343050	-0.820504	6.174630	20.784397	12.148796	14.579051
2.929592	14.611307	22.179783	9.888678	14.217915	7.409064
-11.054432	11.410614	0.801584	3.629532	2.019481	8.688146
0.033847	12.834654	14.045699	17.497468	4.362491	17.283841
-0.064095	15.317410	0.619863	7.420098	1.149379	-7.012853
-3.986270	-4.481283	12.435828	2.000000	4.000000	4.000000
-12.028212	19.889476	19.703920	13.895689	0.491828	20.268449
11.359173	9.167875	9.112369	14.259719	14.088292	3.697504
0.569853	4.839575	23.651282	22.142328	4.554132	4.023168
4.068929	11.077362	19.935607	18.768404	9.344928	5.022716
-1.902310	18.705509	11.957428	11.894964	-1.191626	9.960388
4.626858	0.542478	15.954896	8.318563	-2.177360	12.083484
-1.429681	2.086653	18.771462	14.352902	17.182159	12.678713
20.250270	6.448840	1.000000	10.000000	9.000000	2.000000
-4.930149	13.921182	6.000000	8.000000	5.000000	3.000000
-3.860460	14.368261	13.431846	19.338663	7.000000	6.000000
15.104485	-5.166679	12.162747	14.008520	12.507994	12.208896
-8.458551	13.370131	16.810994	16.008464	0.001974	12.961548
0.799423	10.365804	12.017802	14.318050	1.000000	6.000000
2.825227	12.593205	13.146592	13.034761	17.864279	5.493815
9.559076	0.751457	-0.054481	16.747887	-1.494026	10.237387
15.026965	-1.417249	13.689227	6.000000	11.000000	8.000000
2.617752	0.400807	17.419923	21.583267	10.352401	16.841156
2.431357	8.966384	15.260801	8.471609	9.130926	8.411253
4.076158	6.208184	19.637039	22.333867	2.529291	0.588797
12.093271	-1.582975	3.000000	1.000000	10.000000	3.000000
3.090322	4.255333	1.743175	3.425184	0.717259	1.593932
-0.682863	6.451768	7.112907	9.190631	7.332141	2.547757
2.315242	-4.749236	9.494414	6.000000	6.000000	8.000000
-4.010383	5.673394	8.627903	20.446052	6.399946	1.684263
3.009589	3.234246	18.984408	5.278526	6.152773	14.012282
3.131908	7.000000	4.000000	1.000000	11.000000	8.000000
3.180718	11.673438	8.000000	3.000000	11.000000	9.000000
10.990491	2.260700	11.420757	3.000000	2.000000	6.000000
1.091786	10.608701	8.181269	-0.297131	1.375194	15.059541
0.721924	-1.712103	5.431894	17.055117	2.694082	3.455628
0.608017	5.564490	3.061786	17.658623	16.911785	6.460093
9.836312	14.739728	-0.453777	20.344557	-3.276091	3.215141
3.036593	12.172445	15.507696	14.012775	8.557490	7.933193
16.907163	5.918009	5.495983	7.423167	1.000000	0.000000
1.200229	6.088452	25.641646	4.000000	11.000000	10.000000
0.979761	-9.950202	1.684997	6.180962	3.122793	11.223967
0.220508	7.974486	16.688201	16.131343	11.521004	5.830791
-9.406813	11.324114	17.911697	13.713690	2.000000	6.000000
-5.826672	7.000000	10.000000	10.000000	8.000000	5.000000
7.086991	2.000000	5.000000	8.000000	1.000000	3.000000
-8.023730	6.925995	10.223846	16.118764	12.923697	2.275318
-10.839974	1.579078	23.314012	15.089054	4.337831	5.916248
1.473119	8.526609	11.124003	11.048504	-3.623112	18.756098
3.524181	4.921196	7.403873	19.205220	-2.306791	-4.009651
2.733899	26.570886	32.054474	8.993134	2.150745	18.000339
3.200722	15.143608	6.037164	10.151334	4.080516	4.301911
-2.518778	8.728207	18.584490	7.255945	11.347312	6.593156
0.051417	17.987412	16.792650	6.976592	16.549574	12.194349
8.527021	11.000000	10.000000	8.000000	7.000000	5.000000
16.866342	2.264654	18.110220	7.000000	7.000000	8.000000
13.939110	14.529289	11.243799	6.470323	6.715221	-5.393172
-6.540713	11.297807	16.490312	9.989952	1.475617	9.923057
1.052291	4.097403	-0.772996	2.000000	8.000000	9.000000
10.000000	7.000000	0.000000	5.000000	6.000000	4.000000
0.000000	5.000000	1.000000	0.000000	7.000000	4.000000
-7.275306	17.778224	4.000000	6.000000	1.000000	6.000000
-8.869911	13.383920	15.325491	9.306039	2.597894	11.478292
-3.683481	8.115886	18.829702	4.772342	9.181251	2.275768
-1.661358	8.414114	9.933498	8.717183	0.517934	8.366220
2.452573	18.586061	3.546111	-8.214743	11.140067	1.948255
-5.188407	13.618448	19.336792	16.714282	11.130944	12.475711
3.168901	5.915900	10.123623	12.222022	7.690519	3.321158
2.492643	13.271777	11.648468	4.853843	-1.400305	20.393148
4.184887	4.988084	20.797097	8.691929	18.314528	10.772610
-1.338898	2.000000	6.000000	5.000000	9.000000	2.000000
-0.662891	5.000000	5.000000	10.000000	0.000000	4.000000
-11.599660	5.717074	13.969468	17.019308	11.906137	6.800374
-8.879253	6.828965	30.927622	10.762004	2.788190	15.097292
4.567451	12.093842	0.065961	17.329230	10.606495	15.317366
-5.148524	3.490304	13.490971	8.926488	-0.041724	13.451152
14.059451	5.151143	8.883411	13.936615	8.013957	0.529549
2.814133	6.157472	13.772316	2.471432	2.151930	9.859726
8.268423	5.859001	8.992156	23.053056	7.000000	0.000000
-2.793897	11.691598	10.435394	11.488177	10.811290	26.020380
-1.576934	5.000000	3.000000	0.000000	5.000000	1.000000
1.182693	10.726627	19.772879	7.515014	-3.218878	12.148131
-1.601312	-0.706400	7.000000	9.000000	4.000000	3.000000
5.121636	9.172067	4.000000	2.000000	2.000000	10.000000
6.322116	6.040189	3.939667	17.879261	11.200704	10.815683
-3.990791	16.134395	13.077950	14.469166	25.018720	19.349458
-1.521232	3.240091	-0.766913	16.981626	10.208188	-4.672921
-4.434489	18.512833	16.656835	7.787039	2.350784	12.006067
-9.945842	-20.108528	-8.946496	5.948653	11.240112	2.808483
-1.901351	12.392460	14.382660	20.744776	13.176929	8.329081
5.491552	8.227958	10.022600	8.504641	18.998007	0.229719
10.307965	3.967893	4.000000	9.000000	9.000000	10.000000
6.611065	2.000000	9.000000	3.000000	11.000000	0.000000
4.432997	10.000000	4.000000	9.000000	9.000000	1.000000
8.000000	6.000000	6.000000	4.000000	1.000000	11.000000
-2.847244	22.428386	10.000000	0.000000	10.000000	10.000000
11.549951	4.479163	5.177632	2.000000	2.000000	4.000000
14.135917	-4.413357	16.621001	21.924234	7.423202	-2.126965
8.262858	-6.340462	17.856160	21.571600	7.896582	6.796809
2.000000	4.000000	5.000000	7.000000	11.000000	7.000000
-2.384435	2.942400	4.799642	5.654798	2.733469	9.000000
-3.002568	19.666300	-3.051923	1.571861	-5.352900	8.150868
1.676535	-21.030656	10.264039	11.688881	8.195522	15.259124
13.946584	19.011458	8.228365	12.714636	-3.953934	5.623065
7.000000	6.000000	9.000000	3.000000	1.000000	3.000000
4.171570	-7.379862	17.681495	9.000000	8.000000	6.000000
7.757890	-4.145719	3.273593	4.199463	11.574294	20.696246
1.013478	4.713191	13.932931	8.445472	10.381001	-1.671682
-5.422846	13.576585	19.543819	9.035322	1.000000	3.000000
0.501706	7.185538	16.242443	17.172607	3.944962	16.629848
12.077078	10.409045	9.572150	17.723387	11.000000	5.000000
2.000000	7.000000	5.000000	3.000000	9.000000	6.000000
-0.883265	1.992796	10.996854	15.257434	14.054205	4.022038
3.083278	-1.710870	14.003589	13.716942	1.635913	-9.711189
3.654136	14.524078	11.005631	12.475039	5.000000	0.000000
-2.447538	2.312458	7.752568	6.828974	-1.793150	6.694369
3.391461	-8.129408	4.594941	23.276447	30.702079	1.152671
5.004446	1.988135	8.399026	8.000000	1.000000	10.000000
9.232619	4.000000	7.000000	0.000000	2.000000	9.000000
9.221243	-12.020012	9.548924	7.000000	1.000000	10.000000
4.471519	7.357161	17.663733	29.267756	12.764752	-0.751479
0.645289	10.000000	3.000000	8.000000	6.000000	6.000000
8.344968	9.000000	1.000000	3.000000	11.000000	3.000000
-5.062847	14.886743	19.970113	9.490731	5.802596	9.563884
-1.944577	10.000000	4.000000	0.000000	11.000000	5.000000
-0.025692	4.116007	9.722471	7.905162	5.475463	13.536062
-0.092065	1.000000	1.000000	9.000000	6.000000	11.000000
18.478024	5.366595	9.678278	17.471942	6.413058	14.747199
0.090291	-2.607047	10.488664	25.391406	1.449511	4.559690
9.958845	-0.387536	13.621082	0.861914	12.363017	1.000000
-1.127236	3.000000	11.000000	10.000000	4.000000	4.000000
2.044884	-6.630121	-0.915419	9.562914	-0.639056	13.181488
8.148400	-2.344839	9.216200	8.769989	9.825819	12.642590
-6.424400	14.436185	6.317484	15.309158	-0.889459	9.577502
10.347617	-2.210639	23.046040	3.818781	2.799478	4.832957
-6.018857	2.425948	15.043421	5.060599	8.000000	3.000000
4.941034	15.366718	1.000000	0.000000	5.000000	3.000000
10.000000	5.000000	1.000000	3.000000	5.000000	8.000000
-2.584983	19.709346	8.485746	17.712785	6.296890	5.896843
-3.116728	8.000000	7.000000	7.000000	1.000000	2.000000
5.008003	1.000000	10.000000	9.000000	8.000000	7.000000
-1.286791	6.541793	11.124625	9.352464	6.998375	-4.432758
-13.746274	-2.982800	2.134151	13.472822	13.505673	8.381959
0.303517	6.181406	11.100429	6.244722	8.309293	9.811450
9.000000	10.000000	8.000000	7.000000	4.000000	4.000000
0.254320	6.188524	11.248390	14.405366	6.766964	10.411870
-5.531896	-2.869148	7.614813	13.587747	2.051548	1.767582
-4.911917	25.565224	15.708059	7.955790	-1.837707	27.579901
7.123982	3.977870	18.043684	2.556781	7.711268	3.247205
-1.366272	11.394984	14.025570	8.958711	16.109614	10.569304
6.318114	11.567450	7.351474	8.002955	3.924336	9.481078
7.132087	1.175670	13.002633	11.487762	7.295690	7.240451
-8.274723	0.000000	2.000000	5.000000	2.000000	9.000000
5.827034	8.162851	3.497463	11.809316	8.161725	8.000000
-1.047120	14.434893	17.638407	8.739313	8.375879	8.001040
-9.506371	9.036147	6.918162	1.232197	5.000000	7.000000
2.904863	3.324415	15.582867	8.402644	11.457895	14.503334
0.390048	20.598118	14.639425	3.000000	1.000000	11.000000
6.490852	3.792873	14.748892	3.399220	-1.322675	12.405711
0.844019	14.257756	1.940397	1.711219	14.194639	1.000000
14.204089	-1.169601	23.613761	15.045427	3.304882	1.735476
8.487680	9.000000	10.000000	2.000000	2.000000	3.000000
4.096608	3.236227	12.576561	7.000000	7.000000	0.000000
3.418403	1.592713	11.956105	19.098474	1.780578	12.319410
0.787277	11.699942	11.407899	11.050790	6.739992	12.647589
1.504977	19.914586	20.450566	6.595880	1.000000	3.000000
-7.779247	9.861255	5.206512	9.847222	13.170068	8.000000
-3.719850	3.245885	12.332462	17.312957	1.207872	-4.817874
-9.384096	18.150878	13.154774	6.246550	-1.342549	6.408501
-1.279218	9.989932	4.252884	-0.961032	10.950915	9.958972
-1.467882	18.257503	14.932912	9.000041	7.433337	1.297101
4.284676	3.917519	8.527419	11.502597	13.671900	10.592377
7.329377	6.739653	21.955357	14.468354	6.557242	7.779475
13.895076	-2.223474	9.000000	3.000000	3.000000	5.000000
8.595034	-5.172549	14.306586	17.105742	18.066890	-0.461773
7.000000	4.000000	1.000000	9.000000	5.000000	5.000000
7.751376	4.636138	12.814298	14.363840	7.190125	7.508346
-2.346666	5.151099	12.362386	3.000000	8.000000	5.000000
3.059389	3.636369	14.753603	4.270657	3.478432	5.307392
11.526368	0.324529	-5.515386	4.000000	3.000000	3.000000
6.701252	4.471526	18.589732	7.716959	7.296332	14.106467
7.575190	0.720991	18.921250	11.056244	11.779259	-6.316955
-2.099547	-1.947815	8.572222	16.725753	8.703017	2.667204
1.753216	18.930166	15.126808	10.920492	14.508704	-3.383803
7.370443	6.756754	9.211083	7.516438	-3.220892	12.592714
7.623458	6.452672	17.142377	16.190671	3.522050	-5.844008
-6.158068	1.335777	13.467174	18.921634	-10.643950	5.741536
7.610093	8.350257	8.992689	11.954123	0.000000	3.000000
8.568549	2.745782	2.757891	16.556060	12.521373	-2.850751
5.211042	4.404470	6.972601	12.420224	4.233834	-2.260538
-2.674662	9.000000	10.000000	6.000000	7.000000	4.000000
3.227435	12.447902	13.659874	13.836194	6.912961	8.271396
7.396620	9.000000	8.000000	1.000000	0.000000	2.000000
1.074424	11.587348	14.843548	8.783495	-5.871171	10.883380
6.000000	6.000000	10.000000	0.000000	4.000000	7.000000
-21.679758	-6.912865	13.904383	5.149227	13.532729	9.743405
2.292020	5.243514	15.447982	19.017447	11.775890	8.009972
2.312946	-6.717315	17.706677	22.256707	13.719333	-3.346237
9.954136	10.902329	19.032948	14.716797	7.816942	8.888253
9.699427	0.669830	17.362854	18.705385	4.251234	13.485087
6.469429	7.672456	12.244686	14.997566	4.000000	2.000000
7.409531	2.000000	4.000000	4.000000	10.000000	5.000000
2.000000	6.000000	4.000000	6.000000	11.000000	4.000000
5.455411	3.730672	8.742954	2.000000	5.000000	9.000000
6.184308	5.000000	8.000000	2.000000	3.000000	10.000000
4.164216	-0.416359	2.181234	6.382512	3.231898	-0.600090
3.861951	7.000000	7.000000	1.000000	6.000000	11.000000
3.216014	8.009081	-2.713852	20.238496	11.032805	10.111827
1.000000	0.000000	6.000000	2.000000	6.000000	8.000000
14.038438	-4.061988	13.277534	10.418624	7.297837	4.000000
-2.270172	-1.626514	9.121953	1.793913	4.511921	-1.770279
-6.925668	16.599721	11.294718	-2.053690	3.372653	5.396605
8.350407	16.664244	17.090257	-1.593823	7.736594	4.164316
-0.211640	6.758528	1.040260	6.669710	-3.866769	7.939499
1.282864	-8.285500	11.899456	7.628143	4.802516	4.962865
10.000000	5.000000	11.000000	3.000000	9.000000	3.000000
17.998249	1.994997	15.254062	4.467049	9.698817	-1.452712
0.333929	13.027734	2.000000	9.000000	4.000000	9.000000
-2.160612	-2.239847	16.179699	11.285719	3.078382	14.456509
-0.305049	6.157957	7.495887	13.863767	2.434908	8.609243
7.717817	-6.350721	17.582236	20.878507	3.900683	2.541521
-13.716181	7.999492	34.156108	14.354766	3.002683	13.301355
8.961827	0.155779	9.778767	11.956947	19.363251	4.349788
16.544039	0.949112	12.317773	20.198743	14.521659	7.670788
-3.896040	-9.956901	8.000000	9.000000	3.000000	3.000000
-2.860262	5.393016	11.491123	15.204411	8.695958	0.923951
1.282050	8.564940	3.787252	0.000000	2.000000	8.000000
6.181855	21.260636	5.912473	16.301566	5.045399	0.042158
5.976478	4.928611	10.884982	1.182661	11.696901	1.481042
-5.688132	-2.775455	16.070554	19.922563	9.254159	10.537080
6.984978	-0.054819	6.427259	24.247829	5.998110	2.163580
-4.681270	9.964704	12.307259	20.337917	25.992244	19.317677
0.000000	6.000000	3.000000	7.000000	2.000000	2.000000
4.979002	7.709581	3.430188	7.993070	9.713160	11.000000
-1.142271	18.452794	14.096940	10.362890	7.118798	12.912696
5.228235	0.371588	28.353258	2.961464	0.534374	17.840941
11.061446	6.000000	1.000000	2.000000	8.000000	3.000000
2.416503	13.314853	20.716626	17.357796	10.000000	0.000000
0.250239	4.233812	11.745397	12.503217	7.321849	14.634960
21.590435	-10.504246	12.478698	8.389658	12.385411	1.545115
-2.025244	-9.327877	10.754904	6.902122	2.295944	-4.865574
-4.433882	9.155992	13.739144	21.713625	-1.220063	-3.491805
-19.469341	6.649744	7.020726	20.241200	4.735156	9.294165
8.000000	10.000000	2.000000	3.000000	10.000000	7.000000
4.000000	11.000000	5.000000	2.000000	0.000000	2.000000
2.371003	16.349076	20.314464	17.808356	1.000000	5.000000
9.000000	6.000000	10.000000	2.000000	2.000000	8.000000
9.025929	2.274158	16.941646	4.944189	1.944732	-3.235052
2.339283	-13.878009	2.662209	-3.299512	14.573345	9.963456
10.904184	8.000000	4.000000	1.000000	5.000000	11.000000
6.865255	-0.713917	28.139082	12.127045	-2.188317	7.715638
1.500963	3.000000	6.000000	5.000000	3.000000	1.000000
12.650443	7.614789	11.522805	12.544485	9.545698	7.602095
-7.031285	20.554837	16.596729	13.412982	5.423002	16.056484
5.605777	1.000000	10.000000	10.000000	3.000000	10.000000
4.476454	16.104683	15.818331	17.935145	2.151313	6.869539
22.522889	0.009440	-0.471611	27.327408	4.898535	5.000000
7.073955	-21.637557	19.516652	15.422785	16.861364	-3.656040
-5.980492	-4.323986	26.422292	21.969012	1.334054	0.458908
-5.280154	2.878839	30.019536	12.479753	-3.207311	16.142369
-6.243965	10.395151	19.648301	15.193526	10.260254	11.263737
6.300118	8.000000	6.000000	8.000000	2.000000	10.000000
-1.530688	1.480180	0.000000	8.000000	1.000000	5.000000
-10.601945	5.934794	11.492490	4.488042	0.498635	3.440395
9.899096	14.110620	8.525956	13.662951	-3.325839	5.231900
14.441348	9.714092	11.978760	13.398933	10.515353	4.000000
1.999744	10.243177	12.406019	22.300796	10.684899	5.000000
5.000000	1.000000	2.000000	11.000000	10.000000	0.000000
2.457492	11.922565	2.000000	10.000000	8.000000	4.000000
8.002556	1.962004	-5.033914	15.631780	-0.467134	7.598222
-1.828465	15.297548	18.666844	8.635827	-2.735637	8.086833
11.910153	-6.569999	13.596093	19.926832	11.345912	7.126884
11.267948	9.627376	-2.175205	10.142636	0.117831	-7.976288
7.021197	11.970691	3.408318	12.237958	10.625116	8.941566
8.044310	2.227290	15.288432	14.329023	4.636006	5.827166
1.847227	9.573324	8.086253	19.956852	7.182224	8.058756
11.968372	-4.528859	6.447909	7.400478	16.535898	5.069064
8.838327	-15.802833	5.137441	21.770874	11.011333	-10.751950
16.159966	-4.504087	13.919016	26.080463	12.459778	2.438621
0.129116	5.382917	9.633215	3.000000	3.000000	5.000000
-6.896621	8.669602	13.070096	7.068488	6.644344	13.250938
13.091338	2.000000	9.000000	8.000000	11.000000	4.000000
8.466141	-2.507037	3.000000	3.000000	11.000000	8.000000
15.616033	0.200903	15.310612	12.638122	2.264494	10.870364
6.315053	-9.153224	19.025295	22.765306	14.368766	5.149932
-1.588838	10.902574	11.869400	11.176510	-1.910628	-1.404577
9.000000	11.000000	0.000000	8.000000	8.000000	10.000000
6.112263	8.000000	9.000000	5.000000	8.000000	9.000000
2.082381	-0.916089	14.616789	19.535468	18.628759	-3.699729
-1.675815	3.160367	13.852966	11.804412	13.718187	7.338872
3.725869	3.482529	22.032735	0.818802	9.900355	12.768334
6.864642	1.571944	0.283955	9.000000	1.000000	11.000000
9.100113	20.275178	17.046347	16.417309	6.227447	19.481614
-1.901378	5.000000	7.000000	6.000000	0.000000	9.000000
-5.271543	1.585870	26.408372	8.926051	-1.583239	8.450385
-0.793455	8.759829	12.266016	-3.065741	-3.744886	6.861477
8.000000	1.000000	0.000000	1.000000	10.000000	4.000000
3.739917	7.197296	11.204662	7.994906	9.705442	9.817004
2.287619	9.695092	29.259414	11.864490	9.272259	7.372613
15.343319	6.524365	10.669750	27.145250	2.526909	-0.299628
17.019489	-1.544732	1.885348	16.974907	8.418955	8.000000
2.872830	3.222467	9.859020	2.000000	6.000000	8.000000
8.910855	2.818030	16.513878	8.232458	10.571731	2.000000
16.545452	10.523338	16.767617	11.046962	0.000000	5.000000
3.831841	11.606373	2.893280	19.080344	9.514960	10.482465
1.000000	8.000000	6.000000	3.000000	6.000000	9.000000
6.980707	13.033167	18.730796	4.093915	9.685960	8.486335
-2.495990	1.358612	16.168564	16.847413	3.164996	7.702577
4.642292	1.278226	15.949076	4.229119	6.216800	9.930950
11.000000	2.000000	0.000000	10.000000	4.000000	10.000000
1.578523	-5.217020	15.424659	8.360390	1.550432	10.008096
-1.465892	4.761414	6.733241	4.000000	7.000000	3.000000
-7.933319	14.355713	22.070158	20.284516	-6.105399	8.617340
8.977329	12.506441	3.880509	3.200849	8.463314	-8.643896
0.011809	-4.953515	8.640759	17.516949	4.737764	5.686835
5.733370	20.060968	17.971365	18.028698	11.379822	10.146813
10.381809	13.058181	13.373446	2.186579	0.621427	5.000000
-4.976081	14.000076	19.145166	5.287822	-6.827845	3.390171
-2.396837	5.926403	16.451112	7.246256	8.108414	6.899317
11.832200	4.832241	10.722685	7.926946	7.446941	3.816222
-0.027103	-2.379988	19.627155	23.504909	3.548024	8.621688
2.289882	1.797729	17.424964	2.143275	-0.856748	-0.925224
6.927327	10.007530	7.963067	8.411167	5.812176	7.177694
9.145574	10.892113	17.294909	13.547602	11.276108	10.230569
5.625199	-6.536265	0.242351	2.823834	-2.591725	3.736660
8.283373	1.000000	2.000000	1.000000	1.000000	3.000000
7.803076	0.883162	19.642366	21.959378	2.579853	6.188391
5.501340	16.440993	2.626384	3.398371	1.317658	13.820646
21.174995	-0.161070	2.881030	10.066642	11.392457	3.306033
11.637015	-5.422744	20.379961	3.000000	9.000000	11.000000
-5.324118	21.091829	5.385496	4.404529	-4.741967	-6.202962
10.254502	5.827914	13.185824	1.103197	17.198747	-3.063347
-9.497394	-1.803807	14.771255	9.448427	-2.538130	-0.688686
0.827537	9.889263	10.318687	1.000000	2.000000	9.000000
0.146753	3.205736	16.322499	18.100601	7.337679	-2.667244
10.482354	7.433460	20.977388	9.519851	8.000000	8.000000
18.035187	-0.643536	4.898233	5.986762	15.363448	5.000000
3.094179	22.776603	15.443579	0.056256	4.341330	6.413937
9.979867	2.055004	1.163652	9.878727	6.882572	3.000000
4.955943	8.239935	17.589278	12.641182	13.350911	5.919169
3.179714	3.094170	8.000000	8.000000	6.000000	10.000000
-9.976724	20.485894	16.949900	12.690568	5.000000	0.000000
-1.123920	7.000000	3.000000	0.000000	6.000000	5.000000
10.000000	11.000000	2.000000	2.000000	4.000000	8.000000
12.269226	-1.687267	3.217922	9.398879	9.561238	7.000000
2.481069	-1.873970	8.180375	11.177649	2.858691	6.713860
8.060933	1.480042	24.763586	11.000000	5.000000	4.000000
4.378835	-1.496059	2.322956	13.695949	6.312380	10.326543
17.753367	5.333840	3.541991	1.992348	13.466808	10.058100
9.319901	-4.371896	17.309273	16.129342	0.000000	7.000000
1.199446	-1.087067	9.416743	14.303011	21.178536	-3.645901
-0.787785	3.801580	6.101597	21.740930	10.294538	3.501399
14.774994	-2.560952	8.111454	10.000000	10.000000	10.000000
-7.469358	7.948105	8.000000	10.000000	3.000000	10.000000
-0.989990	-12.216684	9.605551	9.864021	1.408635	8.224450
-6.371754	2.886331	12.541599	14.928168	10.445064	5.802331
-0.437048	7.761270	6.901675	0.000000	10.000000	10.000000
14.001486	-9.657851	9.257662	10.000000	5.000000	2.000000
12.432807	9.022861	6.000000	6.000000	3.000000	9.000000
11.358848	1.252171	2.915212	16.321746	14.556127	-1.846186
1.178345	-2.053608	16.254537	4.228328	15.612535	-2.754149
1.006288	2.245888	14.566269	14.703831	3.475864	11.426146
11.000000	5.000000	8.000000	0.000000	6.000000	4.000000
-3.874295	4.682149	6.653917	11.739451	7.414798	4.461219
0.689092	10.434204	12.001499	16.392560	6.164166	10.253614
4.141317	6.870828	2.000000	4.000000	3.000000	11.000000
-0.199428	2.602926	16.794713	8.000000	6.000000	2.000000
1.114128	-3.591914	5.993970	8.557358	0.742810	16.751803
-7.153227	5.927947	15.001035	15.482546	-1.216477	19.721671
2.906327	0.825986	3.059113	27.254118	2.589049	-7.543507
3.000000	2.000000	0.000000	4.000000	3.000000	3.000000
1.127420	-6.351190	15.414936	7.405805	13.223393	6.773900
-8.571949	10.339581	22.146458	11.516222	9.182536	17.219606
19.686886	7.561865	8.449370	10.073717	8.368845	0.308450
7.082776	1.755197	4.496416	16.061331	23.332420	0.000000
-0.134318	13.317417	16.079816	-0.958019	9.441054	10.931133
-5.757985	2.645457	25.221727	7.755358	8.931224	6.222857
7.918254	8.365925	14.761307	13.875393	3.781335	-2.939467
10.000000	5.000000	4.000000	9.000000	0.000000	10.000000
1.858708	9.551772	12.984781	6.657433	-3.799852	5.334931
1.093955	-2.188537	7.000000	10.000000	1.000000	2.000000
11.946614	8.000000	10.000000	0.000000	0.000000	10.000000
2.210073	7.549849	9.347060	7.153000	5.820330	6.255007
4.205002	5.785380	19.078357	11.654555	7.000000	10.000000
1.331559	5.438619	9.859776	1.000000	6.000000	8.000000
8.549806	12.014019	19.702229	14.079330	8.442346	1.750261
0.225661	14.010945	1.804794	10.878967	10.771664	21.359702
19.475179	-15.716784	9.154232	19.836857	16.371756	0.000000
-4.362704	12.082073	5.756832	-2.929034	3.328116	8.785909
2.244218	13.265281	16.158729	1.150680	-2.647770	0.370535
1.738499	7.415044	15.575157	12.057689	15.933433	4.161716
1.000000	8.000000	10.000000	1.000000	1.000000	4.000000
6.559029	8.363440	11.233311	27.943862	6.593761	3.994592
9.966281	11.595965	13.587936	16.467155	-3.669332	11.017084
7.000000	6.000000	2.000000	0.000000	11.000000	10.000000
5.760564	9.758468	12.468270	14.850767	9.594053	-2.204619
-1.892979	-0.774236	8.000000	3.000000	8.000000	5.000000
5.465973	2.581219	-0.649904	25.749887	8.630147	0.316421
1.208095	6.728792	15.719005	20.754969	12.954703	12.028028
10.084525	-12.309591	-7.847625	20.929693	-1.513994	-4.921929
0.272068	-2.576599	15.736148	4.535774	15.087800	2.897650
-3.949550	-4.017012	9.788891	10.000000	0.000000	9.000000
8.220858	-2.933134	6.000000	8.000000	0.000000	0.000000
9.246679	-8.267667	16.955849	9.000000	9.000000	4.000000
-1.079839	4.204761	17.424206	19.874606	2.240429	16.478670
12.779070	2.761626	13.247771	6.510829	9.169672	8.516054
6.051380	23.229471	13.052354	12.166834	3.755089	6.453479
0.808491	24.128743	7.119529	0.033876	-5.995934	2.475554
5.333269	1.608584	8.786067	11.208541	-1.109275	15.769688
5.811112	13.658211	3.414993	13.879645	-1.406805	4.830850
5.247654	3.552858	14.751806	9.831850	5.996091	12.625444
12.774609	-1.534865	8.375650	3.097946	13.462786	0.690312
6.073578	-20.511825	7.914115	-5.520108	15.756799	9.593666
-3.962446	-4.038797	16.996798	17.815633	5.000000	5.000000
1.786845	7.095534	2.036991	1.000000	3.000000	4.000000
-6.421008	1.068184	8.000550	24.681596	12.636258	3.292494
7.834943	13.015834	6.000000	4.000000	6.000000	0.000000
-8.896687	8.452101	6.284747	21.958844	-2.159920	14.401941
0.614916	9.616894	18.155658	7.654675	-0.401316	10.779200
5.239939	1.314947	2.000000	10.000000	6.000000	1.000000
6.065752	5.104631	7.532686	20.043043	6.703344	12.768597
1.462367	6.896290	-0.423958	18.128016	6.203606	9.766125
-0.991731	4.317962	16.403712	3.302326	-0.014728	16.716093
10.953746	5.484631	13.695851	2.424651	2.250810	10.411158
2.852015	-4.494101	3.574162	3.954391	15.809228	10.000000
14.923421	5.795029	7.474144	7.031795	3.000000	8.000000
-1.995100	-0.368931	11.154740	11.072951	6.411845	5.931951
20.652839	4.676084	26.246688	13.350987	2.165652	9.699121
0.036898	7.000000	2.000000	0.000000	5.000000	8.000000
1.618730	3.869422	28.169493	5.869351	2.078864	2.468825
13.755952	6.301151	12.781537	3.753931	17.805582	0.414650
10.544126	4.525514	-3.095720	30.018575	10.550095	5.026241
9.469775	-1.279122	2.000000	10.000000	1.000000	6.000000
-6.075846	-12.477093	20.696540	17.425772	8.000000	6.000000
8.520730	2.939432	13.519633	27.306041	7.411898	7.547946
7.973459	-12.123524	-0.310900	7.325905	15.655954	0.604082
-1.971749	12.931112	20.148634	6.031893	3.123049	16.176791
-8.247638	8.477736	16.365904	12.338617	7.000000	6.000000
6.052283	6.538168	15.982720	13.333914	7.048739	16.083308
0.233828	7.211687	9.000000	3.000000	0.000000	8.000000
2.482401	9.499834	7.412852	12.062375	6.000000	5.000000
10.594054	8.852310	16.178917	1.794821	8.771760	14.228873
-4.409825	4.280863	6.870666	19.069188	10.002863	7.392882
1.125207	0.772680	5.520783	16.070278	16.383307	5.249633
3.117429	11.621467	5.174394	9.854855	-8.463561	18.533328
0.015625	9.413939	21.157440	14.293189	6.430226	2.647445
-7.797561	6.232402	2.750974	8.854504	-1.606626	14.485289
1.488660	9.297797	24.463517	10.341809	5.463391	11.196885
9.000000	6.000000	7.000000	0.000000	8.000000	8.000000
-6.706412	15.482849	18.521847	8.350086	4.500570	11.801230
6.088074	5.012099	18.785782	5.138491	-4.009440	16.183254
-7.587282	0.349182	-2.353819	22.751544	9.595052	-1.368366
1.783858	16.621442	1.452076	1.577247	17.387118	13.893443
-4.442283	3.608214	5.693213	7.463261	1.264875	3.035522
6.759725	9.951979	11.281001	22.471464	16.209166	15.366872
-16.248148	18.442050	19.731711	27.181294	3.213878	15.591739
10.864321	-2.372702	10.387459	16.618872	3.754751	-3.730854
-2.451569	-7.655890	21.340858	16.632389	1.842646	3.970550
5.007712	16.419242	18.309465	14.379002	-8.571513	5.614556
5.778120	5.000000	11.000000	3.000000	2.000000	4.000000
-9.640817	19.034684	-4.659181	4.376492	-1.855137	17.834888
0.000000	0.000000	3.000000	9.000000	9.000000	7.000000
9.044819	4.352680	5.862643	9.856356	3.522225	13.518919
17.204293	10.727585	12.255532	13.004740	14.560964	-3.025664
5.319788	9.425810	25.196784	13.942957	10.387434	17.701585
14.974721	10.541799	8.260264	7.246897	10.533719	6.932489
2.495709	0.000000	3.000000	0.000000	6.000000	9.000000
-3.724592	9.370492	13.822737	10.976173	2.939862	15.539412
1.505987	-0.725327	6.000000	7.000000	10.000000	0.000000
-3.284533	5.769600	13.796772	19.532737	9.362644	9.951922
-2.012647	-13.301401	-0.968573	28.054039	-6.112816	3.113945
10.000000	10.000000	7.000000	6.000000	4.000000	5.000000
4.741606	-16.524550	2.096039	13.231703	7.417716	0.970047
2.668404	8.471143	19.410532	12.739803	9.207779	4.574929
-1.791296	7.647881	13.984607	13.040245	8.164798	11.058720
11.775574	-5.433068	17.992643	15.676928	16.718978	-4.234128
3.058382	0.894426	15.136561	11.173967	3.420530	18.078975
0.036711	4.651931	11.554684	8.978717	8.237771	13.036084
5.460160	-2.379138	-4.044111	18.998540	18.875216	-3.781394
0.430675	2.945407	14.556798	8.971173	11.941154	6.393421
-0.044207	10.366783	21.804043	18.640509	4.048421	-0.170973
-8.030734	4.994351	23.180350	20.695591	-4.821838	6.079610
2.000000	0.000000	7.000000	8.000000	9.000000	8.000000
-0.942940	10.248447	-2.576041	-1.581538	7.549077	9.000000
-8.809128	2.178506	30.907763	-1.595101	13.462638	2.524417
9.000000	8.000000	1.000000	1.000000	0.000000	9.000000
3.584173	0.744094	14.921785	5.675274	4.511974	4.251600
-0.916433	3.332395	6.599367	18.041462	3.565084	17.094445
10.741720	1.000000	9.000000	2.000000	9.000000	11.000000
-0.031506	-0.830546	16.302319	11.074004	6.820601	-3.313354
-1.373864	18.528099	9.811361	1.643397	11.102362	8.519672
7.750079	7.168932	18.767597	7.874365	4.368457	15.109036
-0.412968	2.380416	2.575717	13.483388	10.692496	-12.373073
-4.349293	6.854813	1.000000	0.000000	2.000000	10.000000
-2.006789	7.075855	0.000000	2.000000	8.000000	0.000000
-7.931260	15.452093	15.394946	15.265747	7.492316	11.951707
-13.817915	6.904808	0.965708	12.955368	-7.932637	12.688176
-5.608230	14.912665	2.000000	11.000000	2.000000	2.000000
