3.510448	8.410405	0.999953	6.773948	0.000000	5.450633
10.121015	5.474534	22.853444	6.843406	20.793716	7.305622
2.375305	15.401624	0.000000	5.000000	4.000000	7.000000
12.101000	13.800438	8.131132	0.756538	9.591390	8.283990
3.537064	0.000000	2.000000	11.000000	3.000000	10.000000
0.000000	1.000000	2.000000	4.000000	2.000000	6.000000
10.262367	15.412594	17.633673	6.749676	0.000000	5.000000
9.652718	5.286814	7.904338	4.387855	16.132532	4.359880
14.933701	22.471379	22.820113	4.896344	15.701116	6.961142
5.255163	15.255634	18.242661	8.072010	14.846148	1.859353
1.154011	0.000000	7.384696	16.669230	3.250661	0.000000
11.582468	6.141433	20.641003	5.388755	10.450947	11.984080
8.135324	19.799788	15.311678	5.254674	12.088473	5.814119
12.866115	18.205922	15.276713	3.859440	13.038294	7.826931
12.748498	16.738514	14.851656	6.192505	16.257239	0.000000
0.559067	0.000000	3.554374	4.626241	12.090812	0.000000
7.135968	20.060169	8.081279	3.202133	0.000000	4.000000
6.483972	13.648431	0.000000	6.000000	11.000000	6.000000
17.092848	22.459940	13.928928	0.000000	1.000000	9.000000
9.987277	6.489430	12.076614	9.840421	7.328881	0.000000
13.772268	6.276075	18.297660	9.333683	3.926600	11.860144
0.731402	5.038253	2.424033	7.341619	11.553840	0.000000
7.044468	5.733209	9.551954	11.071838	6.313046	0.000000
5.151102	20.521148	4.104592	0.000000	11.239857	0.000000
11.034111	5.885268	20.107652	5.761778	16.158230	9.793528
0.000000	11.000000	7.000000	7.000000	6.000000	8.000000
3.197737	14.662909	6.802205	10.256120	0.459310	0.000000
0.000000	0.543289	4.793020	12.307298	0.000000	0.000000
12.690106	7.761328	11.544670	5.251991	12.095864	1.103310
0.000000	0.000000	4.000000	0.000000	4.000000	6.000000
23.614403	0.000000	7.000000	3.000000	1.000000	10.000000
0.000000	10.000000	3.000000	10.000000	7.000000	5.000000
22.653624	36.116583	24.019488	1.333713	0.000000	7.000000
6.709339	16.726617	0.000000	10.000000	6.000000	2.000000
10.520746	19.456994	0.000000	7.000000	7.000000	10.000000
0.000000	8.000000	8.000000	4.000000	4.000000	2.000000
17.794734	26.417918	12.442363	0.701263	10.146565	8.557371
8.678604	8.561634	8.000788	3.804724	8.731574	0.000000
4.539613	7.791807	3.422855	12.564638	15.861916	0.000000
8.455471	20.592047	0.000000	11.000000	3.000000	5.000000
14.142799	19.581517	14.651822	0.705243	6.043966	5.868443
0.477205	10.156334	2.351642	25.415104	5.504236	0.000000
12.183234	3.249239	7.398048	2.686691	9.447607	8.602503
5.139428	7.783154	14.562491	16.741739	12.556923	0.000000
5.978333	11.668114	11.915069	8.185950	11.213977	0.000000
0.000000	0.000000	10.000000	10.000000	2.000000	3.000000
7.474356	17.136670	10.705490	0.000000	22.604402	0.000000
12.891916	13.898738	7.751625	2.208002	6.698368	3.464691
1.019805	11.222297	0.184006	23.225190	0.000000	0.000000
0.000000	10.000000	4.000000	10.000000	6.000000	11.000000
0.000000	7.000000	5.000000	7.000000	11.000000	4.000000
5.233757	0.000000	4.000000	0.000000	3.000000	0.000000
8.319420	14.406224	11.044827	12.036673	6.857323	0.000000
0.000000	5.000000	7.000000	2.000000	1.000000	2.000000
0.000000	5.087984	0.000000	10.868713	3.447007	0.000000
12.923746	18.561469	19.960442	7.303316	16.653921	0.362007
11.191799	12.880391	19.374908	10.169227	16.318868	0.000000
7.641484	14.627606	13.257551	11.687381	10.345284	0.000000
8.135451	6.791845	8.880838	0.000000	8.000000	5.000000
0.000000	4.000000	3.000000	2.000000	3.000000	2.000000
11.289335	21.624224	9.992319	1.287372	0.000000	10.000000
10.049592	9.601700	13.203103	4.691496	11.177618	7.488088
5.517265	14.819212	10.420783	6.001202	19.481817	0.000000
7.289368	0.000000	6.823772	2.219454	12.702836	0.000000
3.489299	0.000000	6.000000	0.000000	2.000000	1.000000
7.823428	4.949767	3.787940	0.000000	10.000000	3.000000
19.097208	28.015705	18.957580	4.101335	16.635978	5.567592
12.759926	27.522226	14.922706	0.000000	0.000000	11.000000
9.333530	0.000000	0.000000	2.000000	8.000000	6.000000
13.205054	11.670467	17.076954	5.435162	13.694998	7.570864
5.791254	11.100396	3.701284	10.542643	10.024010	0.000000
13.063080	6.825533	12.876778	7.946746	0.000000	2.000000
7.382042	14.812716	7.319548	6.098516	13.245970	0.000000
17.641396	17.951062	15.939680	0.000000	14.371916	9.869957
4.733247	18.611246	0.000000	11.000000	7.000000	11.000000
11.587822	0.000000	10.000000	5.000000	6.000000	11.000000
8.842264	0.000000	9.534105	14.128890	0.035026	0.072211
10.245762	6.260124	32.298660	0.000000	24.329474	13.138618
0.000000	0.000000	10.000000	11.000000	3.000000	6.000000
6.658636	5.832298	0.000000	9.000000	9.000000	2.000000
20.463402	27.273761	15.308958	0.000000	18.107991	0.807907
2.627092	5.025508	6.378544	13.865170	0.000000	0.000000
8.007881	8.170596	14.062888	9.678882	12.307628	5.150040
13.617902	15.106888	0.000000	0.000000	5.000000	11.000000
0.000000	7.000000	5.000000	6.000000	9.000000	2.000000
11.131986	10.421496	10.880785	8.864709	5.696378	8.475706
10.836282	11.630126	10.349100	3.895999	13.179548	0.000000
8.302255	11.503568	21.176742	5.463833	26.527817	0.000000
6.566180	8.351344	13.344500	11.097138	10.682003	6.227708
6.466021	6.501125	4.032488	7.242405	10.649516	2.224411
6.956776	12.635416	20.727741	8.138701	19.997137	0.000000
8.653707	8.153506	16.179831	0.000000	6.000000	0.000000
5.412830	9.273289	5.054580	6.045903	12.120030	0.000000
0.000000	3.000000	0.000000	8.000000	10.000000	8.000000
11.486580	0.191087	23.476824	1.757340	26.553309	6.194153
9.610684	14.650795	5.854877	2.266157	21.986282	0.000000
4.198741	19.096858	0.000000	3.000000	2.000000	0.000000
12.137721	12.633264	0.000000	1.000000	4.000000	6.000000
22.890220	19.581559	18.143282	4.918709	19.695950	7.859071
8.855045	12.574223	17.227748	9.311131	11.314409	0.501806
9.220653	11.754592	17.633955	3.494097	16.090116	2.570727
6.219832	15.593978	5.129023	5.441380	9.029207	0.000000
9.809266	10.900414	0.000000	2.000000	5.000000	7.000000
17.506344	16.806802	15.199736	7.004124	7.384172	3.057555
0.000000	3.000000	9.000000	6.000000	4.000000	2.000000
0.000000	6.000000	9.000000	10.000000	7.000000	6.000000
8.097693	9.810127	12.331982	7.266827	9.831539	8.157397
11.524918	0.000000	9.000000	3.000000	9.000000	10.000000
21.040809	12.434411	17.675723	3.812405	15.219753	5.405978
0.000000	6.000000	1.000000	7.000000	4.000000	7.000000
2.476315	4.283233	0.000000	1.000000	8.000000	1.000000
0.000000	8.000000	11.000000	6.000000	10.000000	3.000000
10.373422	16.089308	12.683734	14.162888	6.027467	0.000000
8.196329	4.175578	0.566876	10.917741	7.386959	0.000000
12.743440	0.000000	26.370117	16.098407	14.328329	14.385695
11.105820	11.887761	18.252355	10.501995	17.324397	0.000000
0.000000	2.000000	10.000000	3.000000	7.000000	4.000000
10.698993	25.005614	0.000000	2.000000	7.000000	4.000000
8.018217	20.066911	4.268660	0.143849	14.382996	0.000000
5.517974	8.202631	6.430257	10.267667	2.046281	0.000000
10.186633	0.000000	6.000000	5.000000	9.000000	3.000000
9.585723	11.196579	11.996684	6.858651	0.000000	2.000000
8.185376	12.751082	11.603429	4.354079	0.000000	7.000000
12.180400	11.426228	13.046002	2.386955	16.005159	6.096904
8.280954	15.712985	10.965572	3.925333	8.857557	2.370201
10.047672	6.514077	19.482651	0.000000	2.000000	4.000000
3.247297	6.114650	1.612811	9.874613	0.000000	0.000000
0.000000	1.000000	4.000000	5.000000	3.000000	5.000000
0.000000	2.000000	4.000000	1.000000	0.000000	2.000000
9.699151	4.405664	11.849965	4.542931	0.000000	7.000000
12.591435	11.349846	14.246745	2.527855	17.802778	5.648130
0.000000	8.000000	1.000000	6.000000	2.000000	2.000000
3.321325	0.000000	20.754700	14.657723	13.381921	0.000000
4.045226	5.196393	11.981606	0.000000	10.000000	7.000000
15.281214	0.000000	23.011076	0.000000	10.000000	1.000000
3.844109	5.615509	14.852928	0.000000	18.508171	2.084378
16.263928	14.861707	23.755274	2.978194	23.895838	4.407096
0.000000	3.000000	5.000000	2.000000	0.000000	3.000000
3.212865	7.285529	30.621608	6.732414	10.640820	14.110049
5.219219	5.347000	0.000000	3.000000	6.000000	1.000000
1.966358	3.334288	6.341978	12.303587	5.334335	0.000000
15.615326	9.507387	21.075384	9.296178	12.409368	12.814619
16.333001	24.261856	9.901244	5.315248	15.263529	0.000000
13.871596	8.813199	14.433344	0.000000	14.685691	12.955778
4.872989	6.564693	6.632026	9.830170	2.670042	9.190921
8.957028	17.503105	0.000000	1.000000	3.000000	1.000000
24.357687	2.964508	23.560774	12.008021	18.122617	8.633332
0.000000	3.000000	4.000000	10.000000	9.000000	11.000000
13.428489	13.094034	19.997088	5.614754	22.684902	4.576257
9.000043	14.427307	9.707520	6.109434	15.698199	0.000000
8.194608	18.373908	15.145428	11.932321	16.387812	0.000000
13.901893	12.526775	19.831878	5.378070	0.000000	8.000000
18.943876	21.648563	0.000000	4.000000	3.000000	3.000000
0.000000	11.000000	6.000000	5.000000	1.000000	5.000000
9.478190	2.006653	11.510834	0.000000	1.000000	2.000000
7.554199	11.169286	7.278801	3.794714	7.309656	0.000000
2.107789	9.532373	2.706356	0.909644	8.320213	3.509645
14.457482	8.066366	0.000000	2.000000	1.000000	9.000000
23.026001	24.065390	22.707015	5.839881	21.615533	3.487177
5.480863	0.000000	7.212559	2.569487	0.000000	7.858785
18.587829	17.435242	13.261791	5.939039	8.427660	4.685857
9.890260	5.849097	9.260440	0.000000	3.563553	10.191935
11.685859	15.177729	15.174397	11.880711	15.261913	0.601538
0.000000	2.000000	11.000000	5.000000	3.000000	7.000000
1.385999	3.104711	14.583808	17.154337	3.668188	0.000000
12.988153	15.193217	0.000000	9.000000	10.000000	5.000000
5.947557	7.772597	14.910788	4.388889	11.129949	9.738148
2.436255	0.000000	14.542665	2.086740	23.986712	0.000000
0.000000	8.756933	10.225127	2.604115	12.416594	1.248017
7.942225	1.385210	14.606996	0.000000	15.852647	9.722930
0.000000	0.000000	6.000000	4.000000	8.000000	3.000000
1.009204	14.482114	6.726163	2.696701	5.665810	2.286293
6.928782	6.592331	2.507922	0.000000	1.913480	0.000000
4.782128	8.751563	7.013013	1.604225	14.790477	9.978425
2.574147	0.000000	14.991748	17.470113	3.495785	0.556223
12.910184	15.458818	19.295155	5.883274	17.513434	6.833528
9.611489	0.000000	10.078727	0.000000	14.037867	6.513084
9.825965	21.044507	0.000000	9.000000	4.000000	10.000000
13.524711	5.755047	23.109387	0.000000	5.000000	0.000000
13.799379	3.214159	23.526263	7.616082	17.891848	8.069144
14.304252	0.000000	11.000000	9.000000	11.000000	6.000000
8.216895	10.725208	8.301110	0.000000	0.000000	1.000000
8.549757	8.486785	19.340076	2.116275	13.852710	8.632954
1.531376	15.640659	3.777027	11.331735	1.245624	0.000000
13.151272	11.795647	17.909565	4.669206	10.956057	0.000000
23.612050	16.515136	0.000000	1.000000	4.000000	4.000000
11.364338	18.666411	0.000000	6.000000	0.000000	2.000000
8.289762	18.262266	9.316651	5.187829	7.964113	0.000000
18.571472	20.292148	18.066120	11.601302	11.108489	3.647037
4.273552	0.000000	9.000000	11.000000	4.000000	3.000000
0.000000	0.000000	8.970562	15.868803	12.499707	0.000000
8.710740	0.000000	3.000000	7.000000	7.000000	6.000000
11.265251	15.954107	6.954487	11.447053	0.000000	0.000000
4.821634	12.169958	10.400962	7.308533	2.358221	0.000000
6.492149	0.000000	11.401136	10.988844	7.060556	0.000000
10.909884	26.201193	14.122047	4.563511	13.996280	12.711281
2.421393	3.170217	12.354480	0.000000	13.649380	2.668239
15.804697	21.283280	10.954667	7.967452	11.351917	0.000000
6.250149	8.852423	16.900647	11.368485	7.523365	3.738283
1.913509	5.503624	0.000000	0.000000	10.243500	0.000000
6.444782	13.512502	8.078989	8.111150	0.000000	7.000000
2.077857	8.718606	5.285378	9.033897	0.000000	10.000000
6.148261	3.619644	0.866973	14.841641	5.201348	7.371604
1.854982	5.695644	10.203595	0.000000	9.367871	0.000000
0.000000	3.612394	1.306728	0.000000	10.731533	0.000000
0.104790	0.000000	3.583887	11.790163	0.000000	0.000000
7.560315	17.396356	10.234991	11.326170	10.610797	0.000000
0.000000	11.000000	3.000000	3.000000	9.000000	1.000000
5.662833	3.492476	19.484842	7.128089	6.182005	6.278055
21.856128	18.009225	18.737035	4.653770	19.594300	0.000000
16.164256	14.193793	11.599376	4.904659	17.159503	0.000000
10.411034	14.780860	10.653417	0.000000	2.000000	8.000000
6.752111	12.605892	3.468536	5.676997	0.043525	3.249237
2.959988	0.206604	20.530371	22.405630	6.882291	0.329564
0.000000	4.000000	3.000000	9.000000	11.000000	11.000000
5.783783	12.248455	0.000000	3.000000	11.000000	10.000000
18.270290	28.256571	13.488177	3.430053	9.641750	6.429628
0.000000	5.000000	7.000000	0.000000	4.000000	6.000000
5.851418	6.525744	9.081708	8.341483	6.957075	0.000000
20.587522	33.379978	22.926217	4.649673	14.616859	4.997108
15.148611	11.635978	23.949277	0.000000	1.000000	0.000000
17.949018	19.398664	22.062995	8.538495	15.282765	7.074510
0.000000	7.000000	6.000000	9.000000	4.000000	11.000000
1.581440	0.000000	8.000000	5.000000	8.000000	2.000000
11.392573	26.099218	12.710625	5.086823	14.068785	0.000000
24.361517	30.019718	30.244940	0.000000	1.000000	7.000000
7.924226	22.406777	9.568129	8.038423	6.940258	0.000000
5.380016	13.365914	11.584389	19.743319	10.541371	0.000000
5.092837	8.671191	0.000000	6.000000	4.000000	7.000000
11.857931	18.429173	18.188680	8.187427	13.665752	0.000000
7.197421	11.949178	7.034327	5.486405	4.857335	0.000000
17.596672	21.319739	11.638178	11.411948	3.459418	0.000000
0.000000	6.665639	3.978710	0.000000	9.688595	6.764040
11.473060	14.524159	24.233830	8.261904	14.782487	7.520752
10.401184	18.621192	18.494227	9.515257	18.637000	0.000000
14.459828	0.000000	11.000000	9.000000	9.000000	11.000000
4.239674	5.662902	9.472441	10.657575	10.394356	0.000000
3.181892	5.060786	0.000000	15.479556	0.000000	0.000000
9.768210	17.393819	17.779484	0.000000	13.766917	4.508229
7.566582	0.000000	15.984747	7.414744	18.341349	0.000000
4.552450	0.000000	8.000000	2.000000	4.000000	7.000000
16.465362	16.909163	23.032317	0.000000	9.000000	9.000000
1.681269	7.127946	11.257415	9.685529	13.842737	0.000000
10.033617	20.723935	0.000000	4.000000	8.000000	10.000000
4.979397	12.383838	6.852848	0.000000	9.000000	5.000000
6.989747	6.382108	9.213121	9.735614	13.752667	0.000000
0.000000	10.000000	10.000000	0.000000	7.000000	0.000000
17.468475	0.000000	0.000000	5.000000	2.000000	7.000000
10.745131	24.095279	5.819024	6.835941	0.000000	9.000000
19.032720	12.826052	23.025434	18.048034	4.489110	0.022320
6.992806	3.497884	21.464404	7.485349	18.028176	7.709389
6.456900	13.380089	0.000000	4.000000	10.000000	6.000000
13.226610	18.027413	0.000000	4.000000	0.000000	10.000000
7.557455	5.065886	13.307148	7.625594	5.108256	6.486499
19.941086	11.967048	18.539484	8.277156	14.734098	7.206748
19.923628	16.313721	18.221782	5.622391	19.145174	9.298595
3.358723	11.838218	6.044029	0.000000	9.774673	0.000000
8.431518	18.625840	7.518716	9.850594	9.578917	0.000000
11.593631	15.165534	6.559089	0.866488	11.334979	8.947024
4.147322	0.000000	5.000000	4.000000	4.000000	3.000000
17.582843	22.448131	10.956218	6.300708	11.646975	0.000000
0.000000	4.000000	10.000000	7.000000	7.000000	4.000000
0.875703	7.052764	24.918068	13.484923	14.986274	5.909241
8.803049	7.279888	6.905826	0.000000	17.671293	0.000000
10.962063	13.919166	18.008665	0.000000	5.000000	8.000000
1.615553	0.017102	0.000000	0.000000	2.821878	0.000000
9.955400	21.727119	14.807088	6.377343	0.000000	9.000000
17.071161	0.000000	1.000000	0.000000	4.000000	6.000000
5.401034	0.000000	8.000000	5.000000	3.000000	9.000000
9.231595	20.794376	9.100077	2.939388	19.876850	0.000000
10.788662	0.000000	6.000000	3.000000	8.000000	3.000000
10.139029	11.436741	4.554260	3.555012	12.112405	0.000000
2.413728	2.790139	8.924381	10.950054	10.011267	0.000000
17.135583	25.470382	12.119956	0.000000	10.000000	10.000000
14.313062	22.404737	7.251489	0.000000	2.001280	0.000000
9.493588	17.310897	12.945073	5.436807	8.864680	5.234018
2.647322	5.960073	9.277056	0.000000	5.906772	16.232617
0.000000	10.000000	1.000000	4.000000	5.000000	5.000000
7.043510	9.824419	12.591485	8.940098	17.296392	0.000000
0.000000	2.000000	10.000000	3.000000	1.000000	3.000000
10.937781	13.690154	16.492965	4.459870	19.474797	5.493703
5.328464	7.231442	18.358064	7.867226	10.707991	2.640718
5.653147	16.324567	5.366567	6.909589	0.042987	0.000000
8.627378	0.000000	6.000000	4.000000	5.000000	4.000000
15.069157	10.263580	14.346448	3.662835	16.993203	3.020817
9.076747	18.283953	10.295268	3.238263	15.273900	0.258639
3.647305	0.000000	19.022675	3.503248	23.418487	0.000000
4.090355	12.608155	7.736925	0.000000	7.000000	8.000000
11.057569	17.540477	23.466125	12.894715	13.932062	0.000000
18.059774	36.725102	18.324063	3.166918	12.078330	7.967819
12.600961	11.928963	14.223352	7.231692	15.437106	2.012448
6.988626	5.337294	11.992313	7.829406	11.343086	0.000000
6.493053	9.005816	14.314682	8.924072	10.337494	0.000000
10.852620	14.950840	18.202623	2.617899	15.625422	9.667784
1.723541	9.841597	3.290295	10.936370	3.685014	0.000000
5.724558	7.410561	9.761832	1.574930	18.183036	3.805623
0.000000	0.000000	5.000000	6.000000	5.000000	8.000000
11.012103	7.499980	7.533855	4.920914	7.631458	0.000000
0.000000	8.000000	7.000000	3.000000	5.000000	2.000000
5.273339	0.000000	7.000000	0.000000	3.000000	9.000000
9.416205	22.778141	11.006616	0.000000	2.000000	2.000000
5.385931	5.655484	7.552930	11.621391	0.000000	6.819774
0.000000	2.000000	4.000000	4.000000	0.000000	7.000000
5.189044	0.255756	8.892572	4.729483	4.529552	16.595934
7.022187	1.542308	3.217210	24.806021	0.000000	0.000000
12.638627	15.682845	17.498268	5.513178	13.876916	5.909898
3.693420	0.000000	1.000000	4.000000	1.000000	6.000000
10.740748	5.404320	9.242209	0.303943	9.438663	6.682713
4.074534	0.000000	7.000000	5.000000	2.000000	11.000000
17.090883	18.970319	14.993691	11.900219	5.651745	2.049198
6.605415	6.415491	0.000000	3.000000	9.000000	5.000000
12.431082	12.249301	18.045663	0.000000	17.486874	8.766697
7.646108	6.550568	13.649717	0.000000	16.489724	3.608131
3.851865	5.412601	0.000000	0.000000	0.000000	9.733956
13.267269	9.761830	22.665003	2.349705	23.070383	3.092009
0.000000	1.000000	0.000000	2.000000	7.000000	8.000000
13.538736	14.380861	21.178648	5.693930	22.278664	3.010142
15.832159	17.885322	17.158364	5.617754	18.300359	6.550917
0.687872	0.000000	10.803939	17.675736	9.904802	0.000000
16.222044	10.962197	19.249026	8.332161	17.223456	0.000000
1.891138	5.623451	17.026035	3.824275	17.664428	0.000000
4.361492	0.000000	9.000000	1.000000	7.000000	8.000000
0.000000	11.000000	7.000000	3.000000	4.000000	5.000000
13.137289	11.625848	15.049197	1.244196	0.000000	7.000000
3.525423	14.550854	1.948232	0.000000	5.000000	9.000000
6.855869	0.000000	3.000000	5.000000	2.000000	5.000000
16.617197	6.124612	29.635333	0.000000	18.843932	12.743792
10.504916	2.347553	20.810552	8.399266	23.208343	5.216120
3.078657	16.328053	10.857353	4.154318	0.000000	6.000000
8.252286	12.103117	2.813289	0.000000	7.016085	0.000000
15.905578	26.135336	17.604294	4.749792	14.934033	3.669143
11.480968	0.000000	10.000000	11.000000	3.000000	5.000000
0.000000	4.000000	10.000000	7.000000	7.000000	3.000000
9.675620	13.560365	10.335250	0.660706	12.728999	0.000000
19.386445	12.343718	11.810478	2.434138	10.522907	0.000000
11.838471	5.634234	0.000000	4.233868	8.464654	0.000000
3.181315	4.951941	7.373489	9.423387	14.092110	0.000000
14.022828	31.209429	7.835945	8.804511	12.003599	0.000000
12.056338	13.323861	25.029636	13.059037	7.984671	9.208946
8.637571	0.000000	2.000000	4.000000	5.000000	2.000000
7.853520	17.421648	9.100223	0.000000	10.000000	8.000000
4.721085	0.000000	13.828425	0.000000	11.000000	0.000000
10.824068	17.700697	14.356920	6.121601	10.673161	4.220169
4.179179	6.218580	6.426474	5.231566	4.871200	0.000000
12.633450	4.640829	15.577008	11.774659	6.349104	9.175303
14.757609	16.861237	8.156061	0.000000	13.701268	5.988158
18.496309	4.865231	23.667059	6.319589	22.714849	0.000000
8.069928	6.420050	10.531475	2.529271	0.000000	7.000000
0.708883	0.000000	7.000000	10.000000	1.000000	4.000000
6.991732	7.939851	5.143861	0.849640	11.460667	8.342561
17.559572	20.348958	11.924014	9.937028	10.105069	0.000000
10.633277	0.000000	9.000000	4.000000	7.000000	7.000000
0.000000	8.000000	10.000000	10.000000	9.000000	7.000000
15.785955	15.919154	15.993679	5.821520	18.783864	7.063260
8.460701	11.505439	6.055959	0.000000	12.173195	0.000000
6.867332	0.000000	9.000000	9.000000	7.000000	8.000000
9.539312	5.956715	13.861720	3.242671	17.104242	7.371608
16.835246	16.451477	13.958318	3.905783	7.149013	10.890227
7.242424	12.235860	0.000000	8.000000	6.000000	8.000000
0.000000	5.000000	7.000000	11.000000	2.000000	6.000000
3.241403	8.818770	16.604098	5.869922	18.282034	0.000000
6.533066	5.936734	20.468645	5.078982	25.710117	11.393913
12.031424	18.966908	13.974243	9.678005	4.651613	0.000000
0.000000	0.000000	6.000000	8.000000	11.000000	11.000000
11.395846	18.334740	7.068478	5.910941	0.373657	6.209468
0.000000	11.000000	5.000000	6.000000	7.000000	1.000000
5.743622	16.627472	14.720370	1.986429	9.723881	12.532608
0.000000	5.000000	9.000000	1.000000	11.000000	0.000000
0.592846	6.546586	0.000000	2.000000	3.000000	3.000000
4.688494	9.318444	9.880452	0.000000	3.000000	10.000000
0.000000	1.000000	5.000000	8.000000	1.000000	7.000000
9.065100	0.000000	4.000000	9.000000	10.000000	0.000000
9.910987	17.554350	14.142912	0.000000	8.000000	6.000000
10.987547	3.752800	17.010839	6.932208	12.674412	0.000000
10.831922	28.565779	14.838117	3.293439	11.463420	6.219181
14.142134	15.200222	17.666506	11.148726	18.541401	0.000000
23.838493	0.000000	3.000000	1.000000	1.000000	7.000000
0.643225	5.447999	6.608881	10.745783	10.196204	0.000000
7.628694	9.959365	5.632744	5.838845	12.518397	0.000000
4.130082	0.000000	0.000000	0.453584	17.615578	0.000000
7.645738	8.766447	9.893880	0.000000	3.000000	8.000000
12.914509	10.563839	21.004338	0.000000	0.000000	3.000000
9.006640	8.629934	9.466505	0.000000	0.000000	4.000000
7.055273	15.828307	5.589831	7.511660	6.173432	0.000000
6.906924	11.347351	18.372296	13.119877	17.720076	1.235439
11.672896	23.889348	10.794480	6.413613	15.179229	0.000000
6.916866	11.886491	9.469745	0.000000	8.076604	1.487411
17.696512	12.649334	11.045805	5.364242	13.332115	4.655047
0.000000	0.989023	0.000000	0.000000	12.786188	0.000000
13.671802	17.565672	14.449408	2.882689	6.017762	6.347306
0.000000	8.433371	7.063444	13.976941	0.000000	0.000000
14.559995	23.347650	4.259482	0.126143	5.636741	0.000000
15.704491	28.741528	9.951436	1.234188	0.409995	5.170978
5.330648	8.872688	5.494452	8.846336	10.595837	0.000000
6.861809	0.000000	11.851458	9.990997	6.213226	0.000000
17.426194	9.772149	11.634613	0.000000	12.390513	7.722181
12.583249	11.947884	18.884242	5.152962	0.000000	0.000000
8.900875	15.941661	9.033087	2.564752	14.685959	4.702710
15.233376	9.731009	10.032887	4.862531	16.640011	0.000000
9.775892	10.091009	20.300664	5.058669	23.942152	0.000000
9.695345	8.244060	6.614929	5.354131	9.208016	0.000000
8.254735	0.000000	8.000000	0.000000	5.000000	3.000000
5.418625	0.624535	0.000000	8.230011	4.566319	0.000000
4.375508	9.743442	12.569893	3.754358	10.439537	6.509957
0.000000	6.000000	5.000000	2.000000	11.000000	6.000000
3.772032	12.415773	8.177539	0.000000	9.000000	4.000000
9.372389	17.269715	0.000000	3.000000	10.000000	9.000000
3.515590	16.966586	13.065035	10.960768	5.314488	5.938236
7.700414	13.371835	11.631790	4.106663	14.564192	7.438890
12.373750	18.587562	16.879316	13.509291	10.380385	0.000000
7.960091	7.258112	15.747427	8.036737	15.099682	0.000000
26.385730	16.513798	12.273582	5.878656	6.584242	4.272742
10.874874	19.855461	15.261286	5.594144	9.489251	0.000000
0.000000	0.000000	2.000000	7.000000	3.000000	11.000000
7.725375	10.484641	3.285875	5.002512	0.000000	10.706624
2.505966	3.599362	20.391840	0.000000	2.000000	1.000000
18.375786	18.693758	16.255719	17.106698	2.381738	0.000000
9.778310	18.030724	0.000000	7.000000	4.000000	10.000000
15.607935	10.226184	11.013307	6.850265	11.598370	6.947299
6.180845	10.544540	11.053419	4.595865	9.410807	4.247445
12.006359	0.000000	14.679702	5.494246	17.104072	9.124875
24.308610	20.717307	21.867973	5.548600	16.143029	11.762572
20.266452	12.647773	26.518714	9.361061	17.867600	12.212390
5.199752	15.797054	10.879655	4.648978	4.961329	4.789514
0.000000	7.397467	10.730186	14.156839	7.998046	0.000000
0.000000	3.000000	4.000000	6.000000	7.000000	1.000000
1.543968	0.000000	10.690984	5.639065	0.000000	0.000000
6.870597	6.386094	5.234067	7.444840	4.526861	0.000000
6.470560	9.578164	11.795585	6.414924	13.308771	0.000000
24.398799	20.457995	32.464876	8.833044	30.941717	7.950014
6.695170	14.742051	10.023583	7.656290	0.000000	8.000000
2.390206	1.175504	16.153032	6.139527	22.342447	0.000000
17.851878	18.982547	18.876209	2.840595	23.808142	1.775382
1.468514	3.830360	30.701598	6.149557	17.461570	20.087863
14.285777	15.596036	19.233916	2.539199	20.896866	5.533356
19.721362	27.341703	15.580702	5.666399	18.141137	0.000000
0.000000	8.000000	9.000000	5.000000	3.000000	4.000000
6.017350	15.908362	15.847000	11.856452	11.385883	0.000000
13.658367	24.050415	0.000000	1.000000	2.000000	2.000000
1.563932	7.192879	12.567156	4.705239	0.000000	4.000000
11.634253	21.971994	8.445562	0.095971	7.785888	8.746982
0.000000	8.000000	8.000000	0.000000	0.000000	9.000000
0.000000	7.000000	0.000000	10.000000	2.000000	8.000000
6.817224	5.228694	13.978960	0.000000	2.000000	7.000000
3.062657	10.566160	8.392120	10.674991	0.000000	4.000000
5.096630	13.905393	10.356385	6.635324	10.377685	0.000000
9.770184	24.622888	7.925438	0.000000	4.000000	2.000000
10.069070	3.031843	19.121019	0.000000	19.028711	6.713044
4.793209	10.167709	0.000000	8.000000	10.000000	4.000000
9.968153	16.022055	8.985456	10.478387	6.391919	0.000000
0.000000	0.000000	0.000000	9.000000	10.000000	1.000000
0.000000	7.292304	0.000000	0.000000	3.000000	0.000000
14.100756	14.942850	14.524773	0.000000	13.257008	5.631779
4.794101	14.136205	8.330036	4.316547	6.348697	4.941622
3.773325	3.394067	1.537996	13.092341	4.886868	0.000000
13.188651	18.715743	0.000000	11.000000	2.000000	11.000000
0.000000	18.126535	0.000000	11.500410	0.000000	1.000000
19.275373	14.502730	21.505118	8.110762	22.060913	8.900217
14.117090	21.040232	13.512216	5.900560	16.576321	0.000000
5.309328	10.649031	5.405329	1.618573	0.183095	5.227187
0.000000	11.000000	3.000000	1.000000	2.000000	9.000000
18.977390	24.066492	17.282308	4.399242	1.210903	11.770328
0.000000	8.000000	8.000000	11.000000	4.000000	3.000000
9.541762	13.339048	12.547231	0.000000	2.000000	9.000000
6.594524	4.269518	0.000000	10.000000	6.000000	4.000000
9.074309	0.000000	13.300966	1.473044	18.150952	0.069717
1.224102	6.200917	0.000000	7.113247	16.935656	0.000000
6.325639	3.489249	5.440829	13.174801	2.054418	0.985684
9.978017	9.178892	11.521832	7.058779	9.420938	7.231017
0.000000	1.569280	4.175351	1.386056	2.714596	0.000000
7.940368	0.000000	11.000000	3.000000	10.000000	9.000000
4.074265	13.474958	16.172419	8.731917	15.547372	0.000000
0.000000	0.961170	16.547668	27.116328	2.326290	6.727611
14.079120	0.000000	9.000000	8.000000	11.000000	11.000000
8.338210	6.137523	10.047043	0.115419	18.532914	6.042249
0.000000	7.000000	10.000000	0.000000	2.000000	5.000000
6.817240	0.000000	6.000000	5.000000	1.000000	8.000000
12.836634	17.722149	20.545137	10.516808	8.950030	5.671630
0.000000	0.000000	7.663835	3.237452	0.000000	1.863157
20.397753	5.202742	15.775368	2.861198	18.272643	1.963833
8.467690	6.629078	9.546786	4.286346	12.388793	5.487183
0.000000	10.000000	2.000000	9.000000	6.000000	3.000000
9.199468	14.281072	17.080273	11.257935	11.311823	3.756087
0.000000	4.000000	11.000000	7.000000	5.000000	8.000000
12.230608	15.124922	18.304654	8.247509	18.977690	0.000000
6.035420	10.598887	12.095590	2.115483	11.028889	0.780138
10.519898	13.051678	19.922691	6.713409	22.228803	2.043604
5.981568	12.527828	0.865559	0.663622	5.790345	0.000000
18.612823	20.912539	0.000000	8.000000	10.000000	7.000000
2.691211	0.000000	1.000000	1.000000	10.000000	1.000000
0.000000	10.000000	8.000000	4.000000	10.000000	0.000000
4.674706	6.698980	14.862147	6.385102	14.012438	1.619510
13.696896	6.223051	24.626219	6.479228	14.664031	10.096859
9.022081	16.486057	0.000000	3.000000	4.000000	9.000000
17.467605	24.417307	9.596530	4.473584	0.000000	6.025096
17.758091	0.000000	7.000000	11.000000	9.000000	9.000000
17.186030	20.594046	11.344406	0.534473	6.171525	12.054961
11.535488	15.986641	0.000000	2.000000	6.000000	7.000000
13.318289	20.012333	17.946433	5.588442	18.029196	7.151121
14.580343	11.619897	16.198039	7.283731	16.678065	5.899646
1.605283	4.672077	3.388310	2.567821	17.333149	0.000000
17.096488	0.000000	9.000000	5.000000	7.000000	9.000000
5.474295	11.820267	0.000000	10.575494	0.368792	0.000000
6.838149	5.927630	0.000000	7.000000	4.000000	1.000000
7.371138	10.401474	0.000000	2.000000	0.000000	2.000000
7.216125	0.000000	1.000000	10.000000	3.000000	0.000000
13.363747	19.428711	8.703879	2.266841	8.446160	3.620660
10.563852	5.209526	9.271213	3.394925	8.751203	7.240655
12.135571	6.232240	17.860498	5.927352	20.901963	5.233784
12.714734	5.707078	17.706863	12.803198	11.858064	5.153461
20.925997	17.332649	0.000000	4.000000	3.000000	9.000000
19.233486	0.000000	9.000000	9.000000	1.000000	4.000000
6.935086	0.733768	19.261942	8.020880	8.191220	2.554578
15.877842	15.020321	25.239405	6.603729	11.924843	6.583794
4.949077	6.812703	16.896491	15.844979	7.137428	4.659054
12.194345	14.013382	17.766142	1.710377	23.783935	0.000000
15.819880	19.142905	18.467363	7.394486	19.462404	4.825504
4.871153	18.133068	4.994830	10.297216	7.032514	0.000000
0.975608	14.554228	0.000000	0.561562	0.000000	0.000000
20.300097	16.991487	11.029332	8.643075	8.225931	6.138873
11.996016	0.000000	9.000000	0.000000	2.000000	8.000000
17.873918	9.749636	19.148521	3.191250	25.552958	9.067034
9.445067	1.760151	0.000000	3.000000	9.000000	1.000000
1.021144	4.751909	9.445608	11.333775	13.572918	0.000000
5.609215	0.000000	1.000000	4.000000	6.000000	0.000000
9.567191	10.221669	13.893161	0.000000	10.000000	11.000000
0.000000	8.005464	0.054750	0.000000	4.000000	2.000000
28.448760	19.808506	27.928637	6.574993	22.497881	15.078013
8.962129	14.120056	12.838675	12.128157	5.010932	0.000000
5.871395	0.000000	9.734194	0.000000	11.000000	2.000000
0.000000	1.000000	11.000000	3.000000	11.000000	6.000000
19.116827	6.483296	9.608415	0.039170	9.182931	14.704288
17.773397	11.866724	20.911139	11.197988	13.318703	5.816505
15.101329	13.885534	19.492683	2.453300	26.234396	3.413643
15.719017	18.193225	0.000000	5.000000	8.000000	8.000000
5.083330	0.000000	11.000000	4.000000	2.000000	7.000000
3.849644	10.000088	14.953441	15.056554	6.377719	0.000000
13.565200	16.690071	13.898132	4.854377	10.870817	6.994421
6.277122	6.649326	11.609796	17.801180	1.839136	2.788647
12.400502	16.576829	15.043933	1.813862	10.932660	8.571114
11.972475	16.247456	15.926388	6.305982	12.249024	7.858653
9.469261	6.899050	17.072056	10.724360	0.000000	0.000000
9.087871	6.809807	9.516594	12.597320	0.000000	3.000000
4.176505	7.915840	8.290278	11.821870	5.271162	0.000000
4.198989	5.499659	13.787230	0.000000	9.000000	6.000000
2.567268	10.999402	12.750565	3.687734	17.891976	0.000000
0.000000	10.000000	11.000000	5.000000	7.000000	1.000000
17.148057	29.229816	22.047036	3.762421	13.453630	8.358905
13.182703	17.878235	15.208119	10.514525	8.111583	5.674164
0.000000	4.000000	0.000000	7.000000	8.000000	5.000000
23.141250	24.516702	20.386018	3.483148	8.287332	7.614586
6.096698	12.168451	3.239094	4.419822	2.085020	0.000000
11.771301	14.893711	8.474683	7.441272	8.921007	0.000000
12.133545	0.000000	8.000000	1.000000	3.000000	3.000000
6.890935	14.530598	1.207028	5.242160	8.200708	0.000000
8.249122	18.153286	0.000000	10.000000	5.000000	11.000000
10.147170	19.825856	0.000000	4.000000	5.000000	8.000000
7.473194	2.419973	5.890383	5.366620	12.210633	0.000000
10.463141	11.572729	0.000000	3.000000	5.000000	2.000000
9.085772	5.418386	17.037617	1.747387	19.368637	12.720254
4.853159	13.532940	3.262738	0.000000	7.762664	4.237706
11.344929	22.924158	15.930606	9.572125	11.062712	1.769961
0.000000	2.000000	8.000000	9.000000	6.000000	9.000000
6.471343	0.582882	6.040380	14.883198	0.000000	0.000000
7.706416	3.879442	3.313322	0.678994	0.000000	0.000000
1.200355	5.335540	8.550006	3.758067	6.152552	0.000000
15.713550	18.357958	4.202697	3.636158	0.000000	0.000000
1.483291	8.737780	11.112365	17.919382	6.262937	0.000000
19.896786	16.279796	24.571241	9.756384	22.175335	8.341367
5.213581	15.607932	10.026397	12.001805	2.973422	0.000000
6.499964	5.843194	8.090077	1.133848	4.496730	11.939809
6.856945	4.239663	10.906836	2.720519	10.371595	2.481195
3.248510	11.040825	15.901781	12.217928	0.000000	9.000000
4.367877	0.000000	12.780308	13.969684	14.944901	0.000000
14.822688	13.981237	25.826389	10.989773	16.179949	0.000000
0.000000	3.753067	0.984594	3.748530	0.000000	0.000000
9.597843	17.558675	5.938229	7.207644	7.649822	0.000000
12.723848	24.915632	20.426155	10.432708	17.975323	0.000000
5.881181	0.000000	10.000000	3.000000	0.000000	6.000000
10.482475	16.067384	11.555105	7.101086	16.135883	0.000000
5.001342	18.790518	1.829199	9.325803	13.328364	0.000000
0.046725	0.000000	7.000000	6.000000	10.000000	1.000000
5.538456	15.756076	10.805859	7.508709	14.161581	0.000000
12.625008	6.004785	8.530720	9.294074	8.872218	0.000000
0.000000	4.000000	10.000000	8.000000	5.000000	3.000000
6.786043	0.000000	11.000000	6.000000	0.000000	9.000000
8.938735	8.385409	10.445434	4.897402	14.057189	4.597734
0.000000	13.345265	13.572967	7.271005	0.000000	5.285200
9.231561	14.831002	0.000000	0.000000	0.000000	4.000000
13.616756	19.401173	10.540764	4.343441	12.685750	7.946569
22.831345	27.638360	15.525909	4.147046	8.913763	7.920442
19.142591	7.871994	13.539653	4.542641	11.219396	3.321356
0.000000	5.000000	2.000000	8.000000	10.000000	6.000000
0.000000	2.000000	7.000000	6.000000	10.000000	10.000000
15.706364	7.675614	17.659128	5.600469	0.000000	1.000000
6.643679	6.581777	15.416284	10.716037	15.523423	7.532124
20.389315	21.195195	23.980698	3.250480	20.924740	7.361033
6.895655	6.368935	15.682563	5.382414	21.189051	0.000000
0.000000	5.948594	0.000000	0.000000	1.000000	2.000000
7.746155	11.181202	32.096545	16.489824	16.812983	7.685237
5.781484	3.650132	12.364484	9.212765	8.174413	8.400931
8.385811	5.574863	10.691512	5.401627	11.405076	0.000000
13.931100	5.603581	14.452087	0.000000	19.074704	2.545000
8.763484	13.744920	0.000000	10.000000	11.000000	6.000000
4.978486	1.156136	10.454043	9.665268	6.723616	5.132678
15.404927	15.034826	16.197869	0.121394	21.064403	5.611196
8.834851	18.203980	19.691384	11.710406	8.412983	3.660680
0.211852	4.795378	5.500575	0.000000	8.554372	0.000000
10.446602	2.835009	21.095171	8.560959	19.454504	9.090988
0.000000	9.000000	7.000000	1.000000	7.000000	2.000000
8.352900	0.000000	8.000000	9.000000	7.000000	4.000000
20.484729	0.000000	0.000000	2.000000	10.000000	5.000000
7.903015	13.667151	9.173819	8.539216	3.774655	0.000000
4.496980	7.506654	0.000000	3.000000	11.000000	0.000000
5.902115	0.000000	11.000000	11.000000	11.000000	9.000000
3.502771	7.474498	9.437539	6.887249	8.375212	0.000000
5.732202	2.772065	0.859280	0.000000	9.755973	1.256202
6.431687	7.645819	7.994585	0.000000	11.020563	9.869463
9.715771	11.586367	2.488932	4.626219	0.666982	0.000000
11.909120	12.276278	24.959311	0.000000	0.000000	1.000000
3.383917	0.000000	9.000000	2.000000	4.000000	4.000000
8.596651	0.498928	11.989599	0.000000	4.000000	4.000000
3.830729	0.000000	4.000000	3.000000	5.000000	5.000000
13.603026	15.421713	20.825869	0.000000	5.000000	4.000000
0.000000	11.672270	0.842514	4.631343	13.918196	0.000000
16.093229	21.495483	12.055137	0.000000	5.110738	4.519211
9.197200	10.224542	13.427878	7.710862	11.419344	8.345027
13.947621	18.972629	16.054559	1.875009	19.629141	0.000000
7.292505	4.226160	13.109682	10.350256	12.549600	0.000000
3.809816	4.470734	5.313453	2.922384	9.749254	0.000000
8.098411	12.016947	8.115026	10.897086	0.000000	1.531437
7.884382	18.391958	3.740350	0.000000	6.259933	1.636192
15.802596	0.000000	4.000000	7.000000	7.000000	10.000000
4.167828	9.715552	11.523411	7.656715	5.831369	2.837371
5.952019	12.448793	7.895384	10.474445	5.144052	0.000000
3.885092	6.391340	6.264831	0.000000	8.100299	0.000000
1.332387	10.446776	8.370159	0.000000	5.000000	0.000000
7.479263	7.154465	14.510300	0.000000	14.103630	7.763481
5.719935	8.956606	9.736396	7.468032	8.094056	0.000000
4.430113	0.000000	14.302707	0.000000	17.155558	11.919751
8.068634	0.000000	1.000000	0.000000	3.000000	6.000000
0.899150	13.712140	3.425197	4.521759	6.191859	0.000000
10.833560	9.695407	18.765572	10.458854	4.884289	6.190956
5.676493	8.955578	5.244457	9.840252	4.968358	0.000000
11.312338	10.143483	20.729702	5.818951	19.043462	6.618422
13.273577	4.051864	11.576059	1.075974	12.877933	10.911131
15.393785	13.835369	18.241743	0.000000	11.873665	9.458949
26.111582	35.130647	31.536543	10.498251	18.869788	9.422690
10.225242	7.871611	18.633499	8.018036	21.092655	0.000000
10.581632	8.143395	13.928390	2.807800	18.212581	0.000000
5.961430	8.257364	8.861892	10.291077	6.202805	0.000000
3.921031	23.405426	4.229468	0.000000	1.000000	4.000000
12.503865	13.536629	13.481830	0.000000	3.000000	8.000000
10.598562	14.660197	18.752284	10.847527	5.074090	0.000000
4.758513	10.168474	0.000000	5.000000	4.000000	3.000000
10.069503	11.771414	11.622877	11.592549	6.424145	0.000000
7.187185	19.459295	6.590470	24.039582	0.000000	0.000000
10.771539	11.398125	20.476518	3.076382	22.573862	13.038684
6.286533	0.000000	13.277079	10.900913	21.771869	0.000000
10.338581	11.261616	16.126041	5.517590	14.427204	1.248918
15.023802	14.562020	0.000000	3.000000	4.000000	8.000000
16.706791	4.339177	16.579012	0.000000	8.000000	2.000000
3.910140	8.952476	13.231515	3.485763	10.351974	10.770551
9.062754	17.659444	4.986209	10.094258	12.280563	0.000000
13.224407	11.607512	23.720868	3.238257	26.085073	6.460535
0.000000	6.000000	5.000000	11.000000	5.000000	10.000000
18.775150	9.478939	16.091307	8.297405	4.382361	0.000000
5.880042	6.513404	0.000000	5.000000	9.000000	6.000000
18.654074	20.671020	19.825246	1.089880	14.416613	4.478804
23.816353	39.723068	31.532921	16.434256	16.680727	4.943341
10.067547	19.536105	14.536354	9.221864	10.766883	0.000000
4.520423	0.000000	14.481468	9.387140	11.674825	0.000000
4.536716	2.400397	9.178528	3.984620	12.196326	12.402026
0.000000	0.000000	10.432850	9.793909	3.861398	3.556983
8.392344	3.273169	11.718028	0.000000	10.000000	1.000000
10.845261	27.599666	0.000000	3.000000	2.000000	9.000000
12.883327	0.000000	4.000000	8.000000	3.000000	5.000000
0.000000	10.000000	6.000000	5.000000	10.000000	6.000000
10.234791	14.348520	9.208753	3.905929	11.782260	0.000000
11.391981	11.037965	0.000000	4.000000	9.000000	1.000000
6.599173	5.849859	4.018356	5.194576	14.118744	0.000000
0.000000	8.000000	0.000000	8.000000	8.000000	8.000000
19.510913	29.375253	0.000000	7.000000	6.000000	11.000000
0.000000	0.000000	3.000000	6.000000	1.000000	2.000000
22.628493	36.193425	22.125227	8.902958	12.191888	7.162480
4.873313	6.394136	9.767045	6.180993	13.147588	0.832308
12.296858	26.567518	0.000000	8.000000	3.000000	8.000000
4.608713	8.062381	11.013135	9.599208	11.732311	1.905879
5.838134	10.020460	15.639569	7.494816	15.141215	0.000000
10.117042	16.059852	15.923816	0.000000	6.000000	11.000000
13.201139	20.588750	14.147884	3.348678	23.343038	0.000000
1.073694	11.031535	10.133821	15.045954	0.000000	0.000000
5.183205	0.000000	0.000000	10.000000	2.000000	7.000000
0.000000	7.000000	1.000000	9.000000	6.000000	1.000000
13.344587	8.968308	15.695404	0.000000	13.183226	0.000000
0.000000	2.000000	7.000000	7.000000	0.000000	6.000000
10.601656	6.455661	11.821313	6.322284	14.439516	4.197895
0.000000	1.000000	2.000000	4.000000	9.000000	3.000000
15.118137	19.727085	22.011579	3.192453	18.096007	8.773433
18.842342	17.947337	4.639891	0.000000	10.816736	3.649347
0.000000	11.000000	0.000000	3.000000	8.000000	7.000000
9.557093	7.347470	13.503662	13.373508	8.255493	0.000000
3.791223	6.743399	0.000000	1.291395	18.235284	0.000000
10.838646	11.829945	14.988998	6.046232	14.237919	0.000000
4.925529	9.149355	4.506910	1.802113	0.000000	0.000000
0.236788	4.367165	2.619419	1.835632	6.833528	9.771626
8.532180	5.062467	10.528556	6.543688	5.865653	7.503354
4.158681	0.000000	0.000000	5.000000	4.000000	0.000000
0.000000	0.000000	8.000000	2.000000	5.000000	11.000000
9.297410	7.720182	25.961969	6.809865	21.405227	6.249031
4.308407	8.070441	5.545035	2.870905	14.472269	0.000000
10.909243	10.813070	9.486088	0.000000	13.172584	0.000000
6.604262	16.077817	3.835766	6.697409	5.531955	0.000000
4.641419	13.405989	10.990455	6.436207	19.130679	0.000000
6.568368	11.940014	9.129974	2.974410	5.565530	6.044194
20.440894	16.256039	23.374325	12.407994	12.491955	3.740652
3.100423	14.719651	9.786993	9.575404	6.415973	0.000000
9.163093	15.101730	0.000000	7.000000	11.000000	11.000000
16.656283	0.000000	10.000000	9.000000	1.000000	7.000000
3.543217	4.446155	8.704146	1.290689	14.306827	11.819303
0.000000	1.000000	10.000000	2.000000	4.000000	1.000000
8.647520	0.000000	0.000000	10.000000	2.000000	6.000000
5.886788	1.124706	1.993239	18.780070	0.000000	0.000000
11.202168	0.000000	2.000000	0.000000	1.000000	4.000000
2.094128	0.000000	15.905584	9.332590	16.594072	0.000000
17.472058	17.501180	22.816532	4.080900	19.628587	0.000000
0.000000	5.000000	6.000000	5.000000	4.000000	6.000000
0.000000	0.000000	0.000000	8.967057	0.000000	0.000000
11.123632	24.261073	0.000000	2.233729	5.329808	0.000000
10.034367	18.783745	9.294147	0.000000	12.455396	4.504052
0.000000	3.000000	7.000000	1.000000	5.000000	4.000000
0.000000	10.000000	2.000000	0.000000	10.000000	2.000000
13.652680	11.252480	0.000000	6.000000	0.000000	5.000000
4.667506	9.774520	7.355075	11.415774	3.734070	0.000000
10.389831	0.000000	10.000000	5.000000	6.000000	6.000000
0.249186	2.748796	13.147365	0.402104	4.871200	8.840861
9.704434	5.449722	11.916786	5.778902	14.994042	5.239781
3.937891	14.506768	4.649607	14.926379	0.000000	0.000000
4.638738	0.000000	1.000000	4.000000	2.000000	5.000000
5.870330	4.393517	12.577580	0.000000	19.983827	6.925838
5.324745	13.931949	17.303748	11.864876	14.785722	0.000000
4.335777	7.690056	14.954076	9.711223	19.231594	0.000000
2.137850	6.750880	18.631602	14.316541	27.407052	0.000000
9.155849	2.904296	17.706157	1.928313	16.237294	3.381196
5.226189	5.369521	10.182573	10.016308	9.843144	0.000000
7.991408	10.540206	14.525400	5.014265	18.600000	3.824601
7.669817	16.031477	5.751131	1.502075	15.223263	0.000000
13.938376	0.000000	2.000000	7.000000	11.000000	8.000000
17.365042	0.000000	6.000000	5.000000	9.000000	7.000000
0.000000	7.000000	7.000000	11.000000	9.000000	6.000000
0.000000	2.000000	3.000000	9.000000	11.000000	1.000000
10.898882	3.971948	6.440738	7.113254	4.383378	8.489707
15.150589	14.501124	12.312463	3.086496	15.389792	3.133808
9.150476	13.924155	5.247212	7.031840	11.641992	0.000000
11.992882	18.022921	12.795677	0.000000	8.000000	7.000000
29.591106	31.779759	30.241297	10.369662	19.373110	4.713010
10.546832	15.784229	5.387206	5.812429	6.991910	5.040144
12.251639	16.528830	0.000000	0.000000	0.000000	1.000000
13.283967	19.797177	20.949367	4.218308	15.239791	7.536665
14.934259	19.083369	11.524231	1.208945	0.000000	3.000000
5.660310	14.090870	8.329565	5.025693	19.617124	0.000000
19.241081	18.476679	11.837871	1.690915	17.002409	7.751537
8.063785	21.894518	11.400501	5.316139	10.481781	0.000000
19.740524	15.413323	21.400833	6.087245	23.556944	4.019413
0.000000	5.000000	0.000000	2.000000	10.000000	4.000000
10.023635	20.671402	21.856351	6.939666	20.719658	0.000000
5.331664	17.485579	5.274009	8.682129	0.000000	0.000000
5.144319	7.657389	10.680493	8.643960	11.962063	0.000000
7.823656	11.946559	5.129116	0.957108	3.774054	3.718856
12.013584	10.301842	13.667626	1.003372	11.654142	0.000000
19.577881	25.316113	15.811022	5.715218	16.081786	0.829889
4.930667	15.645096	0.000000	9.000000	6.000000	1.000000
12.282102	10.340489	9.840213	0.149753	14.042662	0.000000
11.321501	16.117461	17.461914	10.581835	0.000000	6.000000
27.503024	21.393484	26.979990	0.788897	23.486764	10.252042
4.591034	9.098969	9.629016	7.890447	0.000000	7.000000
9.485664	18.234914	6.040789	1.933482	8.437059	0.000000
4.018353	13.238355	6.140361	7.507295	0.286891	0.000000
10.121430	16.185417	13.499093	9.902738	14.825649	0.000000
8.926962	21.377579	8.256138	8.376480	0.000000	0.000000
12.380498	22.280691	6.290960	1.274638	0.000000	0.000000
2.472787	14.465434	7.897449	13.689999	6.233076	0.000000
8.977941	12.732814	12.672489	0.000000	19.822567	2.051968
5.976472	8.712535	10.928147	11.145830	7.908346	0.000000
7.343670	1.232341	10.883837	5.704199	2.478255	7.042387
10.891771	17.920290	13.504558	10.724396	16.830124	0.000000
0.000000	9.000000	0.000000	10.000000	9.000000	10.000000
10.817753	0.000000	0.000000	9.000000	1.000000	7.000000
2.520328	4.192332	10.297002	8.610777	13.468647	0.000000
0.000000	6.000000	9.000000	10.000000	9.000000	2.000000
13.580633	10.166447	10.302158	4.509900	1.205546	9.597400
16.047679	10.679336	17.798071	4.216094	14.183897	3.048163
13.343187	16.560904	12.515508	6.825767	0.000000	7.000000
12.354523	18.535214	9.313177	0.000000	8.000000	8.000000
0.000000	2.247875	23.084338	7.085235	19.903210	9.989990
4.755107	13.621934	10.115805	7.443566	10.919180	4.544519
2.270023	7.074094	0.000000	0.227854	4.717268	0.000000
14.028263	20.163558	12.745638	1.723578	16.387765	7.622404
8.150283	13.094069	12.133253	9.912530	8.440011	0.000000
10.991486	16.321138	11.368303	11.828423	10.647271	0.000000
18.322370	38.776895	3.599403	5.428098	3.298848	0.000000
15.903371	5.469107	20.869440	12.890900	8.444448	14.075582
6.533823	0.000000	0.000000	0.000000	3.000000	0.000000
0.000000	10.035780	15.959540	16.154701	3.855971	0.000000
18.377402	0.000000	7.000000	11.000000	1.000000	9.000000
13.477410	9.912150	3.582936	0.272507	0.000000	10.035168
5.284889	15.371758	11.722075	17.423438	5.390592	0.000000
19.773240	16.728981	24.656971	5.800691	21.190876	4.368097
4.250509	13.596650	6.060779	8.240968	9.760491	0.000000
13.926394	5.841681	16.287139	7.998222	15.888558	3.485650
4.076482	8.277513	5.172272	4.652916	0.000000	2.000000
2.431080	0.307380	9.116358	10.452652	3.571296	0.000000
8.460462	7.897922	11.933171	0.000000	14.447096	0.000000
11.542951	8.869337	11.802959	3.158609	10.771283	3.834645
9.724961	18.401945	9.818360	5.211560	9.269048	0.000000
6.833115	15.350641	12.883595	7.077424	8.183848	0.000000
21.759876	18.008364	24.487311	3.508667	26.901010	7.050411
9.325318	14.429485	13.396436	5.723529	0.000000	5.000000
9.718152	19.680891	10.176277	2.613195	0.000000	10.000000
7.322091	23.731765	11.221146	1.463425	17.478496	0.000000
2.120979	5.153203	5.827387	7.164306	6.088340	4.875316
4.150709	20.235835	0.000000	0.000000	0.000000	10.000000
6.951663	9.992864	14.406485	12.612407	8.848713	0.000000
0.000000	4.000000	5.000000	6.000000	5.000000	8.000000
3.917852	15.029117	17.572672	2.232261	15.508316	9.248649
14.613943	17.149449	16.216145	3.063827	13.137703	3.681245
0.000000	5.000000	6.000000	5.000000	5.000000	9.000000
15.717232	8.773196	14.934703	9.003757	15.721547	4.151367
4.278083	14.173689	4.568662	12.488315	2.206826	0.000000
5.433967	18.029126	0.000000	10.000000	10.000000	6.000000
7.722816	15.223796	6.322752	9.793245	10.449310	0.000000
7.145518	20.560355	11.463872	0.000000	2.000000	8.000000
12.806217	20.124167	9.366127	3.161348	16.426508	0.767060
7.038433	1.477054	20.068264	12.901282	10.940503	6.952295
18.330599	14.840488	10.035224	8.391618	11.571119	0.000000
9.954430	0.000000	7.000000	3.000000	1.000000	1.000000
23.971382	22.880306	14.060324	7.621519	14.456260	0.000000
11.962619	13.201980	10.783119	0.745919	1.328314	13.934960
0.000000	0.000000	3.000000	1.000000	1.000000	4.000000
5.491969	9.713293	0.000000	2.000000	10.000000	5.000000
15.145257	23.796840	17.266207	0.000000	3.000000	7.000000
9.509003	26.004174	7.775747	7.378567	4.817232	0.000000
0.000000	3.000000	7.000000	1.000000	0.000000	11.000000
6.094201	0.000000	6.000000	1.000000	11.000000	8.000000
16.745634	26.138204	14.343430	0.000000	15.642510	0.000000
9.613524	10.150914	19.303742	6.320939	13.248667	5.560555
7.148615	15.669825	11.272694	7.187585	16.705937	0.000000
7.711812	10.548467	0.000000	3.000000	10.000000	6.000000
15.648628	11.139891	22.805655	0.000000	9.000000	11.000000
9.856219	13.652873	14.209767	3.965025	0.000000	2.000000
5.291520	22.522090	0.000000	3.000000	3.000000	9.000000
12.765255	19.429602	8.409982	0.000000	2.000000	9.000000
6.087222	0.000000	6.000000	4.000000	11.000000	0.000000
12.688545	20.825232	0.000000	9.000000	4.000000	3.000000
26.499054	20.682324	22.795621	4.179540	20.327061	9.328685
4.050040	8.003522	15.571025	12.115702	14.815870	0.000000
17.119488	20.218164	22.569470	10.871357	11.007996	8.065248
4.012841	19.669610	14.117827	17.348406	10.951734	0.000000
9.754341	10.042163	19.855511	9.198857	11.763526	4.411332
5.024736	6.545124	0.000000	3.000000	9.000000	9.000000
9.838532	9.333638	13.651086	8.777045	13.838354	0.000000
2.969989	0.840061	24.124813	17.998480	13.957815	0.000000
4.352536	12.324015	13.687100	17.616419	2.009533	0.000000
0.000000	1.403445	11.254368	13.315389	4.632611	0.000000
14.985309	14.594482	9.174255	6.264298	0.000000	7.770361
8.924476	8.096087	7.800729	9.173059	11.440659	0.000000
8.494533	12.243477	12.943431	0.000000	20.256461	0.529844
0.000000	0.000000	8.000000	11.000000	1.000000	0.000000
0.000000	0.000000	11.000000	3.000000	6.000000	1.000000
17.195022	21.983103	12.689263	6.411492	15.221853	6.353642
9.335440	15.521742	12.038190	7.963857	12.235447	5.686924
13.202997	26.736042	12.739886	6.149080	8.402682	8.456390
13.754863	14.757979	18.822088	6.910044	18.223410	0.013004
0.000000	10.115459	0.000000	2.984529	0.000000	0.000000
0.000000	0.000000	9.000000	8.000000	6.000000	1.000000
31.093780	30.484375	0.000000	1.000000	3.000000	4.000000
18.221433	14.816609	20.480930	5.452907	14.120579	0.000000
10.762835	18.413727	14.528065	6.670093	18.923216	3.685855
14.029798	19.902834	14.412873	10.661346	0.000000	3.000000
6.510807	5.130016	8.463369	9.264652	7.703765	0.000000
19.149103	15.409153	13.403999	3.599744	0.000000	3.000000
0.000000	0.000000	5.000000	7.000000	3.000000	1.000000
16.303291	21.287761	20.079664	10.401245	9.355052	5.473870
4.534140	8.376730	0.000000	8.798052	0.475383	6.633066
11.324773	0.000000	5.000000	7.000000	11.000000	4.000000
0.383964	8.193017	1.702114	0.000000	2.810064	5.361866
13.507266	5.197915	7.915303	0.488709	9.243999	0.000000
14.635157	17.597760	0.000000	9.000000	3.000000	8.000000
10.870821	9.258136	0.000000	11.000000	6.000000	4.000000
3.396329	5.319490	8.509884	1.694496	18.633762	0.000000
0.000000	11.000000	10.000000	6.000000	3.000000	4.000000
7.542585	4.790016	8.081442	0.000000	4.000000	3.000000
24.848932	32.417629	0.000000	8.000000	2.000000	9.000000
4.225242	7.246434	2.278863	17.207295	1.444419	0.000000
18.507572	10.477486	16.260566	4.819348	17.852710	8.568795
6.864474	8.679410	6.389569	0.643177	22.718477	0.000000
2.888782	0.000000	8.288971	8.428758	8.485636	0.000000
5.501252	13.288411	12.450604	11.547385	0.000000	2.000000
9.289203	0.000000	5.000000	9.000000	10.000000	10.000000
9.045459	15.540114	26.865095	4.016845	17.286430	13.539224
9.152719	13.959544	16.335317	10.190955	12.783482	3.863886
14.002851	22.008363	22.331406	1.244481	6.867570	19.066508
5.810578	0.000000	11.000000	7.000000	0.000000	1.000000
5.039358	6.012623	9.409646	13.408214	6.832368	0.000000
18.180626	14.748688	11.073058	0.930340	9.188972	0.000000
1.585431	0.000000	0.000000	10.771815	2.240996	0.000000
18.904692	18.922928	18.809623	0.000000	15.862384	10.608809
13.817524	31.556596	20.699938	4.860862	13.185149	4.042638
15.308217	12.980641	9.113494	1.069844	4.840926	5.563468
11.598803	6.943341	25.695520	0.000000	0.000000	2.000000
24.790872	20.721369	16.564311	0.000000	14.968183	6.968199
10.388852	16.296250	9.464668	8.994061	5.977400	0.000000
0.000000	5.000000	4.000000	7.000000	3.000000	9.000000
14.489394	13.098558	13.720536	1.966922	0.000000	8.000000
11.919876	13.054070	14.866638	0.000000	12.541578	0.000000
19.008269	18.842316	31.329273	16.747892	16.934757	0.000000
8.923005	13.085926	13.358638	0.000000	10.000000	4.000000
4.398174	8.059689	10.929994	3.901474	19.823252	0.000000
8.811132	4.083815	3.176512	0.000000	9.000000	3.000000
9.351605	23.773140	10.776082	0.000000	11.628155	6.708661
11.630101	4.950379	16.954691	7.088673	16.276156	8.775142
17.894535	20.584284	9.494729	10.499126	10.926855	0.000000
4.637797	5.185362	15.696295	0.845396	5.861894	7.762576
0.000000	3.000000	6.000000	4.000000	6.000000	9.000000
5.212997	23.897235	8.230232	1.518067	18.990802	0.000000
6.112026	0.000000	2.000000	1.000000	4.000000	10.000000
7.723993	11.749022	7.323216	1.923376	18.199717	0.000000
7.465970	0.000000	10.000000	0.000000	5.000000	11.000000
7.224206	0.000000	8.000000	6.000000	9.000000	5.000000
0.000000	11.000000	7.000000	10.000000	9.000000	5.000000
10.643428	21.906494	8.271509	17.096752	0.000000	0.000000
12.062547	11.623275	18.975686	5.975493	17.212661	0.000000
0.000000	2.000000	7.000000	1.000000	0.000000	11.000000
5.163506	0.000000	9.603046	12.468328	10.462283	0.000000
9.528971	5.002611	9.269550	7.837066	11.427273	11.800897
0.000000	8.000000	3.000000	8.000000	7.000000	7.000000
3.748124	1.828997	6.240797	7.630250	7.077760	7.932714
8.374589	16.277366	6.134893	2.781949	0.000000	8.382323
5.811837	14.038463	10.192179	0.000000	0.000000	7.000000
15.560950	15.146943	18.825394	9.207422	0.000000	9.000000
9.715064	0.000000	11.000000	8.000000	8.000000	6.000000
13.555414	9.038095	23.653632	11.216049	20.356448	2.547588
20.700117	16.457929	35.201834	3.430310	25.740087	13.427040
8.365855	9.384090	12.059718	7.585474	15.996195	0.000000
4.020790	5.312335	8.144067	13.974969	8.715327	5.642189
5.196813	12.710018	8.906277	0.000000	1.000000	9.000000
3.894964	17.004330	11.714284	6.402779	4.225125	0.000000
12.129332	17.295483	19.413573	7.873604	16.737545	0.000000
3.841279	5.559419	22.174088	7.689331	19.646396	1.845759
11.365102	20.802252	21.122187	4.983010	14.436187	6.741591
4.728570	12.216176	0.000000	8.000000	9.000000	11.000000
0.000000	0.000000	4.000000	6.000000	2.000000	1.000000
17.880059	14.041897	25.250963	8.381990	25.137824	4.503774
7.310350	11.250100	7.104373	0.928474	21.008298	0.000000
10.694693	16.354682	13.902643	9.099742	13.420909	0.000000
7.671124	3.059610	18.982408	15.021581	14.117936	8.047598
11.355178	15.362141	0.000000	9.000000	10.000000	11.000000
6.948387	10.568289	13.514741	7.086302	17.480146	7.793047
11.306413	18.427825	19.778673	3.433076	11.443063	6.265708
15.218050	9.393938	16.125477	4.558287	13.000586	10.652101
5.300818	8.651413	12.220681	2.512480	25.503284	0.000000
12.824596	5.243603	7.665070	0.000000	7.083424	8.068275
8.700410	4.948810	19.391296	9.289796	15.221287	0.000000
0.562669	14.003573	4.974959	1.128305	0.267965	15.651251
0.102894	0.000000	0.266943	15.177934	7.901398	0.000000
2.817441	0.000000	0.000000	11.334484	0.184456	0.000000
9.798793	23.463183	23.421707	7.135001	22.564685	2.529325
0.532891	4.897622	2.887745	0.000000	1.538989	0.000000
4.405308	0.000000	6.000000	11.000000	4.000000	8.000000
0.000000	2.647415	0.000000	1.000000	0.000000	0.000000
7.058210	9.894574	0.000000	3.000000	6.000000	2.000000
5.077287	2.457654	16.969374	0.000000	0.000000	4.000000
5.359063	2.414852	10.625762	12.867444	9.459895	0.000000
4.960763	9.880101	5.202380	5.328364	8.789949	0.000000
13.364171	16.010750	6.774062	0.000000	12.361793	0.000000
17.372058	11.542424	27.209846	9.957711	15.933727	13.957484
14.467298	19.711080	12.109524	3.334547	5.383157	3.498112
8.708235	18.540471	18.703659	10.981831	7.478635	9.650841
13.747937	15.149971	18.320405	4.735378	0.000000	10.000000
3.903487	2.618657	11.577239	3.185305	0.000000	3.000000
9.797214	11.964492	0.000000	6.000000	10.000000	10.000000
1.337542	6.480571	3.127398	18.052027	0.000000	0.000000
18.881261	20.949661	16.552235	4.783438	0.000000	5.000000
2.224706	0.000000	8.858780	1.884689	0.000000	1.000000
11.272184	13.892523	13.966158	6.547770	15.758640	0.000000
24.768571	27.687600	14.105443	2.366341	15.507564	10.054663
14.233675	1.450575	19.685756	13.211004	15.117381	0.000000
4.078211	3.278041	8.071687	6.585173	12.096159	0.000000
4.690834	14.410736	14.095162	9.979687	12.168803	4.251767
0.000000	0.000000	15.583653	10.770838	17.738941	0.000000
0.000000	0.000000	12.485842	13.652968	0.000000	0.000000
15.070380	12.102304	18.324498	8.542444	17.976548	4.755406
0.000000	5.000000	11.000000	5.000000	5.000000	2.000000
9.872897	16.608973	6.652009	6.767165	5.836116	0.000000
20.530154	20.459671	15.502348	10.302880	16.144407	0.000000
20.607294	18.341444	16.308598	7.482174	11.617212	1.468336
2.386557	0.000000	5.000000	0.000000	4.000000	2.000000
4.028583	16.815598	9.173743	2.314058	7.889853	3.190050
6.713559	7.249787	5.490186	9.241035	2.125928	6.529543
6.300293	3.992752	6.533500	12.577477	0.000000	4.000000
