60.990954	5.596768	62.558154	87.442688	3.678792	-63.018613
78.999720	61.724836	-35.178473	-16.209366	44.801531	20.073419
99.199660	-32.062278	-1.858071	37.909342	-64.471851	-75.531066
-68.520248	-96.061065	50.741898	13.483255	-41.264242	-46.947095
-34.952870	-70.370928	-29.852710	100.494037	-82.567843	-93.544924
-76.778215	28.918655	-48.393740	32.495286	-82.401427	62.268567
100.443942	55.164921	-51.292618	30.554445	-93.816376	2.873683
-6.973966	-32.519231	65.279435	-86.941959	-52.228311	-39.712289
52.353394	46.587122	36.858453	-41.710461	-59.534313	31.243574
-68.341873	-55.274597	95.864584	-55.907917	-18.747880	-68.044853
96.898594	23.452211	63.671700	-28.678081	-60.065517	29.000764
-43.205149	-21.206819	-55.865014	-15.690340	20.152150	-83.312590
69.642463	-48.666070	-22.310739	-26.698509	11.652043	-18.025391
53.955257	-35.142054	14.378299	49.761062	-66.782379	-34.486649
-12.501085	39.704263	-60.897218	-34.826399	99.052170	-70.476993
35.740167	-97.524695	-68.326172	-82.747551	76.136448	58.855369
61.887234	91.099610	1.973848	86.035252	39.549007	98.262288
-38.860259	-65.809468	71.311202	-64.593391	-10.379925	4.678817
-0.874000	69.278465	-76.216344	95.184795	7.496701	-50.209448
98.148036	68.155981	-59.274895	53.855762	-8.868779	4.381834
-86.215226	-79.373344	-36.828743	-74.563357	-76.099390	63.356330
31.504249	-34.359626	-21.755222	88.820724	-54.114282	8.399085
-85.508929	-39.292786	-42.301132	-9.163508	72.732356	21.171560
69.633064	77.772405	-74.976530	63.075444	-77.236293	-71.472195
-57.021358	1.470783	62.825224	79.872904	-26.763699	63.648406
48.667767	90.703785	95.655874	-26.248223	36.349723	41.461409
-64.031791	91.991226	-15.366167	58.458930	-45.180076	-7.535958
-48.799812	-45.580950	89.914649	72.030872	86.424503	-71.582130
58.513515	86.265639	55.124413	34.458177	-66.297219	97.881023
90.799225	-74.038689	15.920958	12.038009	55.756231	31.280828
81.469547	52.258872	48.435983	-6.719870	47.189348	19.559028
-4.406547	11.064187	29.741777	-3.909197	-25.235006	8.830360
41.968152	-30.641347	-18.531340	-13.738967	80.727686	38.759526
1.868160	-97.702324	15.144727	-9.400578	-69.627774	62.463163
46.891247	-75.075491	-40.940913	-35.602666	93.314729	30.740778
52.367852	62.296193	-87.736526	72.324381	-2.334485	61.773277
-38.304907	58.346533	35.180548	81.016511	-34.883081	-40.505134
-55.829320	-16.995667	51.359598	74.646152	-75.054670	22.603933
60.899808	-93.436885	-73.030676	-25.222746	-62.753864	75.990346
42.354907	4.980573	-42.574994	-23.125022	42.767244	-92.465179
100.183343	55.513154	-12.549202	59.756507	98.158855	-34.447323
55.323602	36.314694	-87.233387	-90.079337	-35.114364	39.245741
-39.698094	24.695517	10.057933	78.788937	-3.874833	-42.239875
-71.651654	89.921871	50.941403	43.565095	-78.307792	38.938133
-72.474747	-9.088166	-26.353029	35.267137	-7.084697	91.054561
45.165027	79.175071	-0.054747	66.884084	32.182821	-61.058024
61.689567	50.289706	46.080459	-33.974327	16.435723	68.152429
1.415085	-58.476783	81.660796	73.254028	29.792241	-95.952623
30.237717	78.988354	-43.229332	68.994086	-54.385027	-6.248190
53.931319	-50.755703	46.491161	-99.350286	97.107279	-97.642486
-97.669079	8.779947	49.057058	-41.378043	27.278311	31.113430
-47.815325	-62.025789	71.434256	-61.817129	-51.967406	-17.798909
24.412839	26.151801	97.271456	63.670516	78.307504	0.661603
-77.705502	-60.614964	-45.601010	61.270608	96.205022	20.632982
32.447818	-6.635939	79.218058	73.526847	-24.037273	33.745828
73.240647	17.358373	-8.165508	66.904435	90.072735	-63.449875
-92.239200	66.594590	62.634545	-90.816631	-79.633745	-1.290347
-64.801081	-51.500750	-98.854493	-68.133640	-5.128094	83.203708
80.097630	25.153662	-36.610919	-83.217606	27.433433	-24.254455
14.083378	-10.515711	-39.101905	-14.774133	-35.735856	-22.268351
-39.847975	-79.574629	-31.011809	-61.449257	-44.153220	73.806005
9.327608	72.491391	66.309315	93.768873	-98.890317	59.415376
2.817387	58.514118	-49.914290	-90.054620	51.122292	-18.245964
40.730777	71.389922	36.432328	-18.316036	-85.792531	24.920131
83.863938	-27.151031	0.658531	17.749297	78.788509	87.718875
-41.202806	91.849355	36.758927	-31.390095	4.885850	-98.994827
1.661702	-7.852623	58.714215	13.692483	7.846583	38.392975
77.497640	6.235931	-73.094246	-63.637786	-23.823852	56.926902
53.299351	-45.000916	44.660240	93.471111	-82.506108	53.286211
-83.215059	38.874395	-77.936773	-8.858605	-13.396732	79.729243
-60.427316	39.582394	-33.539184	61.753693	61.723015	86.200717
40.582794	-7.481259	-56.257118	99.912368	12.627189	-23.663125
-66.018717	20.527553	-23.381244	70.609906	35.854710	81.866164
24.870807	11.974279	4.480344	-22.138428	16.038937	-7.186887
98.536866	-87.307563	100.529906	-35.987768	-15.765123	28.343067
-52.322032	-22.729577	-53.802649	75.750517	72.808607	-94.218237
77.213078	-76.188846	-40.280937	-14.803271	83.292781	26.653536
-45.252155	-78.973182	-99.677557	46.136401	-47.930857	20.853312
74.922937	-90.123545	-80.984293	46.240373	-48.075996	-59.217720
10.316621	-27.520525	80.139018	54.055510	-25.508138	-67.102577
-61.765039	-32.693418	-44.791247	41.203124	12.763058	94.661801
-33.446781	-43.150123	-93.804924	-88.473853	-58.899772	51.113066
97.400886	47.916483	-82.647901	-12.703892	-50.361279	-3.220521
89.885916	-25.025850	44.604457	-94.448494	6.856490	47.623454
-59.080100	94.984961	-78.130242	75.326325	-64.860113	-12.003908
47.643112	-37.662197	14.408656	-14.796256	4.866356	-47.877903
-77.442819	-15.954326	9.884275	-23.583508	69.528387	-43.629759
-94.303510	-84.698646	59.828335	29.165940	14.190864	-84.452349
30.933695	85.629547	-54.860001	55.947907	14.307604	75.285760
-73.634395	-86.435912	84.756223	-44.006803	70.320885	-23.562348
1.752397	-74.643975	-10.030325	-6.022407	100.143668	42.512177
95.436112	-43.841972	-36.825268	-61.313135	43.489423	38.651539
62.631111	-10.983040	85.960674	-10.706842	-95.184690	92.634814
20.169113	-3.886573	-44.758472	87.743549	86.612640	-39.589065
-57.843200	-81.591619	96.604095	100.202096	-13.276990	51.239700
-11.472369	0.101467	91.605781	-98.327227	50.151560	68.933333
-65.328981	7.583498	29.466059	18.382816	-49.860052	-23.431953
36.415908	91.128938	39.924387	45.303894	18.727167	81.707527
-23.346978	-10.676013	95.406399	-69.449420	91.803621	-10.387180
81.782381	92.663189	60.620649	5.071551	35.868257	-57.290848
84.208871	-73.598125	-53.336286	22.333027	7.506095	-19.498327
-48.390178	50.357869	23.308670	-31.366245	76.215270	50.133607
36.202294	66.312240	-65.643839	-63.530192	-11.892770	73.439677
51.573445	-70.535953	58.403590	90.361528	36.483675	31.063868
-63.553270	-14.138917	-28.659478	35.941110	-92.089785	-94.134343
-12.062847	-45.827022	24.064014	77.142651	-50.995566	-30.592672
39.776518	17.094217	28.125517	72.705621	-30.758911	-69.813536
10.318660	26.156064	75.997235	-65.302529	-12.785237	100.805403
-8.001048	62.861037	96.531877	-40.508806	63.917831	37.856487
-19.748898	31.009632	20.561643	-29.388245	-63.291318	-79.989641
79.572873	-27.598121	41.696992	-75.663672	-58.474246	-23.161788
-86.114678	22.043203	-5.560136	44.454275	-34.975485	-88.447400
-13.640154	79.292431	25.149133	83.188282	-61.802856	-34.494160
34.159704	24.868681	-81.019018	-76.854335	27.708090	61.302517
42.221382	23.968822	62.673524	-19.129069	46.367970	-5.837857
39.648414	-28.538704	75.697012	31.182278	-45.977481	-57.833411
-70.293780	-48.937433	1.230105	-25.271229	73.110924	-62.836206
-74.677159	-21.638396	-7.756395	-79.847242	-60.189140	-69.698777
97.153097	-39.843129	-95.930664	-22.150194	75.373884	47.528923
0.454939	-69.555391	68.199557	-97.623161	-18.355834	63.880380
-83.377067	-90.966297	-59.925143	33.840996	-0.241651	-66.772598
8.987875	-1.940105	37.136326	-76.866212	-14.991724	-18.389581
59.170926	-39.041426	13.968221	32.323639	-44.673133	-72.260333
-61.227340	-91.391445	33.638147	-36.343107	-3.794424	1.211826
-82.095691	-66.700123	-1.299796	-59.872269	-78.396050	-58.044265
7.121026	-48.584946	56.384587	9.078390	91.468114	-49.504208
15.455070	17.734206	98.545520	65.943623	-67.416520	16.148494
-68.588560	41.484340	65.692815	35.861954	3.464425	51.344019
60.681004	-14.131885	-58.078445	35.218105	-57.527017	17.251987
36.125668	35.001132	11.526684	74.458384	36.549107	-20.661435
-53.913423	42.305664	98.960424	29.822727	-43.087770	55.627038
65.565349	96.804048	-19.721168	23.754529	93.782273	-19.084943
-42.913944	49.856079	45.875097	65.986727	-81.200436	46.519704
15.889235	87.771068	-88.170791	62.423051	-28.771846	-40.568425
100.274821	-61.581985	-88.330604	8.238764	-89.582355	-90.726232
-31.546212	-11.968670	35.626864	33.421551	90.064012	19.380031
35.447567	35.960838	15.449251	82.864113	-63.054264	-71.085811
53.313928	-86.473234	-44.817987	-76.402121	-48.297912	-92.795387
-4.366654	21.448666	62.630472	29.645411	24.397528	19.313980
56.907492	100.161635	99.287114	-85.396199	-51.513293	-51.220216
-16.855113	-83.631885	-63.619373	-16.572455	85.874218	29.515625
-89.018205	97.274430	11.527239	-6.274657	-18.402234	-80.895924
-89.581452	-74.353815	-5.326127	-58.404084	91.799473	-25.039084
94.804477	21.198348	99.533741	-94.451134	-52.438992	-70.947887
51.481141	73.986439	-39.195161	91.564421	31.027657	8.003969
-89.786505	-0.826273	-75.648112	5.033480	44.204039	-19.588888
-65.969705	-52.644757	26.876560	-96.948812	68.269731	-97.127278
-73.483522	75.906880	-39.388595	-67.557680	-33.870077	-23.553979
-20.114979	-23.117145	-63.351218	-51.058319	-27.637577	66.894177
64.526636	14.134180	99.035339	55.955709	24.931550	-59.838203
-23.846973	55.260451	38.753741	67.173995	33.326146	-43.146339
96.577713	-19.565563	79.570455	99.332633	-49.433778	24.069941
-10.902624	6.675614	78.524656	13.459009	-49.397361	9.320547
67.936378	-43.442777	-31.031573	-74.935153	63.678926	-65.740816
-59.403918	-90.691220	7.812312	-24.244605	46.713211	-58.283968
50.402835	-98.334078	-34.811969	36.015142	47.967259	-92.722355
-63.893949	24.704735	20.452409	4.401438	-72.425129	78.676579
-7.055356	59.255728	82.683478	-38.545212	66.910929	48.737026
14.068993	-54.298203	58.206185	74.111740	-45.102506	-49.042334
-56.041897	-33.387205	-68.135338	43.774508	-24.925211	-48.025453
35.127987	-0.386708	29.021305	-39.780211	95.039535	99.837106
7.366892	30.135681	84.674941	80.473874	21.370350	-26.674876
-51.934316	-61.019485	-48.904770	-87.146452	-62.867425	48.041945
-12.760918	7.750334	23.696657	53.809084	-43.050688	41.368128
13.421370	84.269922	-34.365093	-4.509431	-29.465886	-79.184398
-70.313631	37.443680	-22.973089	-80.017286	90.481685	8.869583
-14.889260	36.746738	-89.366287	19.776595	3.537425	7.548525
86.579654	26.331062	21.372139	3.063280	-7.451472	100.996780
39.860772	52.368045	82.012361	-45.837950	2.615582	-2.730900
5.092133	23.346051	-51.270580	-78.270406	41.760288	22.324914
-18.481697	84.563747	-83.611315	14.845594	-29.257310	-35.026785
-44.327641	8.301359	-0.662734	30.507590	-16.002253	18.737282
-13.397304	14.050867	-40.951821	50.147525	-68.890458	-91.154629
-95.775777	-79.282779	94.634471	-63.744502	66.676921	-13.582877
-40.491160	45.035296	-22.447897	-38.193385	60.732184	-75.105540
-17.045041	72.872997	-90.731744	-63.006926	-11.372321	7.475193
12.113435	-17.524797	5.888883	-76.662096	-63.580794	-28.561338
70.121275	79.914476	72.631192	-15.428956	92.996013	-12.415224
55.133815	32.920259	83.369286	-49.898176	-23.986418	28.696668
-65.927039	-80.514237	98.502828	-11.003657	58.577341	32.790923
-64.035028	49.466237	49.222614	68.263066	32.119811	-64.213091
48.382057	99.958634	-74.520418	-26.370887	-71.341594	-42.816454
-94.040958	76.503268	-51.404441	22.692062	-8.087269	68.667778
58.863864	95.915455	10.101354	27.125448	-68.320273	29.936857
12.279847	-48.918237	-32.226699	-58.519578	41.167482	-26.972521
-24.619416	-88.129587	5.732049	78.388683	-49.352982	16.247880
79.509846	88.787641	-78.293912	-58.525389	30.199697	84.200793
4.880755	49.610908	-50.212072	76.308148	-5.195791	50.747553
-55.618985	99.474184	75.118643	-87.965090	89.955602	94.048058
68.490085	16.741263	9.792784	-12.081497	-47.175061	81.141714
73.487347	-13.752301	-27.966441	-92.333111	44.118459	55.651286
48.694781	4.904813	92.494598	-91.939846	-71.910005	-89.964233
-41.500246	-24.714219	-72.828094	17.491762	-69.961739	-24.793474
-81.271150	39.080592	-76.754616	-11.091997	-35.688838	-97.681633
38.495326	29.885392	-6.165037	28.581386	99.349515	-69.960042
-71.408631	-81.186731	72.270855	-5.239704	-69.443640	10.242038
30.828200	64.866611	-1.164453	-20.634982	58.425433	-36.154103
11.674785	26.084669	-60.285770	-0.768449	-74.869446	12.421553
-2.368570	57.315403	31.294971	-76.405499	72.941123	38.060321
-99.469048	7.494460	28.608560	35.594662	47.962373	-66.388333
-7.607355	89.548141	7.397073	8.877958	36.366571	-65.757025
64.618853	7.819108	5.654108	-12.494131	32.566879	35.002317
-21.015444	-16.096086	-98.142998	-38.561760	-49.598349	-6.210908
-38.700737	86.824231	-29.907253	0.256099	-48.382047	40.585265
81.107547	13.331435	69.951502	95.649404	66.541263	-16.748118
57.124018	-69.224674	-17.398111	-30.916647	-29.039795	93.704990
62.886452	-66.850497	67.367324	-84.514962	33.180540	58.763632
51.698100	29.078968	-48.138408	-99.777837	-91.393814	-59.726076
-25.400450	79.791915	46.128603	-67.135195	-20.985692	-3.853404
49.485154	6.211998	5.213908	-22.657570	51.303987	-33.395573
-77.442203	-7.792424	89.111304	-78.859747	77.742297	-71.003062
-22.936780	-49.914689	45.558666	93.579854	-13.858766	92.435474
-90.634786	80.374818	-69.761879	-69.280487	67.189449	-69.185573
93.754426	13.361945	-98.055023	-94.722440	-45.447032	4.465809
-97.858971	-1.416236	21.169691	44.605237	-40.057554	-87.120402
-10.988137	49.527915	17.948791	-57.956000	98.310698	81.537589
27.002414	76.864726	-68.687943	-97.410498	-9.389309	85.151533
-6.622352	49.388579	-50.049772	46.574310	-17.690724	-82.595770
36.941977	-54.900041	91.976229	-81.904772	97.353164	55.038055
67.483766	-12.596852	77.188943	68.408163	50.798919	100.441547
-89.067785	16.857610	-26.933732	71.321219	-93.315159	-88.969389
-3.839915	-1.219001	-48.836180	11.993439	-96.957260	-68.561294
76.319789	-29.439400	-94.739599	32.881140	56.293513	-21.510589
-2.991709	-77.882080	97.586716	72.250608	-69.728188	37.072224
-70.510248	60.733882	-83.066413	-7.692786	-47.445830	54.415455
-90.447558	-7.852548	-50.774517	-34.324372	36.261289	-68.169097
-37.756510	75.338990	84.731595	77.172629	81.099650	-22.199884
53.292930	65.268969	54.437364	-26.489943	-65.853812	-54.957703
30.971110	68.684914	46.781077	-49.931954	18.112367	78.673760
-11.315917	-21.940157	0.958829	54.889771	14.689105	9.502512
-56.388039	-82.585458	-25.038290	40.340132	62.190028	-1.693349
-25.763551	-49.746755	27.346941	98.620766	-92.351692	-75.326036
9.925630	70.256197	48.767846	52.144322	65.371714	-98.594361
-49.073141	-31.189318	-42.920099	66.807104	12.205862	58.239790
-89.194704	-28.890618	20.368666	3.556264	-92.231088	-11.568203
-65.414117	56.741660	89.255877	-91.390538	56.802760	-16.357883
-6.380774	37.247181	94.461559	-15.511379	-87.287533	-55.877442
20.004613	-53.125864	-35.889808	87.645705	-32.085882	-44.491151
84.200830	-49.550126	-26.460369	66.434553	-15.838022	-76.514904
9.785357	56.033471	39.889612	72.238269	100.433096	77.407707
-73.815036	58.754259	-45.382225	29.045243	-81.092151	33.431767
-23.470872	89.861551	-0.578336	-44.325379	7.337129	39.687801
25.858790	-91.188684	-97.540584	-6.982839	31.014310	-71.802271
-17.804637	-73.325277	7.759585	-91.300090	43.042912	-68.153983
-44.459573	-91.723750	4.633506	67.215355	76.179328	-56.054035
66.110981	-50.569303	-33.505068	-40.249246	15.486945	91.959393
-79.380262	65.561429	0.856228	-64.907034	42.000983	-54.476901
-82.669789	-80.937084	-42.542897	-76.645765	-15.331951	51.201673
25.012128	16.829855	60.326909	31.432379	15.840849	23.938224
83.580462	-95.479980	-31.541882	21.022775	-66.521536	99.910562
35.137445	-64.326227	71.765181	3.630351	-19.057997	22.226664
17.300415	74.781589	-42.490793	59.276634	-23.885006	-76.589914
29.763400	62.212195	-63.736669	-14.572427	11.772562	-68.732104
-16.465057	77.844744	-75.191776	54.514316	-54.972025	-50.916682
100.529025	100.043305	-33.729307	-73.418732	14.423032	-4.327141
-10.386172	70.838710	17.475087	-84.921411	-4.981537	-34.731801
32.654537	18.759783	23.687712	71.697854	-50.500037	49.778917
-79.003831	-35.955361	-28.584392	-21.434998	-22.320888	86.055632
-91.975769	26.789000	76.466415	-58.932100	36.053714	-11.630047
-51.503392	-72.198092	61.939140	-87.046080	89.731044	-41.968654
77.002440	-39.530901	38.400682	28.667181	-88.483262	-13.450722
-4.636337	44.497079	89.512001	15.080328	57.259954	-76.780757
68.382343	3.628371	-15.054630	-25.699080	-3.382591	-81.694139
-99.101089	-47.609434	-65.954345	-34.632514	75.992158	3.825243
87.876606	0.102118	-66.907897	-6.854784	-1.401149	69.256797
-83.682226	69.773551	-73.848851	-19.406596	-97.776556	-67.058199
39.706581	24.582782	-59.974978	21.652595	-61.328696	72.440269
-8.960382	27.599091	57.242783	92.673988	-39.861460	45.661267
84.111236	-85.354079	5.914815	3.064798	-61.692246	-8.437347
83.221303	35.006107	35.763697	-17.024327	91.567329	-0.709168
-31.995272	52.797357	29.383889	46.936212	90.535783	21.472444
97.071012	-44.327142	-24.605505	-65.003112	40.383349	43.066433
-10.755832	-99.138183	28.323486	6.398549	-39.626121	-47.259239
-99.125323	66.663692	84.437141	15.260815	6.526643	-93.570257
-20.070810	91.606410	-38.403503	47.940263	-3.078325	-73.414151
73.916587	-3.208480	65.688734	87.131698	7.667797	88.832388
-35.841016	-56.343619	-86.130949	37.347455	81.978975	14.564417
-58.672238	26.320390	-97.892710	-63.065809	-23.824240	-82.600831
-95.563537	1.789350	81.407167	-99.537215	43.007942	6.735806
98.973712	67.657302	68.719554	-34.785145	-80.308243	98.858933
-66.126073	-29.756356	-64.427998	-63.211648	-25.376704	99.940270
5.464488	-46.409117	93.334449	89.895691	-52.854877	88.037183
-49.481496	-29.478433	84.310548	-82.780859	-6.086676	-52.472085
-95.346498	44.621229	-23.545153	94.664832	-12.575266	-52.020221
56.264562	-8.817443	-38.024702	-18.858110	88.516297	-15.623597
-68.660897	-68.526407	4.614020	37.789870	67.224953	18.897597
-2.455784	-43.401120	79.304246	-98.550969	21.292329	-49.424578
93.934880	34.399646	-49.714229	31.696081	81.620915	-62.002445
-67.430546	43.807863	-57.245331	-76.229303	-10.573973	-62.713794
86.166382	72.373008	-54.858991	39.674440	48.207130	82.117642
61.232306	-96.056828	-44.703944	-2.197600	67.181142	16.752522
21.475290	16.071553	-99.283999	-57.121562	75.288327	3.767191
54.402401	58.659176	31.765006	9.368199	-9.562660	47.201282
0.036493	-17.169828	17.208720	-73.159087	30.046468	-28.193027
-31.397866	-4.580640	40.823512	91.597972	-94.285525	76.050213
-41.762820	98.468196	31.949487	-42.169230	85.064615	-52.621733
87.883530	-66.528966	-47.889497	-48.550338	23.961338	76.351819
-60.468961	34.875375	-48.103336	52.548655	-51.394988	78.495642
-31.108212	-33.379008	-82.087777	15.902869	-47.297251	-57.024174
11.596953	21.306375	99.341259	-24.987190	62.223507	33.353331
40.907501	21.613025	95.439339	28.024668	29.652441	97.097732
-87.841479	-5.827726	65.193375	25.941855	89.621297	-45.770751
-13.876574	33.815644	96.684096	-86.694817	40.473680	-55.583035
-71.021998	-21.606253	-30.223302	-30.719079	79.594598	50.235593
-92.541045	-35.814919	-37.101486	-4.458831	-17.281750	1.859053
-99.069880	-35.408284	-88.387865	-67.262039	-77.374407	52.054860
74.617785	-30.120379	18.066401	48.377986	77.805058	-16.840340
-5.997978	0.303534	60.189864	-46.905167	66.207948	-9.825131
-60.683373	-1.896489	10.503225	-50.166129	56.704932	41.409904
26.228450	45.064147	-53.505853	73.868384	45.542374	-15.964534
12.884748	84.923507	-74.966086	48.427071	25.949953	-47.639653
39.556416	90.284666	65.001395	-25.220321	-36.234232	14.411063
-63.693510	37.173368	-2.019949	-34.174451	75.906759	-89.269890
45.223656	-78.726301	55.114088	20.320378	10.214050	91.404018
-64.755582	73.825745	-62.905554	-24.143328	-68.722221	64.821851
-79.892802	8.889765	-82.864212	-75.282529	-40.960200	63.277199
86.494819	62.217890	-41.804038	-25.538043	-2.464298	-65.022029
-58.203588	-49.390774	-95.427008	11.134397	-53.044520	71.728937
3.644116	21.476547	-88.861606	-95.630486	59.867478	58.887434
92.173321	-90.489629	-26.790332	-82.715433	-43.149007	72.753059
-25.920941	75.122678	76.029432	-81.780760	-82.670177	60.222022
-60.387381	84.105755	79.374164	17.365063	66.939602	67.939035
9.514716	68.957294	86.128321	-17.598365	22.537951	50.839133
97.983539	15.355292	3.335974	-9.314548	79.939849	-78.513602
-96.015114	79.320219	38.263325	84.948294	-27.761013	-76.777762
7.080353	-17.000334	-27.055095	-37.515462	80.006998	82.992224
85.308061	-4.319370	7.410618	-15.307596	-52.308259	92.464872
32.783625	-47.830500	-24.007068	99.685189	55.111494	-30.815465
-80.376626	-6.191858	81.967806	-23.407047	-84.457362	88.323160
41.973006	-34.473656	85.809399	91.191773	66.855251	91.291773
-57.276658	-77.254105	4.888439	-10.299064	-84.547494	15.019056
12.572013	-98.913605	2.365427	-88.853915	-25.401629	-99.862423
-76.651623	-61.149247	93.905685	-92.608258	-14.252950	-1.514201
-40.428790	-44.105204	35.193682	88.197587	-15.071440	95.432633
-28.180482	-49.124371	-73.107610	93.934480	-78.660060	-5.022264
77.580755	88.725918	-74.146404	-95.041059	4.067291	37.977921
-85.767065	22.590284	58.507578	17.465078	59.493156	-35.588141
-42.775721	60.064811	-95.925418	64.143613	21.749547	39.970999
-69.300530	36.979767	11.631612	-47.881566	11.163737	33.037408
33.956029	45.724815	-10.029313	35.574678	-44.568128	-26.725774
-21.526533	-53.847281	71.245237	-36.281753	100.498217	-40.791145
-68.090436	-80.980676	-82.240555	71.562901	37.000269	64.869352
-11.885375	69.772026	94.176614	13.565148	35.103331	63.868475
37.864513	88.978000	-51.323987	88.547244	-18.007640	-77.743944
92.266692	89.323122	-17.353145	58.778899	8.745982	5.285893
-9.977033	11.281409	34.482733	37.274090	18.629710	-53.156878
-20.410677	-11.758496	-76.633464	-11.661360	-34.475392	31.431676
33.417434	89.647698	-95.388154	88.270341	91.041989	41.623145
-46.555526	12.484874	-96.249925	-61.081399	70.630304	-33.727655
39.298048	43.231295	42.049074	16.706630	12.444326	50.536253
73.031917	-81.366975	-66.651164	51.301442	40.467614	94.713786
37.607230	15.129633	32.346909	64.842602	32.653221	-14.648921
-40.431453	1.212212	-55.965065	-31.748632	30.937745	-99.253556
34.556562	-62.628010	43.995939	4.635035	43.473897	16.926977
37.510571	-29.183644	47.617161	3.343453	-41.956711	-28.339380
-90.443374	73.584894	39.724146	-56.264105	-27.922729	-70.850205
-3.294601	95.556616	32.751600	10.392532	-60.651647	94.086975
-89.524802	-20.865589	-48.690567	-93.363244	-60.492535	40.496510
3.548160	-0.017282	19.901370	-38.188117	15.688214	-52.265002
53.845508	-86.603652	-54.018868	43.564348	57.764842	10.835502
44.707187	87.485373	53.889709	49.591537	55.059063	-54.958286
-13.696058	22.446692	52.318362	48.081384	8.164129	-96.882561
-3.796186	-48.384429	-21.944593	70.970549	-12.924544	59.281604
-94.044009	-93.753282	39.934335	-13.281955	-71.359470	-1.972181
-84.388093	67.578135	-56.898369	61.997497	78.336738	20.234981
29.584180	-98.272219	-57.750886	-4.171370	96.646656	60.154267
-4.363801	-49.659444	98.801110	90.237278	-37.898839	-50.629369
-21.914080	-0.097261	34.407718	36.430297	48.115580	67.038367
-74.148229	-90.181502	32.193643	-68.202179	-63.105476	62.016781
-7.001558	27.034388	-0.640147	72.895799	78.689135	12.307870
-59.814560	71.949579	-13.512822	-32.939068	-5.336697	-73.451739
88.192867	-1.337912	-26.152294	-8.184759	-51.640414	67.200497
-12.127976	-32.805444	-11.855084	-89.966550	-4.274015	82.648799
-24.397430	-55.997381	86.125513	-21.008677	-96.305028	48.955734
-27.536979	-12.187114	-3.991733	50.882620	-91.272431	-15.825603
-54.859643	16.682033	-21.965350	-18.469257	-35.866544	14.863560
90.781267	-37.825192	-58.665866	-32.860560	2.879165	78.490937
-50.368704	-49.461499	41.663228	-51.964119	-57.796042	-11.395077
-68.063102	-51.753488	-87.849278	-9.061537	79.045244	-67.568683
-81.172675	-16.087155	-65.218371	7.836790	-90.122940	-44.231268
6.179617	-95.444036	65.735821	20.818156	-68.849838	-69.210542
-84.507596	-68.213034	39.583148	59.759740	-69.968459	59.868142
78.729110	73.161792	60.279853	-27.412968	-74.728034	93.285664
78.919781	-76.712666	-44.214127	-93.355375	50.930218	27.755576
-32.442430	-99.334309	-21.637569	-65.156250	62.545443	87.381792
-72.662593	-50.605296	26.714257	-59.426272	2.150483	-75.435465
-81.358739	-55.776875	1.823720	20.864774	-10.925778	-0.961742
90.008489	23.488967	-20.113208	-43.500211	34.019596	98.758594
47.420257	64.518459	25.500841	32.694618	59.272370	55.745563
30.910528	17.169836	-72.618809	-94.824205	45.482753	-54.364577
-42.810823	-60.726327	-67.631569	-56.552379	-26.486908	-79.940774
4.842888	70.197587	-88.800030	78.511387	66.414692	-76.927112
-58.609608	-44.281909	-8.156258	23.828299	32.860487	-62.764371
20.003083	93.899400	-2.866627	85.765267	-69.553277	-22.509131
-24.040671	51.801090	-15.833486	41.200650	2.560947	-15.263087
67.768790	82.471609	62.696612	-11.936301	50.603086	-35.241919
41.714732	-21.402574	-79.890487	76.055016	50.401861	-27.626106
-58.284836	-96.299845	24.475861	34.077085	-62.578356	27.669825
45.526827	0.376698	-8.973165	-14.797957	6.050903	99.019797
-16.379784	96.480881	-64.236374	-80.404074	-36.947682	84.634312
-50.623792	81.073995	48.793572	-70.334222	7.475669	69.928084
-76.032078	68.268082	21.760355	-67.336818	-67.515583	48.266488
-55.973534	-27.376858	45.558956	-93.068254	100.931655	36.603801
3.777524	35.384974	-97.600425	-38.902895	-62.930321	-75.679452
95.564186	-74.841071	55.308223	-38.357316	34.139550	83.635548
-15.762623	-36.321060	-48.814483	-83.592176	89.486756	-44.140522
7.667706	-87.598407	67.244058	-66.595929	15.967767	-81.276056
-61.283823	-99.362670	-8.817518	-91.151671	-47.658136	2.661897
51.872660	-2.538889	52.065784	60.758775	45.583530	44.976901
-41.478003	-48.669675	45.456789	-61.105723	-15.162328	-79.656982
22.512376	29.401657	-74.743369	-50.636869	-83.648457	-31.557820
-46.570074	45.948694	-94.956440	-22.061572	94.471732	-56.407126
-90.816844	42.147940	88.594080	64.060542	64.555172	2.263048
33.823615	-90.027309	85.933956	72.772099	-48.294501	-29.667502
-44.449014	56.407522	-26.085494	78.182972	-57.616746	-88.120470
79.271497	-91.676752	-90.486164	19.100361	-56.955146	-13.111737
31.557275	71.642283	91.966741	82.027217	66.995487	-9.474664
-38.458861	27.843028	-46.476136	44.037415	22.858896	-60.687354
46.257363	-79.713805	22.291724	72.792699	-38.565245	14.851566
33.528823	-90.829774	53.573047	79.717675	-54.731493	48.525202
22.456777	-78.725602	62.379080	90.629066	45.592677	43.758300
-15.462041	-34.276535	-54.006934	-11.262376	85.550275	92.495635
58.848673	-9.450143	27.640698	-73.243133	-14.741012	-11.530533
-72.088813	80.078398	17.402680	-34.015293	28.683304	62.144309
-40.546993	1.675075	37.796694	93.416425	34.574518	55.431387
43.521365	-12.378615	-25.555305	50.274310	-66.979404	27.202749
66.627265	-49.661910	40.233328	-3.178395	14.350852	-5.854865
-14.193313	73.092153	-11.186636	4.944011	-79.691176	64.331070
61.220472	100.460425	-40.594015	-32.952227	0.758352	-91.611252
-41.999466	75.998220	55.753633	15.867866	34.088748	12.711899
38.280599	-35.834775	45.408896	-57.713212	73.245012	-96.290453
11.637287	65.190466	-31.184404	-85.623472	-10.971638	70.878264
-8.587145	99.222699	-63.437466	-31.580457	84.956071	94.737147
65.175975	46.532550	68.502863	-7.440313	39.774556	-8.913610
-10.642884	96.165111	26.213743	74.244664	93.992561	-66.395453
56.257909	-86.154855	-7.200110	52.654281	32.905013	34.405998
-99.200733	-99.370481	12.553886	-57.246702	91.093900	83.011103
61.712256	-91.761901	-3.468195	76.910845	-95.976647	10.151040
-37.141593	-87.750941	91.566945	-96.638661	50.368245	45.380949
-59.818914	-96.782898	41.778558	56.585571	-72.494476	-42.315653
-75.776598	17.812241	78.822740	32.615923	16.214923	-90.157138
28.358870	-65.220857	83.846519	-39.246359	-3.433754	36.352347
-20.596893	-15.999892	86.931571	64.913531	1.935638	-39.700164
0.040442	-16.450761	27.750461	60.872327	32.448068	-1.492478
44.375131	7.688380	8.895679	96.947345	65.288672	-90.717798
37.078621	33.463500	62.040174	52.204539	-68.798556	38.091621
64.042032	-68.121775	-84.085817	25.881115	-25.737940	3.461830
-50.120997	-18.158426	-95.122027	-35.737401	66.347774	-94.586064
-17.619495	-17.168221	-69.998698	-40.938746	-95.756241	-29.417923
68.876215	79.160076	37.057767	94.485472	-96.054684	76.553184
85.772564	-82.355510	-68.325527	30.188288	-13.372994	-98.290910
33.544430	-3.232370	-96.492853	-70.861485	89.461359	-86.995330
-79.959109	-23.904432	48.892443	-52.220202	49.732481	64.290103
62.898396	71.922357	61.628038	-63.751887	37.905110	81.411093
49.043305	100.366048	-2.860838	-62.213037	39.714251	-25.169647
7.571216	30.766298	-73.659165	16.504959	-59.552229	24.460015
-27.274062	0.323234	-9.671630	91.850032	-13.657381	25.286956
92.182099	-99.905814	17.341971	-17.461157	-63.845027	-93.172688
90.105428	53.676257	57.103017	89.986551	-97.410191	87.061551
-45.110272	-84.419913	71.615371	-63.113100	-72.497588	-79.420014
20.195108	23.006724	-1.286354	25.377160	4.675872	-78.908377
68.088947	-87.947809	71.477967	-86.282372	80.030187	26.138424
96.508669	57.191827	-44.125248	-37.372093	-49.045224	-99.087663
44.022537	-22.762710	-51.070608	79.344689	-66.329549	63.200863
-20.311917	-56.400578	-89.369990	-7.399333	59.864057	56.277108
-60.354883	-81.612457	-29.923993	56.319796	-2.261442	-51.134277
93.362602	43.726347	10.875292	-58.531741	4.484016	62.673932
60.179848	-35.980707	89.824720	-58.798815	-82.547747	11.383393
51.910888	-44.077775	5.102139	-94.256522	-63.868590	-80.893353
44.442711	68.102634	-86.163741	74.949265	-93.962247	-35.405796
-28.234872	50.742575	78.840204	-92.849817	-28.456134	43.165119
-32.473377	85.779149	-72.530266	-97.465191	44.688236	67.972135
72.130556	59.412974	-56.280192	11.955363	22.624858	81.826558
-15.761569	73.840851	85.402078	-71.916117	42.719092	10.762807
79.143002	-83.476803	14.717438	24.315101	24.835791	-85.756512
78.462259	43.015716	54.378630	5.603596	-63.851895	-95.274041
-79.434388	-9.496914	-50.977981	35.703734	-85.282419	-67.517956
65.877752	-97.043934	-98.219297	-50.696738	71.216558	55.205020
67.688284	-68.293082	27.669198	-85.604958	68.037478	-93.147097
7.974689	-48.177982	38.876358	91.235396	34.537199	30.230840
-62.355418	44.909125	9.719491	-19.593994	-7.389116	-21.920720
8.281120	55.025629	67.264174	-92.267284	-4.534776	-42.780004
-21.688847	75.473303	-76.667027	-73.952635	68.516823	-96.172018
-14.822940	-79.738276	-76.247181	63.298964	-51.670467	26.869677
35.041328	32.591989	17.499024	98.013849	68.113251	-60.137347
-42.216477	75.497794	65.732557	-50.493643	-28.510596	-0.200298
40.513958	-74.104092	-32.079160	32.451571	92.707991	17.009312
44.180852	-20.114666	-57.899008	61.900408	11.792935	94.922976
83.257419	-8.453475	88.134483	18.463720	-20.159249	42.359557
-41.124368	69.958253	-8.283349	94.568922	7.525074	96.691168
29.539621	11.232783	97.724170	-39.600903	-33.616529	71.653399
-64.108594	-39.155010	2.391788	48.251376	-77.845969	5.454809
-87.667355	70.646821	39.406840	-51.118642	-12.041859	12.775491
18.063798	87.395739	-91.107327	47.800505	48.352237	63.928407
98.348476	-14.807142	-11.655826	13.935419	71.414919	96.250578
-97.642437	38.222713	84.432371	-40.722165	-54.172460	-43.590947
-63.250235	6.667025	-0.094466	13.980530	-95.088210	94.369754
-64.815853	-93.552436	-63.538870	98.247388	50.219312	-47.346808
-12.378151	-74.428365	18.850394	64.619977	-86.493542	24.483720
-19.820051	36.832838	-77.664975	90.573875	-84.149264	-82.458470
-62.661575	-51.446250	-19.675667	-95.244531	22.382841	62.534533
85.983916	91.197003	0.496987	75.406610	-20.210036	6.119472
30.804403	-90.713594	38.911688	-83.644515	85.138862	-20.994581
37.021830	-45.616812	-6.482048	2.694447	93.487374	99.354145
23.424883	-6.882986	-98.598572	26.261616	3.473939	-56.015108
42.983791	-43.766231	58.487256	-74.207996	-79.545474	-4.270352
99.723988	13.369102	90.083623	91.607364	-5.431883	-18.800827
6.452165	-49.061504	20.857988	-66.938257	83.573789	75.763891
84.000303	52.366544	-22.495017	-98.843249	11.476897	1.636309
34.623931	-65.504713	-20.376058	40.695239	50.998073	-25.673095
-21.999791	80.536228	95.385340	48.792187	65.010733	49.261484
36.168124	72.943908	-23.616441	-13.416163	58.649592	31.345138
-55.168454	-22.676312	-7.669958	94.369398	-46.995627	-31.458429
22.876816	-7.821623	30.267429	50.315730	-36.967434	-2.442709
-92.361675	4.217010	-69.166009	39.105041	-41.022739	-49.464509
51.943554	-81.079424	98.097172	81.897233	31.174558	-52.600905
-4.843278	-89.742108	-65.667692	-49.474331	59.350337	63.146767
-71.623359	-32.240629	5.119482	23.615561	-6.364951	83.291231
-32.681850	-21.257338	78.436255	63.162061	79.222551	31.263029
-88.511395	-7.883066	-99.330933	-51.212286	19.762250	42.473099
-60.589003	-6.054114	26.999035	-31.758874	-37.501703	-86.619018
-33.057044	64.378068	11.861442	15.150621	-81.087340	-44.941315
-46.150810	-24.777252	44.855391	67.425029	81.277484	84.881940
69.059434	30.555471	-0.471451	25.757743	56.784606	-22.786229
-96.859436	-47.879121	75.285233	13.782657	-52.250581	-12.837947
41.194397	-31.685960	30.012137	-13.508419	-25.816890	-50.071688
35.062081	63.602511	14.801948	33.494241	72.631762	47.235256
-23.642716	15.047048	-99.772175	-62.800220	-98.506157	-24.900750
4.014988	-35.017197	85.554025	84.490616	53.071646	-50.009695
-65.856955	-97.225299	0.648917	0.416797	12.821038	97.697120
-87.920286	54.987857	-20.912201	-90.348907	-61.103742	-46.223481
-6.257606	34.321688	81.167887	19.614928	83.438485	-55.057375
-97.800406	97.117944	-89.280299	57.174504	-1.066690	-7.423476
-42.184354	-67.868966	-23.648440	65.693756	34.263745	-68.174391
-9.956462	80.485143	-17.726069	31.906429	79.378332	-99.040192
-40.788823	64.951542	-98.317018	64.605430	-77.892014	41.960488
79.879751	1.419558	-7.346997	63.417130	-84.623161	-86.767280
14.167128	-14.115465	97.488570	36.901018	60.091521	33.991226
-13.588986	73.518602	24.158291	4.336975	2.751406	-57.330923
18.471700	54.645933	-39.709727	-26.754283	-79.774710	99.974323
56.540543	-29.128358	49.703828	5.282353	6.955668	-78.665226
37.770052	94.363391	21.102446	-38.399483	-79.702653	-78.762904
-50.044091	-67.061180	94.758004	18.788589	99.353155	74.960991
62.861331	-53.695683	39.781934	8.522358	85.078831	91.421490
-5.265057	-37.126143	65.979433	-57.552470	-14.582273	95.301579
28.386983	25.466873	71.889483	97.143002	36.372705	-42.905022
-93.542666	-36.992952	28.551275	91.501416	-24.346607	-88.976797
4.781419	0.972112	51.767723	90.859926	-38.108473	-82.068271
-92.420223	54.215922	-34.344612	63.648395	42.640122	-15.456844
-78.164850	-53.330762	89.743516	-25.736015	3.091190	24.412375
10.916643	-32.599510	-0.279327	11.329054	69.186819	-39.844053
79.333193	48.891636	75.385449	14.756843	-21.631915	-20.798347
-70.563824	-3.547282	56.706793	-21.821880	88.457105	56.366694
90.047075	98.956801	-28.652325	-89.928257	-18.367957	-32.285198
26.386794	-75.175836	50.827908	-28.158357	21.355535	79.831045
67.335585	-79.429322	64.737219	-49.044602	89.130006	4.888177
-93.395088	84.613676	19.174167	-93.200909	38.907381	-54.425880
-60.809569	44.160942	76.833260	31.255848	-88.684990	86.300946
-81.955841	-49.326814	59.062850	-57.387598	14.128324	-55.976659
17.251429	-91.945988	46.259197	-35.805517	8.803286	-66.505536
-20.637837	1.112446	-83.173215	2.237432	34.999452	79.595862
91.724324	-48.003994	-78.369555	-50.862563	60.608280	1.572842
14.226808	60.365857	-17.455398	43.040780	8.672321	35.630237
25.521614	-43.099376	-40.515694	25.088488	-85.639152	-1.981742
44.850849	38.769110	70.797935	26.663378	95.526402	67.396991
-36.954708	64.923910	-85.131233	56.422431	-1.099370	-2.561412
-1.411152	100.460294	17.156941	42.552542	-94.328044	69.354342
-92.460591	-82.049569	-85.890151	18.015799	-84.438609	-59.587018
51.591431	-95.802765	15.421509	61.703553	-91.793130	-84.965204
-39.674483	-27.928422	26.474413	-15.797721	-19.564004	93.589860
65.453970	9.590093	-7.162352	-55.196489	-89.832801	21.629836
-72.404604	-39.590568	-32.621026	61.015520	59.548221	22.294386
-75.319269	67.144429	-77.951121	64.483100	-33.321443	-26.657268
-70.373550	-70.607666	59.642220	-34.059649	-95.963629	-18.825571
55.210136	73.073376	-14.093189	-60.823574	-81.804573	-78.357276
2.603689	51.496876	93.719375	-81.360102	98.822062	49.282147
77.967622	-24.440192	86.661060	-91.715718	-57.652224	44.957304
-91.209230	62.218614	55.202990	-5.463711	-23.659049	68.763210
-55.901554	-35.381325	74.202423	38.476801	7.888631	-48.753147
73.440966	29.640978	37.225056	-18.523336	-77.811622	14.116841
-91.839597	100.097248	-65.880110	-5.621477	-29.116129	-46.479911
-33.727484	52.674055	-25.915328	80.580550	93.340171	-52.582968
31.087787	-62.328850	-59.519519	48.814449	28.480171	66.486878
-49.780955	77.717499	75.576767	81.668411	21.067268	60.894942
27.970338	73.553049	49.061318	59.507809	15.109740	-68.964974
-31.996904	11.274224	-75.071922	64.659732	3.361293	-56.112873
39.384685	11.719087	-18.950252	18.449143	-72.190217	-53.152397
44.703404	-44.016460	20.121981	-26.162200	-70.611789	-67.385240
-68.136600	99.744361	-48.570011	-48.730897	39.915174	-62.536148
6.147605	-70.318669	13.839909	49.146005	14.209288	-66.730946
11.796212	-50.176435	-40.106356	89.552538	-25.367744	-32.472376
-49.674991	73.248561	-14.497986	-84.001360	28.429724	64.211209
-67.288197	27.745673	62.274864	-25.092822	90.796576	97.604421
97.912463	-6.937179	-61.587225	88.838874	78.212128	32.052656
-11.155699	-88.807752	87.293765	-36.964082	28.728153	-79.449090
99.051745	-72.100813	59.079331	-72.824924	88.022255	5.364403
-34.979801	-75.222897	41.126482	71.371142	-93.134211	35.958012
97.808670	2.859171	-96.635517	-45.039015	79.522905	-90.256334
94.941377	59.505116	82.668426	-40.335774	-56.800852	-57.417516
23.845481	14.453678	19.590596	-40.601938	94.172088	-74.999638
99.612006	93.242364	-0.359665	0.416089	-42.889899	30.536225
53.625070	-29.302838	-16.285979	-5.809309	-24.136052	2.628474
-9.699412	43.664169	77.826723	-52.770878	29.470208	38.110896
-99.030764	50.112703	-40.877405	-77.089790	-6.395678	-16.992998
-91.092298	48.219803	80.836298	-85.733127	93.184392	-93.367618
67.274989	-4.137277	-1.112354	16.078858	-87.258003	-85.515168
-15.165113	-63.039693	38.728640	40.728137	-69.335387	39.517437
9.404696	-21.230442	-82.071359	-44.244712	-59.465901	-14.861328
31.850713	32.308592	-84.876502	-42.612133	50.159442	-33.618087
68.499488	-14.155165	23.206951	88.490205	-23.409982	-70.679496
-56.884893	-90.728742	70.566711	-99.180540	-3.327335	95.846675
43.998712	24.632070	25.079809	-81.171944	-2.390934	-53.205748
-68.868188	80.343432	-79.322962	-43.004934	-84.060100	-98.057777
-68.301446	-11.027097	72.429141	-61.344695	-83.307445	8.487857
96.569439	19.951211	-78.972780	79.817321	86.938760	39.967984
-14.492315	4.012288	10.493261	-10.263156	1.655596	53.943587
94.399889	-56.906943	-33.885559	90.186094	80.954140	-39.004217
-77.299691	-92.224483	71.499079	-35.913092	-99.087764	40.619491
89.242547	28.888420	88.827891	69.960849	-52.981411	-57.144007
28.026020	48.626582	-45.399184	52.342640	54.878488	6.074070
-35.683776	-2.046126	-34.923661	26.117275	-76.906978	-44.907694
2.240945	79.732631	74.485026	-35.543172	68.726365	-43.236490
92.104040	48.967168	61.310149	-80.909667	87.161629	91.769902
32.239532	-96.890676	-54.855762	37.694117	64.358984	18.778832
37.063439	-31.019570	-82.964377	37.670314	-63.605369	-71.605058
-54.473198	-8.026869	2.576374	46.666219	60.328407	-85.073005
-53.810934	-23.667907	81.208935	-52.960759	-16.891923	38.147212
45.953443	-44.522084	-86.097946	-24.887174	-27.006559	-16.163518
32.363606	-32.786556	-69.316257	-41.269772	-81.951242	-95.468541
75.452368	47.824982	88.854118	29.166821	-4.918435	-97.552988
-40.623050	-47.062022	81.449131	36.010292	-90.334613	43.065646
-39.560021	40.684816	55.869181	-12.062154	-24.431458	-88.104575
75.465245	-21.447821	-46.553899	-43.297460	-42.385615	54.242400
88.125938	96.479788	-24.852883	-35.129823	45.055503	16.045886
71.209328	50.092615	-9.679713	-6.412321	-27.791232	-82.027931
-54.544614	-52.447133	80.376530	13.341955	10.714864	-30.241886
41.125408	35.687210	59.238495	-47.871283	5.594700	-51.564420
45.471892	-11.559647	7.860330	-22.564165	-0.752925	28.149882
60.723681	-5.072590	-9.710037	-39.040691	-27.374465	21.283648
-20.854036	94.768933	40.827444	-3.866255	21.847588	68.698962
90.243534	31.450375	-12.911728	30.694161	6.282433	-9.315338
-89.202972	23.526006	-87.941744	-90.779331	54.852456	82.248882
79.320891	-22.561272	26.303750	-55.858725	-80.920993	73.398719
-43.648833	28.248181	5.053468	79.769977	-89.568986	-34.757587
63.171918	2.330037	-25.751065	-95.364486	20.404696	95.689738
61.897802	-89.753400	-78.262327	-69.445167	-94.413410	-8.381554
63.624500	-41.293163	-33.439771	26.405257	-76.819543	54.910167
-82.450355	-52.658122	42.480366	71.865011	-36.130746	8.390107
-54.009998	-26.470333	-71.877198	-62.954451	33.781726	63.824190
91.322052	4.200280	-14.520799	-26.945595	50.837995	-64.489109
7.864125	40.102088	10.934238	58.298600	-31.880943	65.742293
-46.160225	67.692142	47.045267	97.619087	-86.863225	49.268096
-83.653414	-4.305322	76.819925	-2.410933	11.393623	0.676389
70.244705	-15.275132	22.789067	-77.495334	24.756074	52.077970
0.451989	-24.265245	27.022947	-29.061376	-42.061660	-5.842176
24.251772	9.608848	86.699156	30.727707	75.559022	41.300957
59.622066	61.718082	21.608609	72.563817	-43.313402	-87.046591
-74.157584	-43.147478	-64.886031	5.459009	25.228146	66.772722
-82.415281	58.142040	-96.684813	76.747806	90.237699	32.306108
39.998737	-34.406204	6.397102	-13.053768	-74.554637	-50.448264
84.801835	59.686010	10.019239	-56.544137	45.544817	-59.847285
99.753841	-90.474761	-33.786566	-96.296154	6.747351	71.497752
-8.313849	-29.812725	-50.800366	13.358210	-75.281540	-13.260067
73.530364	-70.691203	42.465542	-60.326074	-6.012367	90.248645
45.773999	-23.070901	79.530351	-47.375112	17.550593	-95.817245
34.155429	49.949407	12.988488	-0.553108	-79.620946	43.094062
8.061510	-36.148873	47.652491	11.239680	19.164025	13.778060
-1.672457	-40.080230	-32.868945	-56.646129	92.538307	98.121651
78.412729	85.601742	99.445440	-39.529675	57.362375	68.128373
-61.803770	80.372043	-71.538094	39.745385	-52.800292	-13.370818
-56.519163	-24.926364	62.028367	-85.823951	-73.213862	90.676401
34.182343	41.312911	53.857567	-83.575732	23.059984	-54.964879
67.675586	80.222413	-29.244774	-40.885716	46.128765	-9.718059
-52.079935	-1.201700	19.155719	5.753985	-90.124829	14.888276
-92.925212	35.384439	-22.755742	-97.254938	25.221220	-87.881044
-10.742271	-51.578307	-82.876939	-35.498416	-43.857812	67.094816
-22.986415	-74.899848	90.789962	-80.659325	-81.590246	33.571445
-74.395362	83.718416	-71.780096	59.320742	-49.689133	-36.948826
51.917474	-8.734999	85.744869	-89.620683	-55.971192	-63.490162
8.453917	-59.268851	78.289056	28.816493	-21.690183	36.726686
-43.959461	-78.535249	85.248776	-56.684782	-86.820367	-24.664931
-50.182279	9.889307	-60.814591	-50.675476	-50.000398	-36.227264
48.791070	71.869134	0.452723	24.108643	44.665043	-94.941678
-60.510604	-72.601351	-19.500365	-40.655809	50.033158	-1.480366
55.360376	13.842531	-5.605997	-18.964011	-1.024529	-69.585014
100.437344	-32.848755	55.302521	-92.003027	34.936332	30.106995
-76.394936	92.835750	91.235848	-78.936636	-71.799025	-39.123404
25.452487	-33.160472	-64.602907	75.062592	17.212328	-30.584695
40.167102	91.741002	11.379293	-56.141332	-44.815859	-54.840794
-22.023641	-30.821074	-56.406603	-13.070576	66.699134	53.188226
-63.394287	-65.693324	-26.638665	-0.065169	13.575939	64.041084
-20.384892	-82.304894	-47.014381	-45.995236	-22.603517	-79.814982
31.578759	-40.440997	90.963852	17.606662	57.479947	-66.256149
-2.008671	17.541056	76.775016	-32.567194	-85.611865	36.524711
-62.514537	-57.992248	21.916402	54.546966	42.007369	-82.852122
-55.460368	6.679375	-56.901776	13.839221	-41.176801	-91.494017
-89.926527	18.629132	-26.073933	23.881042	-50.132769	83.555728
73.843468	-61.281514	-23.834024	-9.006729	52.045784	36.055413
-13.801537	23.140858	75.704676	-29.884847	-17.211177	22.703626
-15.143902	-95.233730	46.846031	-55.735311	8.059753	15.126398
68.140859	77.868168	88.140275	54.518757	-18.721107	60.290741
89.823288	92.751221	-39.584809	-84.085144	89.627450	1.443955
-94.094371	35.472699	-21.433769	45.743905	7.607351	-30.517605
91.530772	-59.131184	93.682988	-40.523371	-8.444066	-64.574363
-63.924399	48.193938	76.054788	-40.238916	-46.175154	-47.394435
-91.366929	-28.959764	62.513258	35.350616	81.625870	42.317911
1.876351	-31.920528	94.790544	100.097325	70.670440	-90.898643
-76.213714	-29.485442	34.234331	-38.270262	73.178608	17.284322
-97.595643	91.495287	-20.903956	53.395048	77.371224	-0.012468
-39.849059	84.044256	59.999317	-95.476623	58.436236	-38.799250
-51.220533	20.944940	46.515262	-48.360449	11.393910	72.455194
41.553425	96.538670	28.895180	41.713533	-7.847331	4.139502
-61.050630	-75.659331	60.755564	94.903404	-55.842340	17.035879
-2.006358	8.530804	55.807766	-26.342682	21.694300	55.013290
-71.909129	75.294491	64.228531	-37.744009	50.660539	79.558940
-23.844525	-72.506790	51.676643	-16.785598	16.785178	38.365284
15.065725	93.956375	71.257838	92.632177	-7.120269	-70.568687
-77.266747	46.883924	-36.140507	50.076133	42.342842	28.286497
-4.159418	-75.743110	-74.959267	-14.568861	12.253261	-39.303368
-33.303065	86.432326	61.032237	12.454000	93.157425	-96.929359
-0.612561	98.129174	-24.605355	-99.470794	-96.239349	88.943185
-59.237584	75.703613	-68.736650	-23.623346	-4.900944	-63.250711
-57.274260	-12.610649	90.121194	40.812207	77.507604	39.838204
78.586192	95.562340	-3.843508	-3.883151	8.673421	7.716995
-63.200512	-58.778580	-27.942843	-78.201082	83.260753	-63.669999
-68.207137	92.371187	-10.926497	-52.719366	-74.908710	69.378508
-30.138354	37.522046	45.340181	-61.984698	-22.511893	90.386805
24.567925	7.526271	-33.942074	-11.812304	-54.270015	-30.129155
-50.067250	11.089222	49.195850	-58.302223	-99.441245	100.648805
-44.871838	-19.502316	-66.943189	90.063417	40.213144	30.771311
12.208439	66.118488	-77.425302	59.383412	-77.785943	8.210062
78.691727	100.198931	-34.902199	-35.819433	65.730267	80.637076
-17.056782	90.468532	38.535760	-95.470579	50.181441	-48.892632
-33.153974	-76.202661	-83.320181	-24.289342	47.889103	-0.101523
4.385648	-45.343143	-80.750843	-71.823626	53.653109	35.428067
-26.935201	13.277298	70.754015	100.390732	85.488916	-85.674913
31.847210	18.869905	-49.120101	-49.420122	-30.641057	-97.646959
52.509043	-47.351540	-94.283583	23.053049	77.572351	86.031211
37.086813	-16.781761	41.628806	-70.695502	-32.327124	-33.667834
-19.769967	36.188117	93.106573	-25.238823	40.116961	-63.021757
16.173113	-36.171721	37.819490	-25.475995	91.176330	-74.635057
91.833700	1.156834	-73.256350	71.738693	-31.643196	-33.438411
-95.734037	8.419395	42.399774	63.248730	-10.539616	77.360688
5.632736	-37.924720	51.639767	-33.675473	-49.577523	-77.232146
54.425461	-12.758783	52.819796	-16.715798	33.101417	41.306561
-56.295958	-76.079191	30.866988	-38.731068	-27.595408	-49.255699
-87.811085	-26.376445	-80.028927	-98.821946	-77.462055	85.149879
21.254413	6.264652	68.640062	53.001479	-29.091055	46.495516
-56.279690	54.417205	-45.168509	33.222358	-24.358517	60.112735
-75.046733	-51.028706	95.079537	-50.837437	63.354212	85.878276
-22.304348	-70.521977	91.764539	-61.090413	13.740000	38.050661
-51.484066	33.334090	-82.346767	-19.996352	-60.056929	86.403816
-10.760914	25.361955	95.997608	54.287210	90.488978	15.060128
1.362651	-53.511530	14.793037	-18.147541	76.341300	-43.857912
77.474881	57.628317	59.627011	-6.108410	10.184503	83.973823
25.522259	-67.506052	-28.385368	84.832826	-17.650244	-41.957953
97.008688	-33.912263	65.291743	-58.418623	42.184468	-76.436567
-23.419192	-90.233688	19.058400	32.409300	87.778577	-29.786577
-42.336528	-42.862757	-32.296710	-39.873259	96.542020	-18.672098
64.768035	49.812804	-10.133535	-90.045822	-77.494952	-51.284160
100.175653	33.833708	-91.005310	-32.439732	57.264347	-78.365343
53.629425	-80.896209	-28.874114	90.616366	46.643625	79.375818
62.994469	88.401852	-47.535890	28.337148	-94.608430	-63.207113
0.958968	30.663927	-31.903233	-75.562039	93.803351	71.199401
100.142206	-99.475655	1.505487	63.203985	55.594769	-4.428932
79.344020	35.873475	23.171579	82.426385	-45.911272	86.078037
53.336237	-75.632615	61.189060	56.357399	-30.452442	-55.380535
20.582176	5.028817	57.881837	93.665471	50.959335	-65.630283
-72.597459	-61.102757	-54.791833	38.831243	-87.155354	-1.117674
-93.332985	50.771609	-58.427520	-76.980947	64.520479	-81.876860
26.353339	-47.506547	-84.311425	-95.864742	-9.924153	30.653653
-1.281486	-73.531926	89.897253	32.498470	-38.584903	-76.392941
27.072418	-41.241338	-53.220988	-6.082579	38.958045	74.838385
-0.711203	24.987346	-83.927670	58.739070	11.782791	-80.488572
-46.440873	-81.786713	-77.387416	37.959393	74.901365	62.110876
92.497682	-66.350564	-68.873988	-17.298217	43.675401	92.381799
16.073493	5.147151	49.519054	-81.553256	36.619230	-29.997350
-95.263734	-40.376684	-21.430852	-53.954435	-73.916057	58.559483
-59.564388	68.959357	-32.500557	-84.782095	39.778903	-81.173458
-72.948767	-66.166096	-94.931148	62.063715	9.839585	55.779938
-65.450343	-14.801515	37.732531	-90.128867	10.668182	59.740918
100.192720	33.685628	90.607212	51.837765	33.241447	-54.315550
38.910587	-73.914846	48.820122	53.421234	-22.083283	-64.238962
85.577548	78.716801	66.995608	15.567562	-84.426070	-53.426206
73.205540	-86.927122	17.531560	97.151061	25.072004	-11.095953
-56.270641	44.594541	-21.804316	-14.713264	21.640981	-18.719596
-96.076498	-94.438466	88.001045	-29.843803	-72.513612	69.706272
-46.627289	-44.179477	53.040627	12.123828	76.014281	81.437501
-83.795939	-82.671206	-82.014351	-99.350617	36.032480	-43.134780
7.985305	11.197492	-36.044797	98.862965	-15.315452	-6.986922
-46.076082	-27.916847	-58.228545	29.926323	-62.063401	6.172160
47.357175	10.122548	48.896757	-8.186416	33.727297	29.571174
66.986670	-83.770226	-41.326379	88.201411	-82.953349	-51.201116
-36.575383	2.998640	37.182067	99.164495	-12.206786	92.635993
90.756519	-54.117170	84.534304	-49.893729	-89.628177	52.517703
-58.552148	24.881187	-6.781171	93.027333	59.425539	-13.280813
42.927528	89.136244	-13.592842	83.398435	57.755550	-51.816891
20.858598	85.672422	-1.295857	99.726405	31.062875	-72.393472
-54.476763	-66.551686	-71.461410	73.163105	25.789627	83.879734
24.804925	39.177097	-77.426125	-45.926161	59.863580	48.915717
16.969427	-69.458943	-22.869340	1.563923	-53.272694	90.162409
61.707815	-5.056568	-41.633572	-6.718348	70.957777	95.731927
24.715112	72.664595	58.339553	-0.169739	-51.332989	-15.041551
-5.812783	-99.054661	14.649389	15.592748	-14.869244	59.877896
-6.189445	-44.008664	-32.174666	47.309659	62.840838	-27.682464
-70.073633	75.505911	40.055057	-52.912214	43.198507	-76.379075
6.817558	87.085167	41.606878	-79.465167	56.050338	7.742634
-83.760602	75.293724	53.368730	-28.533812	36.543295	-56.911668
31.864284	-13.731166	-43.033026	60.296036	69.068696	71.687032
-0.100095	56.543156	6.110378	80.615782	-12.932965	41.533162
-2.110471	-88.016953	52.152985	83.509574	-89.270191	82.907942
91.496858	81.225545	-81.855306	-95.401435	-14.699941	-21.640201
-5.040018	-29.040728	-15.059550	-21.265557	55.764026	78.805525
-93.087684	4.440349	11.057979	-74.703300	-14.567479	62.369001
38.632536	-13.688755	-65.974228	100.911777	-52.557812	15.591704
69.160559	4.867634	-30.582190	71.317507	95.413745	-78.621374
92.132268	-51.048366	86.738270	-50.141877	-46.829963	48.826898
86.721685	-82.842742	55.913730	83.180909	-46.930872	45.224347
-1.865463	87.428827	37.809185	34.356380	-43.309566	-72.634454
10.626720	-15.604203	93.500698	63.608612	-26.825490	82.362049
100.796052	68.182833	-64.565602	75.422018	42.076734	-25.629541
55.111790	36.745179	4.013694	33.034949	-30.252724	55.354013
78.941519	-76.780953	19.759472	-27.207437	94.046880	65.177072
-25.015915	-64.077626	-11.488246	-30.266790	-75.446429	-3.573752
-23.200845	-47.414197	-86.161118	-53.488064	40.986821	-5.476738
-33.962823	-40.432187	48.845934	-70.777036	-91.278353	-1.311158
-25.908007	64.891605	-15.780192	-49.415164	69.769322	-2.410344
-94.066899	39.581913	-47.131528	96.199056	14.329211	36.992652
-17.198188	5.636867	-45.069089	-94.566270	-90.180668	98.866283
39.991656	94.228927	-30.137639	-71.935624	39.666116	-23.586158
-29.032491	-59.149295	41.977202	37.879124	56.614323	-25.335346
70.099241	48.100227	-95.282648	-94.785374	-73.735217	-31.449613
-46.764191	-90.622646	-0.792232	-96.622717	-56.684134	-51.127128
64.808537	-91.584686	-79.686453	26.336604	85.606607	-51.607624
-32.982297	81.199380	-70.079127	95.555669	-40.404115	93.308178
-90.758484	-8.727162	24.857996	-61.847454	-31.742035	34.821604
59.834334	-87.507781	30.648742	71.517334	23.152622	-72.082564
-26.126533	-19.034806	79.006962	70.532075	-76.440019	75.495480
-60.412539	-0.002804	-53.870116	0.924193	-33.653980	3.603158
63.134515	-50.321764	52.041532	25.734823	38.356882	-16.384740
-99.122343	72.344049	77.648104	85.753334	-31.377602	-60.095194
77.091534	51.624264	55.601289	24.703273	52.807484	37.167069
26.996499	-58.508082	95.957648	76.654482	-31.685949	48.579533
-51.773475	-19.774698	35.327034	16.157276	-95.362240	5.801821
-66.252916	93.078943	-79.802300	76.901467	-71.684078	-86.501264
59.928567	88.800579	-68.503860	-60.764902	60.278632	44.147012
-40.980488	57.370216	-27.772746	-70.888380	22.440866	-49.827328
-79.673742	-61.922139	-14.016184	-79.406860	26.650039	-53.893143
-81.219812	80.345868	95.625865	33.154733	41.447222	90.217661
10.795993	-24.879504	94.678271	52.249974	92.782779	-72.168277
-82.032513	97.163678	36.318745	-1.456440	72.510713	-40.371864
-88.385579	-10.187969	-2.287462	43.604478	-34.257943	-12.819695
15.754298	-26.364936	81.549533	72.835908	-31.548248	-78.180563
30.026024	-22.383504	98.270224	-96.338580	-8.146939	-24.559358
100.229493	-4.755789	-3.699586	-74.824361	-94.526939	53.613568
84.655855	-37.928923	78.532045	49.580444	51.036469	-30.352748
56.065288	-64.323843	-43.252980	48.235943	16.863407	-47.193441
-62.844503	16.498721	-74.406017	-1.474413	82.287099	-69.010189
-3.816848	41.741508	48.313962	-12.040249	28.995302	-65.597000
18.712634	-90.768082	-80.802537	33.502734	-25.073793	98.829252
3.233602	37.118884	61.906715	22.421382	53.524317	26.566828
71.450962	-27.236128	68.138218	65.475364	16.953753	58.659625
26.910064	-45.226981	40.479753	81.557367	71.564330	-9.642453
22.956099	-37.285556	8.258436	10.773558	-52.895528	-14.038755
-40.826945	-63.771759	35.109057	97.749356	21.205739	33.826708
-73.972691	81.248173	19.838276	-10.420107	-19.683057	65.354497
94.827211	59.691007	20.337449	-43.081247	-69.444087	8.069833
-76.903002	-58.189712	-71.257053	77.621243	-42.924934	-56.377640
-51.772095	-50.967671	-62.913049	-59.443254	77.639298	76.549394
-53.351721	-4.817095	-33.319274	-60.493815	-0.794820	55.995298
11.929437	-70.995718	53.180762	-81.609594	-69.027823	-3.694370
16.872642	-62.177068	27.119361	32.776027	28.890672	-63.159668
-86.205140	98.391819	4.840652	-78.261403	-95.636339	34.214949
63.257927	-68.692104	-20.493847	-92.442683	-76.921700	50.422520
44.736565	33.293146	-11.180914	-75.912513	86.350474	39.853929
2.571734	91.307803	-81.426825	21.461759	46.888213	-58.314151
37.657143	-67.515874	-58.106463	-66.068123	0.099740	60.615909
-68.815874	30.350910	-60.754739	-73.618162	-15.917349	30.197221
59.275315	-55.989563	-94.081265	0.856097	59.333743	-62.035972
26.786079	32.431388	-29.548465	14.116724	22.220526	55.011831
-90.286637	-67.739325	-45.096723	76.478642	80.796125	-98.932727
25.526564	30.509666	33.706567	71.431673	-51.251789	42.216918
-63.927353	-72.331459	-90.090018	-86.960263	25.318093	-73.543535
61.400597	-91.783072	59.480904	-62.640156	-96.392308	-36.442528
-47.552234	-87.005046	85.023350	73.892556	2.510685	36.662279
6.994386	-66.720636	-46.248313	-46.428417	-85.306556	56.913228
-98.606723	-59.050016	-76.851589	-70.934166	-67.708301	-55.792693
94.393520	-49.305847	59.657284	21.717168	33.240884	-76.976731
-90.867994	-7.884959	-8.308565	97.896703	59.679577	89.800429
-76.256563	4.912856	28.265278	7.841558	-9.209205	-35.778470
72.954561	69.957841	-17.362821	87.535676	77.702436	-91.064246
7.839478	43.420845	-35.850058	-82.024380	81.252596	56.152166
55.415998	94.144741	-56.521596	5.870450	3.073132	-86.967796
15.596056	86.712178	33.828606	-99.865879	81.257566	25.252523
-1.398759	45.074796	15.241379	1.384864	67.168008	20.661727
6.573139	-40.839251	-96.362058	91.155770	8.089825	-22.153553
-31.523829	-75.416691	-35.480924	-79.890179	-43.378888	-36.114922
7.480557	-16.506876	-46.666824	98.002395	-88.767057	-27.345952
73.671238	-8.181884	35.853442	-23.089806	5.232413	0.910057
36.825980	-10.825291	-24.792076	-15.243534	92.684045	-80.270894
-19.521783	-15.165832	38.345786	12.769650	-52.824887	35.022604
12.781146	91.892055	-22.310309	-98.526355	3.912410	-34.095169
22.852380	53.065869	-21.266793	58.655942	14.937494	98.372233
-85.736448	-35.927786	35.942185	99.576150	-67.982020	63.823019
-27.095080	91.892594	-66.860632	28.424006	-20.773988	-27.663095
-88.207549	10.589757	-49.172250	51.185393	5.162136	-36.203008
-74.774428	68.334583	-85.611857	98.495143	-21.524158	28.190171
64.901322	-38.150837	-18.538117	-17.672952	-61.849426	-35.085277
-71.433533	-1.770506	58.020981	-84.655650	-17.964190	-97.929393
-93.625301	8.579419	46.636161	-40.104461	-38.778639	2.942010
-99.790220	-47.081390	52.888416	61.374092	67.604827	82.432489
64.074017	-41.756045	14.465500	3.268350	-11.097266	93.262568
96.613653	-5.257249	-68.075606	42.272921	-19.684294	-55.773064
-61.789292	-70.159833	84.128821	38.143523	32.637358	-55.042197
8.744621	49.412524	67.656270	-99.058043	-63.855697	53.435780
-28.606223	35.950057	48.264187	-71.221617	-57.412721	-74.130520
75.833851	-10.045253	12.868079	60.307650	-32.625882	-34.087951
-61.704239	-77.289547	18.681676	32.613156	-15.131885	-11.158033
9.052817	-17.524260	-83.108307	-89.867586	-32.361364	100.415922
-25.707331	-32.163268	-22.353623	-19.751408	-65.920601	-76.315146
-52.330010	60.253291	-41.812638	-18.214842	-27.335707	-16.079330
-84.833233	-63.597519	2.453064	78.327025	37.615210	57.821915
65.991202	-39.561029	72.538794	76.937787	9.604633	-48.874481
49.802803	21.458142	50.465086	-36.046564	42.858506	55.529885
-14.862705	-5.356236	71.020495	-44.853394	10.251531	-27.516471
-81.462029	13.935240	-74.864281	49.135572	22.322460	68.780082
65.938403	2.201450	-68.789520	-88.472625	-20.722467	34.185799
-27.895900	72.592682	43.687469	-56.399427	92.701689	46.119583
87.819372	-15.287457	95.802168	-6.079515	40.676825	-40.697664
-9.857326	-17.674493	-0.577584	99.960548	-87.194207	81.869781
-60.285255	-97.218175	-99.333832	61.264250	35.203229	-67.391278
55.612985	24.134494	-53.510439	6.880910	68.297054	-75.569199
-53.501506	-12.531531	68.420333	62.119890	56.015478	51.530217
99.296441	85.637819	93.328271	-9.992515	-64.377780	-29.073755
-73.678098	-38.433745	10.957781	2.656235	-80.038239	-39.525776
93.203550	52.195663	-74.023073	-6.267200	-20.666001	66.801118
-60.170979	34.801006	92.961611	-0.962999	76.354871	-98.438226
-34.368792	-50.043185	46.857967	-62.060393	-33.187955	6.062545
-42.303155	0.083124	67.005589	-83.526554	-69.161018	-24.456638
95.371982	14.055218	-17.831136	8.650975	60.514422	-3.988908
38.569705	-21.115677	31.734845	43.459733	25.858451	-23.365997
-42.325203	-79.910353	69.621433	69.763834	60.678343	65.491209
4.137252	-74.475493	-24.619326	27.373096	54.184709	-22.669464
-96.539370	-77.533711	-24.352459	-32.052484	86.150953	-66.749922
-96.743104	99.599632	-11.279206	-88.103561	-7.030616	35.235636
-54.057099	77.787987	-51.852991	-98.032843	62.100906	0.967268
-20.167097	69.067065	-95.358542	34.172063	-87.639762	44.424695
-79.279856	-30.259003	-88.179016	100.669167	-34.704707	22.140012
-59.523919	-45.286628	-48.439617	63.115353	-96.880940	44.690680
-26.423883	60.314571	69.303076	-89.281333	57.794332	37.605706
-89.014640	77.614825	42.607673	8.664848	58.958818	56.210762
-76.872807	43.020404	-61.629733	49.424960	87.409663	-96.446879
-20.194632	9.185822	48.159945	-50.662678	-20.690416	24.776729
77.062245	9.899263	-49.410496	54.765276	-10.623199	-54.332095
70.156446	90.914003	-82.913072	-40.524582	-6.421138	-28.054224
67.017122	55.905162	-88.944305	93.160419	70.547140	-56.642196
-73.490376	-25.822511	43.595231	-81.763541	-33.492891	-48.046299
47.955073	-51.040787	2.752976	13.542388	-17.000817	14.704879
59.264141	9.180102	52.870729	64.247449	-13.554519	-78.587963
50.538349	17.795531	61.344428	39.262100	57.709317	73.766630
-94.217298	47.914918	-98.561112	-80.628576	-0.523982	20.899792
-4.711710	37.837166	-42.605741	21.461140	-66.693004	28.877063
47.472840	85.740379	97.795124	61.986752	19.877012	-62.242070
-69.611830	-58.459341	-75.985007	-93.738999	-41.063204	84.540969
82.392750	-71.590052	84.083127	80.061789	31.789876	-42.992646
-76.275460	-64.555619	-31.229357	-98.311339	28.699135	59.583384
-61.266336	-99.704791	-3.085732	94.221959	-84.976727	27.724653
-4.225751	-29.552916	45.238322	71.052883	-73.421677	0.872780
21.610303	-40.710084	35.091238	15.372922	84.219867	-94.308914
42.716814	60.306127	-22.855351	-38.660570	8.430545	52.277361
0.385884	-5.784015	-28.118281	-71.079251	-79.608686	80.813847
68.710454	15.595631	-44.578500	43.278614	-62.846479	-20.543029
9.314248	-13.410424	-32.416014	73.594998	5.464477	39.699943
-65.823450	-16.408368	99.944435	37.586037	-91.304855	-83.491788
10.290409	-89.948284	99.856509	-0.728301	-39.340550	-73.475601
63.930485	12.673288	55.556355	-72.521027	12.122774	70.467416
7.683196	-17.699665	65.981584	16.184294	17.207538	29.795878
-70.137103	71.700931	65.757752	-57.391705	7.238394	63.737637
-34.676971	-32.261989	-49.096520	76.550296	-6.941410	82.059635
4.244292	27.414187	62.367520	53.045222	-86.828941	-2.964622
-4.521974	25.615055	0.154909	-62.599335	-67.226195	24.316119
-69.990983	8.428301	-28.748797	-50.642505	-7.543860	-92.180521
-3.517558	10.251897	-89.125406	97.231737	89.774515	-93.870556
34.990951	23.764582	6.369420	-88.040126	67.429096	23.041158
61.413223	-88.203349	-51.921426	-83.925405	32.961476	-25.100343
17.726894	47.674364	88.574156	63.614356	23.899725	52.195283
57.491949	-54.454013	89.633074	-98.882313	62.100349	-3.962263
-54.533052	-89.649615	54.606937	29.973415	5.722804	70.461511
63.462179	-64.365975	-70.883806	80.254798	73.604626	47.106276
-44.336240	84.641327	-90.527585	5.104784	97.199107	45.734289
-47.020626	39.412609	-70.510201	-33.674453	-76.446460	45.048040
-87.110292	-5.438277	67.808533	-29.619852	52.235009	-1.574035
15.729009	-51.650377	56.421024	-8.052174	-73.008856	-88.738290
-72.956437	-60.386022	9.343537	57.690999	-69.149734	-77.564811
-73.968363	-50.060128	-47.837633	-45.963664	-28.732329	-22.939961
0.623345	54.020840	85.824475	63.181304	51.059374	66.332967
-2.387672	38.680181	-53.075880	-19.260876	96.945509	27.325278
-89.861336	-46.648021	-87.650419	-97.305933	4.531250	-29.351019
-39.129255	31.451114	-19.248929	100.665278	-89.472970	-22.758939
-61.512795	-82.686423	38.591598	24.992419	81.095624	89.303905
