11.780237	0.000000	24.642414	0.000000	14.270667	10.374486
15.085008	0.000000	2.104088	7.231033	0.000000	0.000000
7.107196	10.281273	4.430400	8.411782	0.000000	16.771268
4.795669	8.454089	9.917619	3.575466	14.011016	1.323635
15.019632	7.251680	5.181719	16.616140	0.000000	11.203407
8.188114	6.295102	9.231485	7.318958	9.503941	6.759979
18.931120	0.009810	3.926639	7.784169	0.000000	10.885591
0.058595	0.229497	0.000000	0.000000	11.000000	10.000000
16.075085	7.231780	0.000000	7.963284	0.000000	10.508365
8.830605	0.000000	3.000000	6.000000	10.000000	1.000000
3.924441	0.705978	14.073108	5.376638	11.243508	6.099913
4.059408	6.199612	11.109714	3.901695	2.981731	10.731386
16.368117	4.992241	10.278609	18.941346	0.000000	4.700041
23.878054	9.930110	4.425866	12.130069	0.000000	16.016535
8.470845	13.450415	9.921387	2.692416	2.063994	23.469545
0.000000	0.832629	6.183029	10.044744	1.374637	12.764103
0.000000	2.000000	10.000000	2.000000	5.000000	3.000000
10.473488	2.475030	12.159645	1.353481	4.663491	11.748433
8.255012	2.620659	7.158206	8.413620	0.000000	8.723264
13.353370	0.000000	0.000000	8.000000	5.000000	9.000000
0.000000	0.000000	1.000000	4.000000	8.000000	3.000000
10.037748	1.068294	3.666443	0.000000	4.726867	12.992688
0.000000	3.000000	0.000000	3.000000	3.000000	5.000000
0.000000	10.276749	1.888331	0.000000	6.000000	5.000000
9.902152	2.468793	4.767062	8.622153	0.560011	7.313717
16.446741	1.435927	7.108769	13.541415	0.000000	10.288756
14.712412	0.000000	6.536499	3.026015	0.000000	1.000000
0.000000	0.172914	10.564656	12.807649	7.628475	8.075191
0.000000	0.000000	0.000000	7.866078	0.000000	0.912579
17.877885	6.184915	0.000000	10.000000	1.000000	10.000000
1.309927	3.607770	0.000000	0.000000	4.000000	3.000000
21.840979	5.237982	14.926104	6.788665	10.493888	13.303739
13.621195	0.000000	8.754975	7.909003	0.000000	5.429331
5.656868	0.767524	14.378277	9.531208	2.384446	8.852155
9.907452	4.477088	6.862957	9.267226	0.000000	11.912547
10.654616	0.000000	7.715417	10.180966	1.146703	4.424087
17.676706	7.083181	0.000000	0.000000	4.000000	1.000000
20.694500	2.302403	8.077338	13.942864	0.000000	18.021698
15.148432	19.182000	9.990072	6.203724	2.456492	19.346534
0.000000	11.382077	7.414434	11.010181	0.000000	18.108283
7.857115	3.113703	9.199899	0.535382	0.000000	13.946315
1.323004	16.337743	10.190866	0.000000	11.000000	11.000000
3.977824	0.252578	4.031027	2.260399	1.751988	6.577991
14.074576	0.000000	8.000000	1.000000	2.000000	0.000000
13.831419	0.000000	5.734302	4.157840	4.377853	14.975317
0.000000	11.000000	9.000000	6.000000	10.000000	9.000000
20.670513	3.903744	13.860952	6.767438	2.700367	10.107916
5.018387	10.086790	0.000000	0.000000	4.000000	0.000000
14.330329	0.643834	5.558370	2.228831	0.000000	9.670147
2.446853	7.725552	0.000000	14.944952	11.439468	0.000000
7.875355	0.000000	5.971655	6.510904	0.851247	8.839520
13.335748	3.378512	4.911073	13.546692	2.552752	13.029804
21.512018	0.000000	3.000000	2.000000	7.000000	6.000000
2.759900	6.340294	10.186946	8.401979	3.628812	16.460410
2.628304	2.142953	10.159558	4.547164	21.126518	12.518941
13.146049	2.881862	18.109303	12.773959	7.845230	13.038639
17.168542	0.162835	9.148728	10.651540	0.783582	14.273148
8.457446	0.000000	6.365605	6.493403	0.000000	2.470649
4.489833	1.521065	10.168556	6.457898	0.000000	13.356686
22.079638	1.628128	22.176367	5.289951	11.437843	0.000000
8.612713	8.788582	6.055628	0.000000	0.000000	10.000000
6.468257	2.662379	7.560736	14.361608	9.513472	6.977505
0.000000	0.000000	9.615694	0.000000	7.727947	5.720011
8.022039	0.000000	0.000000	0.000000	0.000000	0.000000
15.790532	5.046295	10.732385	12.861403	0.000000	13.536955
8.858256	0.417289	7.223651	0.000000	8.781413	0.000000
10.463851	5.570520	3.794278	2.137893	5.273582	11.470000
1.057149	0.053365	6.342129	0.000000	11.000000	10.000000
18.963389	9.337023	2.738233	4.073474	0.000000	7.640311
9.104723	5.296886	5.263642	3.004165	0.000000	4.886132
6.893332	0.000000	0.000000	0.000000	2.216482	0.000000
2.447316	3.737034	9.768854	17.902557	16.001998	6.349866
9.250583	5.280436	2.493611	0.000000	2.517510	0.000000
21.120925	0.000000	8.848610	6.818432	0.000000	2.053623
12.266630	2.626338	8.695734	9.581330	10.491667	6.295305
4.801340	1.576290	21.108489	10.720716	10.065969	12.394168
6.933281	5.474221	12.403508	11.417394	4.373350	14.021725
7.065346	7.633725	6.962445	18.117095	9.728853	9.184248
0.000000	1.000000	3.000000	8.000000	6.000000	10.000000
0.000000	0.344719	10.832187	6.190426	0.000000	8.000000
17.180412	6.335075	9.529010	8.803828	0.000000	12.194362
4.386662	0.000000	5.832106	6.108057	1.208296	0.000000
14.388214	1.887201	7.377887	7.923128	0.000000	11.325165
20.300149	0.000000	11.000000	2.000000	9.000000	7.000000
11.929540	5.796712	4.993766	2.013671	0.000000	9.614445
10.346404	0.000000	13.452497	0.000000	7.085522	4.403341
13.515388	0.000000	5.306858	13.810657	0.000000	2.922006
0.000000	2.000000	4.000000	9.000000	7.000000	9.000000
8.256007	0.000000	2.229676	1.095215	8.574530	3.759090
0.000000	4.000000	3.000000	4.000000	3.000000	8.000000
10.790948	1.920190	3.939243	0.636092	4.418895	8.838055
20.052140	3.737070	0.970853	13.502058	3.373213	4.267727
15.419244	0.837071	2.963095	8.296814	0.000000	21.914520
0.000000	11.000000	10.000000	6.000000	7.000000	1.000000
13.003239	0.000000	10.531801	8.717149	2.656619	5.710553
11.656916	2.226444	7.229166	7.977374	0.000000	2.072807
12.873271	1.146236	15.733692	8.055895	13.489562	9.105445
7.749786	0.000000	6.796461	9.216737	0.000000	2.299363
0.174424	9.486922	6.456178	5.317060	0.000000	12.745089
4.442634	2.726501	1.350439	6.094457	0.000000	6.290746
16.945593	0.000000	1.697169	9.299351	0.000000	2.000000
16.087365	0.000000	12.351689	15.109935	14.275192	0.655387
10.813451	14.075772	5.999437	4.724017	0.000000	20.938548
0.000000	5.580648	3.020680	0.000000	1.000000	4.000000
7.623772	7.181364	8.453524	6.904452	0.000000	10.000000
16.844722	3.284757	10.545632	0.000000	6.974542	0.000000
0.000000	6.000000	2.000000	0.000000	9.000000	5.000000
7.768083	1.130269	6.789797	10.253846	0.000000	6.988123
18.162176	0.009967	6.638476	0.000000	0.000000	5.674762
5.750314	3.218762	5.443804	3.975218	0.000000	7.989910
13.881073	12.119246	8.971860	17.620535	0.000000	2.000000
2.068431	8.596457	3.083729	14.686349	0.000000	18.930342
0.000000	0.440324	0.000000	3.000000	11.000000	11.000000
11.123680	0.000000	3.201086	5.394514	0.000000	1.354504
15.048997	0.000000	6.000000	11.000000	7.000000	2.000000
10.237582	0.000000	10.707636	6.885439	0.000000	9.000000
9.006515	1.723426	1.733692	6.588206	0.000000	0.000000
0.000000	8.658333	5.820115	8.162035	0.000000	10.000000
14.864580	0.000000	8.000000	4.000000	1.000000	9.000000
7.837494	1.266505	3.128595	5.417660	1.679311	24.412676
1.477592	3.905092	14.762523	4.052042	7.297056	9.868033
14.006040	1.910278	0.000000	8.000000	10.000000	6.000000
13.723790	0.000000	10.000000	11.000000	0.000000	5.000000
7.816316	1.314915	5.955804	2.787458	4.296805	9.699135
13.126518	5.496276	11.769783	7.373576	0.098350	17.135914
0.000000	8.000000	8.000000	3.000000	6.000000	8.000000
17.326214	0.468050	7.674817	0.000000	5.284584	10.344624
0.000000	9.000000	5.000000	5.000000	2.000000	5.000000
0.000000	11.000000	0.000000	9.000000	5.000000	10.000000
0.000000	3.741283	4.239054	7.035160	13.685635	4.368049
8.121119	2.518028	9.423120	3.709155	0.000000	5.000000
14.934451	0.000000	0.000000	8.316658	0.000000	3.263214
0.787237	6.784811	8.253582	9.883653	9.688916	14.998876
6.726080	3.179241	8.821512	11.633727	5.695079	6.434769
17.886303	12.100837	0.000000	5.293418	0.000000	0.000000
1.934973	0.000000	18.173148	6.495523	8.935474	15.099767
17.792256	1.484921	5.665619	4.994431	0.000000	0.000000
2.921733	0.000000	0.000000	0.000000	2.270585	0.000000
11.335039	0.000000	9.178480	4.830474	9.432850	9.337046
12.818526	10.074654	6.213484	8.502406	0.000000	19.872905
8.074388	0.284198	15.992673	0.000000	9.415234	3.176899
0.000000	0.000000	14.890405	0.000000	15.082290	10.044080
8.992351	0.029884	5.425497	0.000000	9.852975	2.590998
7.575064	3.676510	0.000000	6.000000	5.000000	5.000000
0.000000	5.403448	0.000000	11.009722	4.995737	7.778973
15.642862	6.769808	11.218569	7.251075	0.544028	12.842410
0.000000	6.000000	2.000000	4.000000	8.000000	1.000000
0.000000	7.000000	11.000000	3.000000	5.000000	2.000000
11.486696	0.000000	7.192519	0.000000	3.331629	0.000000
8.841398	8.021804	1.188224	3.825095	0.000000	15.507374
5.934523	0.000000	9.487373	0.704895	3.381613	7.788235
12.811815	0.000000	8.253462	0.656151	0.000000	10.000000
2.699820	0.000000	17.925173	11.414113	0.000000	9.000000
17.767996	4.019443	0.542006	26.421666	2.323413	0.000000
8.340415	2.905893	7.683238	7.276130	1.029960	9.124865
14.324351	0.000000	0.000000	9.000000	10.000000	6.000000
0.000000	6.000000	11.000000	1.000000	2.000000	2.000000
11.887054	7.039360	4.892933	1.048675	3.881438	7.318091
8.271314	0.607830	7.788383	7.255957	0.000000	0.000000
3.181363	1.993815	5.033526	5.708253	3.223619	14.082389
13.842503	0.506494	14.593857	9.197992	7.367610	8.053295
6.032150	1.948067	3.818461	0.000000	5.210274	13.018356
9.478362	7.407573	4.698111	0.853520	0.000000	18.669640
14.440123	0.842173	7.679028	9.653145	3.804954	1.321101
12.772561	6.674542	3.855206	11.852186	2.169034	6.268429
17.144861	6.698341	7.046485	2.744478	0.424846	4.455371
9.059341	0.000000	8.000000	7.000000	1.000000	8.000000
15.071560	0.000000	0.000000	6.000000	8.000000	2.000000
14.271850	1.042834	3.664597	9.743964	4.395328	21.998620
19.024373	0.868714	6.397539	10.479023	0.000000	8.000000
10.917683	5.081977	4.443546	6.483998	0.000000	8.525979
9.149817	3.712433	3.127557	0.000000	0.000000	10.000000
10.777225	0.000000	10.645913	3.824577	12.175816	7.159863
11.196975	1.791939	2.889781	18.008922	4.734894	7.090253
7.731475	7.892596	8.114587	10.310212	0.000000	15.417527
9.933741	0.000000	12.721172	9.647325	8.328632	5.301535
19.639944	4.499936	5.251568	11.896808	0.000000	15.338796
1.908898	2.454858	1.563419	7.880131	7.975754	0.000000
6.105170	2.081406	15.259194	15.818902	5.465754	12.206424
17.992070	1.800551	6.650459	1.675477	0.000000	16.036519
0.693109	14.801380	2.340642	2.404921	0.000000	5.000000
7.755311	6.151130	15.156556	17.460814	3.842375	7.604443
15.095501	3.406824	7.613574	0.000000	2.000000	11.000000
12.599628	7.212136	0.000000	9.000000	8.000000	0.000000
8.381594	0.000000	8.007197	3.661987	2.818161	4.120025
4.973478	5.309172	0.000000	5.264785	5.607587	3.642285
19.729681	0.000000	7.000000	9.000000	0.000000	11.000000
19.590981	4.811982	10.053811	8.905453	0.469392	7.094843
17.254996	0.000000	10.482521	8.908230	0.000000	11.087885
0.000000	3.121469	9.616258	3.809115	12.556804	5.432794
11.801233	0.000000	9.583915	7.939826	1.832681	16.147427
14.739732	11.453226	5.855860	11.336130	0.000000	15.386797
14.340823	0.000000	8.000000	10.000000	6.000000	7.000000
5.041770	4.722370	2.659507	4.057759	7.082517	0.188366
0.000000	11.000000	11.000000	4.000000	10.000000	6.000000
18.333614	0.797200	8.143627	3.153028	5.679630	6.098320
19.531589	1.434494	18.652699	10.999881	8.462119	8.902817
0.000000	5.947502	3.778649	0.000000	9.215445	0.000000
24.006904	1.926723	4.820964	10.685806	0.000000	0.000000
15.121792	0.000000	11.430482	10.500245	9.481363	5.011360
14.361685	7.681158	3.555522	7.283942	0.000000	4.000000
13.386130	0.000000	10.000000	3.000000	3.000000	6.000000
0.000000	2.000000	4.000000	11.000000	6.000000	10.000000
5.338412	5.452395	20.028845	1.672731	11.031940	11.720534
0.000000	2.862730	11.050114	0.000000	7.000000	10.000000
11.679550	2.925338	3.005066	11.898033	7.872843	0.000000
0.252012	4.264806	5.456734	0.139741	5.349524	2.463544
9.132243	0.000000	0.000000	3.000000	2.000000	0.000000
10.539800	0.000000	0.000000	10.000000	4.000000	10.000000
6.785589	11.664220	3.757176	16.858573	1.230241	19.958789
14.156840	19.262604	1.140545	9.504580	5.871837	10.399019
14.470416	10.447012	9.284491	13.845168	0.000000	15.348534
0.000000	12.155065	7.970529	7.114561	6.439275	10.572769
19.799830	7.111203	11.138836	16.640521	6.182861	11.682473
6.251742	4.299724	0.000000	5.000000	6.000000	0.000000
6.096499	0.000000	10.000000	5.000000	1.000000	2.000000
1.232560	0.000000	2.000000	3.000000	5.000000	0.000000
0.000000	0.000000	2.406647	14.411752	1.982218	12.585887
21.331187	3.935643	11.889098	9.883498	0.000000	14.077960
6.741573	4.199088	9.932992	15.119805	5.310881	9.732546
17.584100	4.385917	6.945320	6.077735	0.000000	13.511029
1.157426	0.589282	6.085723	22.029684	11.508130	0.000000
15.417497	4.429364	0.000000	4.123212	0.000000	0.000000
8.490897	10.753726	8.909465	14.224111	0.668864	12.077128
20.069709	2.222147	9.042690	4.949180	3.013333	8.676020
0.000000	4.000000	2.000000	3.000000	11.000000	6.000000
9.426573	0.000000	14.780008	5.226112	5.974956	4.684461
16.214407	0.000000	2.000000	7.000000	4.000000	4.000000
8.096150	2.074107	0.000000	9.000000	4.000000	9.000000
5.384001	8.750807	0.992571	0.000000	7.000000	5.000000
18.594591	8.025181	7.270280	14.252736	0.000000	11.893806
10.635563	0.000000	7.457501	7.201297	8.809396	0.000000
11.977193	3.180911	9.212105	18.203585	9.600370	3.856694
22.387108	0.000000	0.000000	1.000000	2.000000	2.000000
12.198877	10.533685	0.000000	4.000000	4.000000	3.000000
16.290029	0.000000	7.000000	8.000000	11.000000	4.000000
9.169554	0.000000	14.564283	10.396434	11.824636	5.098196
12.837328	0.981576	4.614912	7.435556	0.000000	10.732372
6.851669	2.594210	0.000000	10.000000	9.000000	5.000000
10.010518	1.052504	8.745770	0.000000	9.000000	1.000000
22.251813	0.893167	2.586795	12.287742	1.188935	9.780708
0.000000	1.000000	6.000000	2.000000	0.000000	11.000000
16.060615	5.140367	14.117272	4.855033	3.149654	9.588528
0.000000	3.000000	8.000000	9.000000	4.000000	3.000000
12.219496	0.188998	12.915592	7.135210	7.832553	0.000000
6.117200	3.032885	9.649642	4.609292	0.000000	9.849448
1.437479	17.243007	3.522976	11.179441	10.876124	7.912215
3.666116	9.345732	0.000000	0.000000	2.000000	3.000000
12.659376	6.094960	6.838557	6.633606	0.000000	17.295036
11.782628	1.556318	0.000000	4.000000	7.000000	11.000000
11.666144	0.000000	4.470885	12.088977	6.944363	0.000000
0.000000	4.000000	2.000000	6.000000	11.000000	2.000000
0.681263	6.876742	6.097924	0.000000	11.000000	4.000000
3.904499	5.140779	0.000000	5.000000	5.000000	5.000000
10.261522	5.083065	0.000000	6.358503	0.000000	8.512603
4.604759	6.528576	1.674225	0.000000	10.000000	6.000000
2.513818	6.090390	14.127593	15.243074	10.612674	10.928883
6.600611	1.162602	3.645421	12.579681	9.327502	0.000000
1.482203	4.164470	13.055264	6.579053	15.383180	0.000000
23.487844	0.000000	10.000000	5.000000	1.000000	10.000000
14.576593	0.491271	5.351796	0.000000	0.000000	7.261168
9.495518	5.054125	8.469424	1.594597	0.000000	10.749149
17.574543	1.583075	12.045150	0.898013	0.000000	11.000000
15.686548	0.000000	3.411731	5.550208	7.013112	6.055043
6.493078	2.918975	1.963952	10.810980	0.000000	1.002959
7.659106	1.232445	7.458871	6.974159	3.272691	4.886790
6.325251	8.471335	7.446285	0.000000	9.000000	8.000000
13.082667	0.000000	6.000000	6.000000	10.000000	8.000000
21.823415	0.897920	8.512291	0.000000	1.000000	2.000000
23.938822	4.384421	10.871008	13.368983	0.000000	3.884945
7.179594	0.000000	4.895747	0.086215	0.000000	9.267282
7.851813	7.155054	0.473685	7.896564	0.000000	0.000000
8.447115	2.492387	7.662767	6.550551	0.000000	7.186604
15.371848	0.014714	5.609143	12.115571	0.000000	10.396614
8.538865	3.244108	18.843982	8.780428	9.976898	12.891727
12.870836	8.191762	11.956807	10.182208	2.990418	11.258364
10.912800	0.000000	8.000000	4.000000	8.000000	10.000000
15.312148	1.622898	2.150854	2.685366	0.000000	5.000000
15.194091	6.878165	9.226857	9.243459	0.000000	18.022485
0.855843	1.840762	5.896442	9.367132	6.778693	0.000000
8.913011	6.851505	5.719000	8.832651	0.000000	13.952316
6.931325	7.812581	0.000000	8.000000	0.000000	7.000000
4.851494	0.172323	0.000000	4.000000	9.000000	0.000000
10.796495	0.000000	0.421397	17.106253	0.000000	0.000000
8.947157	0.186141	0.312304	2.425387	0.000000	0.000000
11.483873	14.129097	4.399223	8.931388	0.000000	17.042371
11.439688	0.000000	8.519438	13.470204	3.570699	7.271442
12.743946	5.165477	7.513339	17.905817	0.000000	13.811827
0.608487	7.121381	8.234968	0.000000	0.000000	6.000000
10.314818	0.000000	2.082061	1.593794	0.924115	9.436231
15.600805	13.185128	9.719032	5.860228	1.741335	9.879821
3.674657	0.000000	8.808193	0.000000	14.071902	3.004629
13.697966	0.000000	0.000000	10.000000	6.000000	1.000000
2.081805	7.224715	4.272866	5.511822	3.843634	11.137294
6.205076	9.669518	2.782935	0.000000	9.000000	8.000000
14.510750	0.000000	0.829076	4.993046	0.000000	2.385921
7.702471	0.000000	8.000000	6.000000	4.000000	3.000000
5.313110	4.448770	0.000000	11.000000	0.000000	9.000000
22.594767	1.818113	12.728386	7.732334	2.961863	18.254624
9.718467	0.560852	7.105553	21.508793	16.284196	0.000000
0.000000	2.866140	0.000000	0.000000	1.000000	7.000000
6.598982	0.000000	0.000000	1.000000	7.000000	11.000000
9.565367	0.782403	0.000000	10.000000	6.000000	8.000000
5.929834	8.748267	8.903687	8.474724	4.145289	16.864383
18.195689	0.623439	11.473587	0.000000	0.000000	1.000000
13.520881	5.065429	15.537165	6.652373	3.696714	13.947697
12.226252	6.623510	0.734843	0.000000	0.000000	6.734122
16.857185	4.840892	7.931007	8.692322	0.000000	12.905637
0.000000	4.000000	10.000000	10.000000	3.000000	8.000000
13.023997	3.614172	0.000000	0.000000	0.000000	0.000000
14.382691	0.827915	7.910360	11.197005	10.521582	11.114475
1.719703	11.429393	4.473079	0.000000	11.000000	10.000000
4.944673	2.011469	5.512680	0.000000	9.000000	8.000000
19.963428	0.000000	0.000000	17.730844	0.000000	0.000000
14.724717	4.093086	7.132363	11.257556	0.000000	1.000000
17.265270	6.288717	6.990394	5.145226	5.438559	0.000000
13.710111	0.000000	0.000000	5.000000	2.000000	5.000000
8.504471	13.052451	4.020322	5.991381	0.167595	9.921268
0.000000	11.000000	2.000000	10.000000	9.000000	0.000000
0.000000	8.000000	9.000000	5.000000	1.000000	3.000000
14.317378	0.000000	0.000000	7.000000	7.000000	5.000000
4.749218	0.000000	7.761230	8.523141	9.916048	5.927465
0.155664	12.209324	5.358533	0.000000	4.000000	10.000000
20.535925	6.629177	5.933805	12.213128	0.000000	11.410248
0.000000	11.000000	4.000000	0.000000	0.000000	3.000000
13.425413	0.000000	4.621971	0.561666	2.876380	10.742442
23.793017	0.000000	10.000000	8.000000	2.000000	9.000000
15.043027	12.248999	1.245951	12.719606	3.069083	0.000000
13.789356	0.000000	10.601508	7.116235	4.689424	4.972088
13.730798	0.000000	13.228741	3.904354	2.796645	8.878730
0.000000	7.000000	6.000000	8.000000	5.000000	2.000000
10.707285	0.605122	0.000000	21.245608	0.000000	6.161938
14.933204	0.818229	9.877152	10.846579	2.458684	6.002232
13.661655	5.792179	10.046921	5.180767	4.649398	2.188857
0.000000	3.176445	5.230059	0.000000	6.000000	10.000000
0.000000	0.000000	7.591090	13.777773	0.000000	1.000000
5.146328	17.372846	12.276227	22.554154	0.000000	23.832557
12.720917	0.845980	9.627976	5.699460	2.976375	18.044625
20.952381	0.000000	9.961234	13.863307	0.000000	13.194949
10.352927	2.199784	1.988908	5.710967	0.000000	12.603981
18.831983	6.328155	12.396401	8.062754	13.063566	5.128432
12.697117	7.715300	4.126669	10.704848	0.000000	6.000000
0.000000	1.000000	9.000000	4.000000	6.000000	7.000000
16.276690	0.000000	3.015141	8.885768	9.130503	0.000000
20.865836	6.014743	2.711941	15.713934	0.000000	5.833135
10.884977	6.464561	6.795428	11.324723	3.447134	4.630799
0.000000	4.000000	9.000000	10.000000	1.000000	11.000000
16.985953	4.003855	0.000000	7.153053	0.000000	0.000000
11.782779	0.458146	4.289607	7.486669	0.000000	6.606060
25.027316	1.411768	0.000000	1.000000	7.000000	9.000000
0.000000	0.000000	4.000000	4.000000	6.000000	11.000000
0.000000	10.000000	11.000000	2.000000	8.000000	5.000000
4.970018	0.377719	10.468903	13.047784	1.898564	14.706041
8.206946	7.377965	15.814798	1.831970	0.000000	21.074586
0.000000	3.000000	8.000000	1.000000	11.000000	0.000000
9.394786	4.452638	0.000000	9.000000	0.000000	6.000000
3.980254	0.000000	0.000000	2.000000	8.000000	10.000000
8.887646	6.899504	6.422281	9.956256	5.584909	5.635502
7.928232	15.182814	0.000000	6.456287	0.000000	10.460851
1.966576	12.752684	4.812378	3.275868	0.922707	12.746844
1.998792	19.027988	2.888635	0.000000	1.000000	3.000000
0.439290	1.664537	0.000000	2.000000	3.000000	11.000000
13.132262	5.825938	0.000000	9.000000	10.000000	4.000000
19.712675	0.000000	11.000000	9.000000	5.000000	2.000000
7.385806	1.099041	14.697810	16.462423	4.507466	15.490131
9.262339	2.243276	6.785940	13.401244	0.196589	14.627219
13.929886	0.000000	6.559010	10.794695	0.000000	9.472147
8.006678	1.520772	3.514690	10.209114	0.000000	5.000000
12.155842	2.899443	16.693932	3.979172	3.936703	11.000645
16.252009	0.000000	5.059511	6.230392	1.473131	0.000000
14.634740	6.519578	6.051955	11.724377	0.000000	7.419421
0.000000	0.000000	6.000000	0.000000	1.000000	1.000000
0.000000	1.000000	11.000000	10.000000	5.000000	3.000000
4.898121	5.639287	6.897954	14.794525	3.439200	5.909452
0.000000	4.000000	10.000000	11.000000	6.000000	5.000000
2.809478	18.024686	9.375847	5.536237	0.000000	17.907381
3.666745	9.702761	6.842395	0.000000	0.000000	21.422901
6.492754	1.749889	9.434800	13.790676	7.442666	4.235503
0.000000	7.000000	1.000000	7.000000	0.000000	7.000000
16.577796	0.000000	9.456507	11.617841	0.534314	10.863703
9.418506	3.350261	9.338242	3.037546	1.447670	16.606680
20.702352	0.000000	9.693404	4.201637	5.941352	0.021947
5.783220	0.000000	8.556438	17.210873	3.459883	0.000000
4.012360	0.000000	10.000000	1.000000	6.000000	4.000000
18.220969	6.902912	6.956916	4.375795	0.000000	11.000000
8.228487	0.000000	1.163443	0.000000	5.000000	1.000000
0.000000	2.000000	9.000000	6.000000	2.000000	2.000000
17.103025	0.334290	10.749857	9.442973	2.425612	6.005941
18.362689	11.732729	6.596508	17.083687	0.000000	16.781443
5.517258	5.993709	7.628147	7.438166	17.993256	8.367647
17.522101	15.715007	5.785660	1.497287	5.417116	0.000000
0.000000	2.000000	7.000000	5.000000	8.000000	1.000000
14.861026	1.809084	1.709097	0.732917	0.000000	2.302640
0.000000	10.000000	4.000000	0.000000	6.000000	2.000000
13.545705	7.528970	8.896343	9.842346	6.718044	0.000000
14.229086	12.693277	2.267848	2.030466	7.826809	13.553487
8.927117	2.525540	7.419413	7.770546	6.068001	0.000000
2.379867	0.000000	2.000000	0.000000	7.000000	7.000000
8.022619	0.640603	10.254934	3.209259	0.000000	8.219463
27.696998	0.974627	22.744241	1.794217	9.730496	5.804122
0.000000	4.990495	13.868373	0.000000	0.000000	10.000000
7.553443	3.212893	10.135270	11.186034	0.000000	17.046671
6.426213	0.000000	5.966554	0.000000	0.000000	4.765617
6.743290	3.865366	18.297673	2.077388	12.324620	12.459386
6.177448	1.768692	7.320406	0.000000	7.000000	8.000000
10.746068	0.000000	5.834663	5.759726	3.742746	0.000000
11.467915	0.000000	4.000000	0.000000	8.000000	0.000000
0.082034	12.880346	5.258319	0.000000	5.000000	9.000000
8.967244	9.821174	9.540750	6.579047	0.000000	19.380997
20.299136	0.000000	8.301285	2.666249	0.000000	8.621346
30.260923	10.427942	0.000000	17.155841	0.000000	8.473534
0.000000	9.000000	3.000000	6.000000	11.000000	1.000000
9.829257	1.639245	4.351564	2.810134	0.000000	24.268413
21.438316	2.885167	8.111379	6.903147	0.000000	5.000000
6.305465	5.487195	13.864195	6.894322	0.000000	16.511274
0.000000	0.000000	7.000000	2.000000	1.000000	3.000000
9.790675	1.262328	9.790877	9.200250	2.523333	7.442876
16.913383	3.657886	12.069326	6.312205	3.608532	6.297018
8.045883	4.267849	3.113690	11.514747	0.000000	0.000000
0.000000	4.000000	5.000000	10.000000	5.000000	9.000000
15.575973	5.065099	0.000000	22.867221	0.000000	6.103139
9.767455	0.159610	15.111869	16.955127	6.253490	8.012477
6.763634	0.000000	7.229083	0.000000	1.955402	4.401931
16.385844	6.533951	3.945406	0.000000	0.000000	16.314989
12.859639	1.933743	10.632581	11.720224	0.000000	10.000000
8.379625	5.844888	6.859181	5.890430	14.660189	10.841637
19.241139	0.000000	9.000000	2.000000	5.000000	1.000000
19.856238	3.880837	10.343021	10.347301	0.000000	15.305971
8.751967	6.811927	0.112412	11.752363	0.000000	4.389820
5.391594	3.747451	5.341572	10.080706	1.537677	23.442043
15.346768	0.000000	0.000000	0.000000	0.000000	0.000000
15.126145	4.835808	5.132097	7.732543	0.710751	7.412857
0.452772	17.903015	0.000000	0.000000	4.000000	5.000000
0.428253	0.479502	11.524213	0.000000	2.000000	6.000000
4.348467	12.270758	0.283744	5.406725	0.000000	14.205277
18.693220	0.000000	5.831867	1.707559	0.000000	9.039815
14.814313	0.000000	9.330249	10.931534	0.713681	4.815218
3.091142	0.000000	8.934697	0.000000	6.000000	11.000000
3.765065	0.581285	7.888701	5.747276	9.273165	8.418514
19.159564	1.502263	6.214482	19.192596	2.760519	12.153076
2.183066	0.000000	9.264015	0.000000	5.000000	6.000000
3.472260	0.273517	4.715643	0.427345	0.000000	11.312379
11.776244	6.787300	10.042920	7.206180	0.000000	10.000000
5.977920	0.000000	3.426028	7.725272	0.597037	9.234978
6.514862	1.969526	4.814736	5.772066	18.656946	5.709133
14.227734	0.000000	10.716659	6.007163	1.961676	0.000000
4.782221	5.692364	9.453730	4.795522	4.068447	9.728282
5.818138	0.000000	7.000000	0.000000	9.000000	5.000000
1.596559	4.457117	4.566383	5.410839	5.040055	7.956728
6.168216	5.430843	7.638515	6.477414	6.072918	7.762685
3.710804	2.901020	0.525628	6.427065	0.000000	7.701005
0.000000	7.000000	1.000000	4.000000	1.000000	1.000000
0.000000	9.932988	8.807422	7.862125	0.000000	2.000000
16.773814	5.625418	0.494558	0.000000	0.000000	3.000000
8.816420	1.958635	0.000000	7.000000	7.000000	3.000000
8.506207	14.415005	0.000000	2.000000	3.000000	10.000000
14.134435	0.000000	3.481727	13.924234	0.000000	5.132831
7.096156	17.700397	2.044814	0.864053	3.915496	0.000000
11.021423	2.086647	12.510429	5.360012	0.000000	3.000000
6.840045	0.838563	18.053298	7.858583	10.885142	16.420609
1.859785	0.000000	1.000000	8.000000	6.000000	6.000000
11.125919	5.593860	9.003540	13.220230	2.625865	11.472827
16.785613	2.277474	10.032752	23.519416	0.909262	7.252585
18.690521	3.523865	4.308080	9.353802	0.000000	4.389447
13.514104	4.795904	2.391519	10.082213	6.950172	9.891357
14.712009	0.000000	11.000000	2.000000	3.000000	10.000000
0.000000	10.000000	7.000000	5.000000	8.000000	4.000000
8.942444	0.733889	11.589040	0.820782	9.199210	9.667081
12.478184	18.302982	6.745069	18.620242	0.711390	24.519986
14.539182	4.668019	5.776687	4.300671	3.016735	14.862770
6.991133	3.393953	9.767087	8.565850	4.461072	6.016243
16.582464	0.444419	12.474066	10.382647	0.000000	10.000000
14.861980	0.000000	5.000000	9.000000	6.000000	0.000000
12.594453	7.319870	10.770593	6.231268	2.815082	13.215393
11.167429	0.177875	6.157340	0.000000	11.000000	9.000000
6.587058	0.645228	5.763296	7.410418	0.000000	10.000000
11.061415	0.000000	10.000000	2.000000	8.000000	5.000000
7.379381	0.651079	10.313104	17.821222	0.000000	6.380054
6.546379	0.166794	15.508604	8.276752	2.950052	17.878447
13.781519	0.660612	0.000000	11.000000	5.000000	11.000000
7.829875	7.871070	6.207142	0.000000	10.000000	6.000000
27.628729	3.151833	1.982443	23.364677	0.932888	7.633917
0.000000	7.722484	0.000000	12.470672	3.014815	15.175881
0.000000	4.000000	0.000000	2.000000	6.000000	6.000000
12.056121	0.000000	9.469106	4.935038	0.000000	6.000000
7.517322	8.218298	11.090704	5.108883	0.545946	12.052313
8.556533	8.285892	0.000000	2.048030	0.744369	2.319226
9.938752	9.732054	5.253539	11.131077	0.000000	13.065669
6.413584	3.394662	4.618495	7.569398	0.000000	18.306237
3.389344	11.936920	12.723761	16.857027	1.592970	9.367777
10.984882	6.081404	2.192993	6.591174	0.000000	16.836297
2.559662	8.555037	9.844592	0.000000	8.000000	5.000000
0.966926	7.235409	13.701747	2.268639	1.149687	5.834223
19.439165	0.000000	11.000000	4.000000	0.000000	7.000000
2.505010	3.648571	4.325685	5.567778	4.300297	16.806551
8.977175	0.000000	9.308025	9.709389	0.000000	14.234893
8.930428	3.210915	4.023309	5.517858	0.000000	4.000000
21.587287	7.175631	13.819562	6.514728	0.000000	12.783635
11.448727	0.000000	3.785090	3.056122	0.000000	12.428031
9.190355	8.993777	8.426104	7.974749	1.754065	21.335574
8.852854	0.345062	5.342794	3.315863	0.000000	0.000000
0.313116	0.000000	2.528472	0.000000	9.490256	1.347917
14.398807	5.003397	4.899569	3.980159	0.000000	4.000000
10.563058	14.584482	2.499802	0.000000	0.000000	8.000000
15.262143	5.655180	10.956780	0.000000	0.341956	19.434803
2.392297	7.279986	0.000000	6.085249	6.032674	12.118504
6.012539	1.907173	17.790712	18.837655	13.389226	9.508444
12.479233	6.062069	7.217570	14.951236	0.000000	11.486006
8.617507	6.254535	9.231647	6.469787	1.817373	9.398077
0.000000	12.702327	2.967927	7.314849	0.000000	8.000000
0.938995	9.616823	4.810992	0.000000	2.000000	0.000000
7.217189	0.926231	0.000000	6.000000	1.000000	11.000000
0.000000	7.000000	10.000000	5.000000	2.000000	8.000000
1.112743	1.671169	12.145485	4.742606	0.000000	9.747776
15.089604	2.892651	8.455061	8.498155	0.000000	9.871860
6.097674	0.000000	3.000000	8.000000	6.000000	4.000000
18.560559	0.000000	7.000000	4.000000	3.000000	7.000000
0.404884	0.000000	2.000000	4.000000	11.000000	3.000000
15.420683	1.473630	11.357792	7.970961	5.303719	14.027768
1.520002	4.171480	7.000425	5.011304	5.060249	19.391552
4.929089	6.712320	9.028830	0.381192	3.641228	13.912550
10.025673	13.349075	4.947832	16.021885	0.000000	20.976012
12.166278	11.395908	2.045458	3.775898	6.972305	20.453697
20.745732	19.553566	2.509182	0.000000	6.000000	1.000000
10.524127	0.854920	15.507402	0.645067	0.000000	7.576377
0.000000	11.000000	0.000000	7.000000	4.000000	11.000000
0.000000	5.861639	0.000000	2.000000	1.000000	6.000000
15.461959	2.235025	1.688481	5.749479	0.000000	0.000000
15.308173	4.720583	5.667155	0.000000	0.237376	14.400726
13.198063	5.270303	5.881647	10.431418	0.000000	14.510066
4.391283	1.820948	4.304325	10.676934	1.564049	0.000000
15.386450	0.000000	4.823909	2.534454	0.000000	7.152251
14.502537	2.865813	7.931418	16.856808	4.951858	5.760439
10.826226	5.730029	5.436649	8.772652	0.472104	10.606922
17.667403	1.864844	5.900531	8.992482	0.000000	18.385902
10.197002	7.765515	6.513999	8.957478	3.122497	11.706378
2.483773	5.825159	9.116540	10.689976	2.237128	0.000000
26.788980	0.000000	1.000000	3.000000	6.000000	11.000000
0.000000	0.362458	18.160399	7.275700	17.314170	2.611093
13.786038	8.836956	7.807864	9.167536	0.000000	12.354125
0.000000	2.000000	1.000000	6.000000	11.000000	4.000000
17.338981	2.703513	6.139308	8.102872	7.211966	0.000000
0.000000	0.000000	1.000000	6.000000	5.000000	3.000000
8.095498	10.562660	0.000000	7.000000	9.000000	2.000000
0.000000	6.000000	3.000000	4.000000	7.000000	2.000000
13.480201	2.813052	9.806146	13.762707	2.688110	20.121722
18.316988	2.943999	11.432855	16.579425	1.555773	1.801611
2.517883	0.633376	7.376104	6.158450	13.557675	11.269170
0.000000	0.000000	1.000000	4.000000	0.000000	2.000000
8.636310	0.000000	8.719597	5.637980	0.000000	0.000000
1.695824	4.434327	5.070072	0.000000	0.000000	7.474354
13.691992	0.000000	8.329115	7.124159	4.186156	9.079168
15.879713	0.000000	17.593198	0.000000	15.566272	5.381079
15.761558	8.688992	0.000000	10.000000	1.000000	7.000000
0.000000	9.000000	5.000000	0.000000	5.000000	1.000000
0.373550	1.170962	13.467395	3.504498	16.038740	4.167100
4.620418	23.724280	4.906678	0.000000	0.000000	1.000000
6.240724	0.000000	6.000000	0.000000	11.000000	8.000000
5.987477	13.016590	8.602787	9.466341	5.506230	13.365071
6.231615	0.465698	7.303803	6.649919	0.000000	9.000000
0.000000	1.990743	4.602063	0.840872	3.811860	24.103839
10.901820	0.000000	4.000000	6.000000	9.000000	7.000000
11.828260	4.129791	10.143286	9.059651	1.912809	0.000000
25.855100	8.048238	14.561756	14.569246	7.728115	12.341598
13.299182	7.361277	5.298778	9.470795	0.000000	10.281255
14.678208	3.272291	14.974085	7.125295	3.791752	14.564375
4.861406	7.393669	9.179743	0.000000	0.000000	5.000000
13.877269	0.000000	9.476407	5.840846	0.369270	9.503222
15.697344	6.592071	13.595469	7.857970	0.804735	24.915101
12.591495	0.000000	2.481447	10.321979	0.000000	0.000000
10.473317	6.187836	5.660609	14.551246	1.999474	0.000000
22.800221	2.969629	4.605956	8.593518	6.699746	0.000000
22.694659	2.018880	7.516076	0.000000	3.000000	8.000000
12.390516	6.203127	0.332066	7.987841	0.000000	4.677640
9.181959	3.344692	0.000000	6.000000	2.000000	11.000000
13.657115	3.561830	3.127155	0.000000	5.750537	0.000000
9.950679	2.791942	9.471776	9.186994	3.197104	11.857654
4.435977	7.262414	0.000000	0.000000	3.239901	0.000000
2.726323	11.841699	3.935218	0.000000	2.000000	7.000000
8.696926	0.818849	9.118363	1.845745	13.522295	0.000000
12.339249	0.533959	3.174762	8.111405	14.811823	0.000000
16.593456	0.341075	8.550209	10.670197	0.000000	13.811730
10.664354	5.877155	7.870656	7.683245	5.218539	0.000000
15.342512	1.307730	5.099267	2.446655	0.000000	12.150736
19.288611	0.993584	5.605822	5.261160	7.195620	7.806502
7.165183	3.531979	8.034100	1.497633	0.000000	26.234502
10.785500	0.756020	0.000000	0.000000	6.000000	0.000000
17.566752	8.205409	7.793412	7.849991	2.282638	7.897914
11.556225	0.628157	6.929423	5.295742	10.003718	6.754253
22.824610	0.000000	0.000000	10.000000	2.000000	2.000000
5.770862	5.917046	4.371454	8.021372	3.240673	9.985271
16.548674	0.332409	5.905275	10.849600	0.000000	6.865112
5.577211	1.261731	7.498275	3.683489	1.052156	15.558051
0.000000	0.000000	11.000000	8.000000	10.000000	3.000000
14.414172	4.243196	9.305344	0.892898	2.175931	29.773437
13.606727	1.579440	0.000000	7.000000	8.000000	11.000000
11.517219	5.791803	4.775643	0.000000	0.000000	8.000000
5.252525	0.000000	15.534213	1.559845	19.227208	7.268211
0.000000	13.374988	2.166943	0.000000	9.000000	6.000000
0.000000	0.000000	11.569172	16.001602	13.463891	9.765164
13.479294	0.343494	7.542115	9.141309	0.000000	12.253729
8.893348	1.609834	0.000000	0.000000	3.604181	6.310299
16.083995	0.000000	5.000000	7.000000	5.000000	9.000000
9.236024	0.191892	4.742193	0.247211	0.000000	7.773346
2.919018	0.000000	5.590944	8.302020	12.782987	0.000000
12.222571	0.000000	6.000000	2.000000	9.000000	10.000000
9.465995	11.547314	0.000000	10.000810	0.000000	12.719075
4.976091	1.975279	7.941791	0.000000	7.572582	0.000000
15.434889	4.084696	7.435567	5.955976	0.000000	16.100436
9.787081	1.487927	9.092863	7.856506	3.732361	20.809009
13.602817	3.676967	7.873225	2.171610	0.000000	6.730629
1.951150	5.282939	4.370386	0.000000	11.000000	3.000000
11.363690	2.040414	6.659671	7.317902	0.000000	9.000000
15.184353	4.894950	7.897286	15.900798	0.000000	15.051634
25.876673	0.641179	7.620257	11.061078	4.878920	5.850301
23.330705	0.000000	10.000000	9.000000	3.000000	9.000000
18.267104	0.000000	11.218769	11.201471	3.213717	10.787957
0.000000	10.000000	0.000000	0.000000	6.000000	3.000000
6.245033	0.000000	19.415274	4.061911	12.504974	4.414995
13.796225	13.102707	10.983455	10.843013	3.148748	14.451588
5.216385	0.000000	8.349532	4.131313	0.732551	9.735301
1.624799	12.392367	3.964156	0.000000	11.000000	8.000000
1.808095	0.000000	0.000000	9.000000	3.000000	6.000000
12.547735	5.250029	0.007262	0.000000	5.000000	0.000000
13.930362	1.492008	9.752078	5.728057	0.000000	6.000000
0.000000	0.000000	2.000000	11.000000	11.000000	7.000000
1.348702	4.978958	16.643081	8.757717	7.616493	8.890925
9.811963	8.018882	4.487725	10.905448	1.900139	12.848795
12.973234	1.169803	10.713616	19.038149	4.556215	15.954373
10.058919	8.223592	2.162827	9.653932	3.145466	0.363889
0.000000	1.000000	10.000000	8.000000	3.000000	3.000000
11.956054	17.517994	4.117667	9.350405	3.682623	0.000000
0.000000	0.000000	3.000000	1.000000	7.000000	8.000000
13.708341	0.000000	9.040749	12.485121	2.909678	7.580451
0.000000	8.000000	2.000000	10.000000	1.000000	7.000000
18.277752	11.706921	8.775815	14.006947	0.000000	11.136227
0.000000	5.000000	11.000000	10.000000	6.000000	11.000000
3.789284	13.359358	6.880352	0.000000	3.000000	8.000000
15.545728	0.000000	8.000000	10.000000	3.000000	2.000000
14.622038	0.000000	4.505261	15.443092	0.000000	0.000000
9.273742	0.000000	13.612438	9.898005	0.132025	6.115326
13.015807	5.738247	9.280805	5.078412	0.119607	16.374974
7.449846	4.022420	24.490467	15.845317	16.476962	8.831841
6.504821	20.780643	8.246706	17.570421	0.000000	24.603840
6.031789	0.178527	14.916125	8.174541	0.000000	11.000000
2.102037	14.620977	1.421909	14.026362	0.895939	10.227107
0.000000	4.000000	11.000000	11.000000	3.000000	4.000000
11.133903	0.387498	9.667844	5.408911	9.868167	0.000000
13.765411	2.818725	7.671511	5.975244	9.240444	8.236125
11.217117	0.145295	7.905088	7.787906	5.056632	0.000000
8.439545	5.531413	6.351768	0.000000	5.000000	4.000000
0.000000	1.000000	8.000000	5.000000	7.000000	1.000000
12.300552	2.141367	17.382473	8.535856	5.438915	9.592311
5.876111	3.151973	20.190133	13.806684	0.326330	15.627732
19.739623	1.630440	5.478302	4.626108	0.000000	11.507066
7.070129	0.000000	11.000000	7.000000	11.000000	0.000000
15.993305	0.000000	0.000000	7.153641	2.066572	0.000000
1.822582	0.184747	10.964497	3.001522	10.935744	0.000000
1.554286	10.362466	0.000000	2.000000	9.000000	1.000000
13.038154	1.648261	4.351972	13.973839	4.416352	4.079659
2.594474	6.878290	7.094430	9.003122	0.422456	13.511962
5.112707	8.969336	10.915752	12.924423	8.965495	4.991459
12.676233	1.422876	0.000000	0.000000	0.000000	4.000000
13.094727	1.061955	8.485359	9.360448	0.000000	4.000000
3.277421	12.546844	6.845236	12.069207	0.202584	13.974671
14.255832	0.000000	11.000000	6.000000	10.000000	6.000000
23.833948	1.633851	17.129196	8.712353	3.855711	10.272954
0.000000	6.000000	4.000000	3.000000	3.000000	4.000000
1.188108	0.786831	0.000000	0.000000	3.000000	2.000000
12.073248	1.685482	0.000000	0.242070	0.000000	8.190791
2.627388	1.604539	0.000000	0.000000	9.000000	7.000000
16.080777	1.339868	7.311723	10.939387	0.000000	6.785689
12.009725	5.259980	11.832907	16.465459	0.000000	13.226596
0.000000	0.434384	18.326845	2.815504	11.127969	0.000000
0.000000	2.000000	5.000000	7.000000	8.000000	9.000000
20.749714	0.000000	3.000000	1.000000	3.000000	9.000000
12.729926	0.000000	9.602618	12.510204	3.747123	4.360765
22.506941	4.085760	6.328851	23.401371	5.409345	4.995867
1.565422	18.232718	6.019649	8.976539	1.563597	16.489966
18.295181	0.000000	0.000000	9.000000	8.000000	4.000000
5.877656	9.308914	0.000000	15.594457	0.000000	1.000000
15.875514	3.071715	4.655272	8.109147	3.309004	3.615583
19.217473	4.503988	4.432787	14.668318	0.000000	13.340338
17.409494	1.139314	11.876362	8.402894	7.248224	9.027022
8.377671	0.002649	3.181899	6.346971	0.000000	11.724844
5.730487	0.988229	13.616586	3.092398	0.000000	2.000000
0.000000	27.236297	1.733385	12.825328	0.000000	23.662029
8.491650	2.737078	0.000000	4.000000	0.000000	11.000000
10.965333	17.554835	0.000000	2.000000	1.000000	4.000000
4.001137	6.138410	0.000000	6.000000	5.000000	2.000000
15.224090	5.370342	7.956692	8.643860	15.344570	8.093159
8.322339	14.564312	5.543182	8.801063	0.000000	8.296217
10.896422	0.000000	11.502402	10.249979	3.722410	3.463181
2.989307	1.128211	6.715796	14.545293	0.000000	8.013602
0.000000	1.000000	6.000000	6.000000	5.000000	9.000000
20.343401	4.670795	6.879445	19.828430	0.000000	3.000000
0.000000	2.000000	3.000000	1.000000	11.000000	1.000000
13.510010	3.044868	2.265359	0.974994	0.000000	7.717463
0.358056	3.724281	8.091408	10.981383	5.665824	21.245994
0.498872	2.960674	0.000000	7.261441	0.000000	9.146134
19.999134	6.450867	1.169065	3.458778	4.475385	10.042958
15.388342	5.054074	4.439722	0.000000	0.000000	12.288300
0.000000	3.000000	10.000000	10.000000	3.000000	2.000000
0.000000	1.813835	8.478504	9.272426	1.097556	19.645280
18.583519	0.000000	3.159933	10.933262	0.000000	7.789369
2.751531	8.205093	6.604856	14.603732	7.687839	10.981964
17.462364	0.000000	4.000000	8.000000	1.000000	1.000000
12.262720	5.875983	0.362010	2.594197	5.657640	0.000000
5.544329	0.000000	5.039121	7.058108	0.000000	7.510116
8.079983	6.384445	6.437996	5.585131	9.536678	10.605762
15.497693	8.886427	8.557706	9.785745	4.521608	7.750961
8.072738	23.078747	0.000000	8.978410	0.000000	19.351855
0.000000	0.000000	2.435561	0.000000	0.000000	6.000000
15.307845	0.893143	15.860764	0.000000	1.950946	6.443961
11.071852	0.000000	4.756751	12.685918	0.000000	0.000000
11.386530	0.890974	15.616173	6.141012	3.588853	8.779091
0.000000	6.449293	0.000000	0.000000	7.493931	7.396115
7.068291	0.000000	12.774520	12.165811	5.024617	8.571158
29.036377	0.000000	3.351150	7.733869	1.563365	8.177087
19.427087	0.000000	7.000000	10.000000	10.000000	4.000000
8.075540	0.191822	10.713000	0.000000	0.000000	10.000000
12.686279	0.000000	5.250763	9.532359	1.753919	11.808203
6.607314	2.625837	5.485573	7.197403	1.624901	0.000000
17.240437	2.078837	10.906933	15.122630	0.911178	17.718857
21.277656	2.346741	0.000000	4.130778	9.181648	6.650966
9.035421	0.000000	1.000000	5.000000	6.000000	7.000000
10.057340	2.638565	1.275023	0.000000	0.000000	2.000000
15.785100	0.474070	6.421229	12.758117	0.000000	0.000000
2.275168	2.152546	16.059057	17.665200	20.190255	9.624022
15.754141	6.229775	2.463385	2.097429	0.000000	7.109229
11.844177	0.000000	5.000000	10.000000	1.000000	11.000000
16.306227	7.978198	7.007901	3.358277	0.000000	0.000000
11.346514	0.000000	11.478425	7.986616	0.944785	9.927992
6.091942	1.932153	5.679213	0.000000	9.683187	8.293321
0.000000	5.000000	1.000000	11.000000	9.000000	4.000000
9.438799	0.000000	6.288230	3.294143	3.877604	8.772895
13.246975	4.488890	12.928931	0.502993	6.234259	13.172528
0.000000	11.000000	11.000000	5.000000	6.000000	10.000000
4.999120	7.614318	0.000000	0.000000	8.000000	5.000000
18.182170	6.737526	3.439763	14.751193	0.000000	11.949317
9.930623	8.296263	5.692292	9.986567	5.876870	9.774180
3.863817	0.000000	5.926387	4.302858	2.173084	14.501583
9.665678	1.314954	8.427539	11.478821	0.000000	18.322020
0.000000	5.343654	0.000000	15.958684	0.000000	0.000000
0.000000	5.000000	5.000000	11.000000	2.000000	6.000000
6.266863	5.190483	0.000000	9.000000	4.000000	4.000000
18.979611	2.193358	8.288157	18.751854	0.000000	5.000000
15.876687	6.370395	0.000000	3.345813	0.000000	2.000000
6.752016	0.000000	0.000000	1.000000	10.000000	6.000000
3.127548	6.209600	0.000000	1.000000	4.000000	1.000000
9.510948	4.892383	5.353141	15.106352	0.000000	6.000000
7.303065	11.975986	7.034976	7.895198	0.000000	16.810822
11.946831	0.000000	15.617632	9.166263	2.841529	5.263731
4.056643	2.124047	20.405043	0.878442	15.474809	4.581999
0.820931	2.171207	0.000000	1.000000	8.000000	3.000000
14.849976	13.264052	5.989341	9.306701	0.000000	16.722131
0.000000	2.000000	6.000000	2.000000	10.000000	4.000000
9.809383	5.571775	11.168171	11.089505	4.433555	16.375258
4.350813	5.577882	3.727015	9.076041	6.243135	18.564027
14.756073	1.137700	10.646486	17.807817	0.875311	7.221173
12.303920	0.742060	16.429517	4.896417	8.926062	7.682155
15.052593	8.635341	0.000000	6.000000	3.000000	1.000000
4.785209	9.367164	2.331529	4.435101	17.636172	14.158963
8.519752	3.283975	0.672501	23.041298	0.000000	7.515622
14.875034	5.919818	3.803677	8.269467	0.000000	3.000000
14.147507	11.323120	5.732481	11.182851	0.000000	16.768778
0.000000	6.908131	7.638193	2.086131	3.058421	10.632785
10.558300	0.029299	14.444127	4.946600	3.496374	8.919849
13.391217	7.577238	0.000000	4.470798	5.597919	5.931273
26.983929	13.867262	16.671602	10.121125	9.962141	17.771597
12.052590	7.600533	10.756963	16.573329	0.136056	14.686066
6.650888	0.000000	0.000000	9.000000	6.000000	2.000000
1.211720	1.865637	10.619581	8.970407	4.057625	6.748082
16.491057	3.640553	4.641112	3.577307	3.240756	6.857759
11.932969	2.044349	1.039910	6.727083	7.121950	0.000000
7.528021	0.000000	7.162091	4.081387	0.917246	17.320922
6.492550	9.543991	12.591016	5.901702	4.621808	13.498805
2.935962	0.000000	6.287006	0.000000	0.699418	0.000000
0.000000	3.000000	1.000000	5.000000	2.000000	11.000000
3.286171	1.576867	12.893301	10.223809	8.270011	6.375599
15.504236	0.000000	3.944502	13.523002	0.000000	1.468828
17.032983	3.064257	6.884133	5.514363	0.000000	14.135313
17.667864	0.000000	5.000000	11.000000	5.000000	0.000000
5.022361	0.000000	7.590381	10.498581	7.761864	7.661971
10.960418	4.373334	9.807909	6.136815	0.000000	17.602082
0.809738	0.000000	15.377071	6.642619	21.584582	13.612648
10.720638	16.410325	0.000000	11.585453	0.499975	6.470550
18.770274	3.951672	7.449322	5.764066	1.909085	15.780320
14.363542	1.857594	10.429938	6.186826	0.000000	9.000000
1.770845	1.252225	19.475332	0.000000	20.601873	0.403487
0.000000	8.000000	6.000000	4.000000	6.000000	11.000000
16.074023	1.551836	1.910271	4.621682	0.926129	0.000000
9.126225	0.000000	0.000000	7.615670	6.409963	0.000000
3.945863	16.013217	1.845505	14.759509	4.688767	11.340220
16.154101	0.000000	0.000000	1.000000	10.000000	4.000000
5.369817	3.700338	9.503969	0.471240	8.902380	14.295662
7.276697	5.879559	5.456178	9.971671	0.952303	13.006855
15.686128	0.000000	3.164292	9.256081	3.319465	12.431291
9.963621	6.668392	7.977011	7.109640	0.000000	17.244206
11.749618	13.456309	5.422099	2.539293	0.000000	16.861953
1.935762	7.029472	2.654514	9.153233	8.003635	15.169058
0.622063	3.685065	12.631225	1.662578	14.859845	4.515218
0.000000	12.723097	11.617869	11.415035	10.536950	13.661532
0.000000	10.000000	5.000000	11.000000	11.000000	11.000000
4.882515	0.000000	10.963755	6.488958	6.394836	6.465802
5.193626	0.000000	14.122012	5.598119	16.038364	0.352839
0.000000	5.000000	4.000000	1.000000	5.000000	3.000000
0.000000	3.000000	6.000000	1.000000	3.000000	5.000000
10.067550	12.955209	9.525933	9.892610	0.000000	18.596242
13.040782	7.222481	3.291919	4.235673	0.000000	12.287619
0.000000	10.000000	9.000000	8.000000	10.000000	3.000000
10.274267	0.000000	5.915485	3.414842	3.945197	4.901900
22.930631	5.027056	8.670084	5.509785	1.783774	10.118794
14.273156	5.945993	5.502088	11.290414	1.686680	5.295173
11.997688	12.136539	5.961501	7.156118	2.270937	17.652653
0.397778	1.673070	10.102275	0.000000	4.000000	1.000000
14.452539	7.653711	9.416149	4.881214	4.147990	16.530079
15.045561	0.000000	8.000000	7.000000	2.000000	4.000000
3.882232	10.667360	0.000000	5.092791	0.000000	0.000000
24.400555	0.000000	8.756939	12.172130	0.000000	12.164223
6.367969	6.513339	6.038981	7.141651	2.260898	5.355250
0.000000	3.000000	11.000000	11.000000	3.000000	4.000000
16.884983	7.462520	8.277016	17.513011	0.000000	6.000000
7.482877	0.541996	0.000000	2.000000	0.000000	9.000000
13.809390	0.000000	7.584672	11.799922	0.065408	8.957246
0.000000	0.000000	13.206246	6.607495	0.000000	2.000000
7.056993	0.109652	11.239982	0.415501	7.796388	12.105965
17.395835	7.297265	0.000000	13.394985	4.922629	6.093454
13.922978	1.923119	4.533955	15.698870	0.000000	5.000000
14.389372	0.653218	4.769577	7.119045	2.236248	11.893634
11.698838	1.432214	8.802650	1.619249	0.501117	7.970683
8.463799	8.336200	11.742665	9.634459	3.395838	17.753997
0.000000	2.000000	4.000000	6.000000	3.000000	1.000000
3.898428	7.830972	6.704253	22.009979	0.000000	14.586094
0.000000	0.517465	9.889255	10.074061	11.755821	6.600060
9.958147	0.729632	8.840616	14.543045	0.000000	0.000000
21.222608	0.000000	3.000000	9.000000	2.000000	10.000000
21.260907	0.000000	11.000000	8.000000	1.000000	1.000000
9.426194	0.000000	5.206562	13.684084	0.000000	5.334274
16.512043	0.443592	12.369556	14.413297	7.629735	15.267239
5.612193	0.000000	0.000000	8.000000	10.000000	7.000000
4.338403	0.000000	7.000000	11.000000	1.000000	8.000000
6.789297	3.351421	4.664831	9.950097	0.000000	0.000000
20.898364	2.395274	2.944644	6.046572	0.000000	7.486547
23.747738	0.000000	6.205101	9.726114	0.000000	0.000000
2.608392	8.396294	1.613647	2.468384	0.000000	0.000000
19.032052	0.818197	6.425770	11.491306	3.247346	12.061385
13.578875	0.000000	0.000000	9.000000	3.000000	9.000000
1.360787	0.000000	3.825580	10.314190	2.579298	1.695380
12.642795	8.182218	1.856335	0.000000	5.000000	9.000000
8.802563	5.445669	15.215116	5.517181	1.798144	13.594069
13.037088	2.461057	8.071913	0.642738	0.000000	6.000000
5.043758	21.399041	6.994167	14.978509	0.000000	22.570380
1.276263	4.857935	3.406030	1.865909	7.499749	0.000000
4.205914	0.000000	15.055257	11.079501	2.158779	16.638923
15.341429	10.653119	2.695839	14.007792	4.141026	13.230029
24.934745	3.559527	9.265503	6.317801	1.813510	4.286361
16.923406	2.435173	0.000000	9.000000	5.000000	6.000000
9.985672	3.895727	7.830867	0.000000	7.000000	8.000000
8.352579	0.000000	3.602044	17.624646	0.000000	4.674831
16.033267	5.761925	2.827586	9.139943	2.784482	6.582701
1.889026	3.694456	13.623779	7.496096	1.057725	8.861279
0.000000	9.000000	9.000000	11.000000	5.000000	6.000000
13.077528	2.227541	0.000000	10.000000	9.000000	7.000000
0.000000	0.000000	5.000000	1.000000	1.000000	0.000000
12.409002	0.000000	6.000000	3.000000	8.000000	2.000000
14.950367	1.049523	0.000000	8.000000	4.000000	6.000000
5.849314	2.902327	3.584039	17.547964	2.450584	0.000000
8.539626	3.406443	8.439632	3.392249	1.408229	8.737798
3.294310	7.692679	0.000000	6.934468	4.470450	0.000000
16.481288	0.000000	1.238580	16.977028	0.000000	0.000000
11.521740	1.049987	4.814778	0.000000	4.272967	5.038704
16.269228	4.555565	5.095235	7.471302	0.000000	6.110628
2.715656	0.000000	0.000000	3.000000	11.000000	1.000000
7.567707	0.330580	3.716792	6.505359	0.000000	0.000000
13.407874	0.000000	10.525526	9.581172	3.989902	8.708209
18.808978	0.000000	5.000000	8.000000	3.000000	3.000000
2.023636	3.506468	5.341262	5.538786	16.643937	0.000000
15.510557	13.761482	13.321225	13.731338	3.261481	10.304755
13.128851	1.604768	8.220888	5.630685	8.844023	9.091017
6.224487	4.872514	0.000000	1.000000	10.000000	11.000000
15.798853	1.760821	9.525107	9.386356	1.997562	8.788287
17.871642	3.900226	11.407168	8.345532	0.000000	11.082848
0.000000	4.000000	8.000000	9.000000	5.000000	7.000000
2.303128	0.309214	18.082670	0.000000	7.023221	10.047622
5.147155	3.700030	0.000000	10.955507	0.000000	0.000000
13.263506	0.665141	3.555982	0.586431	0.000000	0.000000
11.150901	8.163863	0.000000	8.000000	10.000000	4.000000
5.055335	10.699322	4.905378	0.000000	6.000000	9.000000
12.843457	11.130965	4.156562	10.023767	2.027514	20.847679
0.653997	6.740182	0.000000	0.000000	8.000000	4.000000
1.943488	0.000000	19.759271	0.000000	14.383865	0.000000
9.887128	1.612759	12.688108	13.070381	3.117912	11.631529
13.519459	7.390907	9.947286	5.271274	0.000000	14.286667
8.149935	6.836045	11.855828	2.295612	0.000000	10.000000
5.549455	6.116134	7.333326	6.117610	1.938893	12.070660
11.304952	9.357034	8.755753	9.935393	0.000000	18.386277
18.372965	0.000000	2.000000	10.000000	5.000000	9.000000
5.086677	0.000000	0.000000	6.000000	10.000000	2.000000
0.000000	7.000000	8.000000	8.000000	9.000000	2.000000
9.284127	3.735290	3.238978	13.502009	2.354668	11.258777
7.040710	1.796166	8.728066	2.085518	0.000000	15.040269
0.000000	1.000000	7.000000	7.000000	4.000000	5.000000
12.101446	1.234878	3.489965	8.241530	0.000000	0.000000
6.907093	6.593658	5.058422	12.409391	9.341711	1.471586
8.943667	6.195542	8.072431	11.737225	4.041279	9.956094
19.335780	0.000000	7.535160	11.164703	1.220685	8.282988
10.786516	2.033850	1.058499	2.507788	7.888748	0.000000
20.904817	5.226890	6.549753	8.612498	0.000000	10.916384
15.742501	4.090171	19.074230	0.300605	19.165645	8.219963
6.912200	5.289713	12.803212	4.347148	5.676467	15.899351
13.917438	0.668943	9.196362	8.774531	5.155233	0.000000
17.434373	9.575276	2.878814	12.376891	4.297785	11.313612
0.000000	3.070628	5.217169	0.000000	9.000000	6.000000
22.763318	0.000000	4.821535	10.497976	0.000000	1.000000
0.000000	11.784276	0.000000	0.000000	3.000000	0.000000
1.975376	7.720741	8.960096	5.986358	10.654139	7.561788
14.378906	2.001985	1.990073	9.583279	7.507973	14.492082
7.795220	0.000000	9.832308	10.414340	1.555923	11.072552
0.000000	4.000000	4.000000	0.000000	1.000000	2.000000
9.317058	19.101058	13.115610	2.811576	17.235797	14.118482
26.286988	18.335039	6.271791	8.894835	0.000000	22.155395
12.281149	4.923923	2.116181	0.000000	11.000000	7.000000
3.734828	0.000000	0.000000	11.000000	6.000000	3.000000
5.160211	0.701285	7.296838	15.006812	6.053349	7.577705
7.517449	11.043994	3.201444	0.000000	6.000000	4.000000
11.587475	12.329195	7.678815	10.689707	2.958752	3.848856
0.994312	2.059253	23.930705	2.876730	13.732396	15.218695
1.974906	7.018336	6.919958	14.522408	8.826532	4.827502
0.000000	18.115989	0.000000	3.000000	5.000000	1.000000
8.220149	4.603774	0.000000	11.503809	0.818285	9.627964
11.570507	2.536923	6.124845	11.342522	4.019669	4.700859
0.000000	11.000000	4.000000	11.000000	3.000000	4.000000
9.603911	0.529927	10.187392	6.833560	6.111773	9.188237
4.089958	9.408820	10.910480	2.854034	6.336912	13.178900
15.570585	1.094067	16.572246	9.362492	8.796408	8.321730
6.282876	0.099604	0.000000	7.000000	8.000000	0.000000
16.328370	5.336196	6.233166	8.828059	0.000000	7.102976
13.876373	0.000000	10.953056	0.000000	5.392319	0.000000
14.755352	0.179588	8.836408	6.371676	7.549316	0.000000
10.858265	1.164460	18.261801	4.623577	12.816689	5.931316
3.441938	3.104422	7.081246	24.346850	0.126969	7.648497
8.173610	5.185371	14.339666	4.675547	0.000000	11.000000
10.934255	0.000000	9.118153	4.155679	2.868979	7.355952
11.444741	0.087331	7.193884	9.297017	0.000000	4.000000
13.468715	0.000000	6.000000	4.000000	9.000000	7.000000
4.849584	0.000000	14.836845	3.392572	15.186759	7.561038
9.155824	7.620441	8.930942	8.944941	3.827000	8.771503
0.579956	12.937494	5.152632	15.210807	0.177239	17.083658
11.326146	1.104597	8.474323	5.748111	7.700184	0.000000
6.428465	1.949828	2.453132	8.172693	0.000000	21.475095
4.700129	7.862929	0.991000	3.150097	0.000000	5.929921
3.696769	11.927326	1.737859	4.429272	2.246425	0.000000
0.000000	6.000000	4.000000	10.000000	10.000000	6.000000
7.036994	8.293999	8.521380	6.387783	0.000000	11.660827
0.000000	11.000000	4.000000	4.000000	0.000000	11.000000
0.000000	7.000000	3.000000	11.000000	2.000000	0.000000
19.726872	2.807973	10.112738	7.570148	0.000000	8.715347
10.097873	6.765782	4.937954	8.870649	2.941601	13.073448
1.151379	6.954403	6.238817	0.000000	3.000000	5.000000
13.226265	0.000000	7.000000	9.000000	9.000000	0.000000
11.474217	4.920744	7.364441	13.445795	0.000000	8.237301
1.544918	0.000000	2.572648	9.727772	0.000000	0.000000
7.133169	5.781294	0.000000	0.000000	8.000000	6.000000
14.291956	0.000000	12.190221	9.841470	0.000000	7.478069
5.838716	5.237359	8.714509	3.846608	0.000000	8.000000
13.134561	0.000000	11.827345	1.767641	0.000000	5.000000
19.853101	0.950174	9.465259	6.975549	0.000000	18.972951
0.696876	0.962499	8.607847	2.604478	8.262954	12.988921
0.000000	5.000000	0.000000	6.000000	10.000000	7.000000
10.579713	6.855914	3.945883	16.671753	0.000000	11.533479
15.710936	13.060549	0.000000	7.048638	11.077337	13.543852
17.477210	1.121198	19.494444	2.665319	15.944843	0.000000
0.906965	5.233959	5.626838	10.434228	5.050965	0.000000
11.713764	3.928118	7.558426	5.117874	0.000000	12.747897
0.000000	8.000000	1.000000	5.000000	0.000000	0.000000
3.830704	15.723359	6.633021	0.785641	1.264111	5.044807
3.174406	0.000000	1.000000	9.000000	6.000000	4.000000
17.609981	13.466688	17.988226	7.767411	9.191935	0.888382
6.890230	5.492511	0.000000	4.000000	2.000000	8.000000
3.552516	6.047878	7.366108	3.884374	0.000000	13.585688
15.876912	5.785206	7.759848	7.235563	1.052684	11.555066
0.000000	5.000000	10.000000	4.000000	2.000000	4.000000
10.032590	1.814880	0.000000	4.353703	3.006684	0.000000
0.000000	0.000000	3.000000	1.000000	7.000000	2.000000
1.056058	0.000000	7.000000	1.000000	6.000000	4.000000
13.201874	6.157067	5.748954	5.722646	0.000000	8.682394
8.484270	2.954112	4.065326	0.000000	3.000000	3.000000
16.207496	6.035630	19.802719	1.879914	4.197223	7.322577
0.000000	15.951770	8.562945	4.872335	5.571597	17.387637
11.181925	2.593961	14.486041	12.613666	4.875940	4.587674
21.999476	3.093575	10.890537	12.733002	0.000000	8.244388
11.438612	0.000000	6.676676	10.007498	3.877660	7.495057
10.971487	8.523360	0.000000	8.000000	6.000000	2.000000
11.931444	1.852407	7.671677	1.127804	0.000000	14.245595
0.000000	0.000000	1.000000	6.000000	0.000000	4.000000
2.830896	6.948133	0.000000	3.000000	8.000000	2.000000
0.000000	0.000000	0.000000	8.000000	6.000000	5.000000
8.008712	10.986445	4.147490	2.711206	6.014752	20.842490
19.171827	0.000000	7.000000	8.000000	0.000000	7.000000
