32.573750	58.358226	80.723911	-8.974644	76.946208	61.367103
-57.102744	-99.310270	-99.811574	-22.680551	-22.610833	85.635818
-28.874464	72.444561	23.497861	9.165705	-75.685987	82.378841
-64.215618	95.777107	62.865192	91.848886	-33.094540	-51.940467
-27.962061	57.410367	-4.389908	56.712698	-95.640363	86.504378
-23.795506	-91.790866	38.599042	85.755863	3.049998	-71.697773
-11.472724	-95.548049	3.547492	17.415729	-28.166942	38.247966
99.268747	-77.332713	-73.041476	-52.469144	-77.750993	24.918315
-32.703238	-67.016237	45.275419	-86.810980	50.211113	-77.964308
1.382826	-96.177832	-10.725661	59.759432	96.154717	61.049373
30.799715	-75.464819	37.485591	73.090888	-44.185234	-37.167633
68.487093	-79.020060	-79.335664	-38.805597	30.537471	42.045370
-40.303570	93.354250	40.912492	9.836512	-83.139832	82.138065
53.222282	7.214117	31.974540	-32.273400	74.810169	87.228438
-59.502803	14.704722	53.088998	-73.585075	-83.366671	-15.371080
25.797448	-31.282939	31.036286	17.829389	26.211777	62.668527
-47.723040	67.807287	-29.726309	-34.162662	-53.147093	-43.777789
-97.487002	53.214835	-36.257560	-5.902820	-27.721819	17.287030
65.270394	37.133846	-43.511644	91.673261	90.093836	25.607768
52.588704	-5.030060	38.895299	-83.220323	-98.758272	-36.801264
0.767980	-73.396334	60.545597	82.830542	62.864044	-69.525352
70.855403	79.834753	-17.532984	-98.037579	55.571564	-99.084809
-60.959476	-98.078759	87.322693	0.628523	-68.722374	-39.952518
-41.342399	85.652072	-3.013570	-59.605207	-55.795424	-79.395402
2.531320	88.391309	35.416238	78.026776	81.377323	73.078110
51.376915	-82.796297	-27.565396	-76.120930	35.520846	-49.904259
-91.591468	-21.666471	-28.208741	35.709845	8.903098	-12.966307
-34.715929	48.062018	7.297871	3.048174	-70.406673	73.494397
12.817615	81.518024	-53.297451	-41.224533	-48.063879	0.814870
11.961250	95.717745	-45.601691	57.907464	81.514750	-1.516635
36.998303	28.288630	-67.294366	3.888342	-36.828956	67.434086
-96.477040	66.803749	-57.091975	23.177342	-7.673188	94.524610
-24.944254	-59.253274	-92.795092	-75.880074	-77.911275	-83.914268
-63.745037	43.453772	-17.935225	-86.004933	36.274435	-34.826175
-84.992424	18.077363	-18.105340	-9.632318	11.772194	-92.536366
-93.901650	-86.556211	-43.272655	-26.073852	-90.256163	-35.927152
32.170187	27.271307	-22.539458	-2.021217	4.534980	54.975495
4.788791	-33.174804	58.455330	46.838846	71.583017	-36.756142
89.325375	-7.616584	-17.630303	-19.304555	-87.580615	51.956633
2.009244	-48.159477	-98.069254	-59.028114	94.645642	-28.274573
26.259445	30.377880	51.591065	25.938926	-61.015381	-52.996727
-16.260409	-13.736689	34.078019	81.527514	-24.069027	24.169899
-56.260840	-0.827816	24.621586	93.558962	61.161513	-65.702696
17.201459	-61.552426	-63.963495	-38.851346	18.918875	-93.293191
85.448688	34.425155	17.942351	26.298270	-72.764809	-92.587406
-83.509614	86.400551	-51.228211	20.060617	94.789454	15.296749
54.436477	-5.204928	-22.234261	66.210144	-81.554143	-95.670795
0.169671	88.793110	-98.949505	-87.207069	6.096424	-85.194349
-81.427246	-89.362738	78.743614	58.346830	-74.457172	71.182751
85.091301	88.011383	79.955834	-9.170801	-79.930645	86.050598
11.269534	-43.650394	-11.080646	60.082158	-13.796685	7.807832
36.788004	7.344750	30.665934	18.000709	-54.756566	-68.546588
-68.715592	62.073323	66.094352	-99.684880	-61.038743	-58.552524
72.308387	-41.422187	-12.539960	-4.509074	84.468999	-63.404107
48.742609	-74.953276	-7.065821	-37.863106	-32.446511	-93.990447
-87.456320	11.716703	31.351268	81.300835	-12.065198	23.873553
-16.609148	36.206976	63.942175	-61.813121	-40.714358	75.892013
65.118323	-5.219512	-64.079034	-61.931604	31.218959	-48.087723
45.657674	-94.432561	-9.852721	17.698629	62.386371	29.793832
15.163984	-4.647108	45.943827	-65.356441	-77.202108	-75.052376
4.344805	48.199827	-13.758353	-99.453111	-18.640817	75.265024
-8.635789	-50.249585	80.268419	61.651916	47.976819	-27.435347
39.435801	41.204147	-15.551329	-28.819150	-4.513400	16.064654
-52.768028	-4.897864	-45.584583	-66.872355	28.337514	-64.963046
34.687469	88.874955	-77.488460	49.793647	-84.027978	-12.439923
-7.350917	-87.932011	78.986463	-94.318586	-8.301063	-60.415652
83.131370	83.831647	-32.061706	72.451189	66.097046	45.962212
86.275766	13.739243	38.744449	-82.236083	33.833102	27.936630
-82.420403	74.157294	47.497429	10.136561	67.119592	45.295986
-99.136630	57.181926	99.345253	-98.280244	-66.529328	-20.868528
73.990965	14.423176	50.547108	54.127919	-10.028195	-3.759327
6.979379	29.635429	44.051388	-71.155325	13.204470	-99.738857
-53.857301	-19.437443	-54.980319	-43.627280	27.981338	5.174512
-18.425256	6.703736	-36.233598	-85.704405	-15.254150	45.353336
60.534098	-92.061709	4.148890	-97.112681	-68.397485	47.096143
65.306366	-52.958825	70.837037	72.302573	94.356334	-96.873663
-58.235630	71.125516	-96.844716	-0.059069	52.006234	67.880211
-84.948674	7.086972	90.123202	-76.466839	-15.092691	17.008986
-59.955152	6.798767	72.534637	-31.259365	93.413453	-19.594580
-31.490784	58.653145	-5.894863	-5.480830	92.099406	86.424966
70.684598	27.768928	-90.286310	67.932883	67.243950	-95.860580
49.461873	77.388107	92.799536	73.107995	2.218956	-26.796550
-77.205577	73.225414	17.805945	-38.638373	-38.885008	79.787663
-78.952494	35.586122	100.727878	-34.423506	-16.517994	89.755947
78.058758	52.985418	31.708277	71.133261	-51.274221	-70.244920
-9.560997	1.140308	-16.491028	-22.743553	92.678258	-21.231873
87.420523	70.318279	62.064721	30.670239	-86.859526	57.039800
-12.582285	50.500964	-9.351282	-92.373667	-2.582682	-29.575344
-3.871270	-99.549335	-81.978368	41.615478	76.414877	48.971481
-93.573842	-11.584506	42.753596	74.644010	-15.616189	92.764703
97.311789	2.446499	-47.336639	-52.309230	-69.675099	71.605899
-44.762802	-65.571183	89.002152	-71.727394	-52.888326	78.536304
62.354097	-71.863659	-90.234325	-67.675954	78.909743	-45.735484
3.647039	57.730623	-36.209592	-71.794995	100.369222	13.740214
55.610726	-15.727192	62.055656	-30.259044	64.511617	55.880764
51.804583	71.822357	2.452197	2.482360	-44.280002	41.220107
66.716445	80.707842	-29.418149	-46.520312	78.084407	21.161458
54.541204	62.091798	2.880363	57.574494	92.573727	-67.214814
-82.783053	95.901855	19.241907	99.890183	91.035448	-59.356210
35.501752	11.090124	55.099684	-48.907910	-33.413041	39.833914
46.868349	-71.261056	38.206977	63.158509	62.291025	-84.842707
-80.720640	0.577905	-0.324663	-51.383133	-52.129824	79.182234
36.563649	8.084154	-82.586111	10.815772	-94.656134	-49.711156
-83.925106	-22.506417	61.502151	6.050463	-11.528448	-34.335111
-37.709737	63.064001	-36.391337	-98.217339	-2.366051	36.421250
-87.178395	-70.594240	31.511846	40.213016	-10.213682	72.667846
42.238700	-93.048324	21.513085	86.614169	-13.160374	32.311593
-0.213263	-61.153618	-24.171431	-81.439075	-42.498441	89.848823
100.546218	98.890190	-66.844348	-21.859790	-70.025717	94.616393
-45.961902	73.266744	-43.454536	11.952269	86.208015	-12.062248
19.159363	100.681251	-72.782416	48.041670	53.302460	33.131239
-52.873241	77.761784	70.198546	100.449416	-32.069785	-96.226886
39.362022	73.481765	14.196154	-18.630086	71.587909	-77.116731
40.350598	-17.916769	52.691230	-20.630048	71.339960	53.904589
-18.949398	-97.930497	49.973464	-95.443292	-79.592320	-17.982267
73.035904	-34.231750	-83.801452	19.113291	47.508592	89.335716
-81.885634	-22.289039	15.868695	61.785017	25.560677	52.383796
-23.065222	28.212663	-14.198571	20.312369	60.197047	-66.648188
41.546493	-77.570088	-43.843062	99.125579	21.446506	1.919436
11.525177	-38.755194	-26.908650	50.575740	28.967121	6.636473
-82.986431	54.891470	-31.158019	-32.966966	15.639411	-54.683782
67.570063	77.701222	-1.531484	51.092730	-97.132089	-88.801650
78.641837	-42.779553	-32.472977	-51.179332	31.519919	-30.534801
-9.698773	66.653818	-93.224990	29.872495	-6.135156	54.623054
13.438425	-79.331131	4.177811	64.250241	28.399342	26.394695
-41.178718	-20.065771	-32.122335	13.400587	44.493569	-11.890889
100.277892	-16.764476	32.230232	81.887652	28.481168	88.567865
30.053054	-1.440214	-40.464637	90.761896	-31.306572	51.093826
-66.904123	34.891822	14.801038	64.523560	-72.012209	46.291752
-65.732078	26.448908	32.395976	-96.286392	-94.097331	30.283882
-24.562115	44.858855	32.331198	-1.982371	-19.416096	92.744880
-61.967952	25.247679	51.530698	75.261918	-34.786359	85.048158
-99.832811	-0.127318	44.573511	-96.291422	-15.025777	18.983248
79.162527	69.955909	-60.970796	-9.575861	-84.536856	36.331194
-55.166646	89.442397	-40.325017	-73.760644	-18.161720	-62.294800
-48.829735	60.970392	-77.246504	-19.159402	-33.963007	23.433662
-91.794210	-84.230579	-14.775993	16.716951	-10.132698	-73.699009
49.762830	-69.850637	47.183215	82.824270	-45.802684	-59.120837
82.096898	-34.923954	-68.264546	48.620133	-47.548705	33.625556
48.252211	9.947812	74.308118	76.917892	36.504640	88.354604
13.191479	-27.712510	-97.947321	-69.782069	-37.736126	4.207314
85.093290	48.431788	43.843385	95.114282	-55.856764	-82.491724
-28.384667	96.587135	-31.800436	87.917538	68.708329	70.780670
-80.584717	25.898307	72.920585	90.628387	72.745988	66.377840
-90.080628	15.499260	-55.853213	-43.863065	-84.546446	84.934878
95.022183	-14.349246	53.356714	-11.493796	-99.929193	-19.967821
77.123523	99.755445	-64.346019	94.936136	71.831710	86.541179
68.213915	-29.750163	-68.962818	90.443152	-37.767646	99.313259
100.478645	-2.386803	-80.450057	-71.959981	-85.285334	58.421082
99.966241	-16.169422	52.710227	-46.925585	70.422140	-47.698826
59.353441	-77.326169	15.361665	-68.791078	-72.557772	-9.833097
-33.639417	-81.179788	81.641191	-75.452718	-9.132062	-94.182960
-45.149633	-65.086641	-84.583304	54.664435	78.486757	66.887405
-30.116610	20.413859	-38.732950	40.193169	-88.019473	93.456877
-6.545986	-93.147145	-49.353871	11.200334	90.909727	2.909914
-96.322610	14.325318	34.338285	-28.031066	-10.392400	-57.988824
-9.452274	88.263452	47.940281	-26.430222	27.806907	-26.593301
93.426245	-72.728002	-15.498620	-9.649479	-51.347468	94.409501
47.900938	-43.423552	58.937316	18.483452	89.003380	-38.309345
-30.014546	85.495810	-43.361788	40.847369	38.256749	-99.282554
36.936995	-87.818405	20.887551	9.394831	-27.434986	-0.295722
1.484873	49.240301	25.225529	-12.832696	-50.640075	19.995195
-96.778615	82.767108	31.738838	29.102119	-91.768900	-91.239072
32.740438	-79.812566	-32.527462	69.328191	54.167064	-83.313260
-94.249184	-31.189029	-62.630805	71.544519	-8.455595	11.294095
-20.608550	-57.932587	34.403950	18.893158	-86.028836	-50.218909
-64.584918	98.791192	79.920656	23.445747	72.206600	-52.898309
94.148760	2.120039	66.282040	52.802036	-54.888597	-36.104570
56.343082	-24.854340	-66.825081	23.089083	10.179165	31.534741
50.189746	-17.808917	39.063382	-22.285043	77.985142	-94.307885
28.596140	24.016167	97.078229	61.806642	71.384990	69.051766
75.322164	66.222671	-45.109418	95.499840	0.050108	-65.991435
-89.833680	51.008331	-13.356901	45.135988	13.586532	55.085741
9.573143	-13.987608	-87.540385	-36.141976	-26.419172	-57.191250
-50.251568	-24.917845	69.461525	9.275831	98.275574	-20.486447
-93.441578	43.650055	-69.869633	-44.417781	-62.061262	-27.972063
-74.386573	-8.106401	-92.583950	-34.294596	-25.360598	25.761836
-72.424231	14.096574	-72.622629	60.489106	-71.497868	-45.773343
-82.599765	23.921901	58.075707	48.762767	-38.655054	-24.155108
62.265849	20.278270	-98.304612	-74.604965	20.124160	-70.432206
-77.957332	-42.023129	50.377266	56.918566	31.772366	17.597433
-78.526057	87.943697	25.904059	61.006866	-96.446150	66.868532
-92.141153	-6.871383	25.569912	99.655410	30.330220	-48.863680
-88.202859	30.748019	17.874853	13.355779	-47.676333	66.021816
33.956550	-87.379330	-54.670413	23.947847	-20.098399	-22.216768
-74.754873	20.423738	54.619524	-4.872523	-8.928897	-48.166782
8.251328	-34.443008	45.588310	-6.360012	-44.373164	72.513342
-45.678228	-60.347954	88.359049	37.533035	26.461698	-56.073327
-26.948487	31.391350	78.124764	97.680511	35.354974	19.397168
55.772623	80.493854	24.098299	-93.297934	20.937325	82.043089
-90.293104	1.186390	-46.744045	85.759553	-4.023580	-76.897446
24.738027	87.050247	76.904255	-72.056531	-71.099660	-76.583617
-49.129796	-60.386022	-11.504968	-27.805830	-93.915814	5.469710
-19.764130	75.208391	98.590325	-45.780041	55.770744	45.147404
-53.407566	-32.387308	50.697267	76.902924	79.327623	-42.838302
8.948294	-96.426412	52.894222	9.844573	0.634784	49.456667
32.454675	-52.685903	5.733206	-12.509415	23.853306	40.483675
-8.249106	-95.404065	-45.878597	-56.784792	-27.428934	-50.963990
73.158104	-1.869607	-62.750526	-36.172375	-1.940645	-5.834353
-26.013503	21.370565	-70.849088	75.206744	-48.166663	31.060607
80.081869	9.894499	-79.369408	-16.985986	51.533646	-18.512941
-49.590517	34.957342	82.198185	-51.958336	-41.073882	32.152959
-58.836149	17.283624	-9.467429	64.649253	89.508624	31.434924
49.313359	-93.362331	-32.239566	68.891509	-24.630450	1.377454
-7.622225	45.476385	-6.167876	-68.434252	-45.457995	-80.164581
49.828386	60.977882	-1.845652	66.296644	47.296609	-78.491877
-47.759414	53.178621	-25.061430	-73.191904	-69.111086	-45.411047
-84.972520	-42.401207	-46.242791	91.271438	66.655714	67.696678
-98.209116	-20.046904	14.827123	90.650888	23.227865	92.279851
-27.615116	-15.438638	88.993921	97.830574	48.597347	-94.234998
8.897270	-0.128601	-85.130474	24.037147	-47.397254	-15.881423
-0.915080	9.129334	34.684499	75.674577	-69.686998	-94.642545
-81.154419	93.388967	-10.287423	32.197082	61.807543	27.048377
-28.724296	-9.586629	-67.013539	-54.599315	-21.645545	-1.815167
88.165322	-38.695690	56.954685	-81.159068	-40.343457	-72.777076
-46.386714	65.085247	29.139503	68.687211	20.721133	65.293092
-87.904304	-79.943919	84.005144	-7.318813	81.080542	58.601215
-99.024286	90.849466	94.926419	-7.575649	-89.021632	-36.552100
10.770830	91.070128	6.935686	91.534719	72.466315	-26.507904
-49.965742	-85.091591	-27.054991	72.118940	-26.337252	85.796753
-87.345919	-74.590011	18.794326	-68.392993	-74.930676	39.542462
-97.900605	11.694611	-2.391938	-0.523102	6.462601	-20.571934
95.059901	-85.379895	2.839884	-90.833072	9.771740	-52.410907
18.011292	-12.384407	-74.303844	-81.472674	-95.016485	-39.458266
-88.730067	1.954044	62.462316	25.190332	67.658877	9.748002
-53.898159	58.105607	-25.316525	-22.269038	-14.325118	15.660755
-44.909605	-61.665668	-55.237260	-24.564470	4.572313	-41.166086
37.110158	-4.933004	-88.234378	-92.555401	-23.144338	-27.642631
-33.613600	41.193878	-18.300138	-90.589773	-87.891845	-26.110903
64.958600	45.343255	-16.646663	29.696126	-48.043425	-31.286646
-62.238437	-12.268902	63.093993	-43.005632	53.866481	-32.921439
-43.334380	-28.437219	6.351738	59.209543	69.391266	-31.528214
-38.782771	-59.917696	-13.126087	-26.270425	-14.154431	-19.688702
80.249372	58.110684	27.722147	82.809523	-25.983834	9.947306
-90.383814	-28.989338	-23.891296	-14.522447	29.353734	-40.828075
40.485459	-54.289853	-25.391175	-57.170329	96.077064	-58.709838
44.298052	18.313037	71.108120	2.104884	51.231977	-22.843342
-35.446403	-18.945029	-77.617731	63.766614	24.086784	-80.457494
72.817367	-61.228045	-1.328074	-24.844778	-96.191364	12.880637
-62.373006	-75.605657	-37.133797	-69.483725	-94.909142	69.170803
-91.686065	-59.845703	3.786454	-47.402151	87.702252	30.134367
-89.232590	5.783372	100.334552	-71.978156	-12.241627	49.365304
-27.320250	3.636922	-84.689870	22.697970	-8.778211	82.426809
85.007907	49.543547	42.537858	-95.835029	-19.614125	10.730301
6.264624	92.536125	70.531855	-26.543779	6.899196	8.021535
20.312613	56.854828	-13.709752	59.368451	-90.119183	-27.589345
-38.600870	-37.631697	-76.351487	-32.460621	51.856716	-72.218895
-79.199689	-8.572186	-5.144077	-27.289664	-36.805831	54.262852
-16.428078	56.778459	-28.614611	-9.651956	-36.293657	-48.006959
-15.106205	37.239937	9.049063	-28.323828	11.806236	-39.901265
11.549916	43.925873	-55.700473	54.803584	-13.612228	-65.936080
61.821463	-90.991330	-98.561188	80.863053	-89.010304	-6.775978
-3.589043	39.653907	-92.812310	6.575659	49.160838	48.433379
-56.884898	-82.425897	-58.596167	-67.812005	-9.776705	-44.166150
-13.003403	-11.342817	-20.086081	-90.399212	6.931740	-20.098350
65.637351	35.990570	-91.401615	-68.799399	-31.552062	7.577935
56.148972	47.233974	-65.508609	-14.878054	-88.831490	-86.011263
69.343430	-15.427189	-32.370834	16.337947	90.090684	83.001584
18.555718	-42.961835	-35.291256	-74.810369	-96.138138	-51.162116
68.336381	-38.982761	-28.697643	-36.406654	-24.609855	61.626881
65.878155	-72.991288	22.066588	65.182664	-37.155604	33.330470
84.604888	63.672605	-99.690248	-58.350873	-22.662356	-36.034372
33.455840	-14.161391	85.052679	50.679371	6.693213	-12.256947
-75.201959	-78.984628	-43.830537	20.094444	25.594738	99.832887
-41.480247	60.447026	-18.514842	10.212717	68.368040	-9.064070
86.225515	-25.065655	-20.317982	-53.972125	-86.783012	-93.094016
-9.003153	56.954403	-29.639261	26.369218	87.394110	-84.130153
74.162085	89.337703	-50.279557	-11.561607	-9.392373	7.851488
-83.543170	96.795648	64.680238	-14.356839	53.450157	0.648588
-84.848670	59.041587	-20.391009	-38.205107	-67.402461	-3.308032
86.564460	98.424812	39.125456	28.585727	41.798442	10.024940
16.127209	78.429287	-20.429908	-79.096931	-24.443472	60.797918
86.235383	-82.341602	-0.743522	91.001115	-76.674790	2.379421
-46.659506	46.230273	55.777972	-5.037226	-13.721891	67.814526
-95.138722	-29.235193	16.640472	22.235052	46.776456	69.525194
85.594322	81.056084	12.863921	85.947272	40.136538	71.012820
10.189235	-39.485443	90.956415	-83.063466	95.044464	-58.419865
88.842790	79.988474	-89.088095	-15.539431	-6.186562	34.702537
-58.411203	-13.357117	9.604966	38.247549	6.148615	40.614945
26.386023	-67.662160	-73.078684	74.995099	-47.411013	-78.583751
-24.445132	-23.962013	-13.221810	56.982386	-29.087334	46.141060
-21.158684	45.175721	-67.477904	-25.946611	16.135902	-45.132369
-54.155352	91.086823	53.585351	87.190132	-58.263399	96.487471
2.035979	9.210978	95.500120	53.071121	40.011709	66.850963
-31.694132	-87.491385	43.040621	4.197566	29.596349	62.391246
-99.695144	98.550008	-77.055023	10.527060	83.723785	68.581354
-41.958527	86.269566	-73.774260	-7.529509	-76.710784	-41.933411
13.542879	-31.155254	-89.112803	48.973627	-88.420832	-94.173696
37.721592	31.437472	66.624600	79.862738	-72.610376	14.742807
74.013306	7.690942	22.695810	-94.737295	98.559300	31.756218
-3.983759	-78.364818	-1.923864	-98.198140	-34.910230	42.973015
39.206171	90.052277	93.580604	-98.441286	-18.796614	-27.558796
-61.544475	-69.824815	99.707438	7.633711	83.095643	-36.978385
-3.292704	-16.691397	80.492246	90.337563	21.754867	22.821835
-28.059564	-9.327683	0.791873	50.229175	-39.364816	11.128478
-30.752263	-57.139941	88.566648	88.289901	-97.997068	-47.590688
-21.236681	93.338899	-46.510470	22.407069	-79.914166	-1.461484
48.660530	51.275786	-79.641748	28.788842	-14.261807	83.487857
-12.055547	68.845158	45.352516	1.751406	-22.347917	10.763957
22.976698	-96.320239	80.845530	9.177323	-16.412166	6.177197
45.380623	-57.841609	-98.212393	34.935719	80.555863	-86.227934
-71.352943	-53.634547	60.637310	-15.531060	-80.962589	-96.261766
-69.762537	32.728139	-16.814021	-38.378145	7.562163	57.809843
-60.686379	47.154517	-75.016084	-37.886891	55.657305	92.310879
-16.958340	29.205668	-17.182241	-77.944960	45.809019	-45.167331
2.473723	94.520424	-7.259030	17.397041	-85.917922	49.034328
-91.783851	-60.025899	-49.594183	20.506984	80.553241	-78.432168
-58.844248	87.774676	29.861014	41.494941	33.142252	-41.857578
2.545695	-62.097300	62.219521	-68.926192	-94.536124	-63.819634
99.787165	94.161594	18.769165	74.749248	21.063234	-65.440273
-62.157160	28.817824	39.132133	-50.102059	-88.555745	-70.365470
-52.343157	9.944862	-2.352549	-82.843738	-48.384462	94.729375
-19.034613	48.875866	14.955843	22.336469	-89.447702	61.580755
53.505275	64.399485	-15.814179	-53.711078	-1.554251	-65.073869
-14.002665	11.269607	90.490850	-31.570119	12.256091	-6.518032
-40.333265	-7.430955	1.288049	-94.297401	-55.864530	-73.297544
-52.738241	40.586724	27.570373	-57.401036	-94.745853	-11.158559
-5.408522	-72.577539	33.132302	64.194567	26.589289	97.297051
13.607052	-98.479944	33.553105	-86.611325	-28.596670	16.423742
-64.835667	-73.363181	-88.182474	3.848413	-60.443024	55.006697
38.628405	56.846982	82.790859	45.398047	-32.583500	-99.558728
-94.736457	6.600968	-68.743185	-58.678683	8.480266	38.013499
88.714890	-52.932690	-76.869668	97.172470	-56.201117	41.734917
-63.640283	22.205332	54.759985	7.724731	67.500983	-41.460603
91.922093	69.558143	56.142917	63.048948	90.315377	-13.306457
-10.054948	-27.094742	31.636901	-54.434878	-2.352123	43.089460
5.191107	27.773776	88.898244	-23.697436	13.385556	-93.891487
-64.698521	64.141109	-49.529345	-32.400128	53.550642	18.837670
60.180590	-35.293456	80.164085	-56.121660	-71.913651	-42.411763
83.117244	-24.207730	25.673552	-87.750516	56.881435	12.742768
-65.905141	-26.807399	91.055754	-98.211473	35.065499	-78.958477
73.922679	24.322990	-55.412196	-36.973982	90.271379	-56.653674
-55.810397	26.479714	-72.078185	5.710686	10.049475	20.866011
-51.376302	-84.838063	-31.827738	-51.441347	-67.966381	-64.705155
-70.249685	-31.452875	4.286380	-38.296740	-73.975463	31.052419
34.838121	-31.568394	85.312259	76.289663	-65.476797	4.268707
-55.077911	20.170238	-77.114495	14.237966	38.770853	44.954867
-95.105195	-91.110518	94.004143	31.890442	23.655185	77.262819
-73.448257	-59.882154	21.696794	-60.248266	40.928937	76.297833
15.670731	-55.586330	47.325913	-18.130597	74.945171	-78.368991
-13.237010	-55.298298	70.162635	-45.144422	-14.025394	-0.811589
-78.391545	76.492474	59.114552	-7.922796	-76.669079	-30.717828
-38.010619	-52.351321	-80.263318	59.954745	73.913554	8.458437
-62.881093	1.857986	67.253159	-2.864416	31.004564	96.503176
-87.407100	34.032574	-41.943596	46.472067	-8.579861	86.884396
8.122391	-7.162513	-38.294162	18.268477	11.411775	-29.616726
-97.041926	81.117277	40.448223	73.724677	68.354585	15.352559
70.224742	-0.168428	-61.033131	-92.826896	26.798316	55.034728
62.323581	4.196915	2.137399	51.247702	4.058960	-37.820771
97.436901	29.448921	-0.711316	33.846770	47.400581	30.781716
-91.032775	-84.121610	17.983088	-83.820499	-8.712572	99.644553
-88.293844	74.251815	-70.201226	45.483466	-18.210725	36.405516
43.726532	-71.192170	31.245796	-40.171089	-30.018433	68.666030
-66.505757	63.736371	-80.660873	-51.421028	-75.157976	33.590056
-5.625586	50.387880	-29.636760	96.937195	62.771094	-94.376865
31.915005	19.552350	-62.362649	-74.373362	51.531894	-88.711688
21.191667	96.332454	24.934722	97.882360	-98.248696	71.303769
60.990800	-89.802073	25.019287	59.240994	61.802319	-19.013308
30.970913	9.087970	83.258718	-7.861112	24.770346	45.880413
-58.707458	93.532478	-72.782081	-58.494431	-54.295823	-40.665144
-93.955240	-57.889393	-32.723497	-70.618072	-23.675961	62.329629
87.286680	56.989469	40.819174	95.082138	-7.865302	-68.997398
-85.950509	24.668451	-52.385252	63.775850	-94.368408	-90.910581
98.264318	8.857428	-42.857221	-66.369749	97.197948	50.397366
-51.559350	95.503552	34.115560	54.754264	-24.588724	-64.009937
-46.365192	93.899429	-88.384169	-55.164425	61.426925	-67.702351
-98.398164	63.688479	-35.137801	-5.200509	-30.824097	-49.868490
-20.858314	85.979018	-4.073834	61.879691	77.807674	43.640598
0.588070	-29.532386	76.899438	32.341491	55.952758	-46.358407
24.912095	-91.423186	28.212875	26.464849	-99.864693	-22.761613
-68.216363	42.404795	92.354076	-22.228066	-86.277826	69.753120
-49.758963	-47.634638	-59.159888	-26.675067	43.553286	0.066481
-88.053575	95.637208	-13.300534	-86.278110	-4.515466	-9.715722
-16.731614	-25.782914	75.431705	-69.783326	-62.256909	-76.473185
-6.131662	18.389750	-24.487143	93.562278	-72.818459	47.587147
-91.996458	61.098986	-25.649809	78.743181	33.087537	-76.845732
27.220309	94.623009	79.339943	52.447935	-73.298206	-64.492916
-32.965381	-52.878500	24.061823	-15.037371	-17.139967	-58.747901
34.087770	-14.659927	8.852313	-95.981006	72.261792	-97.643151
-51.413022	-50.573762	42.783973	-94.011580	-52.941413	71.510905
8.421173	-58.474941	68.472973	-63.145576	-11.388529	39.703319
-13.882212	-17.568317	-74.025031	-12.511167	93.625719	71.927696
-38.852952	58.754683	-66.107441	66.513976	77.920189	96.355524
68.402433	24.062344	-18.264176	-21.097610	78.228899	14.243749
-25.012076	45.793799	41.578063	98.202102	11.202185	87.349711
-90.070701	93.103834	-90.129524	48.447593	-55.659887	37.125306
-23.389171	-39.191041	65.050528	-97.093057	20.684474	78.041846
32.909488	-12.806461	-9.849690	33.791902	34.855096	-8.364907
-72.471935	-44.571067	37.426072	-58.124845	-58.882493	46.080711
-92.896249	-48.971627	1.175244	-70.502138	82.692854	11.837312
11.327230	2.955698	27.093597	56.254627	-79.253728	-5.912677
6.870509	72.990995	-18.527105	-23.399360	-63.538078	63.011835
-83.000706	-54.635329	92.158314	-1.867373	-1.537841	59.041022
-20.414983	41.205249	0.860312	-26.343681	98.189089	-80.313861
3.878302	-46.731814	33.767071	21.568578	-96.982445	100.290358
88.204837	-21.719457	93.316188	0.444169	33.723601	-21.448055
64.232881	87.626060	65.706602	57.336998	75.693935	16.536037
-32.247561	-59.219364	-75.380630	45.575310	82.086588	-14.304532
6.310824	-40.312970	1.259291	10.110223	87.253347	-93.283956
57.462479	-72.610199	-75.674963	8.792496	-66.750348	-36.752797
-18.438019	98.581876	-66.788586	98.141451	17.447704	96.321354
-21.203325	-66.244373	74.116605	-77.016699	54.784950	-74.184081
-47.508071	76.268657	99.836045	67.937714	-66.765280	-35.249605
76.831875	70.704097	40.022003	22.854958	20.532108	-50.820177
67.254524	-82.906841	-71.746246	-48.249256	-7.244015	18.769481
-23.664805	-27.645707	-57.828550	-95.886231	47.247856	-97.357736
62.288318	-26.014438	-95.778545	-23.003002	90.657730	62.108308
-85.858805	-15.210625	53.611211	-80.132756	-53.449544	-25.516711
95.437290	-2.228992	-8.921822	44.041303	-61.436197	38.994115
32.104461	41.939961	-20.516001	93.838975	-54.683291	54.025582
96.846054	-19.674390	67.423765	-40.132026	-16.438287	-42.476990
-39.458960	-7.459779	-27.123613	-46.784173	-16.579591	87.247467
-43.213585	-68.466590	8.525584	-73.321178	98.941391	54.108335
-61.072716	-78.003764	-33.555057	84.434124	-50.093805	-51.278425
73.643343	-99.595670	52.144269	55.966950	-39.002997	-39.938820
-50.064677	4.116300	44.497468	32.130374	27.324251	-1.047722
39.890882	-6.122396	-52.375468	-64.777835	-98.203489	61.216352
-62.704105	-98.235280	-41.152294	40.565222	73.270079	-88.417992
39.859725	98.880179	-81.415611	35.775134	-65.968602	-61.744277
93.027533	93.886340	-2.278063	84.453668	65.758615	-92.625495
8.842939	-36.141485	71.415972	-21.218690	62.185911	72.755774
66.107677	-98.815329	84.496407	-95.994341	-97.385514	-97.064175
-44.787855	-76.595303	39.303718	-59.321342	91.078670	64.467908
58.210065	44.224342	45.948329	-46.261303	79.356280	55.796284
-86.530640	43.070559	11.543934	45.328910	-20.430101	-35.804815
21.610595	82.495186	29.210614	27.981313	14.274382	68.632057
89.046262	94.272131	39.607673	90.825478	-99.796556	-59.353812
-60.431260	-50.434647	36.628435	29.530051	-3.065293	47.589316
75.788976	-83.770028	-24.265332	-95.819873	-42.164133	98.010031
22.347988	40.194479	-89.955658	-5.292770	-84.332567	-99.857184
74.624250	-7.586889	-10.951233	-34.266679	-17.919960	48.448805
-82.865239	4.141506	96.768556	65.067603	92.125245	-11.907394
-72.834885	53.610322	-99.125328	8.056196	65.964618	-95.341903
98.754174	-32.680426	49.711965	96.551019	15.125016	29.511128
-8.612702	0.343946	30.369839	-23.692659	14.741093	52.353498
37.504033	-85.104758	76.067465	51.894738	65.580752	11.175753
-6.815325	59.472272	-98.420824	17.973274	-75.097211	-18.816663
-4.568034	10.389907	48.943871	-52.577388	-90.044114	-73.885540
-17.681467	47.958289	-32.403574	22.349087	-54.204172	50.188885
-68.599233	71.454759	18.316270	75.291632	-17.372733	-60.170232
40.951904	2.845613	-30.706729	-50.787098	-72.865464	-18.180367
-57.350802	-59.887687	71.995627	64.339824	30.215100	43.802044
-47.929391	-89.531696	54.566504	55.681622	-47.406936	90.816890
7.765740	89.277000	-23.137945	-29.617665	86.408707	38.483286
97.470293	-66.723172	-36.460545	-11.580940	-5.038407	7.803887
66.957351	-65.188928	61.767809	6.859778	-18.198138	-2.317859
33.531733	93.685066	37.466217	-41.551901	-4.907984	82.282187
91.522117	-81.213089	81.709313	15.608366	54.255700	6.108659
54.761846	94.408987	-74.072271	-93.191620	-94.913024	80.010522
24.009548	-84.754420	70.553359	23.781884	-72.582142	-23.342996
-34.770334	-16.038531	66.922829	-97.621893	-71.844269	77.857491
-80.482852	84.486979	4.742365	-20.941803	73.732226	51.131265
41.107614	51.247256	-7.617473	-67.688871	5.899858	-51.737056
27.304299	66.118841	-39.072679	-55.870898	48.407425	-46.900136
-49.698467	-90.405154	-1.326662	16.870423	-67.744341	-85.270929
22.133054	-78.532736	-99.235841	-46.531390	-75.803735	-18.798580
-19.788814	-94.351410	46.162507	-73.678267	36.319314	73.702855
-24.577651	34.225418	-10.918888	16.972356	76.067039	-82.190990
-8.970102	-31.455117	-49.790818	46.457641	-68.343614	52.077883
76.339087	27.434484	27.782209	0.562941	-69.855054	-48.516148
79.045817	20.264776	-34.682097	58.724649	53.150114	-10.184518
83.631611	29.448734	-53.392964	43.655219	57.326386	6.963499
-56.326900	19.190490	92.189517	60.674375	93.254174	-54.453091
90.337662	76.388688	10.956933	-87.612185	-92.618349	24.523052
91.226360	20.736697	65.746434	57.276719	-14.728135	-4.535475
-60.069321	-72.578927	28.329787	-75.048453	-73.947685	33.427938
-48.524035	46.963415	2.518451	-43.935257	-37.980422	-23.789057
41.187492	-68.964374	-56.510342	-20.091976	34.272415	94.343688
71.426744	-98.579920	83.872837	-27.986715	24.110587	-53.251202
-66.476386	-25.763700	53.519860	23.392067	53.341921	48.065763
-35.844884	-4.136120	-57.624715	-52.110936	-89.720597	75.258910
-78.327881	29.156719	-58.547174	16.347746	49.333799	-8.808730
-20.512927	-57.671450	98.496251	-78.206877	78.402107	-16.392461
78.128249	28.476644	83.847033	-73.477558	-24.402054	91.286367
25.300072	-77.415124	-41.969335	40.082637	-22.682121	-11.309960
35.389790	59.726725	-95.398428	-48.146732	-69.657910	-23.236406
68.452156	34.810204	66.464555	-30.216307	49.244762	-42.942509
36.682488	-50.576850	-23.512513	-23.932625	92.770158	37.090914
-75.457182	-15.273548	-42.620472	-45.965585	5.034640	-14.254194
-18.907266	51.538951	-38.785126	67.086120	47.531638	86.576801
87.084918	-84.427605	98.914614	84.310447	80.890498	-67.253069
46.720416	-72.169642	47.800143	-60.384993	-10.876133	-16.499153
25.517250	-68.607473	15.441264	86.425328	-10.036568	-43.339669
-98.552711	1.739050	70.196794	-13.972167	72.706868	47.588459
-98.261201	46.595165	22.942789	84.090141	-58.805756	-24.558197
23.778000	-47.883246	-86.833310	-17.697510	6.845394	-19.218437
-19.162482	-9.352105	42.035020	-57.995214	-87.009832	-17.944261
59.077864	97.283530	10.791275	-27.471455	7.736283	65.550708
100.949722	36.615576	96.302879	-96.841515	61.164584	54.302306
-21.971421	-80.485787	-89.106490	60.664005	75.554722	-97.544110
44.729464	-87.119279	51.550492	2.166317	85.055071	40.010113
11.704969	-52.416745	-48.304467	-18.512837	-59.266887	90.541317
-73.345894	25.971105	-91.840467	60.520930	80.807451	96.390781
48.555922	-77.263143	-42.692315	-79.189137	-17.254104	65.110026
-72.865499	-10.629886	77.072428	-3.045428	-4.404686	83.894880
-21.509621	30.183362	-12.479733	-24.032939	44.724680	24.127240
-63.262477	-49.874645	18.028484	74.481355	60.358504	36.390514
83.148139	-23.745715	90.586437	15.774319	42.560734	-5.246619
80.243426	-35.414114	46.257411	-56.944478	10.716368	-6.183758
-37.930173	-91.831627	23.905481	26.510776	-27.315477	20.345375
92.055825	-93.353253	69.178379	-89.071122	64.762378	81.195974
92.739937	-62.617288	20.908976	87.101273	-3.490512	-43.169107
93.406707	90.845932	9.906066	81.231366	-25.454628	-63.099629
-12.083267	-17.302601	-33.466796	47.634754	-60.294906	37.588036
-66.136003	-47.162840	52.907515	82.358509	-24.745385	46.265698
57.656322	-8.728431	-75.262642	57.439501	32.778252	56.578589
-75.347563	-14.792761	-10.897564	22.188689	29.536354	-63.610097
-47.757384	72.045793	2.075295	98.213073	69.707022	20.645668
66.868369	-25.780855	-21.647819	-39.621970	87.646481	-68.660139
40.584652	87.333467	-79.424487	100.066950	-37.579095	78.805995
-79.902314	-58.802302	47.402427	-53.862891	-81.976860	-60.935677
-57.801786	-12.415639	53.230123	12.663151	63.796095	47.289579
-64.144182	57.340882	80.682903	-80.182277	-47.584569	99.922944
-34.666823	-11.412157	24.834625	32.787753	64.803355	89.832231
36.534700	29.624201	-17.692140	-51.062298	-52.156832	69.309342
58.351331	43.739797	58.901875	-29.270081	80.959498	2.404429
72.598422	-35.799953	-19.070482	-16.626973	15.207040	56.605891
4.247018	100.178936	-92.057994	45.032079	62.011231	-34.013574
-20.508552	-39.546894	47.012195	30.277168	35.152459	-64.396228
47.152466	-81.194243	-6.200448	50.958925	-1.425847	94.276458
-89.318867	-60.773093	27.889222	-88.745302	44.020370	68.646647
-7.216659	12.286320	50.114005	22.075248	35.601576	34.771141
-32.535054	27.361414	71.401255	-79.435026	5.616125	26.065173
-67.899531	-19.822173	-29.962731	16.641919	-69.879718	90.731432
1.731825	93.090482	-83.664965	-41.734140	93.876204	-52.374115
87.955152	-76.820344	-35.789913	79.799795	-36.387313	13.674070
-69.749855	-61.158557	-44.638077	74.614176	-77.924555	-72.468837
-25.081734	69.244993	-13.106518	-7.598102	-92.299693	10.221139
64.917219	-52.691012	75.756952	7.446794	-15.866043	63.383078
-74.997542	87.397650	-0.435234	30.522090	12.414572	-62.303366
47.903706	-23.354712	8.589056	-26.557826	15.498802	63.257013
13.995561	63.180014	14.957052	89.512589	-24.637193	-97.380153
-65.704930	77.339128	-7.120218	-14.588057	-17.619374	6.664233
83.274811	-37.451442	-34.785685	-67.534173	-9.323058	-92.496873
76.427626	47.065433	60.285966	92.218502	-36.658907	-84.846629
-50.561057	1.137206	60.053123	1.098405	-15.118986	73.546964
43.848404	-18.206422	84.992890	-88.157055	-22.163060	65.730047
22.134838	30.761427	-10.843916	-33.558014	-86.361702	19.253579
5.234538	76.674670	-93.201215	86.501705	64.376918	75.214748
-37.400893	19.209684	100.016016	3.533763	-72.684809	50.302566
19.514522	61.453954	97.258621	-44.225404	82.322013	85.097917
-59.683906	-83.918520	92.272867	-34.168176	61.742768	67.950618
24.522768	-53.158919	-42.931531	71.247504	-19.118130	46.445303
82.043132	61.597745	-27.189917	-92.806880	78.621228	83.131228
12.583343	90.691797	86.259901	81.468638	18.041837	-31.465501
80.780158	59.657819	44.176946	58.913861	-29.280308	-82.627336
41.852477	-66.296892	86.411025	82.085023	-22.215104	-66.899115
81.616227	-96.794295	-22.828522	-89.088790	-42.253866	-60.589749
-22.618367	-37.564064	-80.262474	1.907456	74.303687	18.559017
41.744560	-43.039478	27.360666	79.499935	60.363750	-99.402752
-53.258948	-74.083584	19.615335	-45.795780	78.647676	-38.835124
87.020514	59.590512	54.237821	68.823340	43.690917	86.506746
-6.547984	-92.967922	12.898826	-24.331199	-91.716344	-34.692161
62.371622	-86.611371	-49.735139	-88.267260	40.648827	94.648970
-41.491426	-19.019163	44.159671	66.298611	-75.919689	51.494499
36.807127	-36.043921	80.162175	-26.468488	30.241810	22.469822
-62.267718	28.428649	72.966738	44.312799	12.575816	-16.715133
87.761050	-70.866735	-89.969752	100.184818	94.730555	-30.317481
38.801126	49.624188	33.416150	-43.483639	-80.144544	48.331990
-67.040950	-14.619153	-93.155542	69.710463	69.727358	73.051734
34.639721	18.504045	-84.437233	-47.799388	-56.854563	98.732360
40.783672	86.958446	1.862071	-95.673744	-37.391077	18.539001
-61.415918	11.790958	25.817733	-75.667768	-89.838388	-63.173757
-84.868742	38.284140	-50.926761	-84.884602	-89.454162	31.933743
26.718075	-85.664473	57.538593	36.704193	-89.490605	27.321298
-84.498563	96.766145	54.786847	-93.200735	38.797615	-56.869505
-98.892184	39.057996	-61.308319	-83.798608	-38.616610	-76.047780
-2.729099	-88.971566	-24.006110	-76.351031	-84.307741	29.419072
5.473501	62.522098	77.502630	2.935660	-96.760532	-86.196709
-16.183034	-67.902147	-12.793160	58.815390	39.489433	-26.119439
-63.207674	70.501577	88.594860	-32.029234	21.694419	-33.601043
81.310989	-95.748801	80.398899	-98.529024	-65.109585	76.756388
-65.672347	93.907425	-74.064771	81.260066	56.216223	63.881945
27.179334	41.951202	-82.713939	40.072102	13.555314	23.428543
11.349272	-43.292740	-63.949935	-48.735888	-20.090197	-77.874971
-55.176763	-68.602547	19.788810	1.115263	-61.055021	-53.847027
56.482111	85.266676	57.419319	-7.825579	9.848758	8.471112
59.987794	-43.742075	77.286773	-40.960995	-66.246170	-67.265221
-2.946301	61.293918	82.107102	63.108208	89.058472	-16.324505
-11.051268	72.828305	96.077507	-77.797477	-17.513923	25.754898
75.345305	-95.943090	51.640714	8.679070	-85.175601	73.712782
82.838132	40.482005	-66.574530	53.089825	-22.658182	-70.942568
-65.018383	59.739559	-33.287141	37.297935	33.262522	11.855353
28.111760	-30.704208	-99.740590	57.277215	88.974152	-6.512152
-79.167538	-17.326553	14.392416	20.777925	-45.347687	-83.704701
39.769102	-23.472315	11.079907	39.090312	-68.463554	-93.923589
1.178802	4.325850	-5.238835	-46.579122	-11.388472	25.368465
-76.148462	-12.770247	82.356095	-72.618966	-74.584815	94.394522
63.687080	39.472051	-84.617726	30.429592	33.445466	-17.766121
22.596247	-19.391610	-0.465439	94.714266	78.854633	21.055741
-65.736252	14.366782	-59.978020	12.380213	56.153228	-59.652409
37.689145	-66.681535	16.721648	24.013023	2.718730	-91.416627
-17.984001	44.215715	-2.394364	5.989998	-91.396327	42.835355
-3.459633	79.149596	44.051953	-24.770471	53.621374	90.566932
-99.139271	77.451358	58.649122	-94.335611	-67.538277	-45.378408
24.562728	-99.578754	42.796554	-24.534301	33.722839	-25.416912
-13.792587	-81.481164	-45.283639	17.832346	-25.011712	-97.991542
-63.066601	-89.903170	40.949155	-18.458870	75.580822	95.485091
-57.422491	97.945932	61.824171	76.186493	-89.781596	88.120688
-67.950464	75.679726	20.694980	44.957818	70.948095	81.368732
40.254154	-34.342917	14.466815	63.710349	5.449793	-87.910646
87.533813	52.059007	-51.347921	-43.335808	20.785792	-6.257654
43.020400	91.803189	34.855403	81.732134	-26.464593	-22.740058
-20.704529	-21.436241	-79.669014	-7.149498	-11.339637	-80.498499
-83.802552	5.507920	19.120942	0.978694	-55.334902	30.212865
-72.572793	-46.487905	-41.859640	37.589079	-17.343297	38.478200
65.762293	44.746203	90.264548	-44.687405	-68.964974	68.196166
95.582524	37.347741	-53.567909	-20.620221	83.217591	-22.847967
-87.169421	-50.214458	-10.823882	39.490109	-8.708081	-46.931528
6.226063	-49.011687	-44.069947	38.381475	-97.163064	70.302845
-36.265658	-6.946735	-35.819561	-99.960154	44.787245	-11.754923
-5.400179	81.666826	-80.936148	-51.976030	-6.787624	81.688526
30.863762	37.047536	-55.379425	84.177507	47.604525	14.348848
89.482406	13.247257	93.663401	60.711112	93.800595	-30.014902
67.029607	46.771854	-77.206971	-33.615457	-53.236131	2.249943
-49.426716	-4.189711	44.756985	-45.530208	13.219955	-50.157657
-99.217359	9.767806	-75.842585	5.062697	83.147211	-64.070566
82.660116	-96.391532	94.350469	30.426729	-73.702983	9.954155
-5.103648	13.155707	-48.190315	19.765841	85.079763	-0.291042
55.825920	-89.773025	92.100405	-87.963540	88.234971	-1.703813
80.376444	6.551691	58.254358	-35.058138	-34.684309	56.367952
-2.215997	-15.139743	-24.886845	-2.169597	72.942576	44.193911
-65.579455	-91.996486	-76.170577	-56.477499	-47.822504	-87.026190
4.640308	-71.769849	64.766688	-31.023446	-95.412379	87.251999
56.474177	95.908660	-68.189448	37.057644	-41.196380	84.583764
-36.594852	-49.243590	4.405077	57.374072	40.881947	-15.519206
91.965365	27.817444	87.446223	-29.837732	94.794866	8.797136
5.863433	-81.681237	-76.401318	50.565648	-78.780617	-80.264356
38.509886	-10.190524	-45.662314	-52.784299	73.312365	25.960046
-97.055946	-4.006554	-7.591427	54.373584	93.401954	-44.958573
21.285764	-47.167518	-31.505267	75.196354	87.680648	-45.379166
44.723229	-45.838340	-38.805363	-69.762615	26.997821	0.628939
60.579905	-39.799133	74.120843	-65.628132	-75.685558	-77.695541
37.635946	72.536373	53.572665	59.792289	19.864552	-68.134071
-49.493295	86.645602	95.609277	-36.240430	22.185708	65.409277
-95.539709	-24.746862	58.046940	-65.456574	-19.057489	-9.779312
-47.238788	65.018891	-76.502210	92.954348	-0.154920	12.841048
-50.714114	-96.659205	56.341767	-26.801926	81.709396	-54.445109
-36.623327	31.204766	19.382735	-90.931535	-75.928296	-29.232580
-86.373319	-50.657177	82.012300	13.217518	-77.737455	74.585126
-93.084359	-94.122907	5.161635	-34.115849	2.984777	94.886810
50.252603	92.339642	-86.329956	-98.114053	-73.882160	13.080021
-93.087154	40.033296	31.505802	11.258329	-72.001883	79.481037
-57.529636	55.139765	-38.258483	-8.715695	-19.201956	62.748591
46.039589	48.412747	-37.522731	-53.434663	51.338137	77.481724
59.282240	-53.972295	-45.201850	55.269017	1.821438	68.228190
21.850111	25.760147	45.009181	98.798869	86.369079	7.515161
-81.478237	-44.283364	-11.536531	71.702197	33.927891	59.319168
-38.307769	-24.850041	79.149711	-25.329169	68.956007	78.695720
21.873143	-96.680429	-0.112835	28.946959	15.413796	-76.565796
59.268176	53.342995	1.014581	77.340128	17.498594	35.402878
65.370366	13.907467	-51.167900	2.942193	44.161921	51.054687
-92.598281	82.900172	78.542930	8.013791	-99.229229	-91.253433
-80.869607	11.516309	-81.700904	-65.136657	20.252826	-54.435170
5.009424	41.840914	-77.257863	-72.022815	-39.527347	55.196360
-84.139501	-92.206410	27.371458	74.327578	38.351777	-78.858413
-43.873930	-23.430056	-46.870922	-56.585524	72.276890	-68.612106
49.051256	-87.725629	-70.865885	-95.732272	32.033334	-86.310166
60.637050	-26.537803	65.750116	-41.478747	-75.220607	24.580104
-32.716478	96.109148	-46.056046	1.364851	-26.702084	-63.934356
76.193354	43.736903	62.994012	60.949570	74.698587	32.591778
81.798536	20.628607	-92.636268	-0.072967	-17.563075	4.643330
-62.774966	9.207287	-80.090373	-25.672549	95.822133	-34.686570
27.053844	-49.713721	-69.934766	-16.742490	81.153860	-74.322082
57.345219	7.095913	71.724607	-39.367128	11.936106	-77.225922
-73.014465	-62.810606	-58.127818	59.273640	20.358932	-68.010280
-39.179132	48.712567	56.573550	-20.234209	-94.764620	-76.547739
-14.592722	11.861340	3.598795	25.983111	58.754523	24.731656
27.306877	-49.130901	100.341128	80.074361	-38.928177	-17.069670
46.822932	82.313585	-84.991737	-36.767487	47.494155	96.603354
-41.445079	-54.344403	-36.152361	-11.218835	54.059940	-69.979388
-80.282842	95.831935	79.941089	-95.607123	45.270685	72.497394
15.384446	15.694337	12.435015	-73.207755	33.683125	86.609375
-72.372667	51.835379	-52.834571	-1.416211	29.329032	40.909166
60.304151	38.384312	-35.734818	-94.148596	-13.978958	-23.557007
-4.177140	-27.974312	-10.656563	-57.860474	31.698016	30.789839
23.077678	73.940449	77.082951	69.718267	21.023146	60.954492
68.794300	38.345092	56.442875	-85.283982	-94.323217	-86.106484
-81.424708	-29.457069	70.845524	-69.554891	97.260000	78.122868
91.359319	-75.699283	16.086212	94.040693	-9.942770	52.406945
-7.736281	61.663317	-32.654652	68.303541	-70.698417	83.177495
-93.445271	-40.803520	23.413431	-97.300506	-71.818192	58.409996
-9.691956	85.418502	36.827912	79.023152	-85.231900	-7.776998
64.983115	96.485223	19.154547	-58.814434	-45.225167	17.059807
66.848202	91.895827	-93.761319	-33.295847	-21.017306	95.597668
-95.438530	-31.418756	12.834644	10.176635	44.963022	99.589920
-17.533995	-16.537910	28.581554	-28.634670	-10.278557	59.352923
63.909256	8.766395	33.068318	37.915444	92.770158	70.909820
-44.147613	80.985665	-61.957957	4.344272	-33.198063	10.165227
-39.244751	-55.428916	2.837816	-89.790537	68.984017	-37.262652
-82.853572	-23.385908	20.656227	24.208328	-11.220991	-45.809564
82.493085	-34.537420	31.853226	-95.927894	84.010558	72.790062
-25.973388	10.877597	-66.363625	-38.980383	71.748931	-92.655310
-13.289978	43.174952	-90.780766	-3.149927	-48.098679	0.295606
53.426276	-36.897097	71.328279	58.002836	79.324545	6.631645
70.658991	-5.099050	78.114699	-8.640267	-16.447266	-39.065178
9.294139	-16.094062	-32.286956	-50.323820	71.964309	-48.169165
4.282980	74.960380	-87.294074	75.684481	16.953867	95.582599
-79.306923	68.160729	-67.338864	-5.358264	76.152408	-20.374574
31.186059	67.681583	2.783607	-67.971840	-54.007868	-82.129782
66.140161	99.180434	69.055500	9.361940	24.841429	84.019492
56.555260	78.488674	-18.949717	-98.329637	-86.129195	-8.791192
-33.798380	7.367144	-86.241148	79.672958	-2.878882	16.201586
-44.136783	46.579204	82.470689	-58.715235	-86.425807	27.420912
-68.424760	-27.127081	97.837854	-86.775980	-37.881003	-94.923470
24.383124	48.585897	-93.016893	-79.135990	-54.891777	-34.536662
-83.767963	-63.436846	-86.648145	28.402937	-26.005339	-16.619161
83.485285	71.531579	-97.251768	-71.340175	-81.642859	69.449708
52.804601	59.655137	-34.947952	-50.319335	63.993781	-24.870559
-1.737254	8.681381	0.126270	91.496679	-36.154657	-97.470969
-79.934430	3.759069	47.758271	55.169902	-75.536922	59.267806
-64.914646	5.807319	30.024517	48.729510	53.813183	6.713442
-66.511013	78.367409	10.322486	-87.247402	38.715842	-14.495011
73.508895	43.946422	-39.242254	81.274443	-69.584765	-58.564695
13.369618	-78.860704	73.264202	-49.504748	45.920936	78.152435
85.507951	29.834572	-40.386791	-28.629906	46.538551	39.825805
-20.184976	79.431391	-70.411132	-97.860862	14.367222	59.905861
-43.471958	-66.821676	-56.165074	7.779094	82.042032	-38.125526
-14.491138	-44.000648	78.181577	-47.603488	-77.998823	-18.166109
91.664806	50.536430	-36.654373	-97.256559	-85.078357	-79.432848
-26.768110	76.629314	53.078797	50.940897	-66.340857	-16.982762
42.969059	-86.875594	-14.559572	25.308952	-66.720500	41.728115
-16.995389	-11.178582	1.156387	40.216588	-54.536207	-40.652093
-68.899814	-4.218331	7.536200	26.526004	-90.098255	-43.035113
-11.049299	94.311682	-63.746003	85.525735	-26.230367	-11.496143
97.805130	-69.259109	11.429213	74.034878	-97.171816	-52.809261
59.366474	7.158795	-36.128617	-46.114817	89.201507	100.091819
46.353622	49.288618	33.912563	-91.933155	36.962490	56.459159
-6.154232	80.024514	-35.181463	48.189943	59.432605	26.524668
37.426781	-77.582379	37.625877	68.658779	36.278120	-99.207949
-40.725489	0.623453	58.016757	66.732933	-22.389496	42.098574
-1.991279	25.303342	-32.721770	42.620471	-20.557151	24.272224
-19.075451	-61.708383	-58.357839	6.999427	64.919597	-49.105607
75.508055	7.609481	-35.318675	87.335508	21.639331	-93.046688
-17.086393	-95.936464	-18.785400	-53.015913	44.503739	71.297022
-37.666299	50.126331	-92.887022	99.167930	-28.342706	92.740956
87.495787	-35.127202	-95.985300	-39.685555	98.492878	-70.767575
-77.137806	-72.494931	-32.474413	25.625417	-60.196994	-53.196318
47.879612	-47.122528	-18.046058	39.769900	83.293118	41.050217
77.518763	-95.022714	59.383726	73.792386	-28.180676	-98.639260
-5.377312	89.469578	-58.738507	-78.166694	94.557893	-26.939910
19.813515	87.258123	-78.879926	-47.893190	39.264263	-19.543786
53.987282	-51.927882	-55.821797	-40.601314	-81.892846	59.693173
-2.183237	-36.479812	-62.055887	16.843761	73.150216	-67.041956
35.224195	-73.241318	25.862997	-10.887927	-99.843456	55.428913
-88.435648	8.629440	65.670316	66.089064	89.791733	-92.524058
23.635152	-82.955799	-11.767319	-58.891638	-19.232679	82.494231
8.757490	86.135259	36.758747	93.509642	92.215588	46.108889
-98.586045	-57.006925	-19.406098	6.015447	-73.578106	89.007377
-21.130489	88.659950	-86.680264	-79.275924	61.324376	-1.743496
23.770371	4.327891	-91.099747	-4.174549	-52.682334	-41.821577
88.938351	31.102608	90.551653	22.814079	-51.785734	-31.430327
-71.322024	-50.620332	-81.619919	-68.861903	29.731561	51.886946
25.496568	27.255466	-2.555186	80.012900	-90.402301	-33.936443
15.998969	-27.965482	60.351426	-19.201091	-34.535782	43.724092
50.705814	-45.726976	-44.469871	46.168243	84.563382	88.094637
68.113236	13.139521	27.838225	71.138305	-23.597596	-77.816796
46.526568	80.033989	32.506816	94.555850	-91.821223	-8.297133
-31.843249	77.580166	-53.630810	51.316070	-37.558511	-85.380795
-62.902872	56.140880	9.193661	-43.801997	66.240870	12.260468
-7.895411	-70.543439	-13.455801	-32.535384	15.746639	99.355762
-98.753001	-44.062155	-67.193484	-54.091151	-76.139572	59.896621
23.055577	71.385343	76.216896	31.758255	97.833119	-34.480577
52.625954	67.875241	-18.706618	-27.259782	8.782026	84.189502
-21.810741	45.675706	-3.396622	95.219084	24.632187	-8.815951
15.830553	-84.489241	-93.212698	55.558591	98.122159	-1.817009
4.910457	-12.819520	20.695442	-88.023972	33.234323	92.085561
-64.840583	4.670009	34.621874	-90.281185	-42.636278	-29.424588
-22.697115	-75.508152	94.450607	81.457086	72.933069	-78.811280
-64.288399	14.952602	-49.285342	-0.894444	30.181174	67.356510
-8.948098	56.360850	31.077559	56.985373	-87.871574	-76.604689
-15.501800	87.808325	91.313020	-50.748320	-89.234023	6.533285
88.368054	75.949942	18.903115	-32.516692	36.814424	-72.261039
55.912042	-82.998486	94.598171	26.919874	96.094724	-57.807670
-79.229293	83.067148	80.144611	28.085877	-6.887447	-29.441986
-86.583437	68.797321	-72.818977	92.943407	63.349146	73.902835
-77.700068	-96.892528	7.328543	-40.219964	-63.460072	-79.117255
56.245367	73.247909	14.853001	-42.262103	-41.058291	15.978529
28.712559	34.753091	13.790340	71.175052	39.517619	-42.397644
-5.032019	63.102080	-16.193848	89.037579	3.223137	42.603324
99.050639	-61.008309	-36.577668	23.001627	-58.188835	-39.796582
-81.391434	98.061692	-91.804361	-94.211876	-85.693428	-62.373551
58.305891	-28.562191	24.261887	54.826863	57.811694	97.877536
98.131630	-38.497644	-74.962391	-60.062058	-79.184556	20.176741
90.196898	41.071924	-99.575956	87.547209	-81.502069	-14.951699
-8.459686	-21.274894	-47.605887	30.528755	45.221525	23.153410
-67.233072	8.228668	-12.223335	-13.182815	44.167973	-37.539670
25.319423	9.434703	-59.568764	-94.173934	59.844897	41.556906
-63.592521	-36.545098	76.591355	-48.740408	-50.199727	-42.743712
-63.756473	99.643564	-19.690794	-99.747808	48.999958	5.681825
-47.638649	70.518870	-72.714567	80.459551	-13.725257	-19.172516
5.578064	-53.791638	67.534015	-70.353175	15.735659	-85.023889
-66.021484	-74.925203	0.229119	37.893061	81.185379	-21.048809
-27.377304	-66.875146	-46.822435	98.546650	23.122327	-6.967588
-35.565591	-14.923009	74.956031	-14.635392	39.659426	-63.532909
22.576296	-73.481481	-18.538940	97.661377	-32.654247	18.382390
73.339688	92.748652	84.792920	91.948184	23.173942	-83.842554
-27.317607	92.020375	11.408763	23.628903	44.308256	39.936021
-16.522319	43.219756	-19.285846	40.292709	28.044468	-21.111971
-20.501642	-37.315372	56.542257	87.417943	11.740624	-10.655554
13.357949	-24.103915	-63.931934	-17.705900	-76.737592	9.046531
28.627334	-78.911462	-83.264677	17.684795	33.106871	74.612924
26.861164	17.526689	46.405666	25.111453	22.851329	22.924628
11.952296	-51.554544	15.812932	-57.628451	-95.085523	-78.237558
-46.507881	61.365333	22.217307	64.957761	28.434601	30.590772
45.874212	53.345020	-41.712573	33.848010	6.880250	-40.435809
-47.681225	84.137402	97.405607	67.858642	58.975613	96.227314
-31.665120	-50.109122	27.683406	-42.009062	95.222215	98.306403
26.559397	88.513478	-92.271415	-46.418167	38.976983	-6.726504
-57.247204	41.459972	81.210478	44.547303	8.480399	-31.804571
64.488475	100.457950	-17.966767	94.216382	-71.711329	-89.953068
-96.150551	75.874818	-11.377541	-94.111582	-59.711171	-25.961075
-98.714120	-75.871806	-85.017068	15.227156	-32.151293	25.433493
-92.194104	62.596710	40.216752	-54.959362	-97.644321	-80.119605
74.204656	89.877390	33.131484	-81.984020	-72.247871	-3.811298
-79.902621	19.207478	47.458065	55.283752	-64.738247	-82.537344
63.486918	9.710866	-29.470155	14.364363	19.095822	20.711235
-62.942871	-0.214302	-62.676094	-92.212648	-41.907994	-31.337905
93.584873	-17.264828	50.243941	-65.456955	60.668418	89.365402
-18.071921	-50.688520	-82.024555	-68.962543	43.611676	86.099237
5.349739	-95.884475	59.040854	75.087917	-34.832900	3.660923
-29.380772	29.126840	95.613648	89.845443	-58.597749	66.470353
69.562667	37.809717	-29.036244	-91.810463	-74.696775	-81.241660
29.696623	-62.384130	-99.370722	7.312310	-29.527294	64.431667
-82.246622	-44.401027	-65.887865	83.280908	5.363614	-11.072071
-74.538917	-38.056641	-97.425912	-69.870891	-89.887495	-40.057323
-24.011511	90.245435	91.292298	33.112737	26.038104	87.304049
-66.339478	29.481164	-33.145057	-84.594815	-72.962021	-73.693451
70.583670	19.477608	-3.839003	-71.909890	-79.081327	31.801696
9.661975	-74.181094	56.404609	-23.432468	10.220604	21.506888
61.225059	-64.403870	-77.869623	-26.964788	41.496374	-51.507920
-97.403213	28.268417	-11.813457	-95.682866	-52.922706	80.764027
29.879383	59.791072	-58.444022	80.676868	79.899734	61.167884
-75.153994	-3.550543	22.205730	-4.286583	67.326826	16.594719
-27.190982	-81.974861	-79.842695	-80.620100	30.805120	69.906424
15.952567	42.031914	-29.353113	75.930037	-51.692291	-97.977274
16.347577	38.459809	-22.960308	55.091913	-62.394537	50.979810
60.341584	74.215505	-50.252982	-41.903653	38.871874	-85.398794
1.805936	-82.290505	40.985568	13.621692	35.411694	85.512950
-20.485243	40.233368	72.924188	-66.147252	-39.785507	-85.835642
-46.202181	-48.874871	34.200492	96.837217	-86.924634	87.165923
-66.686438	-19.630718	-68.572168	-43.289168	63.130310	20.308735
-89.266410	40.197976	-83.328645	57.485546	16.467625	95.194907
30.038191	45.252060	-33.852690	-75.248833	31.797662	94.118905
-90.864494	78.851252	13.029816	-36.976519	41.433630	50.308128
-13.642624	-86.194509	-69.477965	-22.953060	20.250125	-96.246620
97.163228	-37.876129	8.276014	-0.574325	4.903044	-11.001713
62.084633	1.459341	-73.977822	73.073980	-86.262480	66.524425
66.070239	-30.801960	1.749073	-76.896467	-9.640236	-72.989946
-12.581127	72.467109	-35.461002	87.361377	27.525023	-4.870570
-87.525219	15.293773	9.810451	45.405137	44.933313	0.811476
21.623724	-95.542271	-45.629254	6.469854	-95.820993	46.474977
-47.582331	44.334835	6.485078	-20.386942	-31.811209	-3.488149
41.803616	-30.992353	-18.116198	-12.879380	-91.556422	-53.007553
75.267182	-35.519097	43.133345	97.090866	-32.430508	91.662209
-39.122600	-25.303149	-79.043750	67.635002	-83.249293	76.614827
-58.938525	-86.155271	88.694510	-58.402856	-7.916995	40.394957
5.884367	83.626996	88.315672	0.923011	-22.907701	60.937453
-93.163618	-54.713596	-75.292743	71.063205	99.100540	54.323743
-68.331468	64.095189	-88.739702	78.791604	-74.780331	81.996145
44.908866	-96.976944	40.337895	88.792550	73.454948	97.815076
33.985953	-2.074679	-2.439175	-87.053271	-23.242157	-80.393028
47.644749	79.113104	100.410094	-13.150914	93.592038	-45.613828
-39.157685	-14.177698	-23.041136	-59.291686	86.846963	32.375134
-98.925047	94.904644	79.552978	81.197242	-85.001448	-19.423556
-13.057528	-32.510301	-85.939152	-16.193416	-57.406926	-15.291656
61.693627	75.788161	22.308998	-90.747642	90.831269	-10.962503
43.193181	70.191146	-64.594250	-30.213150	-7.834262	33.098425
-31.722764	-58.588077	27.101989	-96.223660	-84.021334	16.309590
24.107013	89.094932	-73.888670	23.583636	-57.493966	41.546185
-7.073735	49.455059	-16.608457	-1.388031	5.782563	-90.541626
75.156141	68.804538	-23.502399	-49.053954	49.727597	82.473294
35.336536	-46.395522	-59.174185	16.681688	-60.301943	-27.354029
-30.175044	81.148540	79.801437	-92.219472	15.474653	35.741725
-35.472590	62.904891	-36.951885	6.574868	74.086774	73.564783
-76.274676	45.802346	4.375484	49.701602	78.569761	49.736638
-69.653542	91.554887	-77.456622	-99.177772	-63.653747	-94.882635
69.439260	55.766819	-16.060716	-63.206365	-58.155369	80.667898
-58.842891	-44.570884	-62.681355	97.283433	-29.813930	38.675182
4.276191	-75.367724	59.844492	-42.983726	56.778335	26.455628
-35.378581	-34.353659	25.127585	-4.935138	30.236798	69.743601
86.804722	-83.751406	6.775673	-21.000478	63.670268	87.764614
-53.254919	17.428027	35.225651	76.108948	38.868566	-30.141587
-35.975355	24.909491	-39.489890	6.348642	51.110071	-20.994631
0.804220	-30.434984	18.431178	-19.732909	6.319171	78.745287
-36.733511	54.636171	42.209706	-38.828631	10.280005	3.861025
31.139215	-29.269894	-58.307093	62.376799	91.059103	4.554453
-80.508739	-71.367063	-34.749601	11.589919	-74.170208	58.717986
-77.770300	-56.604374	7.644458	-80.578687	50.747994	42.138792
42.176448	-7.079172	-83.735622	-13.084364	69.058967	-95.298730
-97.559871	-44.418200	43.525938	93.665475	-3.722078	-55.680926
-30.644781	99.489505	82.460764	62.850659	-22.466927	-81.749167
-84.877479	100.451718	-34.692036	58.310207	46.359137	-98.693094
10.133543	40.357854	15.779498	54.530654	-94.950379	-95.246974
55.595773	8.499860	-36.511952	76.950836	40.646807	-73.882283
-73.674419	65.309991	-77.503647	-47.809860	3.839133	-76.939795
43.041672	11.645829	78.528822	99.633248	47.275577	4.239971
-28.920747	-52.336474	11.194953	95.057528	-10.232139	-99.311583
-25.454403	47.532076	-14.950105	84.008458	9.071820	60.923746
-0.371559	-68.645311	-5.583252	-68.177970	91.833695	3.786614
-21.915704	-12.648171	47.541070	-4.957037	-32.322158	-72.774643
-93.808431	-73.985553	-63.828961	93.643769	-81.460950	-99.148482
92.231848	-0.796585	33.327569	88.309120	91.194688	-69.833809
-37.276644	-8.077191	-14.898106	42.303551	-62.523953	-9.704160
2.434996	-10.232447	-93.916619	-54.388917	78.886000	17.640271
-35.548076	-18.662154	55.658591	-16.796111	39.344001	95.010950
-93.508858	-40.077499	-96.706683	-30.070226	-45.607881	33.944686
-27.441338	-16.940311	89.326162	12.756240	-34.004708	31.287630
10.026927	-37.596434	-73.522566	93.478318	57.386421	11.449243
77.783003	-2.660343	-80.438523	-84.981486	-53.841269	5.009362
-77.211695	70.137905	21.243791	6.021831	-77.196479	-86.338360
-45.081062	-93.099074	-73.536200	-17.415157	-73.772450	-32.912559
-57.046595	-48.961103	50.311893	50.213918	0.000864	-82.897290
15.206519	24.531934	59.758836	96.796012	-24.578395	62.105224
88.570379	94.803543	83.337340	-27.363929	63.111785	-44.249605
-5.768595	-0.647761	-52.889631	-85.519388	-90.375431	-60.664782
-78.888075	-93.373404	24.067437	-51.523360	61.651819	16.008332
58.531742	83.912832	-11.631689	9.210729	34.449834	39.521169
-78.618914	-63.338166	-93.637845	-3.719369	47.452325	70.806871
71.416157	-72.626245	-46.776928	88.512687	-18.499979	90.316046
48.380851	93.298403	62.696677	-50.612596	-46.248338	87.648723
-75.276795	12.475951	88.135272	-99.268921	2.974425	96.120669
66.593297	4.416580	99.951263	-69.804811	-53.849472	40.088669
2.313654	56.807505	-44.139914	85.992251	-16.884598	39.394739
24.906733	20.899035	0.335363	83.538930	-14.568207	-84.339876
-41.327178	54.928472	-48.883454	33.802415	6.472768	-24.362649
-31.431337	47.816246	-17.672144	-21.785017	-30.514551	-44.046567
1.949210	59.910359	91.428750	-24.645132	-8.200912	10.991014
45.754620	32.727379	45.868112	8.353206	50.629392	-22.823547
34.794386	-15.018100	24.413689	-95.561714	23.949568	-48.582554
91.640457	-29.985690	-42.817044	82.894893	-69.739995	-63.654998
-54.012156	64.933370	-62.293839	26.521098	37.727964	-80.920469
-4.805257	-41.438897	96.624403	-96.426310	-74.853594	-73.430299
100.675881	88.755838	-74.306253	97.234702	94.749630	22.328365
26.786414	57.543066	29.348183	-55.480337	79.244987	-11.334998
6.275687	17.002392	3.837557	-11.020120	25.246545	45.100625
94.840217	38.292542	9.700576	87.433944	-37.857906	-94.199965
-20.836842	33.067120	81.355916	85.192140	24.827875	81.367730
66.775158	6.131605	6.226621	-99.509152	100.482404	10.380166
95.869527	18.973788	21.043307	30.574498	-70.424897	-13.115312
-12.054038	75.202719	86.474674	40.158234	100.461956	16.766038
-14.142626	-51.713689	-39.786427	54.256784	-48.773437	86.492393
-81.566995	-24.488628	74.062418	58.177148	2.652815	-22.724462
12.294759	48.072368	-20.375462	-41.540497	-24.245885	-37.739597
-70.260441	-42.836285	27.908097	-16.414014	-88.981549	-50.070009
83.485759	-18.661915	42.479103	-93.018273	-81.605751	-27.651159
78.787739	84.561224	-83.193547	-67.883899	78.772807	57.826493
9.035202	-44.843303	34.628723	-13.486045	69.533665	-51.519186
-18.128488	-49.422532	-15.822366	72.360227	-4.307116	-97.230376
-76.856412	-2.064783	50.904670	25.775703	67.006612	-32.104524
72.835375	0.021257	2.751257	-54.461706	15.796688	-27.652990
-22.342615	-6.540572	80.771544	-33.800115	-2.729564	-93.110694
-98.261020	69.125491	-71.436601	33.471772	61.150358	-87.090412
-52.897343	54.064020	31.133300	-29.287362	6.183403	-83.188977
-36.985273	-32.424103	32.789539	17.855870	-43.964343	-36.211101
-19.418796	-67.809950	-57.478738	24.326409	24.878434	-10.086024
-81.726596	7.458143	-71.103702	-97.542072	-96.309724	-38.078517
-62.742297	85.105008	58.885414	-79.944322	-25.875889	-44.503143
-83.617582	-64.624828	36.856728	-8.315506	-53.471480	-7.329210
60.789464	67.632930	-90.672775	-53.263769	16.060260	-87.377411
45.893624	1.847256	-66.295990	45.927624	-44.975230	-19.394822
73.573870	44.517133	-77.917430	24.772728	-49.218211	-18.891258
-34.464308	84.820549	-9.554136	9.540737	81.702961	-85.633612
70.271679	-6.932418	58.457885	-13.934483	39.444300	-73.125252
-55.278326	-9.505865	2.225449	-85.957291	47.610022	19.960097
-60.990237	-62.333951	64.037419	-81.761135	-19.735850	54.079657
87.356354	97.537131	-56.403313	-3.184517	92.833754	46.112019
87.380959	78.692415	-38.201688	-98.277803	26.851578	74.450019
41.541843	36.941330	8.262958	42.247118	3.298212	93.325776
-7.897571	74.936311	-69.196581	95.615853	-95.931196	9.938934
21.866109	-80.284499	95.301369	-19.837781	6.768247	-43.436207
18.328197	4.842636	-39.941481	-2.110013	84.915816	3.859158
50.003039	87.963310	96.631845	8.894682	-41.313924	-39.328225
-64.795626	-82.065322	-23.746821	87.364803	33.606595	38.677795
-3.067377	-3.529691	48.790514	-52.357445	32.881850	12.147923
79.542589	85.709119	-65.446506	-86.417971	88.299893	-8.287860
-14.744827	70.055638	94.748901	28.272108	32.969889	-89.407629
64.145599	-87.462074	86.175733	11.088413	88.909116	-9.349156
1.328883	-23.103816	-7.134579	84.217321	-46.486088	70.407899
-56.727146	74.598957	63.122139	-15.831270	-33.407791	36.915844
-92.730358	-62.507859	-9.238479	23.538006	100.047161	-75.251020
56.709994	-12.755535	-91.752047	16.118168	5.643590	53.915733
89.528975	21.804478	2.972745	-44.015851	61.025257	-66.230777
-34.928928	35.362054	-36.795136	-15.686785	88.673477	55.247717
-56.202834	12.312777	79.944284	-56.911866	-27.932060	-75.122514
24.516256	14.436357	51.416206	-93.149948	-39.467633	84.845169
81.928619	-97.495872	59.895680	23.938578	-63.154995	21.390107
9.889992	-91.598862	-55.811305	15.518272	6.363328	-79.688377
-29.816563	-31.581930	-35.730608	38.902692	27.370480	-63.383862
-52.461715	-43.251378	15.209486	47.804405	64.765591	-28.040133
-29.068773	29.500928	8.659960	-24.387852	-87.248494	-58.963305
-70.397622	-60.545146	89.720447	-97.405104	20.574603	-82.109098
-48.196957	-81.622097	55.179484	16.274144	12.350108	-6.890974
-90.736856	29.301550	2.270570	89.152744	36.198683	-74.747635
-3.538330	61.656072	82.719869	-89.972025	1.859102	50.273519
28.691552	-37.885986	-11.718525	-98.943647	30.963644	-81.908670
29.938959	-94.042595	91.801601	13.638450	21.597059	-60.864815
18.946443	-20.226996	6.855920	100.557357	59.654992	73.554950
-95.496846	-90.434994	45.183239	37.265125	16.982596	-97.669991
-58.866633	79.762706	-42.939984	-48.999031	87.144632	27.702614
