-1.487535	14.986925	26.597407	10.128819	18.874503	19.922550
-1.042748	15.276426	26.306551	10.061657	18.624780	20.556529
-1.390029	15.487486	25.975241	10.035933	18.730490	20.308153
-1.005777	15.682535	26.601148	9.984625	18.654834	20.031951
-1.878289	15.814004	26.807986	9.693196	18.896927	20.159268
-1.626249	15.718496	26.123068	9.977900	18.707032	20.027769
-1.361065	14.934338	26.190469	9.781600	18.725153	20.455221
-1.678313	15.593323	26.456393	10.026951	18.868079	20.292168
-1.590481	15.825523	26.242592	9.760922	18.837029	20.365660
-1.908530	15.270401	26.756886	10.023741	18.315259	20.226175
-1.468058	15.286306	26.808837	10.176780	18.815521	20.405675
-1.965294	15.904705	26.650765	9.880298	19.049886	20.212301
-1.015567	15.649387	26.212139	9.954972	18.515464	20.333595
-1.358875	15.387383	26.491426	10.387972	18.686997	20.691254
-1.222033	15.431491	26.816717	9.878703	18.721247	20.357847
-1.191086	15.232898	26.744507	9.990507	18.812897	20.450214
-1.542498	15.726843	26.501026	10.337713	18.591220	20.585259
-1.306437	15.784986	26.704325	10.282008	18.731717	20.587022
-1.196285	15.763532	26.705134	9.893506	18.790582	20.469788
-1.107506	15.795663	26.000276	9.558157	18.516318	20.209869
-1.411982	15.375033	26.644792	10.275428	18.294748	20.557571
-1.149565	15.732505	27.032498	10.095015	18.668169	20.411991
-1.105466	15.436632	26.499956	10.060063	18.517123	20.086801
-0.754319	15.689062	26.332851	9.824941	18.698526	20.601691
-1.143194	15.484224	26.431171	9.851573	18.543419	20.650323
-1.612304	15.266178	26.486807	9.926990	18.950783	19.965164
-1.406904	15.689761	26.594937	9.907182	18.784130	20.292215
-1.283736	15.367819	26.130168	10.071899	18.559200	20.503786
-1.736650	15.777004	26.083152	10.102918	18.427329	20.204872
-1.450831	15.765332	26.309684	10.053350	18.623345	20.152122
-1.584104	15.229046	26.669332	10.000415	18.469899	20.427499
-0.988632	15.705890	26.725654	10.083753	18.909688	20.319522
-1.467151	15.556772	26.769826	10.327374	18.226948	20.722512
-1.184723	15.095477	26.361253	10.169515	18.547550	20.077027
-1.188177	15.159104	26.646961	9.911032	18.714742	20.293657
-1.522088	15.411544	26.733368	9.860181	18.340844	20.518153
-1.117612	15.409856	26.821949	10.018278	18.697305	20.516655
-0.937833	15.366178	26.790768	10.026868	18.839056	20.342820
-1.103504	15.516723	26.774379	10.210487	18.830717	20.168349
-1.857220	15.248152	26.433154	10.192996	18.904464	20.270052
-1.027253	15.446209	26.814750	9.806216	18.590053	20.279738
-1.350679	15.080621	26.721335	10.233362	18.695865	20.638197
-1.542507	15.350209	26.465515	10.397757	19.007581	20.099715
-1.451095	15.488533	26.481090	9.883505	18.896165	20.731547
-1.543800	15.679346	26.477559	10.084346	18.434318	20.963058
-1.585148	15.690257	26.644266	10.117091	18.831003	20.370814
-1.249729	15.341399	26.682321	9.776357	18.407885	20.210329
-1.475741	15.323241	26.934915	9.970994	18.743437	20.155103
-1.277864	15.528931	26.201205	10.067382	18.676342	20.209221
-1.508352	15.609550	26.379855	10.193283	18.487508	20.608781
-1.580394	15.436395	26.566758	10.014157	18.750322	20.337174
-1.659485	15.178050	26.626860	10.188086	18.840809	20.724704
-1.332058	15.786906	26.355116	10.116773	18.708702	20.336055
-1.595681	15.232800	26.382699	9.999311	18.575276	20.398802
-1.379360	15.704298	26.596890	10.161543	18.879672	20.482635
-1.585939	15.078964	26.664565	9.939167	19.086628	20.478311
-1.613503	15.366491	26.692678	10.392151	18.516201	20.524332
-1.031996	15.703358	26.744510	10.055496	18.259042	20.667994
-1.291921	15.558175	26.861756	9.675606	18.376533	20.485567
-1.460201	15.617441	26.745266	10.043935	18.686060	20.144978
-1.116712	15.538660	26.509038	9.720897	18.846190	20.104536
-1.021208	15.542526	26.684124	9.961182	18.901787	20.283131
-1.754888	15.198523	26.764236	9.934612	18.510774	20.752268
-1.237451	15.575858	26.856077	9.815560	18.326988	20.049674
-1.227885	15.202473	26.269067	9.970144	18.656810	20.775374
-1.473504	15.464654	26.797146	9.815236	18.909005	20.353298
-1.638396	15.118001	26.867843	10.031251	18.753105	20.291162
-1.448490	15.239480	26.454196	10.228535	18.918304	20.084637
-1.618415	15.486891	26.464678	9.745345	18.459632	20.555691
-1.412307	15.760941	26.247080	10.151925	18.765274	20.212461
-1.192242	15.754004	26.783770	10.334784	18.837484	20.439993
-1.406281	15.838734	26.619225	9.998752	18.663773	20.278591
-1.320987	15.575177	26.201106	10.118867	18.619365	20.499532
-1.299051	15.785919	26.889904	9.917617	18.448081	20.357344
-1.394331	15.535344	26.442000	9.841270	18.309820	20.574826
-1.160388	15.460110	26.656776	9.832185	18.671950	20.573730
-1.152548	15.613147	26.650436	10.114493	18.742302	20.331067
-1.168839	15.629879	26.713055	10.238906	18.476516	20.555588
-0.971346	15.640538	26.694605	9.701832	18.540113	20.388979
-1.701649	15.556022	26.460530	9.730294	18.214087	20.518110
-1.918714	15.332138	26.684009	10.169747	18.638675	19.913802
-1.390084	15.258115	26.690996	10.034067	18.719823	20.449389
-1.217433	15.048631	26.336836	9.926492	18.653960	20.446042
-1.285680	15.742294	26.397195	10.296831	18.475130	20.493126
-1.399804	15.088384	26.396727	10.004855	18.569713	20.378145
-1.338999	15.633365	26.211791	10.042743	18.580070	20.803238
-1.177492	15.786854	26.331198	9.721939	18.381532	20.420302
-1.312409	15.414835	26.972969	9.871816	18.671875	20.161665
-1.121382	14.949876	26.474685	10.256800	18.812435	20.823194
-1.289068	15.720230	26.614232	10.286047	18.755937	20.487482
-1.381247	15.292319	26.351937	9.991011	18.951020	20.407855
-1.373353	15.578382	26.648255	9.848907	18.777884	20.329542
-1.702951	15.926123	26.553203	9.865362	18.691138	20.206477
-1.475984	15.661251	26.447582	9.999295	18.815450	20.465393
-1.795154	15.319942	26.422564	9.843984	18.480868	20.059583
-0.911220	15.446390	26.408383	9.897505	18.532946	20.257637
-1.349911	15.582194	26.141663	10.215198	18.711344	20.592639
-1.607512	15.503732	26.426897	9.948801	18.904272	20.404055
-1.227032	15.640436	26.499273	9.723718	18.700329	20.569906
-1.517814	15.292967	26.473945	9.909303	18.832713	20.218976
-1.415283	15.837051	26.150778	9.962996	18.874222	20.420853
-1.560843	15.052803	26.479281	9.648908	18.940013	20.502419
-0.974367	15.961606	26.398128	9.957928	18.882498	20.410008
-1.168556	15.268979	26.653325	10.098406	18.878868	20.131218
-1.533335	15.277844	26.543496	10.036899	18.320852	20.783472
-1.842701	15.737540	26.529121	9.819498	18.482140	20.711730
-1.262197	15.475885	26.413453	10.191883	18.686153	20.201614
-1.673260	15.550316	26.416127	10.034193	18.894207	20.481137
-1.803482	15.574170	26.936938	9.986142	18.570193	20.525516
-1.501010	15.131941	26.465009	9.751022	18.766250	20.227735
-1.245282	15.714180	26.455582	9.575167	18.584073	20.542780
-1.040657	15.462650	26.301609	9.805651	18.543693	20.236582
-1.376958	15.710235	26.633144	10.172568	18.428073	20.578323
-1.055361	15.556297	26.540673	10.058824	18.561754	20.446204
-1.365838	15.698158	26.352230	10.521125	18.766138	20.119622
-1.087701	15.181212	26.609143	9.879908	18.884663	20.196132
-1.482393	15.287871	26.545434	10.208045	19.148180	20.828396
-1.300092	15.649653	26.419469	9.940720	18.622239	20.342829
-1.406588	14.959612	26.803467	9.879070	18.981531	20.609008
-1.435147	15.465329	26.510879	9.925501	18.658776	20.079991
-1.708462	15.347656	27.167345	9.915287	18.460046	20.654340
-1.346624	15.657276	26.151533	9.659269	18.510306	19.975804
-1.352079	15.507414	26.542517	10.148425	18.743827	20.023516
-1.069247	15.540977	26.582483	9.860567	18.668879	20.249555
-1.445961	15.337021	26.738869	9.597654	18.510490	20.270756
-1.445394	15.291452	26.202428	10.062341	18.691810	20.151028
-1.183320	15.537215	26.570367	10.074696	18.575487	20.522887
-1.200017	15.747047	26.403003	10.154763	18.260707	20.657421
-1.541768	15.594360	26.687396	10.119803	18.942458	20.363354
-1.434282	15.644630	26.416634	10.292236	18.737562	20.279185
-1.246685	15.837417	26.369142	9.702855	18.811494	20.246026
-1.112316	15.552260	26.511000	9.693430	18.698765	20.234391
-1.587240	14.949953	26.297519	10.174972	18.612599	20.318927
-1.272025	15.503609	26.469878	10.083406	18.692940	20.412635
-1.338281	15.434860	26.509477	9.947308	18.701509	20.546506
-1.191362	15.778496	26.440047	10.047644	18.758632	20.617808
-1.455206	15.530411	26.745194	9.891870	18.462380	20.230540
-1.647745	15.455162	26.565892	9.928672	18.361093	20.114682
-1.348116	15.484653	26.522597	9.720623	18.841780	20.361236
-1.118337	15.325640	26.495986	10.180775	18.804021	20.454793
-1.475370	15.687412	26.622991	9.931780	18.886686	20.636535
-1.368197	15.707120	26.659097	9.874411	18.878341	20.595199
-1.129341	15.825241	26.793470	10.279427	18.604351	20.563923
-1.192844	15.801946	26.357420	10.103068	18.572232	20.217298
-1.227195	15.460920	26.642637	9.904602	18.682213	20.443049
-1.576101	15.289399	26.943957	10.087191	18.600519	20.310281
-1.248350	15.887538	26.659259	9.608682	18.591388	20.257241
-1.049846	15.859154	26.756431	10.246754	18.746872	20.273658
-1.772386	15.608702	26.809864	9.883221	18.571160	20.358458
-1.465991	15.329884	26.785551	10.171018	18.654880	20.372124
-1.141591	16.004721	26.773332	10.137051	18.742610	20.448474
-1.549551	15.346290	26.722543	10.073370	18.535384	20.532658
-1.420427	15.481137	26.487769	10.188896	18.243489	20.455804
-1.484341	15.577377	26.613496	10.165767	18.229219	20.523188
-1.345855	15.384811	26.729938	9.880270	18.551472	20.465137
-1.535148	15.687746	26.379163	9.918291	18.475639	20.167938
-1.570097	15.696407	26.590840	10.216736	18.399170	20.207771
-1.413633	15.444177	26.618174	10.337354	19.007911	20.438529
-1.180279	15.545643	26.652282	9.755774	18.528176	20.333027
-1.333778	15.317896	26.540342	9.935705	18.609765	20.497315
-1.204216	15.501966	26.505437	9.914799	18.647959	20.135268
-1.084853	15.593731	26.978060	9.700550	18.740128	20.264282
-1.687342	15.519518	27.079800	9.877301	18.458194	20.418169
-1.820229	15.689047	26.607776	9.707035	18.706811	20.215112
-1.346258	15.485610	26.555488	9.889954	18.419259	20.301690
-1.719970	15.642088	26.792266	9.746073	18.639891	20.217369
-1.610060	15.364799	26.380514	9.833464	18.576982	20.860754
-1.089865	15.769503	26.310285	9.817039	18.568404	20.496126
-1.517950	15.475852	26.789783	10.169506	18.497640	20.322669
-1.582537	15.656973	26.179019	9.954297	18.614532	20.268226
-1.330372	15.168051	26.446446	10.038582	18.888517	20.578030
-1.606289	15.446057	26.826144	10.263593	18.484308	20.252491
-1.217169	15.206774	26.446186	10.344797	18.945651	20.233096
-1.393819	15.374846	26.648001	10.047114	18.818418	20.381740
-1.146232	15.761157	26.880007	10.184429	18.662401	20.383021
-1.252865	15.629247	26.174487	10.118534	18.314026	20.276197
-1.212624	15.711627	26.385287	9.908096	18.337347	20.460729
-1.392610	15.506879	26.486909	10.370426	18.523754	20.378141
-1.087258	15.743467	26.592140	9.892184	18.331512	20.455772
-1.279299	15.197474	26.451730	10.075038	18.844090	20.469709
-1.857234	15.385278	26.777357	10.157279	18.854584	20.668544
-1.041489	15.595642	26.637306	9.851547	18.745552	19.944285
-1.144528	15.564029	26.557804	10.607061	18.847655	20.514717
-1.420032	15.524329	26.583295	9.701932	18.452805	20.727590
-1.549114	15.258966	26.548714	9.997337	18.608399	20.644067
-1.556657	15.450545	26.625156	10.082072	18.426957	20.482225
-1.031943	15.493677	26.434660	10.092103	18.390445	20.672184
-1.174510	15.562435	26.529093	9.782407	18.999456	20.369608
-1.430776	15.238642	26.626533	10.102553	18.979528	20.421548
-1.174145	15.357271	26.824586	10.085188	18.316394	19.958905
-1.660096	15.748256	26.394264	9.845525	18.802000	20.189916
-1.719235	15.156850	26.849872	9.875617	18.611255	20.345063
-1.122476	15.634261	26.695166	10.257518	18.828828	20.483258
-0.942766	15.618849	26.140159	9.843402	18.594831	20.337934
-1.398773	15.612975	26.739708	9.564399	18.445999	20.351126
-1.444436	15.463673	26.738653	9.908082	18.431052	20.290949
-1.137905	15.397953	26.736337	10.052360	18.777261	20.029887
-1.457927	15.872181	26.314103	9.975048	18.547459	20.309341
-0.883727	15.835601	26.140155	9.655297	18.180123	20.715161
-1.250637	15.740239	26.517556	9.784513	18.841642	19.711318
-1.382882	14.894515	26.591890	9.956929	18.705873	20.343380
-1.328397	15.788356	26.439985	10.324299	18.459676	20.365911
-0.968021	15.536856	26.607272	10.206115	18.781588	20.383458
-1.134411	15.725454	26.621557	10.038883	18.496667	20.551813
-1.327920	15.457750	26.728622	10.415758	18.911828	20.517336
-1.347096	15.475272	26.307977	10.054587	18.801893	20.457465
-1.235770	15.825272	26.590260	9.734404	18.306452	20.324643
-1.285001	15.609796	26.179106	9.771462	18.586659	20.508934
-1.649288	15.744007	26.518816	10.184961	19.200027	20.340950
-1.573472	15.370128	26.531613	10.089534	18.823057	20.435808
-1.341139	15.771533	26.417948	9.994054	18.764373	19.502855
-1.295922	15.339648	26.391266	9.546539	18.749281	20.399265
-1.622718	15.857750	26.378786	9.863630	18.706067	20.508429
-1.532460	15.261710	26.572032	9.720483	18.822506	20.734601
-1.190374	15.639245	26.909469	9.955142	19.023091	20.279628
-1.441603	15.539321	26.617900	9.955552	18.683854	20.453333
-1.559615	15.586189	26.480894	10.044384	18.238212	20.483294
-1.387894	15.383844	26.349390	9.911815	18.748765	20.199556
-1.499374	15.329881	26.775977	9.873834	18.548971	20.564914
-1.016538	15.932852	26.949423	10.009517	18.720891	20.667244
-1.620286	15.184078	26.438024	10.159615	18.526167	20.235810
-1.582018	15.743754	26.303619	9.905457	18.546740	20.294492
-1.534286	15.363135	26.881971	9.761728	18.745728	20.059838
-1.175970	15.228255	26.589055	10.257081	18.602920	20.443409
-1.242128	15.173316	26.748621	9.958174	18.715370	20.203225
-1.387970	15.407095	26.115037	9.793640	18.934906	19.999818
-1.214606	14.742857	26.392631	10.060744	18.832626	20.292213
-1.513110	15.254298	26.597878	9.886964	18.604545	20.411649
-1.559015	15.531474	26.180907	9.944647	18.679118	20.606328
-1.439465	16.068247	26.594221	9.870589	19.120372	19.883591
-1.320274	15.245175	26.685911	10.142529	18.255859	20.809672
-1.342008	15.570190	26.756460	10.310445	18.848304	20.647779
-1.298739	15.377396	26.619942	10.421712	18.568350	20.411805
-1.529516	15.770589	26.539596	9.917284	18.874908	20.685330
-1.449282	15.674170	26.386472	9.984647	18.671181	20.268875
-1.191178	15.343447	26.559801	10.028500	18.460217	20.780345
-1.008061	15.389610	26.597530	9.663559	18.462411	20.274849
-1.703125	15.868421	26.588300	10.237763	18.373443	20.493346
-1.042397	15.662792	26.646957	9.907005	18.708697	20.393917
-1.592825	15.635585	26.933207	10.092732	18.394631	20.341050
-1.054695	15.387775	26.759772	9.803492	18.481016	20.378261
-1.591622	15.452090	26.704756	9.992718	18.613648	20.762710
-1.688066	15.419846	26.771637	9.836191	18.498999	20.317748
-1.301874	15.020943	26.424375	9.973049	18.191081	20.673696
-1.519886	15.562468	26.421934	10.150123	18.564735	20.460902
-1.590988	15.592419	26.592660	9.756296	18.623478	20.347878
-1.499821	15.607160	26.674012	9.862589	18.594035	20.432911
-1.715353	15.646723	26.831166	10.022628	18.673778	20.137229
-1.037512	15.615778	26.338955	9.979635	18.564882	20.703006
-1.335014	15.392200	26.732141	10.007330	18.664586	20.365287
-0.889208	15.897322	26.451751	9.942892	18.666019	20.254547
-1.477816	15.443253	26.624895	9.963153	18.643360	20.477660
-1.333515	15.522588	26.121233	10.050913	18.859470	20.374925
-1.229886	15.771191	26.838410	10.015778	18.367695	20.277341
-1.166177	15.230162	26.333515	10.235211	18.523773	20.431555
-1.733831	15.679663	26.169647	9.875408	18.818737	20.756401
-1.125824	15.445143	26.471951	10.359970	18.827024	20.144861
-1.018167	15.272409	26.838141	10.521697	18.530569	20.276394
-1.169087	15.621531	26.427180	9.708680	18.566192	20.085344
-0.750144	15.017575	26.999614	10.219199	18.627243	20.542214
-1.416645	15.466000	26.975347	9.996045	18.766050	20.424394
-1.070025	15.253999	26.412087	10.331829	18.770045	20.322300
-1.073422	15.461430	26.509067	9.959379	18.625315	20.111531
-1.081272	15.539534	26.917485	9.846204	19.008816	20.713065
-1.043567	15.631231	26.773322	10.070124	18.862436	20.178918
-1.460918	15.488719	26.740111	9.734717	18.344235	20.918592
-1.532632	15.417163	26.571270	9.992461	18.465849	20.107389
-1.381274	15.721343	26.809397	10.248556	19.125623	20.265054
-1.183365	15.413949	26.610320	10.124907	18.610403	20.489687
-1.570945	15.799227	26.687542	9.803584	18.792948	20.127272
-1.632076	15.261010	26.567845	10.191418	18.283041	20.775071
-1.699970	15.205835	26.340840	9.756191	18.895399	20.130342
-1.166588	15.062705	26.907367	9.859646	18.709297	20.010697
-1.393788	15.522161	26.426083	10.102640	18.260505	20.580968
-1.387451	15.461273	26.343372	10.120908	18.889229	19.906619
-1.301576	15.666911	26.491517	9.950900	18.462278	20.119413
-1.388354	15.570421	26.384341	9.883695	18.773509	20.180188
-1.206527	15.708618	26.312864	9.961467	19.051884	20.336726
-1.729627	15.342020	26.479332	10.028629	18.594273	20.365715
-1.651511	15.601254	26.387767	10.165126	18.625203	20.239761
-0.941756	15.488705	26.486744	9.739151	18.284392	20.405883
-1.606675	15.549974	26.550517	10.095814	18.486633	20.711119
-0.999687	15.206481	26.439555	10.043937	18.554425	20.456114
-1.289299	15.595353	26.473401	9.773385	18.718697	20.339706
-1.308557	15.836240	26.656503	9.755199	19.002643	20.146106
-1.521699	15.418396	26.392302	9.712369	18.746350	20.277442
-1.707762	15.597246	26.696645	10.039648	18.821052	20.453602
-1.701762	15.832647	26.320701	10.327736	18.155321	20.554228
-1.446390	15.734036	26.802686	9.930480	18.705779	20.300550
-1.281940	15.546270	26.621427	9.892979	18.422492	20.555816
-0.876501	15.572240	26.117074	10.121074	18.950805	19.931305
-1.143168	15.857064	26.477697	10.080544	18.513127	20.400916
-1.545850	15.568328	26.451247	10.144107	18.968792	20.439192
-1.263027	15.542169	26.376490	10.565853	18.895259	20.231483
-0.993247	15.410054	26.493674	9.710289	18.775870	20.115994
-1.830525	15.546039	26.668506	10.141548	18.764509	20.494544
-1.201735	15.001836	26.800455	9.991332	18.656652	20.645356
-1.822383	15.934654	26.547295	9.894830	18.583430	20.276257
-1.562662	15.621209	26.639745	10.256133	18.951285	20.614733
-1.378997	15.597979	26.537751	9.971967	18.895625	20.485424
-1.433348	15.317688	26.278171	10.040516	18.414361	20.700553
-0.878527	15.181156	26.193517	10.178813	18.095588	20.273137
-1.442273	15.455286	26.659145	10.379196	18.671536	20.258554
-1.765551	15.556434	26.572540	9.915056	18.950120	20.894437
-1.605862	15.151195	26.345742	9.775858	18.470128	20.020065
-1.530100	15.197392	26.394574	10.004599	18.460479	19.897194
-1.433135	15.940113	26.791690	10.290859	18.710019	19.855279
-1.648056	15.359241	26.678418	9.907394	18.583193	20.318368
-1.180855	15.459275	26.647537	9.559687	18.824262	20.761110
-1.587032	15.392510	26.589767	10.280186	18.535259	20.390835
-1.480240	15.597245	26.685508	9.707843	18.571102	20.014360
-1.595823	15.633563	26.449355	9.600515	18.518728	20.373968
-1.119301	15.382881	26.206262	10.054581	18.756613	20.649072
-1.400045	15.004962	26.700545	10.256704	18.721111	20.411467
-1.523983	15.548666	26.454051	10.086989	18.924251	20.291467
-1.410665	15.809417	26.451212	9.868323	18.710127	20.177403
-1.306523	15.043161	26.810010	10.085101	18.530350	20.615053
-1.198305	15.586225	26.953142	9.896978	18.543839	20.518137
-1.180910	15.341268	26.610994	10.076649	18.535863	20.473428
-1.040403	15.609392	26.301215	10.038792	18.549464	20.203859
-1.213778	15.112492	26.439884	10.097901	18.952925	20.255602
-1.550242	15.843172	26.239681	10.084631	18.543636	20.619140
-1.292846	15.253343	26.471905	10.415361	18.671805	20.355657
-1.476849	15.780561	26.697528	9.871447	18.380109	20.754845
-1.432158	15.182454	26.466212	9.636243	18.813110	20.474683
-1.522084	15.354419	26.570024	10.060700	18.634581	20.512778
-1.452674	15.315181	26.394681	9.842681	18.389456	20.479940
-1.556321	15.468272	26.364826	10.104176	18.574479	20.474749
-1.316482	15.430210	26.452986	10.078212	18.476135	20.292066
-1.638501	15.640245	26.467080	10.096606	18.682352	20.249447
-1.734463	15.302323	26.439828	10.146963	18.517550	20.163875
-1.574959	15.553319	26.480433	10.332843	18.525307	20.338339
-1.275902	15.627403	26.442007	10.390251	18.623964	20.652337
-1.811742	15.455477	26.445933	9.895539	18.679841	20.376425
-1.055189	15.076912	26.623906	9.669763	18.532460	20.554462
-1.486659	15.432637	26.584029	10.066609	19.140647	19.819766
-1.211617	15.577488	26.565048	10.072756	18.760402	20.218481
-1.162373	15.573369	26.877938	9.931485	18.762853	20.623175
-0.908588	15.376294	26.792094	10.547742	18.548711	20.741622
-1.752710	15.228923	26.404221	10.210833	19.051141	20.273266
-1.727666	15.336899	26.631058	10.135894	18.376651	20.574261
-1.394635	15.632445	26.330596	10.180184	18.687882	20.223169
-1.646825	15.526855	26.634095	10.311459	18.563916	20.548258
-1.509692	15.628968	26.340091	10.023914	18.520431	20.621761
-1.861818	15.489128	26.642706	10.442375	18.643196	20.683760
-1.636505	15.305042	26.738758	9.663744	18.618473	20.720357
-1.200859	15.814031	26.354511	10.138817	18.498084	20.678025
-1.467966	15.787122	26.635133	9.869021	18.428607	20.200344
-1.310805	15.276553	26.400875	9.868848	18.755232	20.504974
-1.589498	15.529931	26.335153	9.959483	18.874534	20.536860
-0.783744	15.636973	26.671735	10.060048	18.790256	20.445071
-0.903978	15.426770	26.500578	9.899994	18.798261	19.956174
-1.380173	15.661561	26.884930	9.652554	18.439912	20.621783
-1.435773	15.495108	26.625766	9.762182	18.506938	20.209406
-1.550841	15.633119	26.736941	10.068400	18.921928	20.359823
-1.833964	15.511600	26.284470	9.864625	18.640795	21.004348
-1.624245	15.167960	26.378480	9.863674	18.639607	20.296939
-1.697652	15.538180	26.424940	9.977604	18.859022	20.573879
-1.488052	15.724049	26.651916	10.117308	18.594362	20.475338
-1.519057	15.331145	26.458169	10.225853	18.438978	20.244733
-1.366937	15.616822	26.821317	10.005954	18.526326	20.573788
-1.470490	15.274224	26.752422	9.985603	18.721236	19.980414
-1.441370	15.355207	26.372653	10.025620	18.641791	20.701700
-1.054837	15.552150	26.962898	9.715487	18.795830	20.135088
-1.264584	15.568653	26.655806	9.973228	18.235857	20.395248
-0.976852	15.602482	26.801725	10.206078	18.475701	20.596467
-1.478221	15.668341	26.201552	10.105582	18.385780	20.171152
-1.347806	15.503569	26.586143	9.946348	18.526853	20.481578
-1.289145	15.735907	26.291678	9.779704	18.268447	20.495133
-1.289997	15.986419	26.323084	10.195854	18.552865	20.236176
-1.470973	15.656572	26.667265	10.051379	18.811323	20.200185
-1.271326	15.889352	26.543471	9.789593	18.970435	20.216517
-1.544338	15.185571	26.390561	9.655217	18.705177	20.452206
-1.235373	15.159020	26.506524	9.853227	18.599053	20.368546
-1.979436	15.613398	26.500053	10.365518	18.622153	20.242910
-1.093262	15.907658	26.587892	9.905398	18.617145	20.416795
-1.153922	15.229312	26.818001	9.992308	18.881912	19.924143
-1.313105	15.526241	26.477127	10.150697	18.763009	20.394501
-1.364848	15.095721	26.444495	10.244294	18.706661	19.903867
-1.611515	15.649260	26.977455	10.074075	18.574292	20.427370
-0.957824	15.535879	26.583708	10.077751	18.790001	20.517825
-1.504513	15.439682	26.526787	9.803332	18.799545	20.414515
-1.324508	15.203006	26.569853	10.171621	18.498486	20.117242
-1.513307	15.414888	26.230880	10.036287	18.633132	20.092092
-1.395166	15.767971	26.470735	10.240257	18.849852	20.138261
-0.778437	15.279316	26.454583	10.105905	18.564543	20.365224
-1.308183	15.578686	26.522585	9.764063	18.682947	20.659350
-1.130487	15.550965	26.525467	9.789851	18.703039	20.270288
-1.414813	15.390530	26.111667	9.931967	18.652388	20.217963
-1.610504	15.179505	26.336075	10.149631	18.620222	20.523318
-1.703131	15.482694	26.502778	10.016297	18.623779	20.457518
-1.295578	15.365617	26.708724	9.897600	18.440686	20.706626
-1.556621	15.981169	26.459647	9.991746	18.838696	20.523857
-0.959006	15.361672	26.383529	10.321982	18.592337	20.371977
-1.553607	15.138349	26.599633	9.941333	19.012758	20.418284
-1.300911	15.369749	26.698168	10.059076	18.941321	20.171483
-1.400480	15.363905	26.548956	10.066103	18.582873	20.251820
-1.840223	15.573327	26.423893	9.929945	18.703944	20.212732
-1.013676	15.475854	26.438451	9.936536	18.675521	20.424497
-1.808775	15.453374	26.688645	9.806458	18.763677	20.132632
-1.610397	15.669606	26.798723	9.901434	18.420902	20.560535
-1.458604	15.196184	26.592278	10.006436	18.737477	20.461111
-1.244591	15.477367	26.469690	9.857575	18.604276	20.304665
-1.365977	15.218002	26.688733	9.978551	18.220439	20.444478
-1.157616	15.522444	26.753328	10.355870	18.604514	20.298103
-1.599620	15.649567	26.567352	10.265782	19.036120	20.408562
-1.247359	15.572068	26.465258	10.160385	18.345352	20.891740
-1.832131	15.527110	26.415966	9.963481	18.334337	20.511283
-1.625280	15.706337	26.044279	9.933606	18.522613	20.478573
-1.596641	15.634742	26.390496	9.952025	18.601062	20.269571
-1.307662	15.573206	26.663580	9.895345	18.921332	20.423356
-1.609520	15.552752	26.445784	9.902137	18.834817	20.736167
-1.155701	15.727980	26.866392	10.312616	18.484661	20.277170
-1.303200	15.429086	26.625257	10.125087	18.492581	20.554882
-1.324003	15.533628	26.575776	10.077379	18.342788	20.232274
-1.278591	15.745471	26.699326	10.042239	18.572077	20.225203
-0.973638	15.439818	26.702599	10.133811	18.415755	20.443429
-1.494582	15.398135	26.755926	9.959188	18.871345	20.180365
-1.013019	15.382871	26.557203	9.994415	18.807070	20.320396
-1.427066	15.246998	26.405807	10.090564	18.807877	19.952947
-1.639370	15.742726	26.554702	10.205889	18.978465	20.303310
-0.990506	15.558376	26.201821	9.811579	18.661923	20.810566
-1.343312	15.448782	26.402703	10.120781	18.460521	20.511270
-1.725782	15.806822	26.475498	9.936461	18.543892	19.727869
-1.028185	15.537119	26.789262	10.025509	18.816640	20.231724
-1.508563	15.624732	26.339113	9.868480	18.318623	20.481479
-1.309583	15.464678	26.129385	10.058926	18.537112	20.063514
-1.437090	15.435353	26.832400	10.078824	18.952159	20.258289
-1.509938	15.348883	26.876055	9.774882	18.405314	20.444949
-1.407752	15.303622	26.498060	10.328714	18.471198	20.164333
-1.688153	16.119695	26.425176	10.258196	18.869252	20.355015
-1.298170	15.465527	26.841421	9.770072	18.694055	20.364183
-1.587091	15.560763	26.489530	9.862272	18.611283	20.409203
-1.577807	15.507188	26.854056	10.462402	18.619607	20.079569
-1.188544	15.396477	27.051833	10.143737	18.327087	20.414974
-1.428426	15.421654	26.510081	9.971689	18.840659	20.276073
-1.517071	15.534027	26.912671	9.776120	18.543923	20.127007
-1.774605	15.662626	26.685154	10.287450	19.101627	20.271329
-1.308980	15.756859	26.734994	9.706768	18.611251	20.247347
-1.124934	15.461579	26.602847	9.943935	18.728921	20.348510
-1.847101	15.350375	26.742215	9.971197	18.834006	20.370285
-1.441764	15.349881	26.294757	10.154276	19.150775	19.907435
-1.512187	15.555976	27.155020	9.881551	18.689954	20.030685
-1.630213	15.118442	26.832369	9.796173	18.078488	20.209308
-1.041775	15.345353	26.478155	9.810363	18.810209	20.281771
-1.494012	15.439074	26.618073	9.943340	18.841616	19.983655
-1.293692	15.712888	26.642525	10.111486	18.368606	20.293136
-1.289724	15.291506	26.499848	9.701922	18.736198	20.059086
-1.199052	15.143627	26.345398	10.136189	18.697668	20.206027
-1.240298	14.869972	26.476544	9.866125	18.840282	20.157452
-1.911242	15.365909	26.634726	10.159117	18.744504	20.421795
-1.317055	15.567166	26.651261	9.893986	18.761194	20.221543
-1.279421	15.219852	26.873301	10.041611	18.815846	20.518814
-1.272572	15.565227	26.538654	9.799046	18.616063	20.287535
-1.258787	15.401903	26.217972	10.190347	18.869448	20.033558
-1.121762	15.434834	26.272866	9.954917	18.255974	19.978933
-1.476131	15.612976	26.788105	10.031491	18.599973	20.381393
-1.420349	15.802659	26.793393	9.899862	18.521323	20.734330
-1.276691	15.811300	26.771117	9.935205	18.995253	20.297685
-1.641896	15.634590	26.253435	10.000289	18.774340	20.403249
-1.158097	15.680456	26.479614	9.903423	18.605095	20.360545
-1.521429	15.417140	26.458826	9.994589	18.481568	20.266713
-0.893181	15.876375	26.710133	10.368757	18.642445	20.460053
-1.286106	15.896126	26.670657	10.028093	18.913622	20.290240
-1.636715	15.302176	26.635292	10.232724	18.507908	20.185519
-1.401558	15.539710	26.536101	9.773251	18.283086	20.502903
-1.553368	15.248267	26.520551	9.824159	18.586101	20.603866
-1.474196	15.625925	26.000417	10.072475	18.627149	20.330860
-1.222070	15.321266	26.410107	10.180360	18.401797	20.492467
-1.455583	15.455321	26.778831	9.877419	18.472193	20.321913
-1.450880	15.556122	26.534152	10.354380	19.071740	20.377802
-1.238414	15.351052	26.794756	9.804769	18.652138	20.493427
-1.445949	15.671811	26.198961	9.637975	18.742983	20.654008
-1.255035	15.444378	26.401287	10.007104	18.561119	20.252149
-1.614700	15.795107	26.791389	10.412218	18.724803	20.258235
-0.598034	15.316400	26.542996	9.729154	18.666345	20.321875
-1.262223	15.111787	26.896001	10.007047	18.758426	20.109760
-0.709583	15.704514	26.768247	10.138711	18.610080	20.556053
-1.294365	15.892136	26.933488	10.190807	18.613367	20.826586
-1.448295	15.389371	26.426866	9.675969	18.529641	20.659942
-1.266081	15.595853	26.194013	10.285921	18.737932	20.314983
-1.655801	15.645729	27.024036	10.164663	18.385453	20.278886
-1.225182	15.546488	26.615674	9.970835	18.889791	20.217367
-0.938845	15.613368	26.589032	9.831632	18.650046	20.664401
-1.801829	15.389481	26.661332	10.149640	18.335231	20.235974
-1.322283	15.487717	26.274059	10.146791	18.578259	20.479224
-1.404765	15.672529	26.751860	9.737510	18.766254	20.400325
-1.584048	15.388009	26.619072	9.944143	18.736796	20.804625
-1.235377	15.314189	26.559962	10.300361	18.352916	20.433818
-1.557419	15.307217	27.016643	9.773466	18.614234	20.138541
-1.279992	15.508426	26.330326	10.001441	18.775165	20.172704
-1.420108	15.334465	26.763241	10.079288	18.455717	20.672136
-1.412304	15.675885	26.759182	9.992604	18.583526	20.225323
-1.580189	15.873235	26.545895	9.857465	18.628381	20.506383
-1.598213	15.261326	26.411332	10.224040	19.151299	20.380908
-1.365702	15.612481	26.855927	9.957793	18.576132	20.410649
-0.857460	15.364929	26.644394	9.967367	18.620992	19.963518
-1.445422	15.810190	26.154994	10.077579	18.691080	20.397221
-1.236932	15.577964	26.565934	9.862486	18.864005	20.133275
-1.461795	15.294043	26.786229	10.097077	18.464031	20.559927
-1.520010	15.348255	26.848799	9.968944	19.147418	20.377320
-1.429869	15.930561	26.607271	10.027831	19.089202	20.505505
-1.194644	15.466601	26.475741	10.007759	18.317762	20.418311
-1.784485	15.460053	26.497519	9.909120	18.568973	20.746213
-1.731745	15.027463	26.449630	9.985818	18.712358	20.608959
-1.246504	15.360368	26.681383	9.843303	18.780101	20.672086
-1.444910	15.376397	26.483957	9.865025	18.646742	20.191693
-1.794738	15.818918	26.539706	9.977606	17.948917	20.427208
-1.702789	15.480452	26.494601	10.049545	18.625259	20.335057
-0.935131	15.400523	26.394409	10.129545	18.313650	20.675665
-1.502674	15.865389	26.560288	10.110565	18.983890	20.275689
-1.235512	15.492875	26.599706	10.042914	18.857760	20.550690
-1.155441	15.754468	26.537820	9.779654	18.723597	20.407871
-1.215439	15.043496	26.760644	10.233166	18.750354	20.459641
-1.383406	15.480666	26.592783	10.101831	18.411019	20.776616
-0.986998	15.204891	26.272841	10.012185	18.744306	20.457070
-1.280017	15.563043	26.159689	10.097317	18.357740	20.309639
-1.124066	15.591004	26.361900	9.958866	18.514560	20.286162
-1.224143	15.468071	26.321815	9.786423	18.235454	20.722661
-1.557863	15.545599	26.606947	10.129453	18.695358	20.014448
-1.553407	15.632044	26.488454	9.831921	18.785758	20.083933
-1.386177	15.434011	26.912096	9.743084	19.042746	20.426319
-1.626928	15.200932	26.678759	10.002152	18.243062	20.754245
-1.189408	15.590875	26.912441	9.989305	18.546867	20.274425
-1.498995	15.793014	26.429520	9.797264	18.351898	20.446757
-1.567735	15.533366	26.434424	10.015477	18.466985	20.349838
-1.288630	15.158776	26.873218	10.445023	18.897501	20.187619
-1.023328	15.318503	26.551010	9.995978	18.781310	20.420180
-1.046703	15.301375	26.486884	9.915147	18.651613	20.261200
-1.191486	15.531795	26.889157	10.299764	18.812470	20.179289
-1.329623	15.776363	26.491578	9.937769	19.041610	20.318681
-1.024217	15.479601	26.641387	9.932272	18.725998	20.207734
-1.550308	15.581882	26.585380	10.185671	18.471600	20.222775
-1.518967	15.234048	26.677221	10.249780	18.719516	20.608254
-1.443017	15.487749	26.312781	10.080012	18.619577	20.434495
-1.951902	15.567625	26.416475	9.824724	18.756189	20.069102
-1.075604	15.600224	26.363595	10.104692	18.685964	20.606622
-1.297560	15.240779	26.584667	9.886726	18.931772	20.231773
-1.541970	15.422558	26.759902	10.053625	18.403582	20.344939
-1.100213	15.215179	26.964035	9.954209	18.550336	20.198857
-1.614374	15.378429	26.798335	9.702777	18.703870	20.037301
-1.205346	15.298932	27.024876	10.108085	18.884228	20.286043
-1.274812	15.526419	26.623114	9.973474	18.567748	20.587130
-0.868528	15.276589	26.648423	9.963811	18.982673	20.594528
-1.143741	15.768132	26.690025	10.211255	18.562930	20.195558
-1.444723	15.253490	26.461584	9.845499	18.733857	20.135176
-1.553271	15.846471	26.668217	10.251195	19.074185	20.750449
-1.732633	15.714699	26.285143	10.167337	18.970907	20.282813
-1.416065	15.890998	26.708034	9.695882	18.673889	20.345338
-1.170577	15.212133	26.399370	9.913930	18.450463	20.858316
-1.162827	15.871376	26.841345	10.058811	18.850462	20.222769
-1.111346	15.283982	26.614845	9.970958	18.978074	20.130851
-1.070588	15.580899	26.507458	10.082409	18.930419	20.417514
-1.796911	15.481464	26.355959	9.840404	18.357438	20.699615
-1.176389	15.608108	26.447023	10.330908	18.173620	20.707535
-1.425174	15.515928	26.502991	9.734708	18.677993	20.496889
-1.660284	15.181497	26.764460	9.931427	18.744964	20.535382
-1.048196	15.363600	26.528736	10.042145	18.507822	20.386902
-1.257477	15.530158	26.967009	10.008307	18.611807	20.384959
-1.272089	15.517001	26.823555	9.944491	18.633799	20.211127
-1.615265	15.707070	26.550707	10.010440	18.530855	20.413630
-1.525164	15.228577	26.551753	9.985659	18.468825	20.147158
-1.343571	15.476881	26.331570	9.724675	18.740752	20.228100
-1.508237	15.398549	26.355054	9.956389	18.286202	20.271307
-1.255022	15.633968	26.732684	9.889090	18.049621	20.740664
-1.341919	15.693511	26.905389	9.977531	18.555286	20.468959
-1.714408	15.368768	26.351488	10.268187	18.820196	20.384249
-1.719198	15.677765	26.499948	10.187129	18.338610	20.461572
-1.068799	15.288502	26.612159	9.753132	18.254406	20.590675
-1.846522	15.533003	27.076336	10.102859	18.754932	20.320425
-1.029339	15.503203	26.881682	10.040449	18.509660	20.279925
-1.354835	15.853562	26.578033	10.091324	18.326059	20.574520
-1.969230	15.322785	26.635961	10.241221	18.772965	20.413929
-1.522673	15.360838	26.013521	9.795511	18.689707	20.680282
-0.975265	15.223465	26.176141	9.805116	18.604207	20.420892
-1.486364	15.841356	26.451154	9.921888	18.510069	20.687867
-1.153893	15.561093	26.773037	10.026988	18.590652	20.533326
-1.200349	15.481224	26.255807	10.561261	18.850687	19.890069
-1.319206	15.419694	26.842422	9.938106	18.297048	20.658766
-1.309895	15.611095	26.519658	10.297613	18.337586	20.447139
-1.623168	15.270905	26.399802	10.236635	18.655150	20.518882
-1.743943	15.537593	26.510406	9.893849	18.728691	20.326392
-1.264908	15.830788	26.733379	10.050590	18.407612	20.538237
-1.304897	15.819171	26.349064	10.169222	18.550513	19.867334
-1.422172	15.329586	26.788487	9.925824	18.382680	20.403849
-1.325517	15.279036	26.507920	10.222380	18.642527	20.740304
-1.639280	15.433511	26.583910	9.787198	18.654648	20.272301
-1.484853	15.580604	26.276824	10.116010	18.562483	20.149456
-1.075531	15.711492	26.549886	10.048711	18.755437	20.339986
-1.410974	15.587683	26.965914	10.134692	18.569341	20.390265
-1.143743	15.354209	26.534440	10.406608	18.464713	20.481422
-1.507949	15.367020	26.395357	10.071003	18.675929	20.292222
-1.274080	15.702672	26.398803	9.798139	18.456580	20.216493
-1.343789	15.297008	26.789388	9.865280	18.870531	20.196177
-1.557406	15.504043	26.488414	9.712571	18.782602	20.265372
-1.281400	15.541164	26.517273	9.858160	18.807805	20.594770
-1.479703	15.680626	26.753667	10.242984	18.239085	20.411190
-1.743921	15.273686	26.884004	9.731289	18.326703	20.675431
-0.886015	15.648459	26.433478	9.948676	19.222305	20.218079
-1.596525	15.382344	26.306608	10.045816	18.447066	20.381694
-1.402024	15.555821	26.728556	10.066454	18.701597	20.518493
-1.123283	15.400465	26.883236	9.863165	19.120850	20.412206
-1.375706	15.151788	26.690015	10.095884	18.599053	20.211127
-1.508739	15.552468	26.754196	10.190788	18.724872	20.431900
-1.269433	15.252911	26.817312	10.161645	18.305436	20.572351
-1.069938	15.817002	26.458120	9.925836	18.477247	20.312443
-1.305470	15.512052	26.403576	9.996621	18.769799	20.609244
-1.690960	15.221122	26.589301	10.138784	18.658740	20.259984
-1.518670	15.778891	26.411338	9.913002	18.377860	20.115724
-1.076304	15.014995	26.760718	10.106766	18.543816	20.354115
-1.490348	15.206976	26.538415	9.911057	18.579390	20.516294
-1.405839	15.658533	26.517311	9.729768	18.932500	20.020647
-1.388563	15.480955	26.483033	10.458504	18.581531	20.294522
-1.824155	15.147979	26.581565	9.905706	18.994653	20.342736
-1.348999	15.089212	26.693191	10.178660	18.066848	19.962832
-1.225839	15.639844	26.664004	10.115056	18.363268	20.060251
-1.360576	15.415356	26.416412	9.762265	18.830616	20.274985
-1.260415	15.487704	26.445553	10.184835	18.571995	20.004630
-1.681298	15.336242	26.438659	9.742109	18.583713	20.532526
-1.430419	15.913230	26.640359	9.823234	18.102169	20.323691
-1.753205	15.460340	26.771138	10.190383	18.815342	20.606638
-1.381750	15.563514	26.849617	9.948250	18.590951	20.299331
-1.170758	15.411779	26.769981	9.932656	19.000567	20.747434
-1.341949	15.640246	26.277963	9.902243	18.582663	20.240087
-1.319081	15.481925	27.242927	9.965604	18.570707	20.334221
-1.805973	15.420801	26.373868	10.173807	18.307611	20.222232
-1.293966	15.149047	26.374310	9.955687	18.829797	20.318321
-1.845597	15.224424	26.506822	10.049224	18.459058	20.861166
-1.461227	15.180940	26.219113	10.103090	18.639400	20.334669
-1.453481	15.423566	26.427166	9.891701	18.623264	20.638935
-1.458693	15.184322	26.438831	10.061244	19.030636	20.339542
-1.308490	15.743562	26.948216	10.004364	18.693965	20.457028
-1.417933	15.488411	26.497303	10.071563	18.444115	20.641885
-1.237950	15.337685	26.246921	10.021881	18.471787	20.229718
-1.275460	15.740489	26.882456	9.913627	18.628214	20.491948
-1.226380	15.386191	26.338510	9.962134	18.524532	20.427191
-1.587376	15.307730	26.441963	10.219327	18.402889	20.535834
-1.163297	15.396187	26.632837	9.584882	18.721190	20.209951
-1.422389	15.509029	26.838061	10.125155	18.734217	19.930335
-1.489968	15.781038	26.327353	10.154772	18.822483	20.170539
-1.380872	15.373815	26.282832	9.945959	18.670719	20.641607
-1.738442	15.631254	26.779824	9.792349	18.238526	20.425801
-1.359916	15.057868	26.542140	9.764858	18.543702	19.981241
-1.253898	15.473559	26.540887	9.697219	18.609613	20.680578
-1.793042	15.746438	26.647545	10.237921	18.797902	20.184591
-1.162453	15.830662	26.598342	10.304240	18.630175	20.511850
-1.267628	15.958675	26.494792	9.828695	18.474743	20.032245
-1.524571	15.360543	26.645382	10.101575	18.773817	20.464732
-1.943815	15.200980	26.516946	9.879212	18.869654	20.693435
-0.717912	15.349556	26.720980	9.875090	18.537260	20.619776
-1.405137	15.711980	26.456401	9.936276	18.703396	20.521194
-1.178227	15.548939	26.861007	9.911534	18.641615	20.487120
-1.778698	15.143679	26.599978	10.194681	18.766894	20.461272
-1.545835	15.758823	26.289521	10.084392	18.682184	20.668575
-1.265982	15.684007	26.324068	9.942461	18.588934	20.634773
-1.366002	15.652083	26.684408	10.114879	18.761755	20.302018
-1.574341	15.656457	26.112042	10.214993	18.518784	20.722603
-1.615968	15.670173	26.656331	9.943603	18.439191	20.395499
-1.324398	15.749580	26.452420	10.138108	18.869010	20.542953
-1.280811	15.608652	26.231212	9.897049	18.755840	20.067494
-0.870951	15.550258	26.815118	9.897984	18.885661	20.117106
-1.210116	15.520383	27.051080	10.041018	18.646927	20.614171
-1.468783	15.295599	26.652254	10.033709	18.696024	20.853429
-1.241885	15.542238	26.341708	9.855010	18.714493	20.582952
-1.355258	15.565721	26.842699	9.887390	18.724494	20.065981
-1.522944	15.614737	26.261152	10.081425	18.520573	20.471458
-1.636740	15.586838	26.635933	10.062634	18.633943	20.445740
-1.103657	15.168559	26.669549	9.810071	18.838228	20.284186
-1.024857	16.030212	26.573500	9.968778	19.096061	20.741456
-1.146380	15.647834	26.554356	10.025128	18.474576	20.360584
-1.508404	15.440155	26.727113	9.958821	18.433408	20.079285
-1.403907	15.353791	26.809135	10.014832	18.873894	20.288400
-1.258580	15.401813	26.693183	10.087799	18.418996	20.342867
-1.217744	15.028718	26.154417	9.966752	18.847787	20.484243
-1.080129	15.648091	26.760004	9.876921	18.857629	20.272516
-1.593385	14.537579	26.318785	9.899416	19.026852	20.337170
-1.385859	15.402596	26.473361	10.230923	18.632581	20.460550
-1.369513	15.500187	26.636145	9.838668	18.906274	20.106220
-1.156502	15.463382	26.436545	9.870028	18.918130	20.361390
-1.297561	16.051095	26.669504	9.939537	18.681625	20.577479
-1.349461	15.843856	26.641918	9.826761	18.863878	20.725763
-1.769578	15.694579	26.494280	10.312374	18.429276	20.253390
-0.970590	15.430823	26.563131	10.064185	18.763499	20.707860
-1.026770	15.562741	26.846508	9.982449	18.596951	20.468842
-0.914745	15.664680	26.766293	9.986602	18.384642	20.323424
-1.734497	15.517622	26.661292	10.054448	18.566785	20.213313
-1.034062	15.769416	26.792982	10.015787	18.512097	20.371100
-1.358908	15.445271	26.435909	10.136797	18.834795	20.429225
-1.612349	15.888569	26.168919	10.317151	18.845146	20.362469
-1.274855	15.759993	26.700204	9.831685	18.981142	20.069301
-0.839946	15.589411	26.420898	9.884606	19.086144	20.490276
-1.250756	15.472565	26.856357	9.956288	18.917772	20.596579
-1.427955	15.343403	26.463554	9.603146	18.437555	20.223583
-1.661394	15.463370	26.725222	10.066791	18.512678	20.080545
-1.684748	15.398202	26.664154	9.996781	18.896348	20.170912
-1.654881	15.532837	26.721227	9.923090	18.612153	20.358393
-1.508771	14.953365	26.450125	9.861330	18.859162	20.127011
-1.348255	15.651591	26.618786	9.814363	18.364697	20.304963
-1.017422	15.705724	26.568514	10.050813	19.064313	20.399536
-1.173319	15.339527	26.253745	9.823893	18.522470	20.229673
-1.057727	15.319239	26.997331	10.190345	18.575683	20.722688
-1.077263	15.561256	26.570005	9.987285	18.492803	20.631074
-1.196766	15.862463	26.586152	10.148480	18.484631	20.364740
-1.534451	15.464894	26.574555	10.029809	18.521561	20.505739
-1.870142	15.572856	26.016650	10.063448	18.690399	19.904066
-1.342312	15.297575	26.688286	9.742785	18.737755	20.574555
-1.024850	15.356067	26.990830	10.357183	18.830868	20.530226
-0.891802	15.374758	26.333676	9.755126	18.592381	20.680420
-1.432132	15.593128	26.577158	9.984044	18.613792	20.535764
-1.511241	15.672290	26.378141	10.088954	18.850623	20.244290
-1.524492	15.608945	26.435170	9.562719	18.521212	20.508151
-0.888106	15.401238	26.726497	9.757308	19.056601	20.670748
-1.606196	15.303995	26.977382	9.895994	18.282289	20.472534
-1.174540	15.297705	26.503131	10.133484	18.862124	20.181602
-1.642258	15.539307	26.885442	9.982649	18.655497	20.652384
-1.215265	15.572781	26.234888	9.999308	18.811167	20.353539
-0.956761	15.778941	26.741137	9.821464	18.921159	20.720554
-1.313525	15.393018	26.310343	10.269339	18.743058	20.543341
-1.322686	15.971493	26.410629	10.127896	18.383364	20.600759
-1.379957	15.741274	26.578970	9.885643	18.683923	20.753910
-1.893866	15.198016	26.669823	10.027912	18.377902	20.548950
-1.253088	15.262755	26.769948	10.569653	18.958821	20.061455
-1.313636	16.050434	26.365369	10.280964	18.885068	20.313813
-1.536997	15.735485	26.673283	9.982480	18.534248	20.038706
-1.007263	15.059821	26.561485	9.856638	18.526283	20.424974
-1.369515	15.619533	26.714909	10.104438	18.501238	20.540576
-1.439032	15.582649	26.186073	9.798137	18.885137	20.640303
-1.311128	15.233360	26.774228	10.050762	19.088099	20.313183
-1.260751	15.891346	26.485269	9.652592	18.325573	20.383855
-1.516967	15.352590	26.757515	9.872544	18.432973	20.254723
-1.286172	15.529129	26.324644	9.919155	18.561842	20.721877
-1.537227	15.422550	26.536628	9.666346	18.739080	20.203584
-1.796873	15.623686	26.514650	10.198704	18.651577	20.274409
-1.471400	15.292779	26.306740	9.840532	18.672954	20.086799
-1.108765	15.486106	26.611039	9.854613	18.425808	20.496380
-1.794811	15.921493	26.426975	10.281714	18.731167	20.440955
-1.226300	15.232154	26.508709	9.883686	18.769736	20.087020
-1.469373	15.647788	26.763213	10.386800	18.563287	20.424402
-1.700117	15.832262	26.584385	10.059602	18.698641	20.230579
-1.355216	15.305894	26.524832	10.029134	18.761549	19.996493
-1.398189	15.364211	26.576577	10.079191	18.856629	20.578426
-1.261227	15.941237	26.383279	9.886138	18.718625	19.890104
-1.184348	15.626310	26.350075	9.789368	18.583772	20.374161
-1.161048	15.830945	26.538147	9.942160	18.582406	20.431781
-1.626940	15.128949	26.310335	10.179576	18.778057	20.225259
-1.307666	15.439033	26.694932	9.937761	19.036876	20.335858
-1.199717	15.906329	26.693908	10.022989	18.754406	20.469027
-1.701630	15.867785	26.156411	9.902754	18.564557	20.145463
-0.852286	15.570207	26.821742	10.219751	18.623569	20.525794
-1.530142	15.451646	26.565353	9.866952	18.762789	20.546635
-1.527619	15.307181	26.889214	10.050000	18.664064	19.885379
-1.320650	15.163859	26.528609	10.104038	18.598867	20.344542
-1.307108	15.358844	26.532338	10.344316	18.577868	20.369959
-0.874371	15.667068	26.698987	9.982746	18.578337	20.502688
-1.142638	15.645522	26.532677	10.327003	18.771215	20.406494
-1.818722	15.649144	26.543106	9.954428	18.461172	20.192298
-1.282133	15.817365	26.856871	10.181104	18.687042	20.550428
-1.235673	15.424727	26.584722	10.124534	18.519606	20.166285
-0.780509	15.220925	26.588260	9.908713	18.688774	20.123926
-1.477253	15.615057	26.627121	10.245822	18.798897	20.286765
-1.365285	15.650770	26.596722	9.966119	18.538974	20.599357
-1.167119	15.934788	26.734120	9.812827	19.039234	20.407738
-1.431648	15.458450	26.441653	9.818362	18.472160	20.520572
-1.532012	15.349747	26.439456	9.916849	18.470445	20.271986
-1.064268	15.712438	26.786726	9.957922	18.354184	20.403956
-1.207100	15.543850	26.510413	9.852951	18.943765	20.240279
-1.491141	15.216857	26.783910	9.862414	18.801896	20.447287
-1.262280	15.718852	26.352868	9.539480	18.283070	20.215820
-1.488660	15.358347	26.624909	9.894180	18.694476	20.355536
-1.834359	15.394855	26.551736	10.060117	17.987097	20.330163
-1.393865	15.331965	26.374438	10.237980	18.850825	20.724424
-1.688221	15.575811	26.569648	9.986666	18.860981	20.397152
-1.653830	15.602846	26.596082	10.093629	18.378758	20.353942
-1.264502	15.417500	26.840700	10.028057	18.146358	20.663293
-1.165089	15.471730	26.501029	9.861596	19.059884	20.405204
-1.568547	15.429943	26.660814	10.101366	18.662627	20.689015
-1.556063	15.768847	26.787715	9.941554	18.425464	20.636259
-1.242831	15.333241	26.637507	10.024032	18.528424	20.100108
-1.591048	15.762360	26.424221	9.919451	18.980646	20.271789
-1.389728	15.502295	26.677815	9.723790	18.470395	20.220645
-1.300911	15.551633	26.658167	10.010173	18.875389	20.083104
-1.652763	15.434688	26.825119	9.979189	18.780153	20.285971
-1.680827	15.271708	26.711998	9.876555	18.617661	20.163989
-0.951449	15.077124	26.918282	9.990608	19.006832	20.802383
-1.465245	15.511563	26.618906	9.828730	18.738403	20.194375
-1.047648	15.449427	26.412527	10.102891	18.536339	20.535538
-1.222156	15.535423	27.037813	9.957443	19.108883	20.638345
-1.480252	15.686311	26.795921	9.903885	18.800429	19.934370
-2.053562	15.786226	26.173709	10.393385	18.580137	20.132821
-1.433055	15.369359	26.391350	9.859288	18.570326	20.033340
-1.150378	15.142881	26.387936	10.200224	19.287005	20.503026
-1.907587	15.360803	26.613551	9.837666	18.688082	20.439680
-1.413078	15.418995	26.417507	9.863232	18.320316	20.268805
-1.873711	15.273188	26.643614	10.221735	18.176500	20.628806
-0.839375	15.213261	26.980638	10.206200	18.655672	20.234452
-1.338175	15.773027	26.527735	9.991915	18.689202	20.175699
-0.940965	15.410019	26.690542	9.797960	18.509777	20.643452
-1.535962	15.418986	26.408078	9.726750	18.641115	20.463273
-1.591808	15.646782	26.604749	10.026252	18.523221	20.783111
-1.329104	15.543199	26.418787	10.242698	18.495406	20.183664
-1.377412	15.472044	26.407935	10.289951	18.670284	20.266005
-1.164243	15.158491	26.631819	10.043903	18.610095	19.897948
-1.474660	15.562874	26.829747	9.862001	18.796484	20.960563
-1.390333	15.317314	26.661651	10.033642	18.776493	20.663654
-1.261651	15.152075	26.743817	10.014137	18.689179	20.630943
-1.293951	15.851594	26.576466	10.259626	18.940123	20.104768
-0.868287	15.774788	26.706647	9.976617	18.849440	21.029463
-1.716296	15.496118	26.276589	9.739255	18.597299	20.467395
-0.781182	15.626778	26.517633	10.168153	19.015150	20.073105
-1.455863	15.501299	26.451008	9.987962	18.370612	20.308120
-1.710536	15.613051	26.479682	10.314635	18.805021	19.984356
-1.577981	15.633688	26.818845	9.978027	18.490655	20.342985
-1.140574	15.648468	26.666268	9.513685	18.616155	20.850156
-1.418197	14.875523	26.325732	10.027261	18.973441	20.250466
-1.326773	15.488434	26.533180	10.034408	18.557767	20.667638
-1.539006	15.268600	26.767225	9.811411	18.507149	20.421341
-1.366724	15.528421	26.775477	9.940699	18.369966	20.329951
-1.644997	15.489219	26.440696	9.881241	18.787066	20.279408
-1.592068	15.409342	26.474552	9.830697	18.512302	20.210879
-1.088877	15.863979	25.992163	10.028605	18.848196	20.702270
-1.309477	15.873273	26.365349	10.245716	18.906183	20.335564
-1.324463	15.437566	26.265777	9.916961	18.668041	20.332363
-1.487383	15.486627	26.509669	10.070496	18.814402	20.380077
-1.342389	15.413998	26.592613	10.110115	18.491689	20.548481
-1.548056	15.581189	26.383808	9.836720	18.286679	20.690864
-1.507710	15.592146	26.905465	9.792172	18.636845	19.850930
-0.955105	15.627743	26.500434	10.148999	18.487617	20.505278
-1.036471	15.610670	26.286230	9.927581	18.822977	20.458709
-1.089886	15.466964	26.882356	9.947739	18.613606	20.559090
-1.977793	15.325829	26.494337	10.222385	18.128857	20.603751
-1.222961	15.351180	26.611206	10.317815	18.827531	20.573990
-1.191661	15.669915	26.637340	9.730415	18.319284	20.352729
-1.062787	15.298411	26.430097	10.128319	18.807615	20.478765
-1.663330	15.592010	26.631480	9.710354	18.986996	19.726893
-1.362499	15.257950	26.528353	9.719154	18.853632	20.271914
-1.492233	15.695271	27.060090	10.279535	18.515384	20.446779
-1.396243	15.172484	26.528495	10.203053	18.741685	20.424540
-1.548841	15.237956	26.832761	10.121570	18.577514	20.550179
-1.416232	15.775287	26.654436	9.761086	18.582799	20.375030
-1.426928	15.551446	26.685364	9.856887	18.688720	20.627446
-1.284760	15.957835	26.983055	9.929823	19.004357	20.489320
-1.146108	15.525908	26.631009	9.410688	18.382145	20.328545
-1.653337	15.321339	26.299508	10.145580	18.576899	20.300847
-1.371310	15.547459	26.915289	9.803622	18.556476	20.192314
-1.575909	15.603365	26.867554	9.838164	18.611574	20.705742
-1.158074	15.325246	26.453072	9.697268	18.596400	20.296921
-1.752120	15.500811	26.360741	10.125266	18.700188	20.022584
-1.101443	15.690708	26.644164	10.163709	18.677310	20.312617
-1.382847	15.621082	26.900799	9.998512	18.527310	20.226638
-1.396180	15.474500	26.883578	9.981862	18.829913	19.992330
-1.333640	15.583863	26.499702	10.198327	18.602201	20.485894
-1.442345	15.568202	26.503409	9.944054	18.745762	20.825126
-1.490354	15.117377	26.403743	9.840492	18.588348	20.340304
-1.430510	15.345325	26.595794	9.812530	18.677342	20.353311
-1.263883	15.275312	26.413198	9.798165	18.855123	20.644958
-1.198278	15.395773	26.339198	9.944729	18.624447	20.478501
-1.864490	15.472656	26.807037	10.296146	18.972802	20.507187
-1.448162	15.761726	26.417929	10.199763	18.873870	20.078541
-1.194137	15.528492	26.608672	10.254729	18.758089	20.071926
-1.138420	15.507996	27.018828	9.822557	18.382567	20.733887
-1.205764	15.468972	26.638760	9.868490	18.938934	20.377554
-1.210421	16.083893	26.540042	10.087702	18.775240	20.582744
-1.861207	15.443896	26.461790	9.962245	18.865526	20.440891
-1.490812	15.248563	26.751934	9.958287	18.624260	20.455394
-1.376069	15.454669	26.418108	9.879905	18.641867	20.258040
-1.258090	15.847245	26.545382	10.065428	18.533903	20.373929
-1.056132	15.516240	26.342812	9.820414	18.303877	20.285827
-1.348049	15.550856	26.670582	9.957661	18.960899	20.619625
-1.356991	15.077251	26.497007	10.001203	18.792699	20.506348
-1.050837	15.718024	26.557959	10.191328	18.620642	20.096921
-1.438890	15.120202	26.811475	9.835669	18.710154	20.638692
-0.790423	15.652248	26.853028	10.004122	18.464888	20.580787
-1.342368	15.346900	26.490103	9.762354	18.518621	20.605017
-1.140317	15.868452	26.181609	10.255398	18.561709	20.232690
-1.160491	15.499052	26.330773	9.990369	18.727099	20.208788
-1.013566	15.172629	26.655063	10.316497	18.724480	20.306338
-1.100477	15.712440	26.385133	9.909290	18.975060	20.761086
-1.667007	15.417450	26.683644	9.744217	18.771425	20.706686
-1.268988	15.472535	26.308479	10.074629	18.817715	20.422902
-1.237830	15.508051	26.568237	10.175578	18.696461	20.203880
-1.482411	15.513650	26.525326	9.792933	19.015066	20.776960
-1.319848	15.163606	26.442115	10.006478	18.778154	20.497650
-1.650223	15.326549	26.654712	9.963894	18.318213	20.024238
-1.317146	15.247070	26.426457	10.412033	18.666101	20.127325
-1.048641	15.506343	26.427603	9.544891	18.856148	20.559942
-1.795495	15.527464	26.580669	9.967531	18.490265	20.127596
-1.599567	15.385429	26.641519	10.199650	18.626562	20.130827
-1.122876	15.081302	26.922313	10.269331	18.858094	20.385620
-1.658817	15.241210	26.319392	9.755205	18.487334	20.094960
-1.345423	15.667258	26.954921	10.355792	18.319453	20.352485
-1.438061	15.962474	26.432240	9.936925	18.711579	20.667159
-2.001995	15.584993	26.629242	9.851058	18.654609	20.351572
-1.188819	15.546366	26.705866	10.023076	18.853491	20.068076
-1.332962	15.399539	26.996846	9.971154	18.955049	19.992298
-1.593184	15.544945	26.923809	10.036653	18.745751	20.319146
-1.267527	15.582626	26.236487	9.971269	18.465270	20.318423
-1.092314	15.609143	26.653571	9.843148	18.768401	20.499610
-1.465066	15.595443	26.423012	10.277775	18.473916	20.074993
-1.166853	15.399248	26.564264	9.888101	18.725280	20.662092
-1.544680	15.626938	26.903682	9.793890	18.697650	20.488291
-1.329135	15.458646	26.575331	10.274208	18.367206	20.333976
-1.656847	15.582076	26.569583	9.974906	18.705936	20.421685
-1.482082	15.787308	26.304764	9.850419	18.284701	20.160628
-1.635082	15.660554	26.780828	9.704192	18.643753	20.521363
-1.887379	15.726038	26.556126	9.667123	18.847591	20.247773
-1.551483	15.669394	26.622086	9.918258	19.074686	19.987894
-1.901390	15.313258	26.658117	10.017221	18.674622	20.142641
-1.500477	15.304487	26.614971	10.207838	18.373359	20.670623
-1.117409	15.642424	26.563360	10.049900	18.595424	20.518827
-1.280987	15.504518	26.750413	10.143287	18.635907	19.814389
-1.596133	15.852430	26.349704	9.900658	18.855645	20.544700
-1.257481	15.552366	26.233089	9.839756	18.679983	20.233231
-1.899559	15.436984	26.342675	9.917155	18.754767	20.169527
-1.087344	15.698268	27.069211	9.756758	18.638344	20.503867
-1.782768	15.060867	26.956205	10.213669	18.504029	20.397037
-1.830932	15.147196	26.889641	10.075829	18.585816	20.649573
-1.270946	15.511015	26.334530	9.909857	18.344718	20.270988
-1.319374	15.593353	26.443412	10.464199	18.525380	20.395707
-1.158769	15.747960	26.485907	9.867533	18.603003	20.300444
-1.008193	14.798911	26.501995	10.164125	18.917824	20.160204
-1.532934	15.189291	26.569300	9.880462	18.626444	20.482145
-1.558794	15.354570	26.708996	10.170765	18.318702	20.422076
-1.542113	15.517927	26.244787	10.183470	18.882936	20.143651
-1.275670	15.565256	26.677047	9.709885	19.120375	20.537537
-1.342158	15.740150	26.358216	10.140682	18.387145	20.600672
-1.329706	15.921393	26.523480	10.314498	18.838836	20.765762
-1.697747	15.581714	26.568986	9.960716	18.486952	20.552665
-1.655875	15.450419	26.080985	9.801017	18.844042	19.668996
-1.496156	15.109473	26.706578	9.504139	18.755126	20.468829
-1.608165	15.302464	26.535558	10.034889	18.748841	20.315753
-1.311409	15.437264	26.502398	10.171530	18.974750	20.639058
-1.207586	15.380584	26.395395	9.989456	18.767209	20.506313
-1.129833	15.102388	26.575367	10.115912	18.591911	20.668857
-1.384666	15.791315	26.696475	9.924530	18.896237	20.483034
-1.191345	15.544950	26.779359	10.075876	18.794487	19.987704
-1.293733	15.752785	26.332340	10.226867	18.313671	20.552685
-1.241598	15.722048	26.630149	9.700963	19.032782	20.069435
-1.444718	15.208289	26.824887	9.861989	18.174711	20.465934
-1.719699	15.764995	26.362458	9.922960	18.477828	20.562280
-1.552886	15.346814	26.337172	9.598383	18.754780	20.302822
-1.169994	15.566555	26.710981	9.951907	18.692032	20.127836
-1.621697	15.460381	26.256196	10.038805	18.660590	20.699914
-1.496954	15.190019	26.513542	10.026358	18.916305	20.044522
-1.142736	15.271134	26.768370	9.856475	18.640390	20.163791
-1.929693	15.255909	26.651354	9.921503	18.539721	20.584633
-1.130066	15.205794	26.482629	9.917115	18.599797	20.585358
-1.605512	15.343696	26.386460	9.881058	18.488197	20.608934
-1.512453	15.566209	26.629888	10.196063	18.791316	19.879163
-1.400313	15.346733	26.727232	9.788799	19.197373	20.169639
-1.607416	15.323628	26.192630	9.945363	18.955581	20.265509
-1.372848	15.126556	26.530831	10.251752	18.773056	20.487840
-0.976491	15.053661	26.726876	9.901092	18.672102	20.388892
-1.372053	15.647427	26.439418	10.053034	18.777487	19.911828
-1.301316	15.802592	26.753159	9.689391	18.910344	20.575269
-1.289150	15.142158	26.612881	10.082293	18.886281	20.552947
-1.262332	15.253665	26.305952	10.197799	18.748125	20.490311
-1.013594	16.116470	26.316142	9.913625	18.581292	20.550995
-1.424732	15.513115	26.699539	9.732605	18.324236	20.421375
-1.508455	15.862328	26.531314	9.498564	18.184681	20.336502
-1.092795	15.806056	26.257307	10.019701	18.413514	20.002341
-1.561151	15.450800	26.605875	9.858832	18.497329	20.858034
-0.954263	15.183907	26.536916	9.872663	18.733089	20.252213
-1.303067	15.862511	26.224555	9.904227	18.627548	20.474878
-1.550235	15.588165	26.540751	10.153957	19.165766	20.496704
-0.950066	15.618577	26.299819	9.909836	18.441184	20.242702
-1.273357	15.503819	26.562210	9.792350	18.427146	20.374915
-1.444505	15.264988	26.924086	10.145712	18.856069	20.391644
-1.770850	15.398890	26.362342	10.151680	18.384399	20.616024
-1.287109	15.546148	26.394339	10.234306	18.927318	20.122101
-1.056321	15.574361	26.491175	10.044752	18.703110	20.092542
-1.126600	15.333361	26.496521	9.802758	18.745272	20.078464
-1.717750	15.400168	26.513194	9.937530	18.529874	20.447969
-1.394085	15.185276	26.947863	10.016523	18.921613	20.105752
-1.348944	15.403443	26.424050	9.624115	18.377243	20.733717
-1.814939	15.721069	26.368832	10.211555	18.420599	20.406511
-1.063860	15.174368	26.431647	9.784502	18.495891	20.872563
-1.344646	15.466511	26.396630	9.793904	18.468567	20.879611
-1.405022	15.462729	26.919684	10.083073	18.726101	20.209264
-1.655986	15.424919	26.629962	9.945345	18.441536	20.585189
-1.637628	15.256313	26.796739	9.839605	18.453717	20.614493
-1.752158	15.600500	26.862573	10.364677	18.822109	20.445145
-1.371890	15.779472	26.383905	10.220040	18.693559	20.624566
-1.709624	15.523347	26.629208	9.975776	18.049721	20.333926
-1.519545	15.538381	26.399611	10.138060	18.766977	20.636499
-1.538391	15.550594	26.232508	9.976735	18.861823	20.411511
-1.443011	15.566216	26.405317	9.954529	18.457221	20.422477
-1.443101	15.573648	26.818430	10.056367	18.750259	20.502460
-1.101094	15.772234	26.452906	10.109318	18.465347	20.687425
-1.699703	15.456679	26.722508	9.906838	18.636167	20.314909
-1.281970	15.457140	26.296502	9.809887	18.715898	20.251705
-1.173870	15.333058	26.527854	9.749044	18.529146	20.338951
-1.101952	15.570903	26.232765	10.193926	18.493860	20.372054
-1.533761	15.355476	26.528201	9.931283	18.407307	20.753498
-1.332574	15.382656	26.505046	9.795149	18.827777	20.011593
-1.404679	15.466963	26.345479	10.004000	18.351465	20.554573
-1.400353	15.608713	26.248626	10.260846	18.736920	20.252477
-1.372527	15.602444	26.549391	10.506365	18.272293	20.400444
-1.068051	15.420101	26.290213	9.929884	18.662619	20.197079
-1.322298	15.740895	26.574433	9.869056	18.712912	20.119737
-1.653831	15.743392	26.321429	10.030989	18.835079	20.733636
