60.932563	-16.680328	67.654591	52.380657	0.011903	-33.527886
4.082631	-23.069874	-12.086956	-43.715186	-21.140694	-18.842864
-22.462912	-0.120756	97.097876	38.515685	53.462262	37.436649
-80.127637	38.281831	72.338208	26.289606	-76.038605	-49.724511
-59.286596	37.020944	-15.253852	64.597914	85.933765	-41.258655
2.956943	-31.803029	-3.294152	-87.609106	18.634649	-14.634872
23.956546	-50.555578	-55.117868	15.272748	-66.193017	-94.683907
-85.343341	-53.023311	9.754176	77.596882	-34.089020	57.044985
24.150670	36.720149	93.447064	93.610072	13.167000	-25.185677
6.241546	-32.264288	23.567279	-36.729020	-30.800329	-28.780337
-8.155612	-87.354718	96.049498	-31.640606	-84.724051	40.197583
-29.927574	89.196571	66.304488	-23.281605	-43.484781	49.074427
-60.133947	31.930126	84.290661	-74.989590	-39.671688	4.455952
-89.274327	61.334473	-71.026783	100.584972	9.319917	-85.334593
-81.518496	-77.393750	1.440198	-13.546720	10.277547	-15.676414
7.796036	30.862138	-22.820092	42.721312	-11.083814	15.885288
-12.230681	-58.836558	-58.681183	15.921317	98.142693	59.711157
50.203145	40.107967	84.190052	-85.734099	54.455071	-98.482161
81.418784	-27.069827	46.389895	32.220468	-46.017231	56.237482
88.221965	-78.101844	-36.757882	-33.551575	82.113355	-36.453038
57.513134	-63.792094	30.405368	57.474619	-82.686586	7.455490
-83.342209	5.117283	36.717174	-59.874552	15.360116	19.431037
67.194144	89.885175	-61.049757	100.512143	23.395943	52.654334
80.892701	60.669049	25.362743	-22.019837	18.168460	21.913929
59.911123	93.345456	13.876672	-46.131839	100.230308	-46.323036
-91.853187	-36.277941	38.453056	-53.179893	-24.393531	66.502312
64.463524	40.712625	28.787704	96.829904	47.759121	-50.421300
48.093260	16.909299	-31.088861	27.583338	16.092283	-89.271082
43.339841	16.420574	61.332318	-52.835831	-35.700573	-42.222585
38.216539	-63.180140	32.505168	27.809974	80.120603	-50.661656
-20.808072	31.430995	9.642465	-20.991066	-18.235002	-62.680306
-5.957944	74.185370	-7.752079	-62.870846	-34.004748	-51.373346
100.409055	-61.899701	-86.666053	48.474941	49.578318	17.433888
-11.161191	-78.264520	2.959095	-59.217156	83.261838	44.990098
77.029815	-13.370422	-62.399948	-64.645803	-44.246954	-75.674424
72.397042	14.166000	-16.393403	-82.037391	-88.530545	75.495402
76.138303	-59.846246	-88.633807	-42.359682	8.806936	-29.857033
5.633340	-15.858608	53.931233	-53.789228	-4.642170	-67.934866
-59.072732	73.304611	100.022876	-17.149651	-54.630488	24.772230
11.091697	-71.502895	34.088848	62.126138	94.264511	-85.001560
-46.704781	-65.837834	-49.439379	-31.742180	-33.686097	66.377443
-51.042178	43.392645	-65.074355	18.083541	42.712439	-78.823413
43.918685	-37.694932	-24.286884	-20.006342	-23.105340	87.940434
17.100690	12.611290	27.986500	53.010828	-23.555788	-69.982503
23.654793	76.740533	-4.193144	22.213414	28.867882	96.721114
-25.729979	95.823339	74.360285	2.977172	-18.910869	49.806002
2.017745	-12.935404	-99.728859	-5.036785	-6.157346	-24.493823
-56.267096	-70.637736	4.040304	-87.016435	82.327758	-20.659540
43.009389	-63.189636	-71.706642	19.663552	-45.381228	36.398828
55.227629	-97.109152	-3.656389	14.917151	-94.288218	-78.452301
50.769566	-8.371538	-13.656467	37.585086	76.056109	22.801988
-50.748434	39.259289	-41.250495	-4.196367	-23.751233	-46.681179
-34.800781	-99.477057	-95.818112	-45.752689	97.226177	-59.578263
-57.141979	-43.583418	50.891888	-91.208951	47.767666	-64.817926
-3.424092	72.731173	-86.644902	-81.042486	63.071971	-72.070819
-84.817759	-91.654433	-90.793350	-24.222316	-18.181429	16.278942
23.704188	-13.355007	-8.539549	87.150439	25.025441	70.618052
-4.288548	91.890961	-37.103093	7.289407	93.291574	-33.528720
-14.776200	45.127509	91.344544	95.002492	82.089430	-31.404795
-47.011391	79.348509	-15.564118	34.983841	78.423477	86.357978
77.698753	-78.787506	8.881224	81.659531	-10.068409	37.365083
-34.751871	-35.604095	-29.887394	63.258881	58.695319	79.680387
55.490545	85.103071	28.032995	43.064688	3.752035	-64.998351
-25.988386	35.804785	-90.083372	-22.323821	-31.906398	-51.758629
89.233217	45.759307	82.078489	-99.506222	-1.047063	75.756308
-54.898081	10.465128	-95.246510	-35.057893	3.265769	60.661795
91.040146	-84.873509	-16.114873	-26.681821	-45.678850	59.223927
-62.269958	56.734612	55.581671	36.036954	84.173779	-80.407497
-70.516820	-98.681580	7.623161	52.137818	-68.311599	-54.096654
-54.094810	-68.808435	-97.513682	12.209772	-6.714880	-28.749108
73.775774	-59.250554	-16.117337	-12.871974	-66.337622	-20.166204
18.431080	-41.186767	39.293840	-12.019853	-12.237806	31.344075
15.589144	-97.996653	-27.367589	-1.288979	-12.896308	81.127706
97.618062	-98.946233	-0.422052	-71.159861	-2.837226	-37.287924
81.513127	70.510514	58.834279	-9.716254	96.331742	-72.091570
48.360214	-54.676317	23.160489	14.314274	60.851456	-62.676491
53.283183	-76.917184	63.529716	-65.208551	22.406136	100.974051
82.232541	77.861707	-50.090744	-76.388904	-65.576543	28.968881
-11.622787	-52.749100	33.178237	32.541186	0.970879	-10.095585
52.095071	-77.920557	86.149927	47.756231	-98.950323	-75.664430
36.002806	43.129962	71.859758	-11.299198	-14.006149	82.911730
-87.713218	-20.857591	36.382486	-33.532613	78.351839	-92.668281
-9.163708	-5.128411	9.093099	69.868953	51.770561	30.051966
100.791666	48.281086	10.140939	-88.269268	29.721373	-24.161577
95.122729	96.235767	100.442670	3.820157	22.464699	30.446024
-13.946987	34.001779	-96.962218	-39.240275	-95.231642	-32.130472
-64.212257	67.453547	92.456933	-70.602299	-2.921824	56.847521
-76.516179	57.457989	-2.532767	46.109951	-14.287955	-74.706825
-56.706522	-89.305824	90.623149	-67.902311	81.909585	4.745122
-40.128824	16.300504	-25.475020	69.340200	-59.104367	-22.967452
35.849326	75.181407	-76.170436	-47.345398	-59.646282	-99.597266
-98.969261	0.654823	-49.684331	-36.818701	12.262373	-20.205730
-98.242640	-64.981663	7.621503	31.654848	95.967889	40.487266
18.151857	71.523897	39.945855	-96.997157	-51.288378	90.582661
72.407942	63.285250	42.281498	-13.500339	35.520893	-24.507137
92.726391	20.783686	-53.652263	-27.198095	-3.718772	60.529090
-10.041950	-55.294499	32.225274	61.882556	36.221370	-67.908515
20.232865	98.703450	-98.635454	77.238223	-59.985917	27.341730
27.788012	-64.794081	-58.616179	-18.821478	55.174999	83.092173
-96.234434	53.657386	21.720682	58.770851	41.314207	-63.170201
-12.258376	32.248497	32.612999	-98.447286	53.586445	66.198971
-89.344226	24.760581	64.378977	28.907663	-20.660956	19.149906
-92.488315	-29.028417	43.863911	3.217093	71.584060	-43.144483
58.419931	-23.897661	-73.414456	95.083820	0.980079	-93.377146
76.844196	66.963962	-81.064831	-11.206066	-87.457077	-12.242958
51.636567	-65.868418	-53.914102	81.753304	11.735210	53.793456
-85.939772	-11.026689	55.690263	-62.283347	-46.103512	2.751006
-77.877012	89.254464	12.787600	-97.777235	45.020484	-19.273519
-83.130790	90.384914	49.771015	30.932735	20.696115	-93.127144
1.481617	9.210763	33.155595	-89.550248	-18.017853	-77.023260
-83.413644	-74.481790	-40.516922	-85.761115	-64.483651	-26.746527
-22.980588	-47.781508	-66.512298	-27.772825	-49.935830	27.569155
-8.409241	-6.941474	90.428356	55.411364	-70.297623	61.985126
-7.441894	55.850945	84.189138	-19.306661	-90.020185	34.533704
30.172703	9.367510	40.533368	76.829702	-52.836832	-60.466457
84.917524	-92.953765	-58.279641	-10.685179	-55.308951	-83.283231
45.291586	14.946195	-36.742320	-13.458562	-88.241312	97.240393
27.033340	-91.936252	-10.874012	-94.029864	-24.493424	29.734328
59.955865	39.271779	-75.507899	62.585316	55.204342	4.702691
19.543780	41.094825	76.284044	89.387766	41.644903	90.165141
-70.072521	-80.116456	90.718896	60.778873	6.543475	-75.165093
77.561339	-49.498258	-48.469299	27.148562	-32.719295	31.096259
-81.764681	-93.952018	-68.502280	1.855918	12.974931	-37.666123
86.085773	-24.704787	-52.824052	66.745246	-85.548093	-4.709305
-38.018227	64.589577	12.304076	-41.638098	-43.517991	96.750204
83.907771	-64.418245	16.746935	-10.861074	20.109790	-2.633839
64.628324	-17.065655	46.315104	-3.583259	59.208159	-35.887355
73.572979	32.122106	-0.549599	-30.482791	32.317017	-33.827983
-54.458473	-85.319977	34.816857	32.476731	91.162816	-88.015354
-60.048886	26.547732	48.747131	90.322467	4.984579	56.410966
-17.574670	88.502288	-20.692884	-25.079111	-49.555572	79.220866
13.496632	3.453361	57.224291	42.284296	60.082010	-85.929741
88.114437	95.039520	-49.427710	96.929704	23.084182	25.530192
0.414267	85.651671	-47.301832	-12.941012	-43.733625	-55.321241
46.430516	-86.847017	-15.978919	99.804707	-83.245911	79.944197
-47.298163	-12.518129	65.585986	45.331672	20.749653	-91.390834
-87.066390	-40.884952	-63.368834	55.370226	-23.870937	-72.828870
-71.236486	55.644537	-13.934258	-66.508154	-42.064952	0.405118
-43.238497	-23.393979	-3.149196	71.215957	-63.022359	69.284232
66.957917	-5.190533	43.850793	-36.573954	-28.332767	4.412309
-14.695573	63.048144	-75.324432	-88.501743	66.332525	-15.404841
-30.615740	51.613507	34.649464	12.841994	34.605056	84.893458
-71.640560	95.783965	-68.560069	55.334018	-2.120067	75.337098
-87.702747	-57.439118	-80.912522	-6.684986	10.996607	63.541518
-33.849674	-23.930394	90.788442	16.576659	2.938029	46.896825
44.727755	50.745108	-22.834281	-80.806177	-38.750807	100.442816
-16.176034	13.605353	-14.995615	-21.058734	-57.637516	-62.175567
-90.831411	-13.616147	-7.592808	19.034114	-33.034600	-52.762919
-86.626278	-7.180746	92.173806	29.361706	48.765277	9.136199
-98.855351	69.062604	16.535991	99.478419	-2.795531	68.346691
6.038164	-17.557770	-9.748349	-8.364265	-26.983578	-94.360792
-56.150141	73.566934	-23.953515	21.007567	33.416294	78.556690
78.667097	62.812424	-80.698605	-25.499444	-63.963603	50.188898
-13.864948	38.522071	16.451050	-45.960315	85.267636	-51.085186
-87.266024	45.304239	40.311205	30.612811	-27.282247	32.520983
42.442821	-52.787586	58.148565	-41.030938	82.922433	-16.537162
88.631224	-79.663339	54.618123	-81.828382	61.674081	-4.881401
-82.434429	51.503826	89.522049	-13.575081	36.058613	-53.374235
87.750371	-58.280997	-20.650699	19.324443	-9.792631	54.234285
95.477611	18.809184	73.780167	84.155063	-51.734401	76.185174
-61.012319	83.016783	-52.371297	0.050838	-75.748529	22.144081
-93.935893	17.816458	17.200837	-49.165869	-26.343706	49.250593
-11.502326	34.574498	44.677174	-72.374171	-81.849120	-64.926521
0.810358	73.521059	-72.191852	-74.833994	-84.784616	-60.414858
58.128481	10.455807	-85.154342	-34.776185	-4.225726	-12.721265
3.589290	47.662369	-62.522140	-16.361774	53.982973	-51.535151
-96.537583	95.095065	-94.242393	98.998043	-25.126740	17.379596
53.272261	-37.598962	41.655457	91.859931	-31.806530	-64.989124
55.142412	95.527891	93.003988	-7.460941	80.690402	34.353732
96.909924	-4.804569	17.555460	-72.087827	-85.186124	38.053210
-41.779876	19.062818	36.042413	-10.747960	-99.164126	-98.078171
-44.956827	-94.296352	-88.339253	-34.928062	-17.042483	65.007793
49.984957	-29.084355	10.825950	43.292991	15.507437	5.080155
-31.365057	-70.913332	-83.735433	-90.147298	75.081732	66.209723
67.567182	-12.955169	31.978989	-32.995129	-45.280360	96.686808
-33.267139	-44.871051	-54.646233	8.330352	-7.973018	41.532401
28.471982	-22.366541	15.080819	8.314020	-74.834196	80.345551
-2.406964	33.686148	-93.921930	82.265375	5.729972	-77.279088
-17.609143	-17.830848	74.667638	92.011875	0.726519	-40.314654
59.327855	-43.602345	-32.577033	21.964354	-19.346239	10.656554
68.921189	63.630588	-47.212256	-70.208962	74.075626	-2.018255
68.446665	-8.785492	-8.287350	58.193326	79.869822	19.851768
-90.671377	-37.694851	-44.762389	-78.394802	-87.638809	-29.468861
61.539762	73.544864	8.730524	38.083037	72.553376	-92.201177
-49.508995	26.069185	72.367766	-83.997198	-98.460627	67.783187
18.125606	-64.384307	88.156452	45.944860	-91.296861	-66.360488
-1.534843	17.340257	-40.281442	44.999005	-31.916058	97.025629
-45.049777	34.018425	70.357827	11.470385	10.931146	10.946854
31.817022	-36.318510	2.278462	70.480251	-63.691007	-91.093102
-52.782445	-9.003202	-2.642958	93.976932	14.080354	-43.226364
100.706674	55.657404	44.475800	62.982775	-13.573504	4.096205
81.111495	59.264214	-76.374951	-6.212529	97.847427	78.881408
69.905244	-30.535581	88.729977	-64.707157	-74.344416	-55.235586
-67.194292	34.035223	-85.992688	-16.808687	-51.694032	99.895986
71.525904	-86.271674	37.197685	67.125291	-66.014646	-87.868589
-91.052002	8.568265	-15.881061	-58.266829	-26.616988	-99.501477
60.917220	68.758395	-27.835409	-18.614981	-33.393457	59.449794
25.125965	-46.926413	-97.687639	-31.171088	24.365087	67.195751
3.912981	-95.236728	-22.603892	78.394840	-50.654338	22.997858
55.291725	23.818014	-34.420562	-12.457757	-65.277331	0.788995
-35.037524	51.624794	62.389118	89.334625	54.305204	-43.888727
-62.123711	38.430711	-3.143640	-7.439977	-89.751080	19.465414
-77.770313	42.066016	21.624837	-68.573243	-24.209289	95.745195
-7.753652	-56.079527	67.364530	-89.386322	97.640468	87.782852
-5.018221	-58.458014	-35.122593	-7.830389	-18.328361	43.967239
98.009599	-62.081597	93.968098	58.080088	-27.900634	26.920011
-77.162762	37.412232	-63.781255	38.347753	-70.333189	12.035368
-92.594202	39.226544	-91.514084	94.521445	-51.569078	29.002195
-23.519404	20.874651	-71.588613	96.504719	-12.822664	-29.712463
73.556554	44.807183	-86.527602	74.604018	-4.994633	65.479170
54.718358	31.357357	-13.593128	-51.227354	80.933878	-75.392700
-75.000182	36.355425	73.455097	84.754368	-0.173770	95.206662
20.491762	-33.383957	22.608959	-95.422138	-36.957581	-13.655425
10.902265	99.750255	9.417170	6.912376	-51.783818	-5.446108
-61.063169	-13.368056	6.519394	-50.560739	-16.032924	-45.400466
-7.728471	-81.773451	-7.450125	5.596710	-77.392235	17.293086
-70.211566	-10.374102	31.556305	-13.602975	39.050434	-92.332862
-20.222926	77.367015	100.039452	-81.316000	-67.531035	6.412156
-8.858916	22.900335	68.864233	-37.231179	32.162950	49.023372
98.631576	-7.057505	35.332631	-55.654847	-69.067421	-85.082917
59.616799	67.693654	75.477253	43.503525	23.518665	61.652124
-92.698132	-65.063354	60.028588	-77.444196	-49.131890	33.138477
-63.649642	-69.681701	-23.364921	22.718736	52.274689	77.588013
62.343177	12.308853	-13.253783	82.522425	-12.443943	-33.633781
78.421442	20.047120	70.622955	46.881366	99.400453	-67.214200
63.770020	58.111668	-79.616194	-47.281534	20.639282	-62.061057
-70.099625	-9.750677	29.969218	48.666674	42.278488	21.921451
77.685981	77.167767	20.888887	68.778651	-64.179605	-42.001708
-45.759948	-0.125027	-73.148981	16.081748	93.344963	-46.002322
77.566904	-73.959479	-54.736671	91.779279	66.455830	-28.057039
-81.022066	79.792238	-35.149589	67.242983	-83.158414	91.369651
75.254884	25.421948	95.217951	44.030062	-16.366131	93.637865
20.731446	69.090715	83.253985	20.441762	-85.426943	38.186170
-52.112148	35.521952	-36.029697	59.364777	-52.820538	0.373969
-45.860013	-14.402047	-73.481885	-40.995197	3.864785	22.775315
9.360010	-25.129270	59.563941	-60.579025	-24.010075	-67.154094
89.189093	84.435146	-35.164893	-45.653951	-55.375584	30.537344
59.422622	20.337598	32.513922	24.171111	36.817585	-13.069664
-89.621617	22.543819	-3.420321	98.290726	-90.567911	43.426509
-18.666104	43.326485	-1.204859	-93.483277	-64.247711	-26.895527
83.574985	10.897162	-37.455710	-16.262390	-44.697296	55.063813
-65.462379	-10.576150	-61.474759	-88.192696	58.335014	53.519107
-40.230469	28.367865	67.292337	-5.188288	80.745413	-54.498641
-47.991184	-7.794599	-59.533601	-48.457097	37.679626	20.583269
86.133693	74.457849	-55.511194	-94.356342	-43.925913	-66.840016
93.437107	48.474695	-37.419152	-53.787815	-52.155828	-77.244707
12.181553	-90.514242	-33.278650	-94.177051	98.047791	76.232307
12.612780	-80.467348	94.225967	39.432052	-7.000680	80.503777
-64.416517	-82.429755	23.046645	-87.066274	96.202745	-42.529939
7.332538	25.264964	99.871214	87.680201	24.682615	27.986626
-66.300478	5.424806	-6.077429	-59.254817	87.775604	27.867211
-73.256161	100.350185	-13.808869	21.021413	88.835410	58.098012
69.254690	-1.338985	17.000234	7.269991	-30.017482	-40.560853
68.679103	48.733549	58.903525	-31.769324	-25.704155	-60.855913
-76.476333	96.052482	-86.378740	-57.481934	-12.179795	49.089606
-65.281116	-64.287848	99.712182	-16.754745	-72.816958	30.761165
-96.096703	-96.887749	60.147276	0.933174	-23.494480	-18.174145
-57.142110	83.021569	-25.823231	11.420286	42.737300	-66.847787
-10.386421	35.244828	-30.667904	87.779203	-5.906379	-67.278543
-81.246635	96.320494	33.244153	-25.075566	78.050715	100.144605
-86.901908	94.921178	37.946569	-97.377924	-92.712516	54.175160
35.442436	-76.928757	-64.750530	100.602142	-81.341409	-26.085565
-26.003338	25.463469	-50.222372	-58.473702	23.319252	21.576319
67.240735	2.545279	36.611615	70.788533	87.338826	9.177801
42.898417	98.371073	49.335623	-28.750971	-64.225145	91.243608
-70.379066	-95.773456	-86.752280	-2.708725	-55.585461	-52.444139
-47.601076	-92.646913	10.998796	91.554231	84.078111	-58.606741
65.195191	-7.684740	84.528491	79.468697	21.925245	1.133731
-91.577580	-20.649691	-34.463617	33.000285	45.922179	-2.803906
47.982962	93.860146	58.953878	-56.473617	-98.102330	0.911393
-9.521153	-29.963394	-73.334935	-99.661627	88.125939	9.394735
48.931216	40.044126	99.512119	-73.410598	63.249009	-41.844713
-15.166930	14.002674	-17.208209	-24.752992	-89.701407	83.177062
12.336136	21.650641	-86.960479	37.491411	-31.365745	48.066253
65.417734	5.791183	-4.833445	77.835983	80.901721	62.052355
2.215910	71.170725	-4.723237	10.076696	-90.223364	15.503161
-10.118363	17.358961	-52.372763	82.074182	-12.710734	92.272767
-80.337498	-45.152148	3.235530	82.986595	10.396734	-71.527797
76.966220	55.773827	-96.526744	49.292427	-20.101411	-19.016717
-93.344026	-48.470554	-91.787791	-66.008976	-21.086384	-55.638118
31.029409	73.375173	90.666215	-50.903796	71.242608	44.234466
19.118383	-35.382487	-51.733278	86.834798	18.558309	64.265981
70.763204	-57.468127	77.465999	-49.351268	18.905894	26.157014
-36.120928	-27.374583	-1.590187	-19.209533	20.323848	-14.060570
-10.365815	4.236319	73.737116	-4.918352	3.087934	-0.227014
23.715170	-82.013265	-62.516102	-67.770552	-24.423624	13.283564
-0.900353	31.531811	10.855310	-5.559323	-78.782823	24.342530
-26.398386	25.135515	-29.596380	-91.209539	12.704661	-21.322635
-49.330006	-73.271748	33.760399	-26.177770	38.639740	-58.550694
92.922690	97.115872	3.058033	-31.760793	-57.877578	-19.770884
42.959845	-69.186799	-74.340695	-64.387385	-76.411840	74.948647
-71.917654	-50.236697	-98.843258	-24.085246	26.754274	-68.560876
-95.048481	31.554204	88.012573	-64.951698	-29.700742	-83.248540
8.833959	-88.793006	47.862183	-69.828861	-82.375544	-62.590646
-87.960152	27.699810	-41.980136	23.048318	88.954477	47.842016
42.680429	31.814752	36.651324	67.966222	88.466487	-37.761120
73.565260	37.779167	-48.917287	-39.600334	-12.061089	20.672505
-56.361991	-31.337040	18.541643	-49.739322	-31.996647	-21.759634
12.987603	-97.125184	78.654376	-35.148787	50.091082	62.382923
-35.241047	-68.482101	-35.342991	9.069417	63.056729	52.027518
63.130811	28.942790	69.385574	-32.132976	-7.901245	-46.443714
0.922177	52.400379	18.265708	53.650937	34.034456	-53.350583
-4.709316	-0.853544	52.757840	-62.476328	-94.053953	90.426886
-22.457684	-96.825284	-39.740727	53.446748	97.637064	-17.130837
21.897726	14.129909	-7.255895	-22.657823	95.890937	49.816895
-78.134562	4.581470	-65.346140	-74.708152	-50.286838	-68.977635
46.073443	-74.084670	-62.365410	-69.266022	-36.891505	66.275193
-98.580800	-8.419971	86.139024	10.346304	58.931703	57.370675
-99.601724	-99.334760	-4.163886	19.024489	-67.397084	70.683815
-82.752747	2.772532	94.453230	26.142833	-7.465084	24.855459
-34.896244	72.805245	-18.323994	66.123429	68.776450	29.406430
-40.362807	-47.873863	-93.334817	19.278690	12.930595	-82.808665
9.431255	-10.905549	-82.048579	44.433733	-38.593087	5.399251
-71.683688	-97.958157	15.192617	42.686679	-90.615819	17.132362
-22.735923	87.309715	-97.318618	84.470609	-57.186864	89.149891
16.885959	-71.933334	-33.652896	80.517309	-27.854039	34.131189
95.439681	46.750010	-62.199891	91.631737	-58.574230	15.430963
62.093348	19.293429	45.884658	-32.187650	62.619733	77.328393
4.239949	-3.494945	67.900337	55.380146	-52.369259	-67.634843
62.535104	25.311863	19.119695	18.152522	-55.552225	-52.612384
-61.100147	-70.324411	-79.474259	-39.790009	52.502929	81.630927
40.863863	-55.190566	-82.567149	54.798084	-26.306934	58.900129
-85.870281	73.675178	-81.927459	-97.684489	-59.491524	51.676051
26.160283	30.270437	56.950370	-47.618199	95.985713	-79.060069
52.753036	-28.129069	11.755866	-56.729649	-87.470139	-76.899267
-56.025082	-12.863137	-12.571616	78.465155	34.423511	-5.340057
66.288257	37.097807	-77.946854	73.892578	93.075014	-45.561817
42.714905	36.718426	36.159380	-54.602403	-49.004990	-39.905201
-16.675098	28.091558	-33.080980	-45.580064	-56.070390	-24.643342
8.037129	-1.107356	-67.987646	17.346152	62.685872	70.184591
-96.333307	61.568892	-79.886904	-63.794925	-86.520676	-64.820942
-40.435024	87.955239	19.561870	26.869758	-15.634310	74.383686
-37.994388	29.502349	-58.599784	-63.232233	-85.007829	-21.546547
-53.756817	54.621020	73.754592	-61.426265	-14.548466	35.224075
7.016887	47.457970	-92.658435	-69.591433	39.550909	-63.722684
69.632597	1.828365	-35.329553	100.348479	-15.187214	37.096921
58.315709	96.141110	-25.070393	11.856242	-54.183042	41.211921
71.741999	95.990247	-46.730640	-47.247084	-24.477505	25.470651
-39.821104	-4.273639	-99.228662	-27.593735	-75.985130	19.271321
-50.294957	94.354382	55.185739	65.786516	100.226269	83.253785
27.027273	-98.900567	-4.362335	62.371339	3.673745	31.087895
50.175426	87.151925	-13.246945	64.222209	58.285303	-48.531027
9.516630	-85.391852	-95.203319	85.308685	-95.546671	90.102341
-41.572760	65.620467	-73.542595	81.461025	-50.156766	3.590633
-63.783138	-58.991412	-17.051977	-45.452203	-74.844426	65.045529
-86.638682	85.634580	-3.666612	-22.451366	-84.350399	-13.368509
-56.286915	72.820761	-97.785318	33.550465	-82.625624	-0.843056
9.500456	15.104714	-14.981343	-66.681279	37.172207	19.137120
56.865908	27.302562	49.320366	96.521090	11.879549	-60.666376
84.884195	-61.803519	-51.876224	-19.296907	4.926211	31.952084
-80.738418	-56.861017	25.763752	-76.191433	-34.730506	93.036113
-34.264477	-62.600877	98.955792	-44.331139	-28.907340	-19.624691
58.404257	-15.332758	-40.275996	47.636854	10.711732	43.895555
-76.196616	-14.978311	-87.977128	42.235418	70.514904	93.079301
20.383876	-37.965337	-98.023329	-77.769511	10.169952	-0.009919
-56.008486	-53.196704	-31.521939	-24.390243	21.177820	40.271328
-34.767346	-27.871237	-91.914692	-49.225886	-89.301810	64.545511
-0.863186	-91.717014	-95.455110	-78.109799	-22.754907	29.474730
-95.151929	96.174010	34.612003	78.432724	25.619806	24.841467
23.091819	-40.530308	45.023812	82.635082	44.228007	3.258211
81.613094	-63.445650	38.384714	0.409017	-78.195571	7.689276
13.750945	-55.729459	9.662149	81.602223	100.923004	-8.190099
20.793432	96.940770	-83.277083	-99.731599	-30.097413	-54.616177
-37.264446	10.220873	-25.919632	-32.944597	-37.869765	-66.046522
-96.013263	-28.485137	24.153896	9.116628	6.153557	90.636622
-24.127468	-88.506621	67.778472	61.398440	-76.940587	-69.388352
89.282893	-73.764676	37.091523	-32.756584	15.717654	52.367059
65.096028	-63.867891	-79.896727	-14.761851	19.849618	-72.494024
-62.439625	0.465782	-12.888879	56.338804	52.552954	-46.778685
87.047955	-78.514238	82.827279	59.809544	54.962293	56.312929
-37.639875	-23.916718	6.451678	64.013649	-22.281408	47.293427
-63.089973	36.014105	55.353107	47.650006	68.602236	-60.802712
-78.472598	-1.472258	87.631064	81.499124	-87.963128	-40.777359
-84.277457	54.661537	-46.392058	-95.939651	33.331880	6.051667
19.502523	49.627022	-45.674308	-14.369309	3.782836	88.381092
-66.015169	-66.371467	32.729892	-47.685632	-50.484575	-48.450547
58.773889	-65.920886	-42.930003	18.315346	-17.225037	99.197836
-97.153891	-77.524001	22.840128	58.755866	25.757745	26.693176
86.859524	24.367330	78.365266	-92.773447	-55.617634	79.857311
5.190120	-77.245008	66.421801	-34.522393	-42.051119	32.610136
-76.902635	-37.573354	57.226651	-84.848939	32.002456	-73.460816
78.261901	80.534165	-72.815133	-29.534705	4.689952	69.621886
5.671610	67.607572	96.849042	3.052262	-68.248176	-13.568059
44.505845	52.087993	95.756059	-63.707611	6.586320	64.075162
86.773406	-66.596607	-7.476946	-50.628145	-1.813601	-15.164828
0.919720	15.794543	-75.002465	-11.124671	-26.675275	20.770688
-44.748965	-94.882302	56.616851	-7.676919	-68.414105	-82.767354
-32.756985	-89.234340	24.649252	-11.754885	93.527858	-57.008641
-64.500289	-60.960179	-68.670828	52.776228	-66.159274	-99.812475
-25.574884	-76.701859	13.370726	63.363006	49.852655	-94.199224
-85.393913	82.827690	-63.304223	29.603940	-68.202462	13.686157
90.850869	26.496551	-83.104642	-14.210730	11.844477	70.537769
-49.739350	5.702739	-13.095980	-9.723778	-93.304507	-65.817153
37.644309	-12.023152	-75.780252	-62.578622	-21.100277	35.757398
-77.569669	-11.136363	73.457275	98.832127	81.069780	-35.088575
-96.470167	-1.448858	100.268332	39.451826	70.807961	63.768932
-4.918939	-22.496643	11.007327	34.135249	-10.359011	-24.588880
17.120616	77.933711	14.892335	-82.183928	36.598389	-64.523494
75.117401	-14.636614	-5.706655	-2.717980	-27.196635	35.291832
87.812901	-40.096657	57.227410	-51.137756	-43.137284	-63.937365
-2.131088	-70.978962	-73.340355	-24.195754	38.559442	-76.222113
75.530177	-2.703960	62.365926	51.695146	41.462239	6.303306
32.246116	44.136530	63.905862	-87.879645	77.332848	95.659377
-16.192171	-7.248074	-65.534268	-94.920617	-35.063537	98.744371
-66.439950	23.959260	-9.166664	-77.513370	47.471838	-79.488310
4.077386	32.082637	-99.487432	-6.875460	-38.430053	-66.201640
28.027528	90.158441	-22.884026	-49.257082	-2.784177	68.365747
28.506984	-3.017101	-54.173648	72.249549	-2.506524	-94.967899
-79.534220	100.957953	-92.479971	-88.317958	80.551132	-94.381201
-37.131025	24.490591	85.912865	37.974425	72.857745	-80.212489
90.600731	-56.649381	82.185325	12.389411	39.502004	79.525030
-27.480772	39.429500	45.173449	85.145687	0.746268	-59.604670
5.470860	76.578618	49.502459	17.790349	96.517558	90.205036
79.989219	95.341941	59.721938	-17.477129	0.154896	-29.944386
-97.157296	-51.197544	52.185801	-3.599343	-59.722264	-16.922998
-77.401776	-14.310604	-16.438448	99.223452	87.448761	-96.544934
-69.973120	54.734516	55.145518	2.863574	34.832548	10.753243
26.123683	-67.894807	30.505629	-80.898048	54.026532	66.895811
-15.112878	-14.226612	-93.994506	-4.375813	100.565942	15.570500
25.147748	-25.821744	-89.895697	-13.771738	-14.420176	-37.467355
-24.430074	78.390745	27.853780	-40.685523	-61.548743	70.315613
57.434221	-79.730303	-66.858248	98.010403	-14.039849	-60.995418
-12.296538	70.006126	-18.847226	-8.443499	86.903377	75.226175
-9.465295	-66.732154	-73.931736	33.337351	11.831186	-65.120478
96.812935	89.412676	91.258858	44.499286	-15.185267	13.153718
59.259642	50.602398	87.509699	-9.779583	81.439124	7.175683
-29.083525	-93.351491	26.452439	-15.334635	-40.330473	-19.265996
-29.862195	36.192809	11.425596	51.107538	-47.423736	-56.501398
-72.643030	-46.201035	69.973551	-17.395746	37.909219	-92.204490
53.833652	76.329707	36.808754	71.151969	2.045399	-92.957333
-81.175964	79.520060	86.146717	-65.383863	-89.965061	91.780305
-49.359477	96.138873	87.486004	-81.981018	-11.543706	-44.996902
-21.359222	92.147605	-25.365895	-51.564532	-88.472693	26.829300
-24.825925	89.360450	21.846496	-85.889378	78.958646	26.147461
-87.340024	-9.434610	-27.565128	40.517312	-83.846188	-42.535911
-86.833642	87.532134	-89.701666	29.881063	14.352643	1.868457
-20.009449	-37.290486	91.007545	-40.400308	14.278045	-70.555066
37.629324	6.708877	-11.425048	74.688589	30.476578	35.729699
90.457677	3.894689	-15.740583	-33.759055	16.727961	-62.160262
-48.104588	-47.614886	36.275837	-80.360545	77.204498	-5.908037
63.638696	-93.655988	-69.236569	22.796558	-78.500322	-69.662800
84.905960	52.185810	59.726354	-51.122661	79.013294	33.707198
-47.485319	40.887476	-34.925419	-61.947361	-29.517203	77.647913
-81.667552	41.157568	63.881704	68.142856	100.964127	98.727618
54.727348	85.936323	-97.819923	90.012201	100.909706	57.478031
38.983801	64.850048	-44.410085	75.654616	-92.367870	-0.600275
94.122269	58.373328	-84.247041	63.083229	-77.309395	-37.153080
-51.409831	-18.472327	14.553444	-64.605502	-49.154096	-29.010879
-79.414969	61.397874	-56.033166	98.507194	1.095114	57.515657
-95.638179	1.048389	-69.723623	37.148442	86.909179	14.569616
10.582973	81.464291	67.751366	89.078801	-65.370534	-34.537723
-21.722567	39.555504	68.960779	55.027546	-56.319193	-99.701690
-17.260741	-80.132054	-15.410919	-98.921663	48.959223	-40.271161
-86.751946	-62.937620	48.610809	57.338435	-41.671698	-78.015916
59.824851	-32.795583	-49.115209	55.912646	77.472915	-59.269751
34.620595	-26.329626	4.572961	-27.743067	8.839096	60.287292
-19.305519	54.015362	30.113262	42.792657	-60.826070	22.088898
-22.420915	54.166020	-52.909996	-17.416368	78.727294	91.173088
28.388772	43.174173	62.340078	45.868590	-79.624235	-26.825813
70.850356	75.410482	-5.693398	-12.415168	59.777809	-69.141312
-82.781580	-63.367301	71.312982	7.053191	-90.380897	65.320092
41.450290	89.835659	-53.517426	-92.333301	58.591195	-55.195573
95.369009	-65.885101	95.848883	-63.913331	-71.078700	61.528866
-22.518099	47.766266	-58.571693	10.238857	97.002262	-85.504749
1.137062	80.187691	-0.598433	-87.250650	4.436125	54.808897
-40.186441	35.361848	89.313362	35.444479	74.450876	-41.318889
57.924722	-60.083837	-0.641170	24.947263	43.707233	51.524439
-19.154226	-23.643143	65.818781	43.000660	-80.748520	-19.731669
76.228278	-63.738014	58.632785	-75.180013	-39.602560	-89.476912
-85.123462	89.990762	-66.614806	-75.995564	-72.515395	79.036157
29.060060	-36.028556	-8.566890	67.176245	-94.899323	-22.266502
-66.850125	97.744697	68.410685	59.871612	-65.622060	38.282802
-39.881213	88.908082	3.684811	-94.963108	-1.366273	-26.125731
87.661548	48.432665	39.327831	54.961138	-25.021119	-38.190899
-78.154246	83.523077	-4.463178	40.776274	13.826713	32.390182
68.425456	66.534728	-94.745517	-95.406943	-25.692556	58.510510
84.571921	50.421033	91.955359	-14.799960	-26.789564	22.425823
-27.153236	14.251804	-96.698340	74.094673	42.869053	2.823253
-23.779367	-11.924102	18.495854	-15.247671	11.829806	-93.469075
34.313657	20.277873	87.888355	-75.663366	58.037795	40.879690
-46.804392	-33.940688	-59.046407	-86.561133	-32.641762	99.127085
-10.405662	82.588431	37.900291	-76.541079	-17.175875	-39.714370
15.953697	-41.178307	14.605966	-82.913706	20.665455	-74.828545
4.594407	-49.936425	-8.864643	99.664653	-59.717123	-75.829553
93.005665	32.578892	-14.261922	-6.894224	-41.491808	19.031940
-37.133276	-25.787426	38.578199	48.241262	-32.566763	84.751069
-52.508307	92.669277	12.286500	-14.165462	-29.289178	70.459090
-29.196221	45.878815	3.514503	7.471656	-17.950887	62.012763
37.406089	80.143674	-65.110047	92.273877	19.218163	82.718914
21.176355	-12.187741	70.457266	-89.142359	-29.972762	-46.229402
23.727126	31.110449	-52.854620	35.910487	-67.240625	-3.652669
7.852181	-58.077761	-0.084257	23.988830	59.498795	-40.828133
66.405574	55.105189	59.985888	-73.765984	-60.480775	22.001838
24.168792	-0.794573	-93.666409	-35.140575	79.856733	71.434364
16.821059	59.354972	68.220223	-24.698383	90.316031	-46.513381
-54.725924	50.560892	76.897852	-27.564494	81.851924	-69.083216
-50.124494	77.089634	51.290511	-74.791833	97.713081	-80.313197
35.932037	1.141926	36.378950	10.392630	-49.521493	10.766293
-37.920516	-16.245263	66.571893	67.407518	-53.907716	64.778001
38.056103	-26.710988	35.287886	44.797715	60.206954	51.402344
74.178588	90.423922	42.976514	77.562095	-12.495105	-22.311100
71.302249	61.564784	45.791752	-92.344420	9.491880	33.867534
6.778083	-60.610776	96.776421	-20.809570	63.373831	-68.934532
-84.615388	-30.302460	-25.506416	83.913721	1.958734	-42.142400
100.642433	28.572392	54.572726	48.127827	72.148931	-3.885791
18.711396	-36.183081	88.022569	-6.467865	95.690072	-67.159601
86.330174	51.822202	-65.217941	83.872688	28.808686	27.928920
48.976025	48.430928	-16.733352	72.437325	-13.600688	-20.497485
-79.570198	-77.251008	16.196247	95.814164	35.127414	8.872023
56.630532	-17.248513	23.173044	67.317797	-41.838310	-80.774157
-66.080895	11.760348	65.865262	-21.624925	19.179072	88.335571
42.537027	26.036590	16.637357	-2.875243	46.008684	86.289277
47.717630	-23.422731	44.130468	95.148089	33.607146	69.813794
-64.226899	19.489163	-30.297850	-21.898472	26.430419	97.320799
-32.070005	70.956098	-0.000653	-60.115910	75.747949	-19.835192
-26.972527	45.087672	-72.678866	42.008323	52.076584	-5.940446
35.281274	80.061167	-5.808792	-93.157069	-66.897324	-84.669158
-30.494889	-27.012258	-37.531213	33.382651	87.385596	-5.913923
-72.246980	66.895630	-16.526289	-79.509613	-30.739863	-53.678949
12.316619	15.093156	6.241243	-41.029722	-82.274379	84.672133
71.806645	98.128754	-92.650366	94.112193	93.010357	-74.662932
16.713437	-93.658344	-33.945070	-15.321052	-85.644490	-29.256886
-97.479645	15.979949	24.832819	8.947378	15.725852	-5.974285
35.867544	-60.524064	86.912998	23.909057	32.050032	-73.449733
50.504555	-72.010067	72.914704	-9.180448	23.392696	-92.497731
-68.187585	-33.186431	-39.353890	84.751807	56.572578	-16.168434
-19.282255	-38.024802	41.250528	48.782547	17.891616	-50.820045
43.035172	-61.087521	74.624935	21.853478	31.333239	-41.504397
-44.637868	3.031547	45.080288	-28.252688	13.371705	-37.708438
-84.370184	-26.362164	3.353414	-4.236260	-8.613982	-57.218721
-80.401849	-40.424556	-91.681609	8.120975	-89.803133	97.026701
72.569351	76.625075	36.084890	9.453116	-22.080505	9.149838
-19.129119	-95.665178	-96.035324	-31.285842	-32.084831	-41.311971
10.651894	21.372216	56.462867	-60.095453	-15.893418	2.777542
-16.814750	-54.325609	60.204684	-81.007805	-60.195585	58.044133
-95.421348	32.045765	-53.443466	-91.936663	13.623197	58.931648
-75.329111	90.054480	1.214414	0.776021	26.273551	-74.090160
-48.046642	-44.886529	44.819529	38.508048	46.039035	22.039498
13.167489	-51.828721	94.743889	36.461414	-95.670916	1.321135
-42.562885	-48.608515	-96.771535	-22.447934	35.464866	-50.425602
38.042256	27.790217	-35.123317	5.190154	-37.487574	-6.730489
63.103824	-46.113900	-3.010273	29.479288	-46.757561	25.545287
5.756499	57.944239	1.700765	-3.661223	66.371358	84.813571
24.413381	11.089229	99.811887	98.633606	3.302544	-80.723576
-71.492673	-28.397933	48.255517	-60.955702	11.904465	89.388137
-64.096855	-88.779774	29.239566	36.695764	83.565484	14.123441
-5.120338	-28.530756	-80.543728	88.389888	84.996928	-17.193367
78.232236	20.190538	-71.790183	72.732708	-50.673322	-3.008670
48.321237	-35.491664	-51.169939	-77.838005	-44.336799	-14.424826
17.142096	-88.440955	-16.897327	-59.530536	18.952617	19.033927
31.174146	62.583250	61.203802	9.994357	47.612122	-76.473402
-51.260568	-89.469489	-46.932240	43.696315	78.151069	-24.165364
-66.208251	46.902516	6.803253	-48.861216	39.371234	50.348050
84.288407	86.907905	-82.480678	-60.396414	33.391028	86.340782
87.887208	1.484408	-21.268992	-90.292914	58.993905	-60.050800
-5.074666	-46.441438	56.056852	24.542897	100.824794	90.807977
-64.825643	-8.917298	-78.760518	-94.113223	-87.869216	-16.023785
-87.732590	-88.140840	14.721692	-89.228148	28.237692	-39.814702
-92.866307	-84.588098	82.358794	87.587636	-74.420383	90.438969
50.407476	-58.347003	28.403607	-55.622995	-52.721141	-4.944424
-28.472592	-71.689752	84.957595	94.353239	30.908410	-11.782130
-83.751509	42.911970	23.143600	-13.620357	-56.634273	78.560890
7.649980	45.820701	-77.719928	-22.378588	66.569678	-32.995436
-14.299166	76.649261	-56.159881	-3.508011	-31.938353	26.235782
50.483509	-92.590485	-43.261495	-72.024469	47.063861	-15.166852
68.581087	-12.168386	-82.032486	-37.916748	23.552514	89.124996
-56.001343	64.912498	81.351760	-7.261078	15.016629	-94.118406
-85.475231	1.884302	-95.278416	49.822389	86.204436	-51.988734
-59.185466	98.012649	52.705366	29.179123	-50.927428	69.304115
-56.283100	26.431937	-75.782721	-46.513491	-86.435057	0.832560
-71.264959	21.401996	-53.402088	68.326839	3.082271	-16.004060
-65.594908	97.786005	-34.303208	-87.332111	-15.661923	3.718331
-9.836448	-74.142242	85.345153	-10.033022	47.388039	1.478837
-74.933187	-60.902225	73.393032	76.214965	61.898642	99.219725
77.224912	-18.919948	-68.522803	89.588529	-72.674930	-84.395297
15.053621	48.305141	49.074329	-76.447085	-3.930943	-29.912544
59.248315	53.412066	75.613126	33.402226	-67.178050	-50.341676
26.243837	31.820644	-3.385505	51.497808	-91.594402	70.683035
-23.634721	-11.697153	-44.316557	22.483833	-41.403921	87.935798
96.428636	29.867052	-55.801587	-58.888026	1.775986	79.165493
69.715437	-68.540224	-80.662537	-19.447728	48.579071	27.688279
-18.939820	-64.802870	-86.884700	79.518274	-83.590041	40.137605
-5.917908	93.429295	-97.883800	64.357720	-50.002565	-9.881813
-12.442284	10.044342	29.402416	-60.835615	-32.615036	99.708995
21.889962	99.038263	-83.752193	62.179854	4.642570	17.254406
47.253780	77.646629	95.950529	-32.791905	-27.435132	49.072541
-56.724517	33.661535	-93.162556	-43.525611	76.775482	-38.949395
-8.993145	42.609805	-78.948166	70.554967	-24.717002	-29.854372
5.583774	-79.253047	99.978808	-44.421125	-90.388573	-19.892839
66.022927	-41.853902	17.842431	-1.355445	-11.349215	30.542166
-62.157238	-67.750710	-84.510818	85.800490	99.794003	-6.154189
66.394472	17.535155	38.292662	-80.967897	-62.029468	85.841067
-24.445754	11.162734	-66.567149	43.104142	-6.588406	88.715322
-23.434128	-4.962084	87.764945	6.284945	65.560924	90.189047
83.544933	-55.719658	32.289482	-52.188768	32.914800	-61.693596
61.407422	-12.169072	-79.902573	-67.280448	98.942129	-36.743207
-75.204956	-56.485374	-87.076078	59.854960	-6.239925	25.053687
19.145267	62.077806	-7.750012	37.117211	89.812741	-0.325333
75.635627	-8.168267	81.233497	-72.431525	80.092383	27.160561
53.895814	30.061555	11.237803	11.777570	-9.340589	-59.281135
62.737416	59.578693	-6.415959	39.337774	-20.476205	-20.323266
34.941376	35.057536	93.605676	-97.954271	-84.535094	21.660057
28.811029	-88.722365	-47.967608	65.562131	19.712216	-63.389544
-28.286307	56.912128	-33.143785	-51.625715	-71.222258	-18.276164
-49.599944	72.826435	97.553289	-38.097599	-98.286109	-32.609980
-15.999827	60.034287	-73.849172	62.656522	14.358966	-32.518738
-57.999073	-45.828501	81.454594	25.069446	48.586795	91.896380
-30.707409	-87.749590	-4.231844	-25.537098	59.907102	-10.149694
-62.063372	-79.914155	64.283801	-66.009995	97.834843	67.135021
-82.375478	-92.720272	42.245381	-33.477279	-3.615012	-56.208648
46.806208	-7.779603	67.742601	49.607513	84.124357	78.506749
-86.624573	-66.696832	8.314682	54.819935	33.623621	64.801879
72.204163	60.925988	-59.481571	25.242926	1.810449	-29.192220
42.141576	-93.834391	-96.384571	-35.595841	-12.774311	41.885631
-74.871916	-23.704163	79.776949	89.813683	41.651518	-23.849283
-60.465788	-45.325133	-41.645133	26.003787	-81.371457	91.935461
-96.331147	-55.561962	91.507229	-75.760235	-51.189802	0.305095
82.938793	63.203862	-18.418911	-10.978168	99.924281	12.968552
-27.430366	48.404778	-37.819812	-77.295586	-96.806679	37.556375
16.130185	-71.686663	-63.536815	56.539831	32.470591	60.334651
-51.045629	-76.744771	61.668666	68.989758	-97.948310	-20.580778
-36.151642	31.791624	-34.180506	75.539516	-76.046214	88.166905
-6.601289	100.605720	-61.527271	76.979828	-15.734307	-77.663760
-54.761114	-45.940057	-93.227245	-14.049408	-21.386916	-85.645086
-36.576986	72.612086	30.195775	12.594243	31.961537	94.618138
62.086483	-72.875021	93.405624	-11.090929	77.292871	-77.719748
-62.532871	88.954570	-41.468153	83.650379	11.100105	-30.549118
-7.319287	-75.579704	-29.838343	0.417292	47.160130	-33.353209
-41.294318	-59.475078	-18.439652	4.972011	-51.766745	-75.181902
80.680459	-16.411146	-54.250930	45.945635	8.731185	13.080862
60.157369	-45.930409	-35.542183	-64.999234	-26.327712	71.043270
-61.013049	-47.434778	-65.758634	-65.630391	-5.045464	-12.523750
16.741061	-26.312849	-15.689875	-77.192906	-94.344371	92.400292
-11.872244	-32.476549	22.148806	-39.921471	20.508567	-47.574648
-23.148745	-39.588584	-40.942479	-99.837021	-42.370279	-73.318242
-60.456181	3.480902	-65.751745	-14.761038	-21.964801	89.193096
-31.229166	74.332789	70.398637	93.287985	-90.646689	36.947882
35.502845	24.626999	76.459300	-67.545334	52.731960	82.257122
-88.459354	63.450193	-3.827880	3.124042	57.607344	6.126689
-22.439682	-97.811444	98.294141	100.975889	86.018661	-64.497588
52.560390	37.742640	14.912905	-52.785211	-38.800509	29.343224
53.902367	27.548134	-72.097088	36.460369	33.904472	-64.209216
50.156925	89.560450	-51.121688	26.287799	74.752598	-24.257001
81.031834	-60.482092	-64.900720	47.093205	-11.336454	85.414618
25.124681	-81.514088	18.698208	-12.601515	-28.597462	-63.372644
99.486065	-77.494125	6.628625	65.868853	27.557244	13.726203
-30.068711	52.492661	80.388629	56.765975	-23.398511	92.776279
16.860384	-71.898832	-38.559195	-56.790821	-10.039091	60.794508
-32.976450	-86.747980	-44.440235	-1.066475	-4.950116	-22.380236
31.239369	31.837022	1.751029	0.763646	2.363605	78.473148
100.622900	47.866652	-76.361269	-0.624096	38.491125	89.883638
-46.593665	-91.744057	-23.379433	18.404633	-54.790196	86.000784
1.141787	66.397614	0.763439	-22.093476	53.719224	29.979077
95.409886	96.125479	88.967476	93.488683	-17.141001	-91.193830
55.728117	24.595185	24.141918	14.810370	-50.575316	-92.535523
38.191551	20.575978	-81.919649	20.798596	-54.072294	99.984053
-75.750142	-37.207812	-32.425301	88.307877	-10.432229	-24.443030
-19.124526	-65.809879	-78.780202	100.470201	31.772285	78.822653
3.497701	30.919967	68.341899	94.772971	-89.314289	-64.082135
24.060262	13.657455	25.555705	99.993306	-9.193191	80.737793
-81.227437	-22.199160	-78.298907	14.955602	2.546914	7.442195
22.949791	-0.322756	86.505496	-13.133819	-98.229126	60.208975
12.942444	7.126735	-27.244119	72.956653	49.830439	0.412587
-29.947640	-4.704523	76.329593	27.521984	65.292617	-75.963951
5.115630	-61.691636	74.205435	93.794093	6.332436	-62.158708
90.532421	-47.738156	-15.408296	65.763772	-61.384495	-66.446711
-36.245780	59.079924	11.567337	-62.582687	-78.598321	92.191218
-31.877688	-43.245881	93.969521	14.182243	0.973180	-70.010358
-13.307706	-2.937591	60.159040	-35.106730	3.491357	-44.937953
-40.765155	-46.695985	-41.623195	86.409080	77.422112	47.629931
33.651257	73.293377	33.455427	0.491036	-75.229443	-62.364288
21.576005	-81.819069	54.067041	0.713017	-68.486761	79.088897
18.176043	-58.486409	-36.714146	40.733933	17.541030	-6.106173
69.389802	94.227223	78.923043	82.515858	-92.096929	-65.171189
-74.917067	-77.013514	-61.644616	-63.952096	-26.198688	91.932094
5.254747	40.436143	-13.854430	-78.588515	-37.508299	-91.539471
-45.726825	0.298136	45.370208	-15.274588	68.989534	12.428467
30.203062	53.973280	-47.132844	-5.991151	-18.441888	-89.965121
-92.419791	33.667010	49.722142	-8.821465	-36.066156	-0.664315
54.858628	-48.839411	62.614446	52.353284	4.609741	11.692405
-29.082931	38.350722	-40.081684	95.712779	74.872634	65.161178
-30.647325	71.276662	30.555860	23.667481	-82.131455	88.013616
33.352786	18.649014	-60.969681	46.968998	23.641884	99.992541
-92.994748	-2.629137	-50.703451	-40.215002	-69.493316	37.599097
-32.552486	-84.036046	-82.646972	66.094683	-85.163834	-71.286119
-66.178512	44.820506	13.906424	-93.551815	-96.098548	79.024653
-71.806990	6.193592	8.202086	55.458321	-96.967667	2.565802
8.359874	100.084088	-63.847501	-5.730116	81.482939	48.712486
92.452549	38.911585	28.194473	-74.119006	-84.138274	22.872803
-37.350512	52.764681	29.020970	50.216294	91.320027	94.743798
43.168969	-95.655373	16.180850	-5.476721	67.367842	55.544481
-4.078628	16.260193	67.061651	-72.458069	13.994385	50.985396
-3.565518	59.224006	39.221031	-10.442482	-15.554276	6.240479
-83.922586	10.582157	32.680962	49.470294	-34.103820	76.996137
-9.024943	97.657856	58.488057	-80.251247	2.694159	-29.656797
55.812468	64.574329	-46.025593	-86.912818	38.747924	17.095556
16.914807	82.060967	-54.805507	49.955234	-85.043930	23.768912
-83.932061	-84.617561	13.697573	16.676383	-12.396636	-10.094857
19.488199	-56.795936	45.658494	98.558261	-34.457914	-4.804960
0.379724	-66.643572	-97.485527	85.974802	29.454617	-60.970915
-46.000986	-55.581946	80.972966	3.510458	-50.986532	-1.475331
91.578111	-23.880824	82.878971	44.825162	52.800733	20.735515
-83.989172	-23.327878	4.466787	75.390625	39.851308	-62.859233
-19.364372	60.360282	90.410511	54.081836	-43.445582	61.728014
6.920315	81.078522	-87.020011	-35.663822	-90.492243	54.639270
-22.711526	90.453870	-97.568441	56.533439	41.623874	-27.670439
19.006874	-72.006344	-51.839121	38.080985	-33.417933	-30.838737
-45.461436	-27.070272	73.373104	68.253562	-91.786879	83.817424
100.775996	-82.386606	59.679514	-29.090873	22.388052	68.643154
42.950617	8.685542	-72.055758	-18.498606	97.561257	-75.944102
43.170911	-1.700475	-49.618878	-79.754639	-18.170887	-92.366687
61.315219	40.725038	87.325610	-57.657813	-25.518373	29.576408
-54.323434	-26.114648	58.880298	-96.932649	-72.353117	8.223580
-38.530528	88.247551	20.082300	-34.238783	15.891368	-35.970852
30.707454	90.076994	-6.440391	-79.232661	9.529079	76.638464
52.677074	28.874771	-15.957879	73.888811	29.996769	78.550416
32.740778	80.447457	53.289679	15.336195	-99.814186	92.258093
-82.814833	-69.885780	10.259070	-46.673129	-75.406681	79.191859
89.673266	9.055302	-54.084941	12.085846	10.449581	-59.618889
-17.463831	29.445584	90.462205	82.115914	78.887663	-95.929173
-22.605474	89.102988	-29.036051	25.899824	-81.392102	34.882201
12.984847	55.614761	72.766053	99.743657	-13.612447	86.870069
42.858666	58.542671	59.650831	38.275688	-84.052403	4.423155
54.613065	-76.810376	89.032800	76.629430	86.244062	-86.183213
87.402623	-59.274662	-85.024619	64.885307	60.904176	95.616278
-17.658014	26.022724	-75.523374	-65.158737	9.119909	74.455594
-45.777654	3.379036	24.183625	-99.799565	75.037069	74.919294
74.615022	-92.082815	58.453185	-1.540841	59.172928	-55.465348
6.451764	79.494715	-39.923021	19.175957	-39.130348	73.711383
-8.753088	-48.513518	-21.530604	86.570189	-14.025912	-31.219695
-22.381546	91.091710	-45.389277	94.895401	65.646423	45.015889
77.504231	24.329149	-17.220741	-37.213898	-80.924212	-62.166123
76.048504	0.232078	-98.404726	-42.468164	30.608668	-43.384384
13.016755	-53.353680	-86.961691	-87.128974	-8.803403	59.007989
-74.419874	82.333592	14.207897	-53.451621	80.782113	-0.987655
17.322878	-54.406633	95.456537	-84.282828	-94.935562	-3.139487
-97.820629	21.704222	-98.162600	4.435511	-11.760181	-4.449665
-10.615890	45.585571	-70.473304	-22.186378	-39.112157	-66.312109
-34.347989	-59.642112	94.398416	-57.928665	60.819272	39.934172
-51.424914	-22.400750	-18.145905	4.181919	-94.937821	-82.321640
53.033368	-31.370333	-52.200226	-1.628654	-81.537357	24.059843
40.567561	-22.266504	30.696729	-12.467242	84.031159	14.458631
-65.332417	-42.854966	-55.949377	44.864013	-51.925033	26.624288
-98.408407	-5.372668	-14.093253	-74.731963	-39.297279	-59.090165
-15.216934	28.692434	-30.927569	-87.687996	-52.996812	-96.341967
-22.219246	-49.162615	-20.733334	-21.431982	-45.398687	-2.710221
76.566778	-8.573268	52.705969	29.129566	-24.849691	53.529560
-61.989282	-65.314389	-43.761103	-86.824629	95.959646	8.231705
-7.980078	-57.733740	-95.869534	-93.472244	13.621319	17.469922
-77.494629	35.977159	-3.448263	-23.251379	-41.271618	-24.690715
2.822836	11.356112	-4.495402	-72.089834	11.646005	-94.679597
59.253330	-82.484438	-85.303720	-0.566901	48.873117	-63.460869
-75.109085	47.704143	94.330559	15.270207	73.961242	39.560339
-35.041412	17.421161	-35.858878	-13.633275	-56.959277	-8.170946
-92.952693	92.005953	35.428890	-63.959480	76.564162	-48.629609
-47.200689	65.412261	32.236758	-99.098531	-35.426415	58.464965
13.453987	4.936677	18.458312	-79.996245	21.921680	-54.653669
-74.334281	28.916398	-26.915275	6.990591	9.650251	-51.662167
-97.056169	-0.931099	1.492933	39.947452	-98.263675	63.709801
66.346787	9.576635	80.364681	-78.835572	-21.418274	33.800842
-74.730917	-91.249839	-18.760822	-75.009597	4.216534	-96.760976
-3.472260	19.876157	88.629809	23.797265	50.954275	4.718048
46.572205	53.084229	-61.088752	-54.206582	-25.716058	58.516776
90.430583	-19.170426	-92.352071	-46.221092	64.310706	74.651047
87.916038	-82.023246	87.702676	-15.590936	-2.322375	63.671799
-89.979519	78.262376	27.525855	-10.962246	11.783558	24.886519
-39.024020	-31.947377	1.547533	8.099648	6.784688	-68.285073
2.366958	9.751274	1.140884	34.703377	82.460357	-54.131759
-48.098115	-7.517608	-11.662923	-43.533703	-5.415781	82.177262
-27.399181	-75.287616	-3.162234	-4.080084	30.101007	-39.514075
93.293819	14.342480	1.398447	-54.659346	86.259795	44.957648
95.565210	47.457456	-96.311803	-55.951438	-92.537424	-73.927974
53.619504	-98.813244	70.961335	-70.300308	-56.097189	59.154259
65.409252	87.351539	-37.596363	97.994239	24.471057	-26.297947
58.518270	-37.460379	83.351726	-4.552523	96.036895	-36.895744
-87.948235	-53.767791	-37.252217	50.608154	-88.394394	54.848365
-66.928261	-77.914881	-49.155986	7.209001	-28.762587	45.407343
27.870738	5.488767	89.497779	-91.980844	8.821521	-10.826905
39.232904	-8.507593	18.534220	10.259099	-37.283572	-95.909632
15.246107	23.765983	-23.654652	98.702857	-14.399587	78.816724
-23.823406	-16.883697	36.792823	17.670127	-18.897344	52.825704
22.161566	54.690132	-92.786394	-91.634183	29.039993	79.902221
-17.104831	51.036223	68.923483	75.277343	74.008341	55.990261
-17.853815	-18.209326	-25.980122	90.504912	10.666841	-68.262237
-84.256964	-53.715779	28.178811	-92.556215	55.762227	-58.682070
-51.484323	-60.529069	10.186463	91.855362	93.095476	52.888092
98.896224	-20.385226	-72.038545	-88.972043	54.044530	-28.388144
63.346189	-32.519978	-32.245292	90.901600	-85.491820	-18.511384
34.873414	-68.329315	-71.336009	85.917163	-59.385607	-42.981269
-44.402993	-98.714994	12.721742	-85.957422	6.683453	-86.490755
-11.979785	-70.477248	27.795293	-5.962890	75.024316	37.628208
-27.719996	-47.917887	88.231794	-82.197750	94.117137	69.301220
-37.617080	-13.428885	16.463989	79.246661	-79.776863	-47.515698
69.456011	-39.745603	33.523655	-81.361950	0.818973	79.060085
-5.893370	-79.147851	25.323182	-80.775496	60.995405	-20.150438
27.591064	-81.997587	-93.756963	-55.520124	0.431529	-26.468470
-11.058425	-85.075183	85.935471	43.057789	23.892540	87.708789
79.684975	-41.679970	57.329881	-95.812391	61.836192	-56.380361
-14.560512	-53.303890	61.692058	50.902242	-58.272990	-9.345874
77.660514	-77.178055	-57.002708	35.430888	-20.561506	-63.516722
-60.616186	-4.013482	-38.471267	60.244451	-90.151060	-66.466836
-0.289360	-21.283921	21.222001	68.329476	-59.988123	22.337190
-42.501876	-66.660170	-49.620972	69.181294	25.446293	-20.644274
65.490509	1.853827	-74.128853	83.519116	-54.480429	-49.069457
-89.410022	-84.373901	-34.865155	-29.436716	-6.885737	77.648138
-44.434714	29.820478	-25.876537	-9.345847	-23.610604	-40.133285
-21.617603	0.762489	-49.472333	-16.763782	51.569250	-13.182252
-37.117822	-29.669296	-16.927841	96.468193	75.762327	36.055762
87.794747	-24.550817	-83.319577	95.722916	56.396551	-8.702720
-20.098714	-38.287320	-10.457922	61.948574	86.547944	-46.732613
-51.566137	-56.093178	-96.610639	24.862513	-71.806678	91.108621
82.039769	-75.986616	-9.050247	-34.777017	-95.516493	56.683636
-47.288082	-71.199799	37.134204	-10.390055	25.226753	89.786701
-54.304869	-22.598274	5.337644	-18.352227	78.284533	23.893455
4.112693	55.906856	12.344623	-61.407506	-32.127130	29.687540
-17.317829	6.441507	16.357244	-99.493401	-49.955186	14.885938
-88.460976	21.583206	-5.480928	-47.669644	9.928265	-75.394238
91.863700	90.832411	98.390702	-0.859765	-58.005955	92.620849
89.548313	-10.779028	70.472194	-33.751300	-55.225510	-26.419536
-15.686326	-3.623181	-92.411850	-35.561245	8.961925	12.237398
14.264541	62.845996	-83.520762	62.888003	88.493882	69.783040
-35.048885	-32.524602	3.941397	44.502493	-49.178883	-15.296777
76.095568	76.661861	-59.371541	-61.493015	54.933435	-55.969220
23.343723	69.482076	1.695273	-70.499925	-92.280803	48.027882
-60.601685	-91.936320	-45.181314	3.355588	-34.058848	-87.178428
-9.106069	-8.299871	44.275208	73.288476	-88.287474	-70.931292
-84.429872	44.150488	55.712504	20.706155	27.022922	51.525180
-86.639592	89.039127	-86.404017	-88.649479	-26.196692	-15.888878
-71.365210	28.078015	-26.398738	37.609040	20.587585	-77.496567
-95.674336	97.608219	-50.216480	82.972942	59.773136	-30.282760
-67.648096	-28.921698	-96.143015	59.535492	-12.599750	-81.139759
20.096744	59.111024	87.112658	-5.990874	-73.411672	40.884707
18.993704	16.878733	-91.185468	-98.942243	-28.773017	11.968741
-80.169133	81.575895	-30.982436	-26.727565	38.107869	93.942752
-35.150858	-10.278729	-45.230283	-34.156912	-8.222149	-78.175417
-85.416671	73.245432	62.901426	55.385802	50.819819	-36.842341
84.911675	-41.595768	-84.176095	36.926125	-47.859730	13.405194
80.171523	-48.082877	75.616614	79.588044	73.522408	-77.164794
-92.105151	1.156604	-48.896721	54.233069	2.291757	-97.797076
-3.405806	62.753737	-75.334291	-60.171636	-88.026428	-7.159827
18.066026	-11.301899	88.720301	-9.766063	-41.450107	-74.349479
-60.778427	35.460188	-64.092731	63.129683	40.916172	80.234598
0.843052	48.379293	25.606864	-46.690187	77.961242	84.089098
-0.823686	-93.923230	55.885610	17.509344	-89.099805	-40.397896
-91.477761	85.679899	-45.440245	-50.682146	-36.373079	79.747492
-21.860047	82.836654	17.778349	-18.380182	-98.015817	-90.409595
82.237536	-88.113015	21.812598	-99.245571	-52.770541	-41.001362
-85.787276	67.596248	89.224236	19.164641	2.525409	-6.789499
80.475573	-41.475911	62.616360	0.014436	-95.765234	-80.041568
-59.753861	-8.152523	-82.370796	-13.229674	74.315260	-42.776693
26.207878	48.789257	44.233790	-35.349962	31.809617	-15.323706
-87.477750	-53.214215	2.687628	87.642539	11.464492	91.021634
22.387596	-5.901733	-24.834265	-6.905623	-10.784153	-2.133770
48.669626	-62.605897	6.427262	-95.972350	-16.918093	-27.964961
90.048451	18.028673	-70.926736	37.392625	40.746164	-91.310084
-51.079101	-12.598325	0.064967	39.195414	61.335423	-9.008500
-73.847997	-68.827858	7.652629	-15.076837	-94.855834	12.533712
-65.660220	64.638900	73.392214	40.696604	-94.216028	57.962352
-53.985292	37.233871	22.435141	-95.736881	30.595891	-98.179829
-45.143106	44.446082	73.238720	48.394137	-58.586703	-56.679093
-32.410221	72.310365	54.019791	67.238223	-85.885308	21.833856
-92.563306	-13.080027	63.364916	19.662119	51.534205	98.496889
60.462031	68.747690	11.154302	45.886967	57.152316	61.340268
-29.371129	-84.419813	-89.293907	30.487475	25.180406	-89.340289
-27.069557	-11.407696	-56.889720	58.796383	2.597793	8.931528
-15.412800	51.153489	-45.065250	19.377540	62.885951	-85.799427
-55.353985	-50.011628	34.086312	0.247516	-65.759292	14.686890
54.831956	-32.088929	-63.808458	-33.506204	-59.720260	-61.620907
-94.138390	-57.690312	-55.444440	-11.290289	-17.133792	-26.578228
68.124915	-2.142859	-6.235062	34.843640	80.608223	-45.068060
8.861941	73.772237	58.087455	2.193448	-51.117088	30.830668
72.683495	-17.965510	-84.851544	44.986225	60.668106	-14.291645
-13.159794	-98.439694	37.307476	-8.689238	-93.683190	-17.033152
5.177228	-4.298743	-6.463233	-12.544118	-74.797388	25.816113
-46.100835	38.071364	7.132776	98.972751	29.781526	-88.172334
51.605324	-17.865132	38.630239	31.981323	-11.936117	-76.841572
-95.264428	39.679595	36.406579	-44.615044	80.993037	-42.435506
-84.226274	43.924568	-44.679246	20.257353	-75.587935	-92.865905
58.527611	43.843379	-51.159527	-91.695193	-60.008556	-35.950396
17.356270	42.397709	-75.665611	-42.832248	-38.059595	-84.513256
-17.094696	-2.952523	-24.427609	-66.751131	-73.063583	-57.437031
64.983556	-94.693128	-78.900617	-28.482243	63.564317	69.001650
-30.246609	-18.890298	-27.721957	29.590508	46.693213	-88.543853
-61.724022	96.456167	-32.296011	0.374999	-88.164175	-80.349135
-89.085248	-66.326345	85.235589	30.789168	35.541708	-31.126621
53.468307	-41.615808	-40.302763	-13.617074	95.791307	-63.975769
-55.528812	49.664013	80.936727	99.789622	56.979394	-95.743184
22.236167	90.680447	78.927449	4.977266	-67.905688	-37.859540
-75.656641	10.108501	44.060975	45.705542	32.978596	-60.697354
8.738415	64.498311	-7.627723	20.322773	-57.665729	51.534259
-99.695935	-65.202602	-27.070076	-77.247113	-29.753927	-65.463091
67.948782	1.809153	51.826097	24.749856	-96.793126	9.551525
100.164873	57.854238	-86.774818	-37.691517	-0.936194	-12.026663
-69.627576	-85.766599	-75.402800	28.779617	-11.855750	-19.154907
-18.296268	-57.437980	-11.650698	90.252640	-68.391785	66.356008
-21.256010	81.069597	45.448010	60.586564	-39.865994	-54.672551
-47.383766	-50.068342	-18.323316	54.741970	-69.338260	27.459949
14.968435	15.175872	80.236277	99.200280	32.032312	30.992821
-70.913495	30.775793	100.104637	-39.050184	-72.965460	-33.281891
-33.762192	-4.804168	-5.472437	81.844452	-60.062356	82.672937
-20.025134	70.920722	31.292967	52.774616	40.939702	25.308599
60.999466	-73.252418	-3.625284	53.744249	27.485884	80.179560
83.319596	-5.585123	40.907459	52.212313	-75.027684	-96.158543
23.351204	21.952023	-48.954979	-80.842045	14.932688	11.165867
90.159743	37.917624	68.365814	-72.022614	-8.578346	-17.089411
-4.866942	37.906605	69.837291	72.804334	-38.629498	20.976907
96.923915	-20.663067	63.682521	-71.877782	99.194611	75.406886
-62.394790	-48.140944	85.875539	-85.913798	-41.160470	-73.607963
-35.897944	-98.026865	25.027685	-89.376759	51.565569	-90.980572
65.446898	-4.628811	-83.375421	-35.750880	39.746256	8.252452
-57.943743	46.662142	-56.891295	-68.530948	6.431936	-53.491350
-25.633139	-87.801707	-16.306502	23.485817	15.194857	77.292237
100.316171	82.658233	15.979002	-31.655365	-71.310601	-49.053179
32.634607	-94.263314	-22.391871	91.853455	68.544860	13.028296
-91.282442	15.459709	8.096394	-81.473669	5.529855	-3.274106
41.880362	-12.430183	58.774109	88.034360	-29.524736	-10.650013
-26.176847	93.820658	-55.551584	64.044047	44.487523	100.453754
100.845162	24.934051	68.044060	-59.192251	25.215851	54.197052
-12.183622	-47.351537	55.973827	-18.872822	61.172779	-57.644933
22.259473	0.738986	28.011203	94.049792	84.887834	64.532193
-30.318571	41.699137	60.750256	-15.788127	11.607942	68.873595
-23.058337	-32.127947	-53.344875	3.251894	7.239893	-2.243069
-96.666148	-92.322276	23.676294	-59.089953	87.491075	-34.399183
76.568878	-47.698114	-49.526957	-63.733033	73.127345	23.839252
-44.951531	29.845625	89.814295	-48.974421	-82.066764	46.578426
-61.016516	-93.818396	8.123252	42.621468	-94.692545	50.409911
-59.768631	23.402666	80.368458	24.901660	68.441415	-94.964954
-77.553653	-79.544913	-24.078455	35.697597	-63.453254	-88.900081
-47.696538	-92.284506	63.061789	9.227124	-84.308809	7.362009
-33.008550	-67.660217	-15.643463	12.509821	15.143871	41.041406
95.825151	40.904697	-25.927918	30.094015	0.000475	82.354932
66.917674	99.527177	-96.656821	-87.406198	86.240131	27.437934
-17.000714	-45.162864	25.210074	81.471393	36.422870	73.743592
-42.091533	21.816258	96.893476	58.686497	-73.771435	-12.047933
54.533496	68.183660	-9.463767	-34.959625	-88.781824	80.736004
9.301442	76.118818	-58.685344	-33.608514	64.642948	-96.840635
-38.388897	34.717564	45.768044	77.956940	20.812331	-96.473224
-89.345809	-51.250901	89.015922	-0.010119	-4.211945	19.475984
-72.021791	41.712051	-84.328561	32.216429	-62.849196	18.880280
-17.207922	98.850486	-20.808832	-72.363896	-89.842200	67.437842
77.637390	56.368578	-88.743412	73.429570	-92.062134	80.032257
-4.364828	40.219453	-74.471493	65.950533	-80.196182	-73.237573
80.347364	35.616144	-1.706598	50.252654	-47.189541	48.704026
-6.077367	-83.862304	80.172963	60.291892	-56.897454	-85.744678
-0.159914	94.779087	32.294518	-2.283689	-22.742649	-73.882763
2.543536	9.071179	56.374290	-88.222721	-67.758656	-1.795044
-13.607967	55.712829	-9.361773	-26.330906	-67.461642	-14.809659
-5.178809	-89.732558	60.601264	-14.081609	75.875970	-38.181135
-43.418836	-62.745338	47.700247	60.143685	-52.244369	36.577717
45.760935	15.133689	-34.616931	-53.171237	33.308333	-12.181431
7.802662	96.951001	80.769248	-5.337350	-28.129761	-89.148424
55.489512	52.519996	96.585841	-41.847228	-61.611506	56.091746
-37.059964	-51.205965	-24.277193	59.916722	-1.923970	28.443515
-13.535337	-13.750991	5.887366	-48.738928	51.072585	-35.213496
89.314646	29.192768	30.948510	91.985896	67.598499	-70.248103
5.564290	30.661992	-31.233398	-47.461220	99.990803	-23.592326
-71.608823	4.603932	-87.036817	42.767432	-90.785776	67.669476
78.802181	-41.250414	47.609357	60.529038	-54.701181	18.167673
51.829113	34.358650	72.506583	-59.772594	-79.257027	97.173412
-40.090973	82.047467	-76.039952	57.426312	2.160683	-28.302434
-95.546068	-51.939101	-46.347043	58.919947	47.053260	-52.140049
-17.739049	-67.566207	-24.094486	-90.797942	99.328561	33.904285
53.966043	35.092435	14.650156	90.677366	86.691609	60.066042
-91.732739	-18.906473	-21.275258	49.559298	55.954042	40.540933
-37.921204	-44.220438	98.756325	-6.990689	-68.346336	49.946838
62.743802	66.946354	-69.270382	45.256865	61.548031	-76.099756
-16.989158	-43.286784	10.378736	-59.925612	-86.891145	70.629925
-43.338397	-86.254295	22.533771	-44.733089	-59.194507	24.749994
57.881034	-15.138677	0.342063	-44.095340	-92.310966	-11.796753
50.724236	-2.697129	-4.168543	-8.372748	7.802464	3.838139
51.475009	61.134972	57.544557	-98.953062	65.458281	30.903437
38.327980	-50.103335	-39.580089	-20.647203	54.071962	-59.111092
29.878419	-79.783230	29.248806	-33.129091	-99.622224	-60.499728
13.585557	-86.937556	-15.603411	95.590086	43.631775	-2.702566
9.120085	-38.441878	-4.922622	-13.372979	96.082986	18.172933
92.642630	-8.989662	-70.021746	-9.826920	89.827317	-48.428618
-18.119516	83.907657	-15.827503	65.423630	11.886446	20.371967
-64.919822	90.943046	39.684650	-77.365817	-44.832233	18.846258
77.012328	-70.948527	-35.675610	49.702593	-45.106925	47.636030
-61.327992	36.099228	44.817040	69.197715	-68.965042	-22.639779
-74.863958	83.622000	-24.591459	67.120079	13.025375	-27.046083
97.028526	-29.693510	50.619106	-39.792148	-75.930002	-65.297664
28.818070	30.568447	16.655087	71.915276	43.255101	-90.673583
-97.229788	95.306129	-18.852277	-2.347760	19.531549	8.385489
-98.964747	-42.031484	91.233396	-1.919210	48.801195	-66.351957
-21.418027	-87.066462	69.253082	-55.402950	-44.140633	-46.047258
-78.789003	64.465697	-8.710227	17.297790	1.821529	-38.401713
75.445375	-45.457065	13.488146	97.936398	49.222685	98.017837
10.316673	97.427208	11.700528	-65.273455	-93.654196	-84.907632
-6.463385	42.174745	72.784790	-2.350746	-56.273388	52.587014
75.347911	-4.049402	-2.903845	-20.049914	-0.054044	22.912761
20.138977	-32.853221	-91.516584	-9.487780	-13.499112	47.372035
81.482088	-41.081059	40.961770	-78.013851	-86.646552	-15.279015
-67.511784	-88.966245	54.157251	79.390864	-70.407940	-59.572905
84.753402	-54.402368	-86.738025	64.858848	81.330714	47.749645
-86.370771	80.871884	38.125908	14.974321	-15.388655	66.109554
-20.945417	-33.857255	31.495720	76.042872	-97.670983	32.799119
-37.530393	43.150250	-41.057099	36.789806	-58.298288	-90.732404
-61.281328	30.962134	-20.355361	78.516932	-57.503236	-10.364211
-51.634821	97.244654	18.523049	-44.317203	62.643511	-73.119909
