100.000000	99.900950	99.873127	100.000000	-19.928651	-6.085182
100.000000	99.731430	100.000000	99.927743	-19.946614	-27.250369
100.000000	99.949326	99.893008	100.000000	-2.293553	-3.052013
100.000000	100.000000	96.228365	97.127159	-6.664060	-2.971235
100.000000	99.968371	99.919393	99.985189	-100.000000	-18.996340
100.000000	100.000000	99.905596	99.966051	-5.470689	-5.062157
100.000000	99.965574	99.765073	100.000000	-100.000000	-3.010096
100.000000	99.930441	99.975809	99.921943	-4.629029	-0.640080
100.000000	100.000000	99.973424	100.000000	-19.339066	4.495742
100.000000	100.000000	100.000000	100.000000	-70.402693	-4.501074
96.226409	94.098210	93.438276	99.731725	-38.414493	-32.198795
100.000000	99.890184	100.000000	99.904412	-54.044979	-5.731826
100.000000	99.855162	99.947764	100.000000	-26.390507	1.522486
100.000000	100.000000	100.000000	100.000000	-6.277489	-8.289300
100.000000	100.000000	99.910489	100.000000	-78.598624	-64.582994
100.000000	99.828585	99.845183	99.995924	-7.280913	-5.418445
100.000000	99.897281	99.988218	100.000000	-3.854923	-2.087047
100.000000	99.861709	99.870062	99.903692	-63.167434	-7.916913
100.000000	99.986190	100.000000	99.903197	-8.961257	-4.783692
100.000000	99.746043	100.000000	100.000000	-72.366894	-21.092273
100.000000	99.924207	99.885689	99.874501	-99.969631	-19.208632
100.000000	100.000000	100.000000	100.000000	-31.626096	4.120858
100.000000	99.899809	100.000000	99.962521	-33.094502	-0.035670
100.000000	99.802364	99.962115	99.973060	-7.071299	-4.842277
100.000000	99.782306	100.000000	99.856223	-25.139918	-8.606896
100.000000	100.000000	99.781706	99.956104	-7.258856	-1.988069
100.000000	99.954343	99.891207	99.948109	-3.769046	-2.161596
100.000000	100.000000	100.000000	99.969314	-2.559014	-4.232365
100.000000	100.000000	100.000000	99.979394	-21.185176	-3.431724
100.000000	100.000000	99.836117	100.000000	-70.409185	-1.932381
100.000000	100.000000	99.966234	99.923972	-30.922916	-9.061057
100.000000	99.726186	100.000000	100.000000	-28.960572	-7.853734
100.000000	99.961072	99.988901	100.000000	-0.991565	-3.924267
100.000000	99.994306	100.000000	100.000000	-1.508359	-3.301396
100.000000	100.000000	100.000000	100.000000	-22.489272	-2.277217
100.000000	100.000000	100.000000	100.000000	-40.644990	-34.124541
100.000000	99.875987	99.963989	99.949158	-16.002008	-0.483349
100.000000	100.000000	100.000000	100.000000	-1.813029	-2.767094
100.000000	99.907325	100.000000	100.000000	-6.807588	-7.102405
100.000000	99.809447	99.816753	100.000000	-99.928602	-3.721764
100.000000	99.911865	100.000000	100.000000	-10.719907	-6.464983
100.000000	99.955943	100.000000	100.000000	-31.569029	-9.907689
100.000000	100.000000	100.000000	100.000000	-22.949165	-7.818261
100.000000	99.984668	100.000000	99.996703	-6.443643	-2.582213
100.000000	99.873045	99.914138	100.000000	-11.202541	-2.491529
100.000000	100.000000	99.943471	99.882348	-35.778675	-2.619702
100.000000	100.000000	99.960866	100.000000	-32.433015	-7.288833
100.000000	99.856295	99.885364	99.981109	-4.190711	-4.998041
100.000000	99.756175	100.000000	100.000000	-3.124242	-4.350643
100.000000	100.000000	99.829175	99.957431	-31.202780	4.351958
100.000000	100.000000	99.810939	99.966990	-22.721297	-7.391536
100.000000	99.868634	100.000000	99.958456	-7.035995	-9.602700
100.000000	99.913357	99.978491	99.967153	-31.045619	-9.225224
100.000000	100.000000	100.000000	100.000000	-2.888818	-3.748557
100.000000	100.000000	99.834615	100.000000	-32.119531	-10.444550
100.000000	100.000000	100.000000	100.000000	-20.410885	-4.717480
100.000000	99.929402	99.785050	99.729684	-21.369436	-7.182144
100.000000	100.000000	99.960258	99.924442	-4.294437	-5.080701
100.000000	100.000000	99.835688	100.000000	-35.791386	-31.509292
100.000000	100.000000	99.837800	100.000000	-76.714668	-19.987996
100.000000	99.852266	99.971335	100.000000	-2.781779	-1.121858
100.000000	99.878402	100.000000	99.940174	-0.164159	-1.830565
100.000000	99.867205	100.000000	99.989922	-39.262297	-10.015196
100.000000	100.000000	99.921595	100.000000	-32.435625	-0.635704
100.000000	100.000000	99.896368	100.000000	-22.458271	-12.227645
100.000000	100.000000	99.837118	100.000000	-20.567198	-2.278660
100.000000	99.839892	99.981823	99.920807	-8.645809	-1.496349
100.000000	99.932245	100.000000	100.000000	-33.664822	-5.562675
100.000000	100.000000	100.000000	100.000000	-3.278253	-3.359070
100.000000	99.886746	99.877636	99.959029	-8.424949	-4.822919
100.000000	99.877945	99.854370	99.967749	-100.000000	-6.144702
100.000000	99.873958	99.699951	99.960440	-72.498565	-9.649330
100.000000	99.742293	100.000000	100.000000	-43.372303	-26.150296
100.000000	99.628762	99.851983	99.984675	-5.377508	-4.416228
100.000000	99.737004	99.842462	99.957289	-99.899158	-37.861530
100.000000	99.858795	100.000000	99.961743	-31.909938	-25.662175
100.000000	99.882510	100.000000	100.000000	-99.811893	-30.704392
100.000000	99.849107	100.000000	99.754826	-90.427085	-19.388353
98.915322	100.000000	100.000000	100.000000	-6.836484	-4.533453
100.000000	100.000000	99.984427	99.958486	-35.094783	-8.026987
100.000000	100.000000	99.962982	100.000000	-24.744621	-1.179825
100.000000	100.000000	99.984161	100.000000	-30.595065	-3.822042
100.000000	99.929631	100.000000	99.961137	-99.959785	-27.520396
100.000000	99.900307	99.980106	100.000000	-1.148246	-5.932252
100.000000	100.000000	100.000000	99.923765	-37.076575	-4.114591
100.000000	99.951969	100.000000	99.916367	-6.732749	-1.647303
100.000000	100.000000	99.898993	99.909328	-99.826086	-3.540376
100.000000	100.000000	99.900644	99.995551	-2.912920	-5.844943
100.000000	100.000000	100.000000	99.992296	-25.959634	-6.021242
100.000000	100.000000	99.874723	100.000000	-28.883510	-2.765086
100.000000	99.914696	99.814979	100.000000	-24.763673	-5.108095
100.000000	99.649837	99.788748	99.970824	-4.754994	-4.610240
100.000000	100.000000	99.987170	100.000000	-26.632663	-4.476362
100.000000	99.855853	99.943366	99.962815	-27.119354	-2.035676
100.000000	97.132124	100.000000	94.485691	-3.730729	-2.853267
100.000000	99.856861	100.000000	100.000000	-25.038390	-3.186299
100.000000	100.000000	100.000000	99.959116	-50.938710	-2.849586
100.000000	100.000000	99.933785	100.000000	-1.603191	-3.943340
100.000000	99.927635	99.831432	99.939437	-32.592366	-27.101989
100.000000	100.000000	99.996523	99.950961	-28.566860	-7.024846
100.000000	99.844547	99.961670	100.000000	-3.372025	-4.377670
100.000000	100.000000	100.000000	99.961296	-1.507623	-4.343878
100.000000	99.907412	100.000000	100.000000	-4.235967	-2.229519
100.000000	100.000000	100.000000	100.000000	-31.767937	-4.798441
100.000000	99.972237	99.868350	99.928440	-27.600410	-0.826407
100.000000	99.806850	100.000000	99.836740	-5.327140	-5.979340
100.000000	99.675412	94.866808	97.639823	-7.703731	-7.486557
100.000000	99.943015	100.000000	99.999806	-67.530359	-9.136793
100.000000	99.996662	99.982136	100.000000	-22.055298	-5.296689
100.000000	99.974775	100.000000	99.950717	-54.983397	-5.380846
100.000000	99.800032	99.890941	99.919553	-24.909426	-2.857688
97.730929	100.000000	100.000000	95.098488	-3.197312	-2.313039
100.000000	99.916572	99.686804	99.974636	-94.624936	-33.116820
100.000000	100.000000	99.983606	99.987133	-30.942503	-5.751568
100.000000	99.844493	99.870390	99.798371	-69.828575	-33.636560
100.000000	99.924546	100.000000	100.000000	-26.488850	-6.665684
100.000000	99.962136	100.000000	99.921802	-60.437054	-0.583133
100.000000	100.000000	87.526134	90.265413	2.363196	-0.423377
100.000000	99.990901	99.916029	100.000000	-5.816728	-3.563207
100.000000	99.976153	99.919641	100.000000	-1.782843	-5.323521
100.000000	99.966228	100.000000	99.966483	-4.226590	-2.270292
100.000000	99.901727	99.969302	99.950822	-93.623900	-99.847834
100.000000	100.000000	99.946146	100.000000	-99.808270	-6.716779
100.000000	100.000000	100.000000	100.000000	-29.467390	-25.371110
100.000000	100.000000	99.799861	100.000000	-64.579109	-5.445191
100.000000	99.809531	99.923403	100.000000	-9.790006	-3.970671
99.693760	99.625551	100.000000	99.632234	-30.461126	-32.682186
100.000000	99.932404	99.913366	100.000000	-34.031973	1.980215
100.000000	99.766026	99.777972	100.000000	-43.138824	-11.976896
100.000000	99.907418	100.000000	99.847903	-99.831654	-34.210525
100.000000	99.927513	100.000000	99.899974	-77.751107	-2.448526
100.000000	99.806252	99.874715	99.975700	-50.738662	-5.780847
99.917746	99.502101	100.000000	100.000000	-38.375523	-34.788977
100.000000	100.000000	99.867695	99.990055	-4.743439	-8.066192
100.000000	100.000000	99.996691	100.000000	-2.228322	-6.419264
100.000000	99.993219	100.000000	99.956360	-8.284635	-6.074884
100.000000	99.706596	99.948457	99.902367	-17.403017	-3.319259
100.000000	99.973883	100.000000	100.000000	-40.837749	4.933773
100.000000	99.981741	99.986523	100.000000	-39.144870	-28.406447
92.544320	93.834037	100.000000	89.795703	-7.173539	-3.715407
100.000000	100.000000	100.000000	100.000000	-100.000000	-8.481757
100.000000	99.741870	100.000000	99.850593	-29.329746	-6.155588
100.000000	100.000000	100.000000	100.000000	-4.388431	-6.459166
100.000000	99.642676	99.776064	100.000000	-85.924959	3.185686
100.000000	99.896349	99.740068	99.965210	-30.262403	4.014348
100.000000	99.889311	99.915116	100.000000	-99.737644	-31.940319
100.000000	100.000000	99.881167	99.983417	-84.383809	-74.911425
100.000000	99.914030	99.944382	100.000000	-32.052673	-10.826697
100.000000	99.879575	100.000000	100.000000	-14.636501	-26.365093
100.000000	99.972103	99.849256	99.928404	-52.234069	-4.811029
100.000000	99.775310	99.697883	99.920037	-33.942051	-24.655938
100.000000	99.959922	99.804366	99.991973	-34.646571	-3.489984
100.000000	99.812072	99.939270	99.952818	-73.878237	-4.153946
100.000000	99.983166	99.912214	99.879523	-3.391597	-4.768123
100.000000	100.000000	99.990249	100.000000	-69.423113	-6.983364
100.000000	100.000000	100.000000	100.000000	-3.065259	-0.605287
98.418616	100.000000	89.275142	97.873652	-29.697920	-32.121607
100.000000	99.832367	99.970380	99.950189	-33.846678	-23.764435
100.000000	100.000000	99.994344	100.000000	-7.228226	-5.772566
100.000000	99.993431	100.000000	99.864576	-34.273680	-6.770128
100.000000	99.785831	99.898714	99.899790	-4.723943	-1.967857
100.000000	100.000000	99.900517	100.000000	-24.489924	-10.162310
100.000000	99.851046	99.887513	99.870743	-47.562946	-5.568836
100.000000	99.910719	99.580598	100.000000	-44.615182	-2.831335
100.000000	100.000000	99.917464	99.949527	-2.204072	-3.194748
100.000000	99.884210	100.000000	100.000000	-29.713625	-7.233077
100.000000	99.928287	99.881157	100.000000	-32.533320	-5.886190
100.000000	100.000000	99.870591	99.991152	-7.859523	-2.511892
100.000000	99.788559	100.000000	99.927539	-52.756224	-4.656047
100.000000	99.776413	99.990201	100.000000	-9.247749	-5.827469
100.000000	100.000000	100.000000	100.000000	-99.923084	-29.462750
100.000000	99.863724	99.913825	100.000000	-27.105310	5.380323
100.000000	99.868140	99.942641	99.824613	-2.479497	-3.061548
100.000000	99.822103	100.000000	99.989788	-2.792064	-1.184252
100.000000	99.697090	99.989496	100.000000	-0.344548	-1.103625
100.000000	99.728082	99.881229	100.000000	-27.837853	-5.401110
100.000000	99.982139	100.000000	100.000000	12.469479	-1.421309
100.000000	99.937678	99.963252	100.000000	-99.860389	-2.105299
100.000000	100.000000	100.000000	99.980185	-32.094383	-9.038431
100.000000	100.000000	99.919533	100.000000	-41.963896	-9.805837
100.000000	99.783640	99.906251	99.899840	-38.375590	-21.906925
100.000000	100.000000	99.951600	100.000000	-8.087856	-7.223892
100.000000	99.836224	100.000000	100.000000	-32.406061	-5.257964
100.000000	99.844040	100.000000	100.000000	-51.347984	-32.750805
100.000000	100.000000	99.870961	99.871453	-66.637251	-27.344794
100.000000	100.000000	99.773719	100.000000	-34.490797	-10.254466
99.932993	99.659736	99.293379	99.944326	-4.032856	-1.659941
100.000000	100.000000	99.942435	99.900369	-48.410684	-0.837797
100.000000	99.981970	99.926311	100.000000	-34.342592	-17.101011
100.000000	100.000000	99.937981	100.000000	-70.344252	-4.103389
100.000000	100.000000	100.000000	99.956754	-33.252344	1.503292
100.000000	100.000000	95.174853	98.950978	2.956888	-1.919827
100.000000	100.000000	99.998675	99.940157	-95.833763	-30.219200
100.000000	100.000000	99.921180	100.000000	-33.486392	-4.937906
100.000000	99.788815	100.000000	100.000000	-23.766364	-8.964930
100.000000	99.872893	100.000000	99.950200	-30.735244	-7.428455
100.000000	99.962798	99.939307	100.000000	-58.107298	-4.293436
100.000000	99.708636	99.976892	100.000000	-34.981261	-3.033480
100.000000	99.929734	100.000000	99.863434	-31.564726	-10.820725
100.000000	99.918355	99.777818	100.000000	-15.927003	-0.712463
100.000000	99.823188	99.878687	99.840250	-30.090769	-1.696962
100.000000	99.951704	99.927511	99.894805	-32.475862	-2.443548
100.000000	100.000000	100.000000	100.000000	-12.417230	-14.435470
100.000000	99.885045	99.933767	100.000000	-73.166285	-2.736116
100.000000	100.000000	99.986358	100.000000	-10.410807	-6.387733
100.000000	99.870264	99.949063	100.000000	-93.152199	-28.691017
100.000000	100.000000	100.000000	99.900180	-1.646568	-2.741780
100.000000	100.000000	99.802336	100.000000	-99.939560	-18.776229
100.000000	99.937468	99.933405	100.000000	-30.491252	-3.600109
100.000000	100.000000	100.000000	100.000000	-31.983241	-21.759175
100.000000	100.000000	100.000000	99.826144	-7.866817	-5.616071
100.000000	99.946982	99.979608	99.940724	-66.112910	-6.476348
100.000000	99.982977	100.000000	100.000000	-98.116556	-0.805429
100.000000	99.952500	99.965333	100.000000	-30.039538	-2.176167
100.000000	99.904608	100.000000	100.000000	-99.979595	-4.517957
100.000000	99.911389	100.000000	100.000000	-36.149567	-37.531870
98.463398	100.000000	100.000000	97.761878	-2.209898	-7.962351
100.000000	100.000000	99.709226	99.965165	-53.960568	0.078381
100.000000	99.962255	99.864907	100.000000	-37.205396	-30.983753
100.000000	99.853423	99.944206	99.922228	-29.986838	-1.514706
100.000000	100.000000	100.000000	100.000000	-34.528153	-1.441128
100.000000	100.000000	100.000000	100.000000	-4.844792	-3.263029
100.000000	100.000000	100.000000	99.964272	-21.213038	-18.553521
100.000000	99.872456	99.917217	100.000000	-2.016980	-6.645088
100.000000	99.963103	100.000000	99.936266	-22.127405	-2.809529
100.000000	99.923298	99.889146	99.888167	-100.000000	-99.936833
100.000000	99.923354	99.992815	100.000000	-25.606199	-2.638706
97.808997	100.000000	95.374524	100.000000	-9.800338	4.895850
100.000000	99.864485	100.000000	99.976489	-30.330492	-27.218831
100.000000	99.956155	100.000000	100.000000	-37.812667	-6.076668
100.000000	99.896878	99.995989	100.000000	-8.197716	-5.222694
100.000000	99.825974	100.000000	100.000000	-33.201548	-33.788532
100.000000	99.891876	99.942799	100.000000	-7.127840	0.200324
100.000000	100.000000	100.000000	100.000000	-29.306484	-4.992779
100.000000	100.000000	99.823379	100.000000	-39.721775	-9.339354
100.000000	99.933078	99.907424	99.985833	-32.319460	-3.111122
100.000000	99.824328	99.981467	100.000000	-100.000000	-5.170268
100.000000	100.000000	99.966324	99.890943	-87.764812	-28.460920
100.000000	100.000000	99.921306	99.846013	-4.932961	-4.500471
100.000000	100.000000	100.000000	99.967606	-76.718022	-4.393937
99.676585	100.000000	99.643780	99.537553	-3.264083	-1.852844
100.000000	99.811654	99.831024	99.970628	-52.677704	-4.728700
100.000000	100.000000	100.000000	100.000000	-15.904413	-9.714951
100.000000	99.634203	99.969114	100.000000	-99.927136	-33.605658
100.000000	99.994388	100.000000	99.948753	-68.695112	-48.408551
100.000000	100.000000	99.960422	100.000000	-33.689975	-6.260784
100.000000	99.813086	100.000000	99.711209	-80.251763	-23.897305
100.000000	99.914683	99.898964	100.000000	-8.500524	-3.851230
100.000000	99.945430	100.000000	99.906264	-7.838783	-5.960636
100.000000	100.000000	99.952078	100.000000	-26.447023	-42.985612
100.000000	97.732986	100.000000	98.013741	-4.067409	-4.197985
100.000000	100.000000	99.998531	99.921222	-99.939248	-16.921774
100.000000	99.966572	100.000000	99.867919	-27.218668	-4.157466
100.000000	100.000000	99.802510	100.000000	-35.290075	-24.772000
100.000000	99.969122	99.829016	100.000000	-3.457463	-4.556816
100.000000	99.931135	99.913176	99.808604	-0.346087	-1.307902
100.000000	99.985670	99.928202	99.947142	-3.574575	-2.519331
100.000000	99.909124	99.811467	99.929286	-5.059587	-2.257789
100.000000	100.000000	99.890245	100.000000	-8.758899	-5.688489
100.000000	100.000000	100.000000	100.000000	-34.591622	6.651531
100.000000	100.000000	99.788663	99.924516	-68.938156	1.669533
100.000000	99.952149	99.998457	99.934901	-4.603335	-5.516571
100.000000	99.980788	99.843197	100.000000	-100.000000	-32.580111
100.000000	100.000000	99.920192	100.000000	-49.469335	-2.701752
100.000000	99.893554	99.872507	100.000000	-81.690163	-80.033864
100.000000	100.000000	100.000000	100.000000	-9.714531	-2.787708
100.000000	99.978653	100.000000	99.907287	-4.956716	-3.028599
100.000000	100.000000	99.932959	100.000000	-84.024804	-4.837874
100.000000	99.846037	99.980148	100.000000	-29.178326	-24.583573
100.000000	100.000000	99.943385	100.000000	-77.300331	-27.439056
100.000000	99.831670	99.709334	99.976055	-32.553702	-25.318885
100.000000	99.994726	100.000000	100.000000	-38.872044	-4.860957
100.000000	99.924042	100.000000	99.958123	-20.614805	-6.151705
100.000000	100.000000	100.000000	99.884237	-23.876748	-9.209507
100.000000	100.000000	99.941747	99.911496	-99.865705	-9.244152
100.000000	99.966908	99.886428	99.804426	-99.741435	-3.969876
100.000000	99.787896	99.962605	100.000000	-67.193880	-2.504087
100.000000	99.863004	100.000000	99.836480	-94.634311	-12.113968
100.000000	99.927480	99.848798	99.988275	0.749452	-0.190351
100.000000	100.000000	100.000000	99.920683	-4.260775	0.397106
100.000000	100.000000	100.000000	99.925840	-99.876018	0.089010
100.000000	99.766620	99.928197	99.999377	-34.567611	-2.489839
92.751881	100.000000	100.000000	97.651242	-6.745174	-6.899391
100.000000	99.684015	100.000000	99.844029	-9.308667	-5.841238
100.000000	99.742159	100.000000	99.979105	-31.961879	-45.605015
100.000000	100.000000	100.000000	99.877258	-3.663111	1.636250
100.000000	99.970003	99.933334	99.992449	-17.841197	-4.957618
92.410707	100.000000	96.390166	97.005302	-5.253978	-9.855684
100.000000	99.867450	100.000000	96.042501	-38.763748	-30.253419
100.000000	100.000000	99.855353	99.946187	-29.383990	-6.569452
100.000000	100.000000	100.000000	100.000000	-5.695805	-5.298973
100.000000	99.954236	99.813482	100.000000	-3.880971	-4.286280
100.000000	99.877255	99.994172	100.000000	-65.608000	-5.087595
100.000000	100.000000	99.846389	100.000000	-19.860697	-6.681701
100.000000	99.936436	100.000000	100.000000	-99.782202	-66.059222
100.000000	100.000000	99.904047	99.954532	-45.867336	-4.454946
100.000000	98.745671	100.000000	99.660052	-3.246398	-8.132010
100.000000	99.999794	100.000000	99.905326	-64.735632	-78.312694
100.000000	100.000000	100.000000	100.000000	-54.486554	-1.533200
100.000000	100.000000	99.809529	100.000000	-26.153424	-23.127221
100.000000	99.960926	99.922022	100.000000	-34.981348	3.807195
100.000000	99.951856	99.820231	100.000000	-30.995869	-5.983965
100.000000	100.000000	99.797525	100.000000	-25.753197	-6.407280
100.000000	100.000000	99.830680	100.000000	-9.407326	-4.816234
100.000000	100.000000	100.000000	100.000000	-4.985895	0.747878
100.000000	99.968298	99.850298	99.864198	-8.042436	-2.142409
100.000000	99.943437	100.000000	100.000000	-90.279520	-69.024548
100.000000	99.797141	99.995424	100.000000	-99.816526	-7.031570
100.000000	99.850459	99.999455	99.929502	-10.207511	-4.701489
100.000000	99.996528	100.000000	99.983657	-31.111317	-3.275830
100.000000	100.000000	100.000000	100.000000	-8.366962	-7.435956
96.184317	100.000000	100.000000	98.728089	-2.240583	-4.429434
100.000000	99.880257	99.797001	100.000000	-5.356596	-4.047398
100.000000	100.000000	95.276404	100.000000	-5.445102	-5.139225
99.975129	100.000000	97.758938	98.729582	-8.521768	-0.781077
100.000000	100.000000	99.931384	100.000000	-30.276920	-4.286981
100.000000	99.934633	99.643093	100.000000	-82.408684	-50.478136
100.000000	100.000000	100.000000	100.000000	-3.315750	-2.017618
100.000000	100.000000	99.905025	100.000000	-6.316701	-4.834978
100.000000	98.814509	100.000000	100.000000	-6.972878	-0.370696
90.998835	96.549197	98.748212	100.000000	-10.258483	-4.784440
100.000000	99.734671	99.876036	100.000000	-36.412486	-28.232835
100.000000	99.761175	99.955947	99.935796	-70.616567	-34.895464
100.000000	99.872111	99.944818	100.000000	0.583801	-4.010967
100.000000	99.930964	99.901061	99.938847	-22.883006	-8.701260
100.000000	99.787793	99.977141	100.000000	-26.730686	-9.280866
100.000000	99.763466	100.000000	99.699455	-99.917015	-12.617242
100.000000	99.886327	99.799312	100.000000	-99.904291	-35.092049
100.000000	100.000000	99.343466	99.891341	-39.716219	-32.585530
100.000000	99.877722	100.000000	100.000000	-20.589053	-6.631879
100.000000	100.000000	100.000000	100.000000	-76.103169	-38.709260
100.000000	99.696586	99.894546	100.000000	-99.982980	-100.000000
100.000000	99.952259	99.684567	100.000000	-99.998871	-25.452833
100.000000	99.931160	99.898834	100.000000	-37.083415	-40.449173
100.000000	100.000000	100.000000	100.000000	-100.000000	-40.663847
100.000000	100.000000	99.807205	99.988108	-29.841501	-2.089547
100.000000	100.000000	99.952939	100.000000	-4.091788	-4.242368
100.000000	92.912152	100.000000	100.000000	-36.673159	-48.911578
100.000000	100.000000	100.000000	100.000000	-5.817724	-2.664589
100.000000	99.954354	100.000000	99.792514	-100.000000	-66.310573
100.000000	99.864924	99.832836	100.000000	-14.912539	-2.199021
100.000000	99.896791	99.936932	99.989065	-25.141223	-10.945192
100.000000	99.852313	100.000000	100.000000	-38.224851	-19.923232
100.000000	91.069506	100.000000	90.478581	-4.082852	-8.458147
100.000000	100.000000	100.000000	100.000000	-65.805907	-2.257509
100.000000	100.000000	100.000000	100.000000	-49.934008	-23.399955
100.000000	99.855973	100.000000	99.947750	-5.408541	-3.506854
100.000000	99.840092	100.000000	100.000000	-5.815783	0.232600
100.000000	100.000000	98.670100	100.000000	-3.312731	-2.941955
99.739732	100.000000	100.000000	100.000000	-8.322347	-3.006997
100.000000	99.322490	98.962132	100.000000	-4.147022	-2.769598
100.000000	99.983845	99.980457	100.000000	-99.917086	-31.486455
95.590083	100.000000	98.972346	100.000000	-7.538434	-6.717287
100.000000	99.930818	99.897564	100.000000	-100.000000	-14.426564
100.000000	99.958560	99.877876	99.858228	-23.583728	-9.425473
100.000000	99.763853	99.939608	99.978844	-97.071753	-30.260114
100.000000	100.000000	99.890101	100.000000	-42.133529	-31.880224
100.000000	100.000000	100.000000	99.950284	-7.454645	-5.232910
100.000000	100.000000	99.998606	99.984960	-100.000000	-78.582761
100.000000	100.000000	99.897842	99.991505	-26.440065	-8.115764
100.000000	100.000000	99.858252	100.000000	-31.353191	-1.099269
100.000000	100.000000	99.980041	99.978229	-33.185652	-4.315041
100.000000	100.000000	99.919858	100.000000	-26.998092	-2.040622
100.000000	99.895804	99.966216	99.968614	0.338965	-3.201519
100.000000	100.000000	99.984111	99.983972	-29.512983	-5.359246
100.000000	99.857807	99.777585	100.000000	-68.005940	-5.803869
100.000000	99.872118	99.881883	100.000000	-24.251814	-8.807339
100.000000	99.680875	100.000000	100.000000	-21.389224	-4.126036
100.000000	100.000000	99.992755	99.914037	-47.509704	-10.418790
100.000000	100.000000	99.899890	99.906853	-2.655223	-2.586215
100.000000	99.611846	100.000000	100.000000	-5.931990	-4.009088
100.000000	99.780967	99.967395	99.926570	-2.646131	-4.374637
100.000000	99.720351	100.000000	100.000000	-84.733876	-56.052522
100.000000	99.702963	100.000000	99.974625	-61.020353	-5.669428
100.000000	100.000000	99.446275	100.000000	-1.837639	-4.414494
100.000000	100.000000	99.856893	100.000000	-100.000000	-0.624852
100.000000	100.000000	100.000000	100.000000	-78.579097	-35.766205
100.000000	100.000000	99.895462	99.946549	-36.996636	-7.880185
100.000000	99.839262	100.000000	99.923140	-1.804999	-3.612033
100.000000	99.824362	99.862371	100.000000	-9.577142	-2.946591
100.000000	99.711704	100.000000	100.000000	-27.508892	-28.143534
100.000000	98.583221	100.000000	98.691567	-2.924274	-4.453776
100.000000	100.000000	99.857313	98.481803	-95.901752	-86.750527
100.000000	97.757134	100.000000	100.000000	-1.496786	-7.309351
100.000000	99.968400	100.000000	99.987740	-6.021207	-3.001588
100.000000	98.923146	97.079656	97.045305	-8.874508	-7.889190
100.000000	100.000000	99.843806	99.957109	-32.913023	-27.063683
100.000000	99.949467	99.823898	100.000000	-100.000000	-89.365761
100.000000	99.794960	99.810076	100.000000	-26.925623	-6.431440
100.000000	100.000000	99.905390	99.998796	-5.273027	-2.016484
100.000000	100.000000	99.959163	100.000000	-18.362679	-34.418637
100.000000	99.981202	100.000000	99.953546	-32.092575	-31.346507
100.000000	99.892370	99.955984	99.950483	-24.993236	-7.685675
100.000000	99.986173	99.934731	100.000000	-42.215885	0.883051
100.000000	99.998570	100.000000	100.000000	-66.547688	-32.524704
100.000000	97.116272	100.000000	94.830869	-9.485722	-7.531102
100.000000	99.515778	99.898919	99.814050	-4.498098	-2.057228
100.000000	99.709767	99.452925	97.807610	-7.115828	-7.123521
100.000000	100.000000	100.000000	100.000000	-5.808419	-2.125387
100.000000	100.000000	99.980664	99.882276	-36.879222	3.700634
100.000000	99.831264	99.798442	99.819686	-43.189912	-11.825083
100.000000	100.000000	99.986837	99.901179	-27.883659	-27.241032
100.000000	99.922749	99.709600	100.000000	-38.874857	-6.658598
100.000000	99.883699	100.000000	100.000000	-3.502293	-1.964589
100.000000	98.168978	100.000000	96.718221	-52.350087	-29.798822
100.000000	99.828906	100.000000	100.000000	-72.747832	2.291495
100.000000	99.932151	99.981356	99.924532	-22.828952	-6.271129
100.000000	99.936683	100.000000	99.907655	-99.962558	-100.000000
100.000000	99.949011	100.000000	99.915421	-6.685849	-3.887102
100.000000	99.992058	100.000000	99.972217	-99.894725	-4.258107
100.000000	100.000000	100.000000	99.884989	-99.934798	-35.988660
100.000000	99.812574	99.954588	99.968411	-36.164387	-29.918855
100.000000	99.955455	99.850588	99.982672	-1.724650	-4.664034
100.000000	100.000000	100.000000	99.983552	-88.727855	-9.709432
100.000000	99.896781	99.832219	100.000000	-69.307435	-71.211477
100.000000	99.660503	99.902373	100.000000	-4.443146	-4.525301
99.028955	94.491967	100.000000	97.087276	-8.011795	-8.722874
100.000000	99.758011	99.969659	100.000000	-34.758819	-28.256149
100.000000	99.871502	99.960195	99.903166	-3.543973	-2.089801
100.000000	100.000000	99.996663	100.000000	-6.910464	-3.606840
100.000000	99.950140	100.000000	100.000000	-30.661702	-42.293561
100.000000	98.020335	99.927809	100.000000	-3.562589	-9.736124
100.000000	99.782709	100.000000	100.000000	-73.085952	-8.601154
100.000000	99.920054	100.000000	99.669512	0.632264	-3.673127
96.174436	95.810102	100.000000	97.624685	-36.605319	-19.563906
100.000000	100.000000	100.000000	100.000000	-42.637275	-2.083774
100.000000	100.000000	100.000000	100.000000	-5.452122	-0.843635
100.000000	99.981143	100.000000	99.999747	-28.504242	-7.491235
100.000000	99.909709	99.841880	100.000000	-33.607461	-4.281548
100.000000	99.683882	99.955220	100.000000	-20.932796	2.677086
100.000000	99.843056	100.000000	100.000000	-70.591988	-6.437100
100.000000	100.000000	100.000000	97.737471	-9.432545	0.912663
100.000000	100.000000	100.000000	99.757293	-6.108815	-4.273249
100.000000	99.959234	99.695300	99.994396	-28.907646	-25.723555
100.000000	99.950152	99.867929	99.935661	-24.729879	-10.768222
100.000000	99.881063	100.000000	100.000000	-47.145671	-8.807966
100.000000	100.000000	98.171773	100.000000	-23.142025	-17.851281
100.000000	99.991614	100.000000	99.869854	-1.443636	-4.820512
100.000000	99.823037	100.000000	100.000000	-87.931946	-4.567763
100.000000	100.000000	99.954194	99.891933	-100.000000	-30.204516
100.000000	100.000000	100.000000	99.965377	-3.486054	0.477353
100.000000	100.000000	99.875347	99.862919	-68.273747	-7.532315
100.000000	100.000000	100.000000	100.000000	-64.393180	-2.241757
100.000000	99.892136	99.940061	100.000000	-72.164730	-28.889284
100.000000	100.000000	100.000000	100.000000	-9.661982	-7.206274
100.000000	100.000000	99.910227	100.000000	-99.962221	-4.314068
100.000000	99.799198	100.000000	99.901249	-26.469208	-21.859352
100.000000	100.000000	99.897969	99.808009	-78.420297	9.824405
100.000000	100.000000	99.810548	99.995806	-5.815811	-3.026637
100.000000	100.000000	100.000000	100.000000	-27.926536	-2.164030
100.000000	100.000000	99.823613	99.934897	-23.778330	-5.981088
97.317118	100.000000	95.489905	96.289277	-2.533076	1.575609
100.000000	100.000000	100.000000	98.699568	-8.171044	-6.065669
100.000000	99.906273	99.737754	99.918518	-5.631216	-3.898621
100.000000	97.901681	100.000000	100.000000	-6.344652	-2.357874
100.000000	99.750475	99.949934	100.000000	-6.964225	-2.587997
100.000000	100.000000	100.000000	99.930333	-5.978546	-3.724288
100.000000	100.000000	100.000000	99.988175	-20.733177	-1.413889
100.000000	99.749584	99.929306	99.953118	-0.449439	-3.901871
100.000000	100.000000	98.436136	100.000000	-3.043832	-13.553901
100.000000	99.918208	99.926894	99.871753	-41.071299	-0.034419
100.000000	99.755366	99.953377	100.000000	-30.181108	-3.485198
100.000000	100.000000	99.902353	99.897649	-65.151959	-27.694755
100.000000	100.000000	99.807753	100.000000	-2.999391	-4.244453
100.000000	99.966890	99.942775	100.000000	-6.130313	-5.922745
98.577155	99.177442	98.042724	95.279251	-10.184338	-0.956710
100.000000	99.933847	99.997698	99.891926	-34.284768	-4.715822
100.000000	99.809923	99.917935	99.955218	-10.395892	-5.772562
100.000000	99.959642	100.000000	99.724690	-75.063259	-24.062886
100.000000	100.000000	100.000000	99.972674	-33.601888	-7.207471
100.000000	99.789370	99.794680	100.000000	-2.626046	-3.039631
100.000000	100.000000	99.616743	99.966329	-0.482589	-4.234186
100.000000	99.864177	99.963378	100.000000	-5.235586	-4.460935
100.000000	99.875265	99.899707	100.000000	-15.333439	-5.911621
100.000000	99.912674	99.999459	99.908262	-7.358367	-5.287021
100.000000	99.873234	100.000000	100.000000	-1.709059	-4.218614
100.000000	99.940023	100.000000	100.000000	-35.944058	-1.639481
100.000000	100.000000	99.875652	99.823923	-2.069669	-4.551634
100.000000	100.000000	100.000000	100.000000	-29.189157	-2.974527
100.000000	100.000000	100.000000	99.888975	-48.035104	-6.799920
94.026356	100.000000	99.364928	100.000000	-38.727947	-22.063178
100.000000	100.000000	99.972782	100.000000	-28.142121	-5.085636
100.000000	100.000000	99.949734	99.922051	-23.416273	-0.612425
100.000000	99.897960	99.857117	100.000000	-56.752656	-3.475521
98.085409	96.622537	100.000000	97.987637	-3.369432	-8.449294
100.000000	100.000000	99.912397	99.986672	-36.904626	-13.440269
100.000000	100.000000	100.000000	100.000000	-6.207967	-4.264925
100.000000	100.000000	96.017513	100.000000	-6.706261	-7.590392
100.000000	100.000000	100.000000	100.000000	-96.499624	-31.069063
100.000000	99.967104	99.797193	100.000000	-61.752646	-33.923720
100.000000	100.000000	100.000000	100.000000	-26.866074	-6.046190
100.000000	99.821289	100.000000	99.970846	-2.734645	-1.547642
100.000000	99.974962	100.000000	100.000000	-4.327370	-2.856661
100.000000	99.912358	100.000000	99.939914	-57.451386	-3.286841
100.000000	99.990506	99.898140	100.000000	-1.740532	-3.063316
100.000000	100.000000	99.956989	99.857391	-7.043614	-5.446246
100.000000	99.882845	99.999429	99.892278	-8.216289	-3.950540
100.000000	99.947421	99.800053	100.000000	-29.329024	-7.670102
100.000000	99.752684	100.000000	100.000000	-31.374072	-7.480044
100.000000	100.000000	99.848671	100.000000	-31.762694	3.050687
100.000000	100.000000	99.864514	99.886079	-100.000000	-12.392834
100.000000	99.902299	99.987501	99.999464	-99.743059	-57.051746
100.000000	100.000000	99.098621	97.236511	-4.682756	-2.066206
100.000000	100.000000	100.000000	99.912180	-22.656217	-14.442913
100.000000	99.814450	99.817135	99.890501	-99.713574	-8.839254
100.000000	100.000000	99.837522	99.953513	-99.786136	-24.306626
100.000000	99.688393	100.000000	100.000000	-26.293762	-8.039297
100.000000	99.874767	100.000000	100.000000	-6.510032	-1.418461
100.000000	99.956376	99.715412	100.000000	-0.137134	-1.880559
100.000000	100.000000	99.834642	100.000000	-6.112861	-4.670055
100.000000	100.000000	99.872464	99.942323	-65.143355	-39.806593
100.000000	99.982426	99.977330	99.861366	-99.863059	-6.213168
100.000000	100.000000	100.000000	100.000000	-5.338780	-0.406847
100.000000	99.854548	100.000000	100.000000	-99.853239	-2.136951
100.000000	99.944468	99.912986	99.841930	0.688562	-1.024790
100.000000	99.775103	100.000000	99.976167	-3.921341	-3.789671
100.000000	99.847231	99.974811	100.000000	-32.466703	-3.168992
100.000000	99.923821	99.987533	99.955650	-4.635388	-4.100048
100.000000	99.961222	100.000000	100.000000	-32.089787	-7.368480
100.000000	99.886536	99.896017	99.879846	-55.692926	-0.960732
100.000000	99.742087	100.000000	100.000000	-3.803109	-3.053551
100.000000	99.943388	99.877354	100.000000	-87.067177	-3.317162
100.000000	99.991450	100.000000	99.895730	-75.567030	-6.099465
100.000000	99.708725	99.885915	99.847647	-40.876160	-10.258068
100.000000	98.749274	100.000000	100.000000	-4.906710	-0.315877
100.000000	100.000000	93.724894	92.174340	-7.848894	-5.227910
100.000000	99.860083	100.000000	99.821462	-31.331162	-2.669441
100.000000	100.000000	100.000000	100.000000	-34.492129	-10.226914
100.000000	99.690905	97.437831	98.281669	-8.335060	-4.636037
100.000000	99.998788	100.000000	100.000000	-49.776003	-30.409413
100.000000	99.794206	100.000000	100.000000	-1.550993	-11.463923
100.000000	99.912313	99.774465	100.000000	-66.705212	-6.937470
100.000000	100.000000	95.364540	98.879136	-0.342858	-6.246617
100.000000	100.000000	99.966526	99.959334	-42.010851	-34.176147
100.000000	99.996852	99.910669	100.000000	-4.525618	-3.503617
100.000000	99.976888	99.993628	99.952591	-99.933477	-1.542221
100.000000	99.886431	99.943555	99.940821	-57.073853	-8.828879
100.000000	99.957051	100.000000	100.000000	-24.069157	-8.918272
100.000000	100.000000	100.000000	100.000000	-4.064560	-1.129033
100.000000	99.922339	99.908151	99.972462	-25.438910	-2.251974
100.000000	99.989584	100.000000	99.833718	-10.576545	-4.405507
100.000000	100.000000	99.969014	100.000000	-6.984486	-6.516140
100.000000	100.000000	99.769933	99.760686	-25.170359	-6.542060
100.000000	99.979442	99.747786	100.000000	-30.894266	8.036919
100.000000	100.000000	100.000000	99.983115	-3.682288	-2.115753
100.000000	100.000000	100.000000	100.000000	-22.022922	-5.619912
100.000000	99.807952	100.000000	100.000000	-4.345383	-2.887146
100.000000	99.917509	99.989362	100.000000	-6.414989	-1.481656
100.000000	99.961908	100.000000	100.000000	-32.272895	-3.820963
100.000000	99.817732	100.000000	99.909630	-67.649209	-6.779730
100.000000	99.784562	100.000000	99.981529	-26.757145	-20.751868
100.000000	99.747475	99.879992	99.673273	-70.542723	-35.705394
100.000000	100.000000	99.940322	100.000000	-99.084323	-100.000000
100.000000	99.956245	99.988723	100.000000	-99.715384	-4.056005
100.000000	100.000000	100.000000	100.000000	-5.740591	-5.072698
100.000000	99.889852	99.923486	99.829553	-100.000000	-6.168747
100.000000	99.900681	100.000000	100.000000	-67.074263	-3.796916
100.000000	99.959671	99.966787	100.000000	-27.066800	-6.752452
100.000000	100.000000	92.290916	100.000000	-6.953969	-0.809611
100.000000	99.921588	99.902845	100.000000	-36.670574	-7.487060
100.000000	99.803659	99.765163	99.910489	-27.399227	-7.046185
100.000000	99.889271	99.923939	100.000000	-44.539443	-2.420188
100.000000	99.919492	99.906860	100.000000	-38.722220	-6.518404
100.000000	100.000000	99.982063	100.000000	-37.979863	-30.917677
100.000000	99.991212	100.000000	100.000000	-3.581153	-4.085525
100.000000	99.847272	100.000000	99.972574	-99.946975	-32.802508
100.000000	99.856949	99.870310	100.000000	-23.637499	-7.604163
100.000000	99.870673	99.930362	100.000000	-11.246807	-3.448943
100.000000	99.892290	99.879290	99.923001	-79.415057	-0.909003
100.000000	99.820690	100.000000	100.000000	-44.402218	-8.058602
100.000000	99.960806	99.933026	99.947455	-31.383945	-6.255668
100.000000	99.913139	100.000000	100.000000	-3.869858	-5.385301
100.000000	99.996451	100.000000	99.844385	-36.872486	-32.341232
100.000000	99.776844	99.904799	99.811717	-0.565431	-1.448993
100.000000	99.721274	99.956201	100.000000	-5.039571	-2.947435
100.000000	99.840151	100.000000	100.000000	-57.459879	-21.155307
100.000000	99.675223	100.000000	99.921495	-6.351871	-7.481262
100.000000	98.906412	98.885087	96.689360	-8.102434	-3.687242
100.000000	100.000000	99.974840	99.986099	-25.130002	2.719419
100.000000	99.905755	99.899073	99.931273	-37.539957	-5.092290
100.000000	99.967138	100.000000	99.938139	-18.815363	-0.422286
100.000000	100.000000	99.905204	99.889881	-100.000000	-34.566600
100.000000	100.000000	100.000000	96.669598	-89.590361	-72.432262
100.000000	99.896003	99.962568	100.000000	-85.551330	-26.571012
100.000000	100.000000	100.000000	100.000000	-3.689204	-3.223561
100.000000	100.000000	99.840609	99.932348	-39.677359	-5.529131
100.000000	99.960608	99.791603	99.936586	-99.906851	0.547384
100.000000	99.901638	100.000000	99.954240	-100.000000	-60.202853
100.000000	100.000000	95.785576	100.000000	-10.953729	-13.742123
100.000000	99.964769	99.841327	100.000000	-6.071715	-4.553444
100.000000	100.000000	99.923262	99.833391	-30.391889	-28.511348
100.000000	100.000000	99.817308	99.975670	-8.329180	-3.076707
100.000000	100.000000	99.948918	99.934225	-0.780986	-5.537195
100.000000	96.706634	98.912163	100.000000	-6.078454	0.468173
98.339426	100.000000	100.000000	97.286973	-5.678272	-4.930541
100.000000	99.087820	97.604228	100.000000	-10.332745	-1.681297
100.000000	99.950923	99.887836	99.887920	-48.454079	3.360750
100.000000	99.976944	100.000000	99.832492	-64.349585	-4.486705
100.000000	99.910231	99.995986	99.986098	-33.402811	-25.204123
100.000000	100.000000	100.000000	100.000000	-74.667533	-33.169660
100.000000	99.905528	99.782023	100.000000	-6.289583	-4.399637
100.000000	100.000000	100.000000	99.933268	-38.727537	-6.050282
100.000000	100.000000	99.945147	100.000000	-14.254838	-3.430682
98.669878	95.215257	100.000000	100.000000	-3.674400	-7.236826
100.000000	100.000000	100.000000	99.990050	-4.037278	-5.971166
100.000000	99.960840	99.906303	100.000000	-99.967150	-69.212754
100.000000	99.838495	100.000000	100.000000	-87.815672	-87.548103
100.000000	100.000000	99.735354	100.000000	-39.178322	-6.648293
100.000000	99.812158	100.000000	99.742978	-32.354433	-4.796842
100.000000	99.845495	99.750221	100.000000	-26.355579	-5.589931
100.000000	99.816616	99.899975	100.000000	-34.292288	-4.195089
100.000000	99.933441	100.000000	99.992714	-7.286018	-3.939068
100.000000	99.998573	99.733889	100.000000	-27.678350	-8.807134
100.000000	99.868403	99.968369	99.922710	-34.732249	-26.404120
94.288600	100.000000	100.000000	100.000000	-17.436734	-23.757015
100.000000	99.722574	100.000000	99.886693	-27.866068	-4.121137
100.000000	100.000000	100.000000	99.909881	-27.586911	5.268273
100.000000	100.000000	99.795598	99.982318	-1.114397	-3.479810
100.000000	99.879596	99.966562	100.000000	-10.286359	-4.993828
100.000000	93.619067	100.000000	96.275695	-35.154291	-36.812960
100.000000	99.951507	99.968985	99.994993	-99.986172	-29.682078
100.000000	99.729955	100.000000	100.000000	-78.237445	-27.903449
100.000000	100.000000	99.845548	99.960480	-53.860914	0.785539
96.796486	99.641759	99.100048	95.377770	-6.464140	-2.100361
100.000000	99.798806	99.869544	99.940187	-35.425556	-4.961120
100.000000	99.761328	100.000000	100.000000	-3.238306	-5.862625
100.000000	99.919903	100.000000	100.000000	-5.249229	-3.309740
100.000000	99.916759	100.000000	99.783463	-99.814989	-1.404496
100.000000	99.797952	99.899859	100.000000	-100.000000	-36.158040
100.000000	94.768456	93.537570	100.000000	-5.056012	-1.848058
100.000000	99.834598	99.840359	100.000000	-99.966074	-4.939781
100.000000	100.000000	100.000000	100.000000	-30.529766	4.911383
100.000000	95.372201	100.000000	99.479839	-6.950200	-1.995662
100.000000	99.822045	99.918069	99.930794	-5.814541	-4.892823
100.000000	99.915609	99.882220	100.000000	-70.689732	-32.559996
100.000000	99.731742	99.910880	100.000000	-24.700779	-4.334419
100.000000	99.838218	100.000000	100.000000	-25.082520	-1.284244
100.000000	99.897658	100.000000	99.927474	-6.311932	-4.469785
100.000000	99.803292	99.926354	99.881583	-7.558335	-6.897301
100.000000	99.753217	100.000000	99.947004	-98.496060	-6.836851
100.000000	100.000000	100.000000	99.683468	-37.505943	-37.139563
100.000000	100.000000	99.887600	99.903956	-8.616359	-4.881148
98.558476	100.000000	93.459867	100.000000	-6.401251	-4.112598
100.000000	100.000000	100.000000	99.896965	-27.246661	0.527815
100.000000	99.728300	100.000000	99.803162	-3.184159	-2.705015
100.000000	99.906696	100.000000	100.000000	-6.144114	-3.536421
100.000000	99.892535	99.800235	99.860921	-33.549406	-29.482547
100.000000	99.798312	99.986915	99.892765	-6.663486	-2.381936
100.000000	99.777157	99.978426	100.000000	-46.047708	-3.892491
100.000000	99.975359	99.791353	99.935905	-80.394598	-6.702117
100.000000	98.217250	99.046880	98.477469	-4.333529	-3.425883
100.000000	99.815601	99.738197	99.947749	-55.025040	-6.290380
100.000000	99.925289	99.904840	99.999415	-30.909442	-6.723320
100.000000	100.000000	99.930606	99.775307	-8.148672	-4.802830
100.000000	100.000000	99.954770	99.842627	-99.784404	0.098387
100.000000	99.868864	100.000000	100.000000	-4.156040	-3.338748
100.000000	100.000000	100.000000	100.000000	-78.115697	-37.310276
100.000000	99.970154	99.978853	99.943796	-99.982869	-84.437445
100.000000	99.827521	100.000000	100.000000	-99.968155	-60.871601
100.000000	99.998764	100.000000	99.889606	0.392304	-6.567022
100.000000	100.000000	99.858063	100.000000	-1.321859	-1.672985
100.000000	99.964618	99.782983	100.000000	-30.293282	-3.503567
100.000000	100.000000	100.000000	100.000000	-80.269984	-35.248668
97.752523	94.620191	97.734196	100.000000	-4.513773	-9.873862
100.000000	99.752454	100.000000	99.977372	-99.934490	-6.302362
100.000000	99.902539	99.990874	100.000000	-99.921690	-38.219600
100.000000	99.960091	99.827037	99.953779	-29.138789	-7.544960
100.000000	99.970626	100.000000	99.905284	-89.094872	-70.687223
100.000000	99.900709	99.873069	100.000000	-31.069423	-2.484214
100.000000	99.956887	100.000000	100.000000	-83.891951	-26.170932
100.000000	100.000000	100.000000	100.000000	-40.957299	-9.380235
100.000000	99.916156	99.949845	99.870566	-35.783778	-11.044487
100.000000	100.000000	100.000000	100.000000	-7.784920	-6.811372
100.000000	100.000000	99.808047	99.828870	-6.137676	-4.384248
100.000000	99.783079	99.942558	99.865001	-18.723835	-3.499776
100.000000	100.000000	99.941092	100.000000	-32.420909	-3.372765
100.000000	99.798450	99.946428	99.962589	-67.450477	1.145283
100.000000	100.000000	99.920813	100.000000	-16.780485	-5.591420
100.000000	100.000000	99.944185	99.736278	-69.742225	-4.843467
100.000000	100.000000	100.000000	99.945582	-70.541607	-1.200445
100.000000	99.913785	100.000000	99.956831	-56.385286	-28.592848
100.000000	99.679749	99.977226	99.933511	-99.900824	3.417711
96.152034	100.000000	100.000000	100.000000	-17.601465	-25.899603
100.000000	99.989906	99.890300	99.958002	-37.439614	-2.731224
100.000000	97.081245	100.000000	99.161852	-26.329792	-8.642055
100.000000	100.000000	99.784149	99.966752	-42.807945	-3.197712
100.000000	99.835397	99.872701	100.000000	-22.351876	-6.885323
100.000000	99.825008	99.860201	99.752254	-0.481487	-3.523288
100.000000	99.953820	99.920697	99.912809	-71.752082	-44.062872
100.000000	99.867512	100.000000	99.928182	-5.026520	-0.018369
100.000000	100.000000	99.928212	100.000000	-35.145571	-5.253335
100.000000	99.757775	100.000000	99.993963	-41.676932	-24.131675
100.000000	99.937642	100.000000	100.000000	-99.924290	-27.650629
100.000000	100.000000	99.962325	100.000000	-99.933676	-44.205433
100.000000	100.000000	99.743224	99.909508	-98.705761	-100.000000
100.000000	99.936167	100.000000	100.000000	-6.454369	-3.462736
100.000000	100.000000	100.000000	100.000000	-33.802133	1.714307
100.000000	99.742134	99.919145	100.000000	-2.290607	-0.402315
100.000000	99.794239	99.765343	100.000000	-10.245969	-4.553320
100.000000	99.695261	100.000000	99.942358	-42.298714	-2.793653
99.876297	100.000000	97.005322	99.043575	-33.590515	-29.933789
100.000000	95.766195	100.000000	89.005738	-7.149501	-8.894709
100.000000	99.869800	99.927607	99.921865	-82.074642	-15.283109
100.000000	100.000000	100.000000	100.000000	-76.058412	-70.316607
100.000000	99.996926	100.000000	100.000000	-31.879870	-3.518178
100.000000	100.000000	99.932252	99.963077	-52.036069	-22.643604
100.000000	100.000000	99.988731	100.000000	-8.385627	-5.003767
100.000000	100.000000	99.910150	99.885755	-78.480597	-0.368690
100.000000	99.974573	100.000000	99.993344	-32.730954	-3.737755
100.000000	99.894253	99.967641	99.891530	-63.810593	-37.167565
100.000000	99.876607	99.922762	99.903670	-0.322463	-2.018175
100.000000	100.000000	99.988274	100.000000	-1.709490	-3.143318
100.000000	100.000000	99.939292	100.000000	-100.000000	-48.836572
100.000000	99.722009	99.867665	99.906239	-67.088221	-22.753727
100.000000	99.851647	100.000000	99.936093	-70.519534	-2.126890
100.000000	99.935655	99.912539	100.000000	-36.160273	-3.091151
100.000000	100.000000	100.000000	99.980784	-18.561298	-7.263512
100.000000	100.000000	100.000000	100.000000	-36.760999	-12.542917
100.000000	99.792899	99.699203	100.000000	-37.533757	-32.282897
100.000000	99.974499	99.962755	100.000000	-6.797930	-2.118820
100.000000	99.954446	99.994772	99.900037	-4.906784	-3.027752
100.000000	99.888982	100.000000	100.000000	-10.029262	-5.856830
100.000000	99.895418	99.944550	100.000000	-41.280648	-34.829632
100.000000	99.915704	100.000000	100.000000	-2.928433	-0.035161
100.000000	99.962339	99.915197	100.000000	-30.578573	-5.137936
100.000000	99.719556	99.976936	100.000000	-31.940665	-0.926590
100.000000	99.662839	99.867837	99.939759	-40.346451	-36.333456
100.000000	99.835858	100.000000	99.871433	-36.498307	-7.420617
100.000000	99.927232	100.000000	100.000000	-2.231628	-4.430360
98.547125	97.636617	93.937763	97.953700	-38.409162	-28.692093
100.000000	99.766473	99.790757	100.000000	-29.977542	-35.813699
100.000000	99.887310	100.000000	99.918561	-99.951850	-3.009213
100.000000	99.933825	100.000000	100.000000	-0.928861	-2.709624
100.000000	100.000000	99.953050	100.000000	-38.481167	-6.774674
100.000000	99.809470	99.844747	100.000000	-6.273288	-3.620487
100.000000	99.666134	99.907809	100.000000	-74.761544	-2.384985
100.000000	100.000000	99.906412	99.967627	-4.100964	-4.058246
100.000000	99.981421	100.000000	100.000000	-43.993801	1.627497
100.000000	100.000000	100.000000	99.939964	0.461511	-1.059729
100.000000	99.780142	100.000000	99.985972	-43.739916	-28.732728
100.000000	99.598754	100.000000	99.932863	-9.390021	-4.917757
100.000000	99.847847	99.954963	99.920567	-29.366578	-3.013464
100.000000	99.755516	99.992002	99.911709	-44.276106	-5.562739
100.000000	100.000000	99.945745	100.000000	-51.821681	-2.594696
100.000000	99.787610	99.936954	100.000000	-7.468421	-3.751562
100.000000	100.000000	100.000000	99.952681	-98.560332	-100.000000
100.000000	99.818315	99.959718	100.000000	-19.746221	-8.736888
98.070687	100.000000	100.000000	93.773780	-1.416699	-2.293727
100.000000	98.260849	97.746989	100.000000	-6.937292	-5.352130
100.000000	99.714859	99.982085	99.953424	-34.705046	-4.191714
100.000000	99.892677	100.000000	100.000000	-38.203093	3.258457
100.000000	100.000000	100.000000	100.000000	-92.227794	-38.675660
100.000000	100.000000	99.933906	100.000000	-21.635332	-1.493661
100.000000	100.000000	100.000000	99.968379	-5.854412	-6.006336
100.000000	99.936441	100.000000	99.973645	-6.841054	-6.233687
100.000000	100.000000	100.000000	100.000000	-41.849169	-35.944215
100.000000	100.000000	100.000000	100.000000	-4.426152	-4.902541
100.000000	99.875148	99.921362	99.816801	-44.478082	-38.212596
100.000000	99.986851	99.741250	99.952346	-37.147879	-13.944049
100.000000	99.967196	100.000000	99.883063	-4.294017	-1.000332
100.000000	99.918511	100.000000	99.953095	-69.079018	-30.369930
100.000000	100.000000	100.000000	100.000000	-99.810147	-3.341747
100.000000	100.000000	99.820246	100.000000	-50.882863	-31.146034
100.000000	99.916264	99.879294	100.000000	-99.952242	-7.354189
100.000000	99.807658	100.000000	100.000000	-5.679579	-3.699689
100.000000	100.000000	99.894610	100.000000	-100.000000	-25.206169
100.000000	100.000000	99.843966	99.999311	-31.176970	-3.601498
100.000000	100.000000	100.000000	100.000000	-30.819113	-38.992819
100.000000	100.000000	100.000000	99.899954	-90.114169	-38.542652
100.000000	99.808644	99.901355	100.000000	-71.496401	-40.124212
100.000000	99.961831	99.877487	100.000000	-42.495389	-21.539352
100.000000	99.812943	99.839766	100.000000	-28.951120	1.828222
100.000000	99.942015	99.794492	100.000000	-32.619289	6.005392
100.000000	99.805643	99.949783	99.965891	-9.820105	0.316800
100.000000	99.955144	99.979459	100.000000	-68.766271	-9.060174
100.000000	97.355911	99.536723	97.261183	-2.684812	-3.166569
100.000000	99.637627	99.911940	99.762945	-99.962226	-76.959569
100.000000	99.909781	99.926805	99.953215	-36.517246	-10.012390
100.000000	99.975444	99.999806	99.978566	-64.726785	-4.558269
99.875561	100.000000	100.000000	99.944267	3.076975	-4.425899
100.000000	99.756097	99.837734	100.000000	-32.482250	-7.174447
100.000000	100.000000	100.000000	99.959968	-2.223085	-4.333037
100.000000	99.911935	99.992221	99.919550	-32.338968	2.304222
100.000000	99.939343	100.000000	100.000000	-22.758423	-2.018490
100.000000	99.769590	100.000000	100.000000	-36.506971	-24.350153
100.000000	99.800911	99.982006	99.900636	-42.917027	-7.129524
97.848144	99.548299	100.000000	99.041774	-10.319218	1.859878
100.000000	99.766889	99.901832	100.000000	-8.703105	-6.047919
100.000000	99.977640	99.942974	99.816865	-33.250510	-23.665885
100.000000	99.899667	100.000000	100.000000	-28.693855	-17.242982
100.000000	99.976535	99.838971	100.000000	-3.076123	-1.263783
100.000000	99.934302	99.925600	100.000000	-37.697655	-2.271024
100.000000	100.000000	99.951039	99.861788	-3.790142	-3.919248
100.000000	100.000000	99.995379	100.000000	-51.583114	-2.636850
100.000000	100.000000	99.891153	99.970953	-87.860447	-25.783099
100.000000	99.897848	99.924162	99.979801	-51.841497	-7.263631
100.000000	99.658972	100.000000	100.000000	-35.994798	-3.931229
100.000000	99.758032	100.000000	100.000000	-17.637806	-5.753037
100.000000	99.781929	99.826179	99.862035	-99.936154	-35.371069
100.000000	99.912687	99.873577	100.000000	-4.417726	-3.943277
100.000000	100.000000	99.951405	99.941376	-28.719929	-3.276096
100.000000	99.808784	99.974671	99.951008	-20.599118	3.184296
100.000000	100.000000	100.000000	99.966676	-5.767252	2.460923
100.000000	100.000000	99.745806	100.000000	-100.000000	-2.455166
100.000000	99.870533	100.000000	99.981953	-9.177481	-6.274749
100.000000	100.000000	99.798710	99.828481	-33.275362	-11.019672
100.000000	99.957194	100.000000	100.000000	-20.480243	-1.280329
100.000000	99.881267	99.806684	99.925869	-80.555212	-6.723049
100.000000	100.000000	100.000000	100.000000	-27.532377	-24.755008
100.000000	99.866819	99.823098	99.977308	-20.829828	-5.425093
100.000000	99.845836	99.779323	100.000000	-4.793624	-0.628373
100.000000	99.699554	100.000000	100.000000	-5.225366	-7.008114
100.000000	99.909744	100.000000	99.830584	-59.440892	-1.152722
100.000000	100.000000	99.932223	100.000000	-57.546487	-12.174116
100.000000	99.768889	100.000000	100.000000	-9.508828	-2.003246
100.000000	99.815036	100.000000	99.892373	-33.797618	-11.692759
100.000000	100.000000	99.828011	100.000000	-28.013460	-34.056270
100.000000	99.935224	100.000000	100.000000	-29.305461	-7.951623
100.000000	99.905924	100.000000	99.978509	-30.225666	-4.310945
100.000000	99.832142	99.921507	99.929821	-99.890662	-1.872783
92.928488	100.000000	93.267250	99.680843	-13.168099	-8.783419
100.000000	99.971872	99.991734	100.000000	-8.533798	-4.631048
100.000000	99.789085	99.868043	100.000000	-25.084186	-4.161230
99.487020	100.000000	97.823082	100.000000	-7.180303	9.152287
100.000000	99.999037	99.816037	100.000000	-35.215267	-10.385017
100.000000	100.000000	100.000000	99.911839	-3.134369	-1.082577
100.000000	99.987729	100.000000	100.000000	-8.111143	-3.761482
100.000000	99.972302	99.951897	99.941241	-30.454588	-16.763312
100.000000	99.758674	99.960718	99.955858	-40.383023	-1.049303
100.000000	100.000000	99.850339	100.000000	-4.057097	-4.035537
100.000000	100.000000	100.000000	99.930671	-23.579275	-9.544794
100.000000	99.643427	99.947284	100.000000	-42.944812	0.829478
100.000000	100.000000	100.000000	100.000000	-39.184231	-2.379037
100.000000	99.901491	99.992368	100.000000	-20.282573	-6.794092
100.000000	100.000000	100.000000	100.000000	-62.178069	-32.805445
100.000000	99.985582	99.880008	100.000000	-42.648997	-33.873867
100.000000	100.000000	99.962644	99.915026	-40.936758	-6.946372
100.000000	99.900862	99.946440	100.000000	-100.000000	-55.775894
100.000000	99.896978	99.831990	99.856950	-35.491420	-1.441985
100.000000	100.000000	99.917482	100.000000	-28.261232	-1.768020
100.000000	99.947155	100.000000	99.920418	-99.870910	-1.120318
98.493607	100.000000	89.705692	100.000000	-5.016981	-3.498960
100.000000	100.000000	100.000000	99.937238	-56.171308	-6.535725
99.337535	100.000000	100.000000	93.255227	-31.908127	-27.031466
100.000000	99.970682	99.816692	99.849192	-30.604714	-32.145579
100.000000	99.905506	100.000000	99.915512	-63.064467	-33.640167
100.000000	100.000000	100.000000	99.551702	-1.279082	-0.141037
100.000000	99.845417	99.769296	99.945482	-18.573516	-3.138177
100.000000	99.819351	99.992868	100.000000	-32.548745	-15.311095
100.000000	100.000000	99.898197	100.000000	-31.859590	-18.090843
100.000000	99.866618	99.718863	99.955952	-30.936124	-8.975410
100.000000	100.000000	98.325176	100.000000	-4.259470	-6.221325
100.000000	100.000000	100.000000	99.990524	-26.814890	-3.505880
100.000000	99.831864	99.954921	99.898753	-8.604392	-2.337465
100.000000	99.838887	100.000000	99.828483	-30.469582	4.383294
100.000000	99.458617	99.728038	100.000000	-2.471980	-1.751950
100.000000	99.968468	100.000000	100.000000	-99.985649	-10.966693
100.000000	99.759347	100.000000	100.000000	-3.476395	-3.122130
100.000000	99.898468	99.982026	100.000000	-3.525243	-1.324867
100.000000	99.985618	99.899936	100.000000	-99.786105	-5.151596
100.000000	99.995513	100.000000	99.995261	-40.149902	-11.593457
100.000000	100.000000	100.000000	100.000000	-37.307484	-8.552030
100.000000	99.737304	99.883899	100.000000	-99.759677	-26.951398
100.000000	100.000000	100.000000	99.993106	-29.813300	-7.059415
100.000000	99.992912	100.000000	100.000000	-22.917682	-6.418106
100.000000	99.954604	99.961733	99.957725	-28.668248	-5.860150
100.000000	99.875916	100.000000	100.000000	-36.911037	-4.462942
100.000000	100.000000	99.933894	99.964005	-99.902512	-48.928756
100.000000	100.000000	99.991813	100.000000	-31.585080	-4.863061
100.000000	99.900632	99.776715	99.949372	-33.542696	-9.157590
100.000000	100.000000	100.000000	100.000000	-3.198684	-4.188432
100.000000	99.927315	100.000000	100.000000	-65.600717	-6.073891
100.000000	99.961007	99.982706	100.000000	-28.271692	-5.579853
100.000000	100.000000	99.993238	99.939767	-99.941837	-55.722015
100.000000	99.760385	100.000000	99.843334	-55.304276	-7.497366
100.000000	100.000000	99.893327	99.860381	-99.735361	-27.229304
100.000000	99.822479	99.994443	99.975128	-61.036617	-6.690831
100.000000	99.958958	99.907970	99.990989	-36.118562	-4.343864
100.000000	100.000000	99.922046	100.000000	-22.350321	-12.702218
100.000000	99.946998	99.745706	99.908717	-99.791706	-54.253823
100.000000	100.000000	100.000000	99.922203	-1.593957	0.144010
100.000000	99.750828	99.982518	100.000000	-30.103963	-5.200912
100.000000	100.000000	100.000000	99.978968	-77.426766	-3.121287
100.000000	99.938797	99.918227	100.000000	-43.244964	-8.151206
100.000000	99.926515	99.756704	100.000000	-86.082779	-36.209552
100.000000	99.995824	99.940105	99.810661	-57.985106	-3.325291
100.000000	100.000000	99.875902	99.814089	-31.663743	-2.219684
100.000000	99.849765	100.000000	99.956488	-58.778969	4.078422
100.000000	99.907673	99.932068	100.000000	-15.724192	-5.093706
100.000000	90.528967	100.000000	88.669681	-3.496551	0.675675
100.000000	100.000000	99.902618	100.000000	-3.167421	-1.593786
100.000000	99.891851	99.899047	99.943683	-1.561498	-5.473507
100.000000	99.949063	99.709330	100.000000	-31.970967	-3.916420
100.000000	99.783306	99.934701	100.000000	-82.249074	-5.143811
99.990543	100.000000	100.000000	97.143293	-5.540684	-13.422815
100.000000	99.796513	100.000000	100.000000	-5.480677	-2.133625
100.000000	99.929921	100.000000	99.869683	-46.491155	-31.351719
100.000000	100.000000	99.974824	100.000000	-68.638510	5.103273
100.000000	99.875067	99.730157	99.997804	-22.385757	-6.847549
100.000000	90.961583	99.759197	100.000000	-8.051773	-1.728782
100.000000	99.903819	99.765404	100.000000	-6.824788	-1.521471
100.000000	100.000000	99.970653	99.846236	-8.179302	-4.623540
100.000000	100.000000	99.888284	100.000000	-2.165619	-7.130685
100.000000	99.995695	100.000000	99.975842	-62.121657	-7.243757
100.000000	100.000000	100.000000	100.000000	-6.574427	-2.707960
100.000000	100.000000	99.996358	99.918544	-5.307021	-6.071876
100.000000	99.824671	100.000000	100.000000	-27.158997	-37.520345
100.000000	99.899698	99.807818	100.000000	-72.304397	-1.572746
100.000000	100.000000	99.867398	99.967962	-41.180428	-4.784039
100.000000	100.000000	100.000000	100.000000	-49.588167	1.650589
100.000000	94.785577	93.640368	97.479519	-35.296221	-26.220500
100.000000	99.916764	99.899281	100.000000	-56.314488	-15.044062
100.000000	99.884703	99.960729	99.884821	-5.386577	-3.619507
100.000000	99.758370	100.000000	100.000000	-25.380582	4.608555
100.000000	99.705249	99.814966	100.000000	-17.558520	-3.946454
100.000000	99.943128	99.960357	99.903747	-78.058182	-18.587211
100.000000	100.000000	99.839955	100.000000	-5.908757	-3.658384
100.000000	100.000000	100.000000	96.656666	-3.425080	-11.616559
100.000000	99.991660	99.973201	100.000000	-33.967684	-21.598111
100.000000	99.785976	99.933318	100.000000	-29.143609	-2.960601
100.000000	99.612569	100.000000	100.000000	-25.362764	-3.079352
100.000000	99.993390	99.974386	100.000000	-74.513015	-5.238575
100.000000	100.000000	100.000000	96.469710	-2.692051	2.558899
100.000000	100.000000	99.480909	100.000000	-8.921730	-0.698000
100.000000	99.757001	100.000000	100.000000	-100.000000	-4.945465
100.000000	99.994233	99.977617	100.000000	-39.416698	-2.990352
100.000000	99.669023	99.877885	100.000000	-99.925706	-43.060030
100.000000	99.915242	100.000000	100.000000	-6.635500	-3.739765
98.721779	99.475065	100.000000	96.478732	-3.182833	7.946497
100.000000	99.881485	99.952643	100.000000	-26.611542	-9.177913
100.000000	100.000000	99.847923	99.838065	-6.856780	-2.068497
100.000000	99.831506	100.000000	100.000000	-4.847819	-3.569022
100.000000	92.211204	100.000000	98.197960	-45.520061	-22.412374
100.000000	99.872242	99.973849	99.968932	-26.519736	-13.877889
100.000000	100.000000	100.000000	100.000000	-10.212863	-3.887359
100.000000	99.968007	99.981074	100.000000	-21.246692	-7.051486
100.000000	99.899374	100.000000	100.000000	-26.591523	-4.168457
100.000000	99.878374	99.943659	99.878571	-2.400011	-0.336956
100.000000	100.000000	99.971918	99.967094	-28.693506	-5.161683
100.000000	100.000000	99.780676	100.000000	-1.408265	-6.670718
100.000000	100.000000	96.663561	98.861594	-2.552234	-3.297766
100.000000	99.951252	99.737994	99.959318	-43.310297	-1.349656
100.000000	100.000000	97.124047	100.000000	-10.591034	-8.713238
100.000000	99.973340	100.000000	100.000000	-75.273976	-3.955271
100.000000	100.000000	99.866302	99.982683	-37.329112	-34.768722
100.000000	100.000000	99.956845	100.000000	-7.729849	-5.265643
100.000000	99.963038	99.873475	100.000000	-7.503265	-2.154067
100.000000	100.000000	98.628459	100.000000	-4.131562	1.173071
100.000000	99.929252	100.000000	99.929697	-29.216984	-5.727954
100.000000	100.000000	99.837119	99.825668	-41.375695	-30.786729
100.000000	100.000000	99.841109	100.000000	-6.542423	-6.490210
100.000000	99.921296	100.000000	100.000000	-58.952357	-27.192601
96.189882	92.024264	100.000000	99.003101	0.411731	-8.443651
100.000000	100.000000	96.191939	100.000000	-1.852539	-10.020800
100.000000	100.000000	99.885750	100.000000	-5.799309	-0.344969
100.000000	100.000000	99.919935	99.928251	-9.608784	-5.699459
100.000000	99.927502	100.000000	99.924199	-20.002869	-1.908300
100.000000	100.000000	97.076753	100.000000	-26.905401	-40.301389
100.000000	99.916652	100.000000	99.914718	-29.406733	-10.705804
100.000000	99.839331	100.000000	100.000000	-8.235426	-6.134990
100.000000	99.913933	99.757596	100.000000	-5.221333	-4.495048
100.000000	99.842255	99.959999	100.000000	-87.067861	-1.645855
100.000000	99.896147	99.959462	99.937686	-50.479177	-25.252016
100.000000	99.721120	99.806671	100.000000	-6.711883	-1.765824
100.000000	99.893717	100.000000	100.000000	-7.427469	-2.386944
100.000000	99.980081	100.000000	100.000000	-5.365573	-2.248131
100.000000	99.934870	99.785459	100.000000	-10.303568	-4.517454
100.000000	100.000000	99.966905	99.809146	-99.976550	-7.470451
100.000000	99.780176	100.000000	100.000000	-100.000000	-4.403137
97.524705	93.903809	97.424278	98.853280	-17.475795	-32.366259
100.000000	100.000000	100.000000	99.911624	-31.534554	-7.848692
100.000000	99.707023	100.000000	99.839941	-63.140487	-30.703826
100.000000	99.801946	99.959705	100.000000	-59.899444	-19.728617
100.000000	99.783200	99.856403	99.928237	-6.855856	-3.055456
100.000000	95.960270	100.000000	98.248108	-5.503597	-1.454377
100.000000	100.000000	100.000000	99.943798	-25.577863	0.412775
100.000000	100.000000	100.000000	100.000000	-65.777975	-0.793840
100.000000	99.740468	99.989284	99.994153	-7.385126	-3.715045
100.000000	100.000000	99.947522	99.789161	-86.993752	-2.785137
100.000000	99.904875	100.000000	100.000000	-72.220013	-5.304372
100.000000	100.000000	99.598029	99.937352	-100.000000	-7.856587
100.000000	100.000000	100.000000	99.198207	-3.727962	-5.048798
100.000000	99.921877	100.000000	100.000000	-100.000000	-21.625762
100.000000	100.000000	99.879097	99.875316	-23.549427	-6.064653
100.000000	100.000000	100.000000	100.000000	-6.636730	-8.179361
100.000000	100.000000	99.757716	99.949974	-74.366013	-34.969873
100.000000	100.000000	99.872888	100.000000	-54.687517	-19.322667
100.000000	99.886302	99.945859	100.000000	-56.242368	-1.749738
100.000000	100.000000	99.879327	100.000000	-2.245674	-5.513907
100.000000	99.977945	100.000000	100.000000	-40.905481	-9.221401
100.000000	99.845527	100.000000	99.957682	-25.364204	-7.275327
100.000000	99.859754	99.795527	99.963671	-36.326021	-7.730028
100.000000	99.999021	99.862778	99.997759	-41.037810	-28.980033
100.000000	99.814855	100.000000	100.000000	-93.614256	-2.184132
100.000000	99.765392	100.000000	100.000000	-71.676761	-36.302209
100.000000	100.000000	100.000000	100.000000	-6.986211	-6.755508
100.000000	99.811215	99.711545	99.810161	-4.662692	-4.443008
100.000000	99.972200	99.841345	100.000000	-2.416465	-6.674091
100.000000	99.915367	100.000000	100.000000	-56.307524	-30.606478
100.000000	100.000000	99.910578	100.000000	-5.726206	-6.793801
