100.000000	-7.217772	24.829425	38.370113	-59.061991	10.985027
-78.844008	6.991664	21.999289	-99.383808	-47.584463	99.879350
-99.996193	24.831062	44.235927	-100.000000	34.491115	100.000000
-95.557211	51.268810	71.668915	-100.000000	-8.978842	100.000000
-94.375279	-50.455484	21.089503	99.954318	80.839069	99.994074
-71.680745	30.332902	-10.475670	-99.839272	-66.351913	-100.000000
85.156900	-25.664673	17.634942	100.000000	35.162532	100.000000
99.828176	-51.022624	17.898198	99.951096	-13.153171	99.423533
99.943277	-30.701328	-39.552686	99.984456	-19.924752	-99.989606
99.949237	-54.203519	40.464368	100.000000	-28.261227	99.838825
-100.000000	42.706774	84.136214	-99.856253	10.010033	99.136315
-100.000000	66.681041	-26.458674	-99.483655	25.838572	-99.688455
100.000000	-37.859217	-54.238544	99.838968	-41.321497	-100.000000
-87.822911	-27.410878	31.749788	99.842164	63.953676	99.703373
-99.909182	28.094579	-34.710267	-99.448898	46.901140	-100.000000
-100.000000	8.630909	-29.909890	-99.242140	36.463968	-99.906462
-75.768792	15.525449	-9.886857	-99.750883	-57.050971	-99.807515
100.000000	-36.686031	-42.521594	99.907194	-14.534590	-99.608200
-92.518657	52.446119	51.943075	-99.996105	-15.861914	100.000000
-99.745110	45.147696	18.710438	-99.834128	42.812694	99.826074
-100.000000	32.266320	26.507445	-94.760727	0.278549	99.876572
93.283503	-8.867959	17.084133	98.268068	11.290339	8.352530
99.990426	-24.187284	-24.434125	99.308096	-28.871720	-99.914114
84.647522	30.927724	-39.963149	-99.740342	-56.071301	-99.719907
-52.623360	48.554874	-51.681612	-99.891496	-20.089056	-99.988545
-100.000000	19.675414	28.748771	-99.193968	25.184781	99.618995
79.784100	-17.456211	22.189571	99.894447	48.558139	99.932093
100.000000	-38.956014	73.362546	99.920763	-71.408595	99.734574
-99.991342	57.862897	-22.089527	-99.875739	34.011274	-99.875445
94.680099	55.465262	-37.802063	-99.874260	-80.537952	-100.000000
-89.819704	52.851888	39.280618	-99.651536	-24.292410	99.894826
-94.225217	32.901749	19.950894	-99.644663	-15.347323	99.932533
-74.405922	-13.856940	58.271211	99.500839	32.802456	100.000000
86.979310	-65.265413	33.615575	99.333804	30.261805	99.423365
-99.888832	71.063238	-24.326360	-99.812005	44.955165	-99.957542
-99.926375	75.051354	-22.679876	-99.213968	33.163621	-99.999250
-100.000000	31.371617	11.835926	-100.000000	9.906492	99.911982
-100.000000	40.519365	24.968784	-99.915617	29.855380	99.503410
-79.868492	-35.903787	41.416973	99.966636	47.342799	99.841390
-99.948507	31.023850	50.802357	-99.582092	37.600601	99.929621
83.019588	8.271297	22.804701	89.420671	39.753002	99.217182
-95.629356	38.467190	20.995491	-99.949593	-11.596375	99.340562
-84.149276	33.249750	-45.165030	-99.900962	-26.889866	-99.824295
-100.000000	37.563535	31.392694	-100.000000	31.332248	99.945201
-99.858854	49.829400	-55.566469	-99.956663	36.629844	-99.789509
-99.916079	25.749570	82.087600	-100.000000	14.930377	99.892701
79.225822	-16.963440	-43.511341	100.000000	49.399510	-99.911193
-90.122907	75.526308	5.225576	-99.909065	-22.897085	96.341801
-100.000000	21.541109	-7.254056	-98.728023	63.337450	-3.000152
100.000000	-17.963248	24.221288	99.512589	-17.228663	100.000000
-100.000000	16.472552	40.354672	-99.514857	49.858233	99.985690
-99.809735	22.934089	48.026603	-100.000000	43.724552	100.000000
-93.940144	49.904116	-18.863642	-100.000000	-13.621960	-99.554901
-94.741864	78.395776	13.305987	-100.000000	-8.871058	79.808878
-99.962008	21.293567	87.588634	-99.738684	75.624121	100.000000
-99.965821	60.313812	-36.337062	-99.043984	50.386846	-99.905619
-79.641245	39.711561	38.795570	-99.759379	-47.796549	99.906184
-78.955958	-9.645406	51.571477	-30.712254	-50.372480	99.752526
-100.000000	21.170261	-26.506929	-99.897802	26.980360	-99.965472
-86.919787	-16.561535	40.149280	99.871457	62.942906	99.832445
100.000000	-24.970087	-30.679880	99.614536	-17.750057	-100.000000
82.913837	-35.352887	-63.594073	99.881420	40.457363	-99.896999
-77.078238	-58.613228	79.044118	99.775597	39.310364	99.691179
100.000000	-33.967419	21.776762	100.000000	-45.710257	99.909020
-99.985415	57.878966	-33.657485	-99.931873	64.382220	-99.944960
90.723524	-87.243729	18.151769	98.923711	20.589884	99.406247
-100.000000	21.068798	-35.117854	-97.515182	-3.382095	-97.924747
-99.878818	34.357234	23.231053	-99.320558	26.627404	99.978375
-100.000000	31.498783	28.119698	-99.894297	22.425096	99.993689
-100.000000	34.282580	20.619209	-99.468743	18.417968	99.342639
-37.540656	2.497160	88.250311	86.898715	-50.168012	99.708830
90.171385	-44.115892	24.555593	99.766378	23.307750	99.997985
-96.775189	25.464571	54.190593	-99.811327	-7.535709	99.888506
-100.000000	54.105908	-40.069986	-99.567774	32.973709	-100.000000
-67.428643	-43.988532	65.853549	99.070531	19.235351	99.432418
-99.964215	89.476193	76.763253	-99.898006	16.866852	100.000000
6.346207	62.290981	-45.663712	-100.000000	-34.653712	-99.995429
91.231395	-32.792911	22.520707	99.846953	22.420971	99.666434
70.997811	-39.171261	-51.696778	99.904850	68.383310	-99.902852
-99.650894	17.173974	17.902830	-99.553143	21.056656	100.000000
-92.255527	83.495893	48.138859	-99.898725	-15.898359	99.379498
-80.162915	17.487674	24.483079	-98.755866	-46.296975	99.916639
-100.000000	38.162796	34.413707	-99.808087	42.829982	99.889493
-82.049309	-40.877738	71.148715	99.750855	52.165244	99.779729
-89.921123	55.457426	63.400441	-99.325694	-25.278490	99.979079
-99.845404	55.998836	-31.989201	-99.817168	40.975602	-99.718645
-88.989086	24.028370	73.534360	-99.190873	-25.526523	99.549801
99.978422	-36.373437	6.890617	99.873089	-44.772739	99.927491
81.774562	-37.713208	25.501327	99.936127	41.372808	99.585968
99.790555	-9.547708	-51.347804	99.985415	-54.385755	-99.814011
100.000000	-34.451702	61.565429	99.826723	-31.730118	100.000000
100.000000	-19.619407	-40.463414	100.000000	-50.742407	-99.739005
-81.096638	35.807814	32.072192	-100.000000	-45.569790	99.930114
-99.948675	38.154582	26.284480	-99.947699	48.936059	99.586844
-84.698962	57.199009	-25.378980	-99.599760	-35.368634	-99.742354
98.855078	-38.527940	-12.528828	100.000000	-49.381550	5.457547
-99.984336	29.062874	73.937237	-99.626496	22.143903	98.925177
86.765240	-46.977246	26.585862	99.534117	32.606027	99.772370
90.508573	-21.358200	21.083039	99.476435	21.615898	99.790149
-67.735454	-72.783349	78.196168	99.619333	16.244902	99.731418
-89.118673	40.730690	42.052648	-99.777896	-26.783633	99.736493
-100.000000	30.735800	7.489419	-99.938573	29.325607	99.931083
-96.657318	70.989367	-3.115567	-99.175639	-5.142715	94.805614
62.836721	-29.123378	-83.442934	99.683897	86.705551	-100.000000
100.000000	-17.645885	28.904563	99.954562	-28.722579	99.970279
-99.962162	20.753148	-29.781200	-100.000000	53.954351	-99.857731
-99.919750	47.390649	29.876245	-99.826122	36.855639	99.989859
-94.134822	14.371809	69.692019	-99.459145	-13.661258	99.959242
-99.978698	64.373172	14.681548	-99.609067	66.605178	100.000000
100.000000	-7.405675	55.643313	100.000000	-27.929129	99.515511
-96.516701	42.502555	31.685914	-99.391836	-11.145126	99.848398
-99.933526	28.467588	28.589997	-99.841833	43.418802	100.000000
-99.943332	-3.909753	-11.422355	-62.789458	38.974197	75.637864
-100.000000	30.577917	28.066266	-99.999025	24.855584	99.783168
-100.000000	52.342877	19.660823	-99.153510	67.271090	99.855678
-68.639204	-15.843106	80.234879	99.763227	18.390508	99.867649
99.754261	-55.903094	44.609507	99.944117	-17.595843	99.859986
89.822229	-27.004881	-27.917815	99.866160	22.061289	-99.251064
90.490206	-49.335043	-93.336566	99.907883	22.885022	-100.000000
-99.975071	18.895636	68.883596	-99.971982	32.235539	100.000000
100.000000	-32.849261	-24.305318	99.724793	-38.115527	-100.000000
-100.000000	34.678102	-20.352738	-99.835732	21.778178	-99.967746
-100.000000	44.006914	15.480479	-99.278876	66.082707	99.846756
-100.000000	18.670373	-34.607310	-99.868515	75.195884	-99.887223
-100.000000	34.613990	45.392801	-99.735584	23.333663	99.674065
-84.264810	55.992902	33.487911	-99.828795	-36.257935	99.732267
73.920887	-29.109060	-39.869011	99.986807	60.936418	-99.917261
-99.811808	32.369147	24.375522	-99.189821	67.230469	99.872167
99.768489	-59.391694	12.009059	99.754998	-12.658299	45.089260
-99.935276	34.421581	-52.146692	-99.284208	24.503298	-99.836659
87.026066	-38.819912	-22.587457	99.947862	30.685697	-100.000000
-99.852003	94.656541	17.297497	-99.747035	52.860478	99.860614
84.940989	-55.440486	13.803445	99.792699	35.666636	99.858000
-92.533927	78.611573	65.564248	-99.432177	-18.060244	99.958964
-84.795951	49.241246	-19.848623	-100.000000	-35.159326	-100.000000
-100.000000	39.231040	42.020402	-100.000000	33.532489	99.862978
-89.268523	53.148850	31.855249	-100.000000	-25.524030	100.000000
-100.000000	53.030521	20.968922	-99.775173	62.445004	100.000000
78.967279	-29.000518	-63.549472	99.984908	49.644241	-99.787333
-99.806999	64.306967	47.439349	-99.849901	10.126671	98.957033
-100.000000	57.073297	32.363009	-100.000000	19.734303	99.762697
94.738562	-71.503448	26.964310	99.400722	9.551990	99.953308
99.935324	-68.379311	29.555353	99.775155	-30.029265	100.000000
-100.000000	45.287566	37.533544	-99.975852	21.739223	99.936248
-99.906887	42.277463	-41.688119	-99.914975	27.100039	-99.993380
-99.942373	60.493302	-32.994508	-99.517781	28.901668	-100.000000
-70.129967	21.501757	22.361120	-100.000000	-69.568482	100.000000
99.888861	-24.185009	44.740617	99.927798	-41.228762	100.000000
-90.716720	58.938117	-24.257509	-99.651020	-22.091537	-99.413101
100.000000	-14.496295	21.274212	99.844313	-79.063974	99.960899
-99.936014	23.049242	53.231160	-99.961553	34.495352	100.000000
-85.112989	43.970836	23.120232	-99.447020	-34.304493	99.832324
-74.204794	51.367063	12.980037	-99.693218	-61.347112	99.831584
-100.000000	22.062209	52.286850	-99.390369	30.961136	99.964771
-93.307259	32.435267	9.491610	-99.481662	-17.181189	-83.316963
-99.906114	27.766059	40.483583	-99.602872	70.237435	100.000000
-80.802317	11.175862	33.169108	-99.945957	-44.983711	99.866004
-100.000000	31.059533	19.559774	-99.704015	79.163685	99.964705
96.620266	-24.969878	-69.938729	99.457091	10.142285	-100.000000
100.000000	-66.849837	55.131815	99.973866	-14.046463	99.996480
99.936940	-42.486249	21.077206	99.092384	-31.431345	100.000000
-72.219855	26.692495	32.196783	-99.662816	-65.025717	100.000000
100.000000	-33.278239	34.293050	99.845801	-13.797832	99.146952
-100.000000	33.203700	33.185854	-99.883269	53.763018	99.617092
-99.896819	31.382657	-14.852189	-98.946730	26.328360	-99.942922
99.972382	-40.589074	20.634759	99.704371	-25.932771	99.560366
-99.998323	49.341336	25.054858	-99.902551	30.028044	99.629507
99.915941	-23.967172	21.483250	99.795935	-68.092228	99.593564
71.548994	-21.355282	-43.495889	99.850516	66.978219	-99.582297
-99.802634	18.689736	13.923127	-99.759513	22.828734	99.976630
-91.024919	31.266448	38.419905	-99.194588	-21.575964	100.000000
99.981033	-64.304192	30.667465	99.788473	-48.096835	99.759353
-100.000000	45.255061	30.894722	-99.591734	45.209129	100.000000
92.790600	-12.084670	-22.156309	99.908169	18.170996	-99.898915
90.108544	-36.034579	26.589279	100.000000	21.820785	99.801327
69.670550	56.211697	-65.699660	-99.927677	-21.076160	-99.988998
99.956210	-44.274990	-69.338401	99.309108	-39.069915	-100.000000
-100.000000	41.260669	-30.491397	-99.931996	30.107944	-100.000000
-100.000000	68.156222	18.894601	-99.035204	53.484329	99.925110
-99.977877	75.507096	-11.627028	-99.486260	23.144388	-100.000000
-100.000000	22.318543	-20.126805	-99.326922	9.131660	-99.642516
-99.865178	18.496880	28.514597	-99.558554	62.516590	99.599198
-100.000000	71.903396	-3.337835	-98.993392	91.520892	13.077414
99.920738	-33.575979	-26.596227	99.621169	-44.532671	-99.666101
-100.000000	43.246176	39.972293	-98.901707	29.725299	99.195008
-99.977708	95.328351	25.373056	-99.942829	77.536789	99.989763
-90.852612	30.979214	47.670181	-99.942815	-23.032668	99.853766
89.940266	-60.263728	31.469843	99.730446	23.091296	99.913575
-90.323833	39.096993	-6.011219	-100.000000	-20.869335	-100.000000
-100.000000	45.709636	36.955044	-100.000000	47.034105	100.000000
-100.000000	51.004917	19.777877	-99.640829	19.962402	100.000000
100.000000	-20.035742	13.165353	99.551001	-27.688793	99.952976
-99.863688	54.576102	39.272740	-99.722337	17.934444	99.977560
-99.802445	6.015295	73.381198	-99.798051	30.498425	99.985795
-99.820700	36.722045	-53.664604	-100.000000	30.175924	-99.649295
98.119958	21.745496	-13.936006	-100.000000	-89.599225	-99.839669
-88.645400	68.341449	-34.000218	-99.840103	-25.566550	-99.921253
-96.828794	-15.936349	66.323289	100.000000	86.062341	99.863637
-92.101427	30.032518	37.140822	-99.055691	-17.529411	100.000000
82.459710	-4.016477	-5.687338	97.813829	40.491723	-88.310973
99.840177	-43.588236	-16.249197	99.956330	-55.043346	-100.000000
-93.842715	61.772498	3.693107	-99.006504	-12.573050	99.782142
-93.612168	45.617095	53.286009	-100.000000	-14.475694	99.248608
-20.659996	46.032465	-40.759310	-99.669079	-18.631574	-99.455304
-71.936983	-21.559857	54.436296	99.835360	26.975318	100.000000
99.921768	-41.739419	18.642798	99.938233	-62.341323	99.956069
-92.748468	45.599657	53.739513	-99.862880	-17.330133	98.203721
74.592341	-29.290153	-59.174621	99.863765	59.196934	-99.908020
-95.059459	64.782719	31.643720	-100.000000	-9.864949	100.000000
99.916888	-26.553949	79.649790	99.647741	-48.122578	99.539207
-99.973196	33.858659	-57.173907	-99.961900	38.786337	-100.000000
-100.000000	51.781728	-44.002932	-99.835240	40.289990	-100.000000
-99.914240	33.829208	-20.875546	-100.000000	44.121417	-99.665836
-84.055916	50.008064	48.979514	-99.741558	-37.144860	99.823969
-75.268105	-5.391769	53.456136	99.571822	32.155041	99.850281
100.000000	-31.055843	-38.964122	99.789826	-38.167489	-99.693865
-61.003831	30.497379	32.276635	-99.975428	-90.957125	99.963038
-100.000000	-5.114208	54.553812	99.681647	97.580346	99.960885
-99.933293	57.439724	-38.276659	-99.676787	36.580474	-99.752840
-78.180742	-39.755233	40.212283	99.843691	42.710787	99.839155
-99.925861	34.219288	48.653727	-99.637029	69.722982	99.999134
-91.181745	53.275077	72.365184	-99.843802	-20.862906	99.741869
-94.202032	84.129461	45.010750	-99.707525	-15.012940	99.523139
-84.837517	20.871697	43.236638	-99.572584	-33.497180	99.929443
-99.803502	9.937973	-56.858518	-100.000000	66.815838	-99.992569
-99.989196	10.847005	46.433681	-99.670435	24.435760	100.000000
-100.000000	45.637545	18.885930	-99.406209	26.539349	99.950464
-99.878668	12.839825	23.490591	-91.387231	-0.582287	97.219998
-87.063572	-20.133076	32.541559	100.000000	62.834677	100.000000
-100.000000	34.609857	-48.913754	-99.954273	36.614093	-99.903635
-99.998290	22.533960	-8.843677	-100.000000	65.320009	-99.152429
99.908614	-7.314018	-64.261010	-33.858909	-34.721460	-99.792854
-99.972934	15.796829	51.131926	-99.287013	57.583809	100.000000
-90.073823	27.682923	25.139084	-99.255658	-20.919024	99.998709
83.661456	-56.580452	22.583120	99.527413	38.681098	99.996396
-75.452645	-31.184650	48.451560	99.551280	37.600952	99.953810
-99.825710	70.775035	-5.629081	-99.385285	51.835409	28.406538
-92.183346	-18.963315	60.808970	99.578445	74.579681	99.901406
75.683786	-57.617261	-14.381028	99.890370	56.751550	-99.680209
100.000000	-47.774844	-39.204114	99.963545	-20.520782	-99.933362
-76.965406	-19.811781	69.953340	99.583250	39.844327	99.822358
-100.000000	28.772129	-44.227808	-99.939519	15.060598	-99.502369
86.784776	-24.215381	-55.697292	99.961745	31.859053	-99.726199
-73.044765	18.793775	42.846267	-99.722326	-65.128993	99.806882
-86.814542	28.111494	22.434347	-99.615854	-30.308408	99.824030
-69.122163	-19.482258	78.380561	99.934311	22.929964	99.803489
77.338416	26.126047	-37.636191	-99.443085	-41.741809	-100.000000
-100.000000	16.115834	-48.545149	-99.753840	26.444830	-99.949562
-100.000000	19.684521	43.495488	-99.075073	21.521475	100.000000
-100.000000	43.798269	-32.272436	-99.604309	37.473724	-99.805816
-100.000000	24.285812	-24.340555	-99.959962	53.847370	-99.946305
-100.000000	77.153786	-28.763999	-99.962597	26.324271	-99.935750
100.000000	-15.113145	-56.183351	99.699317	-14.866510	-99.331938
-100.000000	13.836675	50.951932	-99.619081	33.901690	99.391915
-100.000000	16.849916	-66.080123	-99.794392	46.093251	-100.000000
-89.603052	22.433133	38.733035	-100.000000	-22.366704	99.722234
-93.551307	-29.068193	38.019971	99.813165	78.023668	99.549566
-100.000000	24.345589	-55.872996	-99.655445	24.489769	-99.988424
-100.000000	19.745890	-14.388934	-99.756922	15.620272	-100.000000
-77.485169	75.347596	-22.141105	-99.795900	-53.316106	-99.752915
100.000000	-20.777362	-24.064184	99.961752	-59.425147	-99.992073
100.000000	-29.843286	21.320991	99.604445	-90.172963	99.876217
-100.000000	94.232231	-11.085684	-99.658792	26.163938	-99.991853
-99.955870	54.057065	23.943481	-99.426665	28.919557	99.875633
79.348461	43.460024	-34.804298	-99.774010	-44.296786	-99.509384
87.411081	-31.680082	42.015102	99.902436	28.527586	99.955251
100.000000	6.417950	3.661752	68.441609	-13.718413	99.145386
99.992156	-22.124367	-36.900698	99.951641	-46.780600	-99.974569
100.000000	-36.764108	-38.983643	100.000000	-18.157874	-99.698157
76.624682	-35.682675	-8.886598	99.864740	54.559101	-100.000000
89.003770	-17.706599	33.590615	99.759985	27.484591	100.000000
-79.792502	-34.170409	32.368099	99.876180	48.502005	99.499381
-99.752096	34.126095	-19.647824	-99.464164	39.986587	-99.920094
84.993124	-51.555933	14.137718	100.000000	33.588642	100.000000
75.475600	-42.177156	18.849393	99.189764	56.172687	99.768963
-54.032185	-34.933642	34.127229	99.950625	57.632522	99.977977
-99.982600	38.636163	46.746500	-99.919092	36.660679	99.990208
-84.168574	47.243137	-12.348150	-99.271571	-37.182996	-99.855725
73.121386	88.152780	-70.436801	-99.900437	-28.931850	-99.941154
99.965719	-29.851945	-21.882389	99.586395	-22.795501	-99.447935
-99.893555	37.343998	-24.454501	-99.170867	26.699700	-99.888199
99.880340	-17.841101	-26.522279	100.000000	-24.841691	-99.696886
100.000000	-47.681156	-60.748536	100.000000	-38.940316	-99.610957
-99.970735	41.709935	-28.140530	-99.478996	68.259565	-99.777260
100.000000	-19.605412	31.433648	99.978505	-18.036861	99.949702
90.837474	-43.147220	-32.797902	99.693675	22.759129	-99.868150
-84.241781	74.368541	26.810932	-99.845282	-37.295895	99.961072
-95.138666	96.408131	23.076380	-98.344176	-13.508359	98.707673
-82.726380	-13.744840	34.324131	99.465925	53.557413	99.865740
99.903325	-6.147857	30.931237	99.954525	-27.576862	99.321007
-99.988620	27.915705	-34.413472	-100.000000	15.977283	-99.420898
-99.884731	15.996816	34.419408	-100.000000	42.324741	99.910037
-89.773935	-7.920754	37.771763	100.000000	70.750608	100.000000
90.863617	-30.772150	13.264043	99.464847	22.219977	100.000000
-100.000000	61.413055	-71.874171	-99.690051	27.240273	-100.000000
-100.000000	68.837144	-4.661571	-99.649763	94.446237	-100.000000
-100.000000	97.854141	7.997880	-99.213641	3.681127	54.397629
67.502165	49.189975	-97.617263	-100.000000	-18.075986	-99.549156
81.462096	-70.483006	-14.099059	99.683321	44.014051	-99.984290
-77.998673	-30.590035	54.162318	99.443301	41.561354	100.000000
99.933823	-56.500424	48.038193	99.405684	-30.251937	99.554225
92.952927	-28.125871	48.621489	99.910820	15.862277	99.992364
-100.000000	12.690664	-52.034645	-99.684421	11.450128	-98.866710
-94.458888	26.416989	19.831910	-98.927101	-11.416785	100.000000
-81.010683	-33.953860	40.732745	100.000000	48.683342	99.743697
-99.808617	51.590665	-25.897186	-100.000000	13.568801	-99.129691
87.865854	-12.693269	-51.767429	99.617880	28.492725	-99.786938
-83.226706	-29.666948	51.565479	99.808281	53.206760	99.960817
-99.976639	34.361615	32.294658	-99.867602	68.278617	99.988665
-99.752697	60.935319	73.857762	-100.000000	29.729288	99.916230
-79.648166	12.625709	-75.630940	-99.968133	15.094085	-99.971751
-93.042718	15.330850	35.202798	-99.817608	-10.922830	99.562367
-99.927899	31.555170	35.440676	-99.575257	32.117369	100.000000
-92.592987	24.260313	12.849573	-99.969257	-15.761661	99.373954
79.464038	68.058975	-44.610735	-99.416699	-45.229947	-99.932975
-100.000000	25.387397	-18.968499	-100.000000	57.694612	-99.912582
88.216617	-62.419074	20.899142	99.499692	28.780360	99.780693
-100.000000	23.229327	13.997065	-99.969578	42.147881	100.000000
-76.959567	74.449064	-11.596273	-99.059735	-54.777376	-99.774631
99.938593	-25.040311	20.882774	98.789643	-13.403534	99.330629
-94.058515	42.355620	26.519163	-99.998823	-15.151569	99.911228
-100.000000	26.486294	31.285382	-99.971380	65.644387	99.714932
-99.845875	22.071446	34.287139	-99.939814	38.426400	99.926590
94.316494	-31.647831	32.181235	99.301590	12.507855	99.388656
-82.383952	66.612691	14.114044	-99.537563	-41.458020	100.000000
-95.976609	68.684652	29.308484	-98.880761	-10.464714	99.260016
100.000000	-22.942374	-26.886910	100.000000	-20.524142	-100.000000
80.120566	-20.613477	-13.990343	99.106609	46.823065	-88.789706
-100.000000	14.733220	60.194439	-100.000000	42.147476	99.976052
-100.000000	45.237317	71.432751	-99.555822	13.966636	100.000000
-100.000000	48.374356	-31.414158	-99.670058	18.429944	-99.853446
-89.540780	30.083066	70.127621	-100.000000	-24.551606	99.063864
-95.539175	34.215353	25.502786	-100.000000	-10.775153	98.508133
99.800752	-20.177064	-14.615230	99.612377	-27.840210	-100.000000
-99.985246	22.664342	48.798012	-100.000000	14.045731	99.532679
-99.982696	52.348383	34.311830	-100.000000	19.377496	100.000000
-86.834223	27.876672	36.711992	-99.810667	-31.196457	99.968418
-99.856753	47.850545	-10.128715	-100.000000	42.576181	-99.965767
-99.892678	20.206478	35.705550	-100.000000	10.697344	99.957633
-67.926519	-28.190139	98.933639	99.959933	17.102533	99.903171
-90.741340	25.200325	69.654425	-100.000000	-23.199097	100.000000
-100.000000	87.234524	15.564412	-99.359409	26.815111	99.781594
-100.000000	52.287811	60.563835	-100.000000	19.164419	100.000000
-99.995634	18.373427	-48.308143	-99.840215	63.732460	-99.946829
-99.955866	75.273509	5.730197	-100.000000	82.590267	99.854368
93.793901	-16.808446	-60.617394	99.955371	7.517957	-97.408423
100.000000	-28.718801	31.967742	98.655274	-16.027515	99.362039
-100.000000	21.452907	54.798444	-99.814906	33.489270	99.726397
-91.494104	21.401631	-15.420611	-99.306336	-20.344101	-99.582533
93.411969	-75.846145	-66.299201	99.947761	10.580994	-99.968436
84.859889	-34.490994	21.230897	99.435300	36.470070	99.437796
-85.463042	63.281939	-29.795834	-99.876451	-34.408535	-100.000000
85.774098	-30.377535	-48.594910	99.640132	34.142924	-99.963330
-99.984876	68.784725	37.242186	-99.822359	0.476724	99.891313
77.223549	-23.354448	-30.704572	99.919009	53.887588	-100.000000
90.669253	-27.539891	26.087478	99.402319	23.715019	99.679713
100.000000	-19.624115	35.415309	99.995885	-23.205924	99.927968
-99.997540	53.651396	76.862340	-99.924581	25.267981	100.000000
99.997409	-33.557637	5.566482	99.743828	-43.301794	-94.367981
77.783986	-61.920004	13.821960	99.902810	51.486628	-65.533989
-80.947940	17.223359	24.747210	-99.670891	-44.729257	100.000000
-99.846725	96.369466	-15.826838	-99.339671	21.248988	-100.000000
-99.940215	62.982449	45.206217	-99.797649	17.951646	99.382626
-100.000000	26.359890	42.213764	-99.263084	24.099892	99.938654
-78.062754	58.027568	-8.480955	-99.822882	-52.560974	95.895539
87.235591	-67.205599	-6.088784	98.480500	30.231360	63.716505
99.978856	-43.541412	-37.347105	99.893502	-30.296325	-99.887463
-100.000000	13.988743	29.531904	-99.466237	59.654253	99.889342
79.088258	-6.400347	-44.537553	99.823370	49.139720	-99.926288
89.832382	-32.384202	32.286533	98.841746	24.487529	100.000000
-100.000000	39.624529	43.697977	-99.358581	13.892493	100.000000
-100.000000	74.960465	12.214429	-99.800704	41.044181	99.494100
85.102699	-36.451837	-35.528427	99.855638	35.980194	-100.000000
-99.881873	36.842049	35.247818	-99.821809	42.292383	100.000000
-99.946110	46.358207	-14.758295	-100.000000	22.379712	-99.898820
-94.575747	21.284412	87.834904	-99.366420	-14.600594	99.928312
-99.847748	19.998168	12.177643	-99.988374	33.239567	98.899356
-90.034471	19.785595	-12.034534	-100.000000	-24.177481	-99.847441
-99.879728	34.885121	29.144145	-99.471593	29.174803	99.635020
82.959781	32.448585	-45.405644	-99.848184	-52.600858	-100.000000
-87.985191	-30.364622	29.756653	99.870996	65.096430	99.912349
-67.224064	-85.721572	74.941858	99.650231	14.906990	99.401660
-100.000000	44.318633	-28.766015	-99.994500	31.978473	-99.475738
100.000000	-41.197153	-33.316706	99.801365	-87.169338	-100.000000
-96.165117	40.903873	43.993482	-98.986602	-11.577205	97.919294
-100.000000	47.004466	8.197105	-99.333124	59.986400	-49.563659
-100.000000	18.404239	-43.811795	-99.845409	23.062150	-99.750469
-90.489884	29.626735	40.354693	-99.537472	-22.702959	99.545216
-92.077079	39.518521	55.865344	-99.690791	-20.117165	100.000000
100.000000	-66.257142	51.541808	99.338424	-16.113865	99.875515
-100.000000	32.376974	-26.923510	-98.703873	23.762165	-100.000000
95.547721	-41.233859	36.164254	97.978182	11.828259	99.986588
-100.000000	86.131946	12.119469	-99.947635	21.407987	99.354750
-99.786604	24.853542	-19.654547	-99.140225	59.778266	-70.816994
70.203974	31.725540	-85.416347	-99.813380	-23.445942	-99.494020
-99.434157	33.377629	26.670642	-98.141286	-6.641505	99.355591
-83.689437	5.759788	44.307082	-99.639928	-35.581122	99.964252
99.887338	-35.554197	9.551010	98.926458	-24.203039	100.000000
-99.971437	22.590074	39.755129	-99.989266	23.726950	99.885878
-86.485504	38.611479	50.269988	-100.000000	-30.907871	99.958468
70.915063	-27.698511	-46.553833	99.099046	68.945306	-99.890875
-75.864082	29.675482	33.323309	-100.000000	-56.505045	99.831435
-88.401144	43.692925	26.476020	-99.966973	-28.174119	100.000000
-99.915053	34.564710	-55.587792	-100.000000	64.623017	-99.824065
-99.855556	12.918348	42.491455	-100.000000	30.866688	100.000000
-94.942920	20.662035	8.521925	-98.999159	-9.303844	99.397980
68.525797	-57.936447	-34.067686	99.979750	73.785429	-99.936749
-99.951666	16.658928	-54.157106	-100.000000	92.231080	-99.822100
-94.224491	-24.588471	31.027210	99.720701	80.545242	100.000000
-100.000000	-2.475440	20.370002	-52.761678	40.645154	99.917777
-77.379431	-19.137856	43.397550	99.576164	40.272286	99.739569
99.976791	-22.859939	-73.688795	99.907761	-18.011836	-99.482739
-100.000000	21.223331	23.787218	-99.975350	17.669294	99.158793
89.937471	19.355355	-29.508855	-99.832246	-70.991882	-99.792552
99.948850	-36.037501	24.093384	97.393613	-7.975677	100.000000
-99.973131	14.758636	-37.384042	-100.000000	39.017121	-99.528686
-99.809342	70.870366	26.502718	-99.929957	38.090970	99.892660
-99.909871	45.050381	44.387044	-100.000000	45.998143	100.000000
99.935615	-28.641505	35.877839	99.932629	-34.415152	99.797766
68.873437	35.217764	-54.221626	-99.952035	-20.142987	-99.832675
100.000000	-43.700413	56.756744	99.443573	-18.885981	99.651358
90.524806	-18.902120	16.518579	99.749499	24.625825	99.385547
-99.935131	41.868894	-7.406234	-99.814368	65.090399	-99.934675
-100.000000	13.780303	30.788955	-99.966695	55.662050	99.927697
-93.699112	-17.517890	18.672157	99.366594	78.481426	99.677616
-99.901377	41.256944	-25.438090	-99.505403	26.806297	-99.970948
-99.819597	32.224480	22.934756	-99.363384	28.259491	100.000000
88.049020	-44.743460	27.396890	99.905861	29.898401	99.965363
81.168747	-8.603265	-55.473768	99.865942	44.585521	-99.864576
-99.879150	17.978215	-58.657340	-100.000000	48.199916	-99.549037
-99.952440	74.681001	-61.252267	-100.000000	21.191628	-99.748547
-100.000000	21.148518	-37.773548	-100.000000	31.459012	-100.000000
-100.000000	12.232528	71.211722	-99.665354	64.324465	99.989420
-100.000000	26.818784	-69.312164	-99.819970	79.368525	-99.869870
-80.988033	69.194848	21.278860	-100.000000	-44.042129	100.000000
100.000000	9.774011	-22.215802	-2.053603	-39.089043	-99.656664
66.184184	-56.172589	-22.930004	99.925878	79.330491	-99.789568
-68.597031	38.183375	15.371562	-99.847795	-72.644306	99.954979
71.456157	62.116323	-57.782085	-99.341288	-27.280558	-99.974246
99.944068	-54.357932	8.739504	100.000000	-27.746132	-92.542339
-100.000000	77.699679	29.744758	-99.988521	30.676579	100.000000
32.460541	9.445013	-48.766960	-75.246810	14.864807	-100.000000
-99.915252	70.442155	-56.521632	-100.000000	13.557688	-99.597741
-100.000000	39.863857	18.954525	-99.927651	74.623443	100.000000
-84.694016	34.187320	78.799625	-99.812950	-35.030502	100.000000
100.000000	-40.246816	23.545155	99.989294	-28.300663	99.989460
-100.000000	16.701961	36.548525	-100.000000	22.487449	100.000000
100.000000	-25.768655	-44.941849	99.729177	-45.939093	-100.000000
100.000000	-53.757499	24.925487	100.000000	-13.601691	100.000000
-100.000000	12.284120	18.347396	-99.345384	52.687601	99.934375
-89.268963	54.966108	51.141840	-99.946951	-27.960580	99.955606
73.404247	25.762764	-73.295268	-99.858756	-30.519824	-99.867899
-100.000000	65.666332	36.985864	-99.949412	51.224826	100.000000
-99.988514	32.773050	27.786366	-99.912717	78.601000	99.979044
-100.000000	7.430551	6.906067	-100.000000	34.195443	-88.072857
-99.988362	38.514696	26.023970	-99.741618	59.852221	99.926151
-100.000000	44.873650	-22.030352	-99.512743	0.968261	8.056597
-99.982010	31.703903	59.616512	-100.000000	14.741823	100.000000
-100.000000	54.191907	12.473499	-99.632092	75.854823	25.963475
-79.313205	-48.475859	51.391860	100.000000	44.690948	99.822854
90.006811	-42.927011	27.761721	99.985377	23.975734	99.813242
52.655278	11.124066	-79.687962	-99.068204	18.276637	-99.376829
100.000000	-60.411508	26.386903	100.000000	-19.488278	100.000000
88.482427	-26.783525	-41.873419	99.427562	25.848141	-99.887106
-95.223486	13.885465	23.729415	-99.533892	-11.595324	100.000000
99.882344	-33.598336	30.073599	99.937955	-33.534865	99.891821
-100.000000	39.684868	55.571019	-99.108419	27.638384	100.000000
-72.064318	-61.203401	72.163579	100.000000	28.890845	99.857182
-99.961087	31.296040	24.313097	-99.917544	39.525918	99.848143
80.386000	-17.010164	25.264062	99.931434	47.488013	99.671844
99.976986	-13.930442	-29.017877	100.000000	-21.773225	-99.984824
86.960756	-29.264764	-47.401844	99.805765	29.463159	-99.741613
99.998045	-38.364074	-41.112772	100.000000	-58.873512	-99.777684
-80.198716	34.551072	28.769953	-99.570868	-46.092676	100.000000
75.901408	-27.498679	-36.311395	99.971254	55.554577	-100.000000
79.020023	-69.746758	19.148092	99.392360	48.870551	100.000000
-99.917666	14.567408	9.230396	-99.520835	70.105024	99.798383
100.000000	-36.904454	13.867054	99.559857	-7.885345	99.938225
-99.886125	40.825334	-52.680339	-99.769947	36.915970	-99.692036
71.233587	14.309942	-11.399408	-93.070085	-48.270895	-99.642328
-88.280009	22.804907	20.293670	-99.635520	-29.731162	99.721197
-72.503948	30.244544	19.509693	-98.941616	-64.883540	99.900626
-86.682920	27.233513	76.547058	-99.570562	-31.536545	99.675017
-91.143583	29.093389	44.868560	-99.526044	-20.217474	98.996951
-86.738256	76.176326	10.220291	-99.946440	-31.538418	100.000000
-73.338043	59.950950	-25.899787	-99.497881	-53.572275	-99.865593
99.886723	-38.062281	65.094626	99.764883	-38.286163	100.000000
-81.424360	22.643490	-53.319399	-98.654532	-14.829864	-99.406293
83.466077	-13.348109	-22.642275	99.278961	39.121210	-99.881539
-88.758069	99.964838	-14.837188	-99.299369	-25.450763	-99.966793
-94.658080	15.530023	-20.218301	-99.490143	-12.057633	-99.919247
-100.000000	58.918070	47.112170	-100.000000	15.112630	99.028473
99.916887	-10.277572	66.966102	99.796533	-36.656672	99.974313
-98.767991	-13.310582	-45.204583	-21.314620	41.233183	-100.000000
-86.630906	77.697208	-14.625196	-99.929121	-30.474749	-100.000000
-93.669661	53.516551	60.259381	-99.705010	-13.991073	100.000000
-74.669102	-21.406209	65.219548	99.393575	32.423817	99.178369
-99.955374	32.442440	66.074352	-99.387431	26.837863	99.778342
-99.937502	34.545542	-70.891247	-99.874527	40.327629	-99.809641
-100.000000	31.203615	63.276620	-99.640618	35.357015	99.984514
-99.969502	76.809180	16.819060	-99.978072	12.335697	100.000000
80.486313	31.999892	-44.418214	-99.833595	-45.532025	-99.740401
-99.962447	79.987017	-34.356772	-99.585313	38.258072	-99.917664
74.839609	16.752746	-70.833674	-99.898084	-34.553205	-100.000000
86.285450	27.886584	-49.475960	-99.945841	-61.220973	-99.860822
100.000000	-7.533082	-17.087788	99.583255	-79.247308	-100.000000
99.930412	-35.496883	57.550997	100.000000	-21.925397	100.000000
93.472171	-6.818054	-45.484461	99.995988	10.947642	-99.545975
-35.998320	-39.300914	52.121818	99.339604	13.805632	99.950090
85.751794	-15.780834	-15.069270	99.622413	33.248036	-100.000000
100.000000	-52.337968	28.907757	99.760241	-66.783414	100.000000
-99.968190	47.032161	52.249073	-99.767654	35.501888	100.000000
-96.474020	29.915387	68.902737	-99.980095	-9.186980	99.969434
72.948162	-39.792346	-32.758630	99.968709	63.676380	-99.790677
-100.000000	44.041536	-24.456946	-99.856052	32.109221	-99.989711
-92.956006	22.791958	-21.492738	-98.967621	-18.903478	-99.982417
90.885515	-37.969662	-36.268704	100.000000	21.833879	-100.000000
-87.148735	6.249093	-11.309414	-99.060292	-29.268052	-99.860775
-83.566387	-32.960567	43.037029	99.887962	55.108112	99.571452
99.950799	-19.417754	-9.327680	99.985943	-66.965805	-78.785486
100.000000	-56.537708	29.582019	99.690065	-12.173241	99.719778
-99.799434	41.120173	-18.452319	-99.764417	42.301916	-99.986110
-100.000000	35.784822	-33.652909	-99.819638	36.176913	-99.897827
-99.736142	26.078471	-11.684662	-100.000000	48.033683	20.469678
-99.863137	22.143257	-28.276970	-100.000000	50.281861	-99.965350
76.499098	-40.599144	-21.141813	100.000000	54.508468	-99.946514
-99.947793	32.161933	-34.314123	-99.773412	27.944623	-99.862205
99.964325	-41.304297	-72.622786	99.501252	-21.605323	-99.961373
-100.000000	32.498533	21.445794	-99.873559	36.888533	100.000000
-100.000000	18.920972	-50.123716	-100.000000	52.575017	-99.783899
100.000000	-16.473745	-53.731937	99.761362	-49.922191	-99.755827
-85.773704	-38.340910	50.983743	99.636559	60.626946	99.735208
94.294173	11.025375	-19.833195	15.450744	11.853019	-97.933063
99.869627	-13.529319	-66.850554	99.980902	-52.028490	-99.796980
-99.958364	45.210888	72.482175	-99.638978	23.723657	99.603001
99.979527	-19.083109	-32.227898	100.000000	-30.639731	-99.883055
-100.000000	10.360467	52.416071	-100.000000	24.816943	99.969201
-87.367918	27.917126	34.779718	-99.563497	-29.777651	100.000000
-100.000000	32.735400	-37.390725	-99.761966	24.105891	-99.399460
-90.636743	10.598794	22.448085	-99.346273	-24.526871	100.000000
-100.000000	43.772038	-20.340560	-100.000000	26.559484	-99.983230
-88.820050	14.326511	55.606002	-99.857836	-25.341975	99.822973
88.046563	-41.260754	-46.623606	100.000000	26.105764	-99.841588
74.003194	-57.611497	-5.388468	97.865046	59.091337	-99.958949
88.648160	-20.908886	25.235480	99.574429	28.912197	99.504970
87.327746	-63.359158	-11.075401	99.918420	30.706037	-99.735958
-98.689486	-37.284936	8.797942	99.853151	91.087167	99.827526
-100.000000	54.305408	28.713475	-99.356098	36.963552	99.922697
-100.000000	24.891825	50.016946	-99.598650	61.476548	99.946874
-100.000000	41.801910	25.300589	-99.914928	60.705227	99.860850
-78.523300	22.977914	66.598890	-99.937441	-49.654491	99.682538
-88.219843	13.562091	-22.631317	-98.768590	-25.907475	-81.867816
-100.000000	95.943348	7.155105	-99.702674	18.757455	100.000000
89.801324	-15.075386	-18.629651	98.596731	22.214771	-99.567812
-77.596486	19.424422	50.286145	-99.826753	-53.350808	99.951140
-99.836441	85.142753	31.817074	-99.139118	20.549145	99.194468
76.287200	-32.577013	-29.437481	99.965859	56.227441	-100.000000
-83.318989	18.282240	-28.640330	-99.593627	-39.790446	-99.878067
-99.985798	61.982232	-24.967208	-99.137812	40.197080	-99.711271
-100.000000	66.116795	-29.518991	-99.910329	19.058154	-99.946791
85.948487	-46.180776	6.764166	99.803219	35.515293	-99.984470
-93.701793	12.977450	-50.805241	-99.691463	-13.778677	-99.035490
-100.000000	24.978160	39.086303	-99.616584	63.244145	99.875734
-99.858670	34.601350	35.151158	-100.000000	42.914722	99.875688
82.593351	-8.787642	-53.402324	99.757917	39.001765	-99.582378
-100.000000	22.304413	25.363733	-99.614980	35.501368	100.000000
-99.928079	39.469071	26.861952	-99.532381	18.310628	99.815342
-100.000000	23.793157	38.615457	-100.000000	42.285441	99.901782
100.000000	-28.837654	41.661437	100.000000	-39.771229	100.000000
-99.959312	28.976724	28.139884	-99.981288	37.776066	100.000000
-100.000000	30.700551	82.062269	-98.762717	4.320559	96.338431
100.000000	-60.752325	36.325310	99.992426	-25.609804	100.000000
100.000000	-71.493607	-53.449624	99.849727	-29.471054	-99.774199
-100.000000	50.094837	38.082213	-100.000000	24.436141	99.969135
-100.000000	43.935685	-15.709608	-98.343393	11.197354	-99.305683
94.123028	-24.438769	35.480212	99.958501	12.510200	99.926538
-81.378107	29.067771	-28.671557	-99.891523	-43.032987	-100.000000
-82.839645	73.776947	-23.044044	-98.987238	-41.661676	-99.714513
-99.957438	42.504559	-27.784753	-99.972534	76.183770	-100.000000
-73.995898	-9.232541	93.310312	79.472896	4.907960	99.895249
-100.000000	21.820582	-11.133565	-99.883222	85.857101	-99.715410
-99.989124	64.715423	-41.984322	-99.842905	19.547738	-99.869444
90.218600	-41.669980	12.104656	99.596322	24.394061	99.905087
-88.373466	52.094595	-25.961011	-98.910808	-25.416012	-99.566062
90.625567	-25.503505	-52.305106	99.727353	20.136816	-99.808622
-99.957634	44.383344	46.542050	-99.733935	28.188580	99.879012
75.333824	-44.357386	23.738959	99.831805	56.660152	100.000000
-99.916311	29.354656	30.491003	-99.957954	16.738929	99.728311
92.058579	-7.405093	40.637037	99.604713	18.402072	99.391705
100.000000	-64.304614	-34.055782	99.620060	-54.358729	-99.909847
-86.868163	41.304986	56.570991	-99.540006	-31.746928	99.890972
-80.932313	26.856377	53.319605	-99.988202	-43.667402	99.513428
100.000000	-28.293565	-37.142667	99.990970	-10.446327	-100.000000
-99.971236	42.378512	16.939851	-100.000000	32.938939	99.776160
90.081453	-25.582523	-58.643734	99.251753	21.504720	-99.908096
100.000000	-12.662610	25.072401	99.197561	-22.576512	99.800035
-94.483862	48.961683	33.959853	-98.202890	-11.842855	99.822267
-100.000000	11.703163	11.121992	-100.000000	39.417532	100.000000
84.401039	46.792856	-26.057075	-99.289113	-58.112157	-99.909258
78.095773	-76.247583	13.326425	98.714837	51.074108	99.803435
-99.942816	24.219705	53.215261	-99.887149	21.075232	99.792073
-99.880387	34.596548	-7.653213	-98.859407	20.951815	-99.932030
-85.355887	58.446478	-7.428963	-99.096570	-36.264831	-97.919930
-99.935664	22.937933	22.393361	-100.000000	40.989385	100.000000
-99.941854	30.297768	30.877150	-99.533345	29.961942	99.963334
-100.000000	-89.809348	12.200549	99.389262	99.545865	99.978369
99.896612	-22.267483	-18.310191	99.274326	-56.266228	-99.917922
67.702109	39.315978	-43.424181	-99.929929	-23.446647	-100.000000
-100.000000	-7.290840	38.604726	100.000000	97.725684	99.879275
-89.671054	25.985065	-14.694514	-99.905790	-23.361674	-99.395745
-99.887862	94.292706	89.437175	-99.673958	31.840401	100.000000
87.059810	-39.680703	-23.839430	99.928754	29.767142	-99.907037
-100.000000	42.795601	-23.419760	-99.634152	42.310375	-100.000000
-100.000000	15.011982	-47.470776	-100.000000	29.641679	-99.700984
-83.987232	-22.234397	38.412578	99.890603	55.477115	100.000000
-99.998461	16.135805	69.798946	-99.801685	82.016919	100.000000
99.951214	-42.423989	11.990118	99.792095	-36.968629	100.000000
-96.395147	24.014019	81.099169	-99.993820	-8.557382	99.908966
99.977869	-75.200764	23.008464	95.003504	-7.453947	99.961692
99.907777	-26.694082	29.470292	99.171928	-32.762778	99.987647
-100.000000	32.042285	30.062221	-99.883822	46.413010	99.536797
-78.084726	-18.644097	44.476597	99.172800	41.594875	99.284111
59.747936	-34.720845	-26.548112	100.000000	94.469717	-99.734705
-100.000000	11.974921	45.314720	-99.352273	38.819505	99.662682
-99.903906	14.618730	36.331028	-99.718266	74.380439	99.929101
-99.937916	27.594752	-40.853708	-99.541144	40.679536	-99.959152
-74.625864	42.761120	30.478227	-99.756711	-58.827151	100.000000
-91.283183	45.000238	22.624209	-99.926251	-20.469921	99.916433
-88.668872	21.755465	67.739854	-99.667039	-27.147993	99.419533
-94.219788	-40.796500	27.699919	99.807626	79.744619	99.962739
-90.655502	23.317544	19.626028	-99.653675	-21.750185	100.000000
84.833533	17.456309	-37.245270	-99.922229	-57.605615	-99.959290
-72.398761	59.307775	22.736084	-98.888439	-65.316572	99.964571
100.000000	-18.923156	37.529270	99.903355	-80.765681	100.000000
-91.556215	48.862644	32.468442	-99.979082	-18.827249	98.942235
100.000000	-30.679720	-49.139254	99.778079	-55.984395	-99.930640
-99.943668	33.947992	21.804031	-98.930736	46.115312	99.961709
-91.639752	-32.009713	36.618452	99.691412	74.464528	99.978920
-100.000000	51.878028	-16.805431	-98.786383	33.941666	-99.959020
99.966793	-28.607605	-55.990759	98.924539	-17.030374	-100.000000
-91.950289	18.976168	25.766902	-99.011073	-21.047328	99.525571
-86.682590	35.844715	47.375914	-99.615656	-29.666935	100.000000
-77.382243	37.743928	-23.645287	-99.499034	-52.172434	-99.951880
100.000000	-14.192812	-30.990511	-15.666405	-28.544050	-98.751300
99.836999	-49.127688	20.324741	99.792158	-41.234264	99.886120
-13.361889	-13.851093	45.822271	99.968364	13.468653	100.000000
-83.427398	31.562989	53.377291	-99.375956	-38.647189	99.937673
-99.878380	60.547506	38.030847	-99.930869	32.147321	99.948249
-99.988642	28.276346	-39.320807	-99.346256	19.218577	-99.993184
-81.867197	12.847914	30.622580	-100.000000	-42.132123	100.000000
100.000000	-29.305580	-54.876567	99.726479	-39.777217	-99.566552
100.000000	-57.235388	-37.169275	99.833112	-71.045934	-99.868668
-79.280047	54.142655	-20.954908	-99.824248	-48.894859	-99.858924
-99.992637	11.324482	-90.093735	-99.621443	72.971801	-99.947863
-78.775488	56.757058	23.239007	-99.679513	-48.942771	99.890010
-72.832532	-41.363427	66.989911	99.461764	29.459205	99.920201
-99.967984	44.982990	31.020503	-98.634123	3.122666	99.835434
-99.874582	16.117310	88.853600	-99.987805	40.054850	99.948354
-92.500030	80.587508	34.029715	-99.901766	-18.374481	99.846053
89.401718	-57.472540	-49.244747	100.000000	24.827034	-100.000000
90.051453	-42.924471	9.613813	98.675516	23.815822	99.781952
-92.410470	41.121028	-34.306259	-100.000000	-16.806413	-99.780271
-100.000000	31.985942	-60.938101	-99.783965	62.309633	-100.000000
-91.275636	34.250921	72.103658	-99.934653	-20.514729	100.000000
-99.918527	48.807571	-55.222646	-99.903642	43.184818	-99.975082
-75.662358	37.467904	56.762357	-100.000000	-57.315970	99.779094
-99.961841	39.949396	-55.097945	-99.900130	20.317868	-99.313680
78.801642	9.012272	6.009054	51.824933	39.986627	99.819445
-87.303384	-13.537147	54.370142	99.760769	61.999633	99.645878
99.898570	-37.377693	38.870919	99.720310	-70.846385	100.000000
-99.961613	25.360608	-22.115911	-99.879759	70.103114	-99.973673
-90.289351	75.049807	49.560252	-99.460414	-24.297382	99.693925
-100.000000	32.727847	20.342097	-99.783160	35.811980	99.767399
92.811933	-44.307924	-31.285365	99.577979	15.987256	-99.438642
-100.000000	61.664119	-20.283941	-99.782349	13.466562	-99.545022
99.998954	-23.619424	-38.448942	99.448256	-38.267895	-99.775208
-100.000000	24.248660	-12.999574	-100.000000	16.425058	-99.227681
99.993585	-29.115732	18.969507	98.410301	-32.805261	100.000000
99.810925	-58.453971	0.250508	99.595372	-49.996582	92.874305
-99.985101	69.013615	-11.984367	-99.927319	51.578913	-100.000000
-100.000000	44.029770	29.686590	-99.980301	28.272176	100.000000
-85.380948	25.198237	21.306084	-99.569424	-35.207426	99.906971
-100.000000	55.333784	-14.654643	-99.949878	22.692953	-100.000000
88.450012	-54.553221	-32.108943	100.000000	26.199270	-99.985952
86.408671	-80.489008	40.707068	99.956549	31.232854	99.506200
92.934565	15.058367	-16.766462	-99.468477	-76.066307	-99.966440
-71.276668	-25.521268	54.502833	99.882757	26.322799	99.985232
-72.744880	23.734484	25.758860	-100.000000	-63.896824	99.998158
23.529699	-34.397761	31.310068	99.370549	44.330855	99.823924
-92.680326	23.216133	-45.556731	-99.241833	-17.614985	-98.938100
99.975969	-67.409832	38.278495	99.957649	-37.313849	99.674245
100.000000	-26.763786	-28.991983	99.646482	-27.634550	-99.768902
-93.050845	-45.043400	40.023284	99.753409	77.980714	99.865486
-100.000000	46.492426	-30.288362	-99.744237	28.268475	-100.000000
-95.593860	19.157951	61.844335	-99.089396	-10.982165	100.000000
-92.801927	30.781400	82.719151	-99.946567	-17.094800	99.671299
-99.887670	52.454794	-36.628995	-99.704562	21.601222	-99.235389
-88.143662	41.349281	25.734081	-99.922009	-27.665465	99.944249
-100.000000	41.746905	-32.568022	-99.916682	52.307958	-99.794669
100.000000	-11.695850	-92.269639	99.762588	-87.629666	-99.776246
-100.000000	53.866441	-41.177646	-99.914154	14.829887	-99.869014
-99.943249	31.574490	33.777597	-99.807276	22.615273	99.945071
-92.085052	20.720520	19.720097	-99.542450	-18.925543	98.874633
-100.000000	21.931453	46.340840	-100.000000	19.879835	100.000000
-100.000000	33.730935	57.656720	-100.000000	36.560677	100.000000
-53.812245	-27.909883	95.572236	100.000000	-13.840222	98.375630
97.446577	14.060265	-30.339938	-100.000000	-87.652935	-99.595511
-83.226966	33.567912	41.712957	-99.621594	-40.816491	99.844659
82.397761	-23.125881	-28.778862	99.482222	42.842028	-100.000000
-99.808489	33.191066	16.291632	-100.000000	51.493802	99.780277
100.000000	-23.782531	-19.541059	100.000000	-75.443676	-99.898548
-100.000000	9.288210	48.521361	-99.901089	99.238108	99.651101
-95.818243	35.026318	-51.979727	-100.000000	-11.942247	-98.772639
99.950530	-10.252099	-26.937426	100.000000	-50.533607	-99.896522
-71.659677	39.072261	20.593935	-99.014853	-66.403046	100.000000
65.477653	-27.806918	-35.258291	99.693230	80.567162	-99.986731
89.229173	-23.673299	-81.978634	99.814891	27.402008	-99.854119
-100.000000	96.734151	-16.443186	-99.996111	90.484316	-100.000000
-99.881686	41.641822	55.849209	-99.876614	2.566783	99.960029
100.000000	-78.093132	21.170472	99.982743	-44.434113	99.937908
-100.000000	33.620912	38.062722	-99.484724	20.609206	99.811195
99.813840	-25.953169	24.939332	100.000000	-34.166143	99.386744
-90.652192	98.256762	52.476783	-99.713398	-24.740634	100.000000
-100.000000	19.676042	64.859433	-99.820685	28.132415	100.000000
-100.000000	60.129970	11.264372	-99.826093	85.000208	99.940072
-100.000000	69.671554	-23.062759	-99.589003	58.768212	-99.664686
-49.574488	-36.682524	70.919178	99.993682	-16.472601	99.667257
-78.413198	-21.838962	35.115139	99.711664	41.694248	99.899181
-69.933863	-43.581115	68.400808	100.000000	21.084552	99.472889
100.000000	-4.040429	-19.064336	99.959709	-56.809498	-99.824769
-100.000000	36.765014	34.695877	-99.982707	13.719432	99.799774
-34.742392	28.872959	-57.094974	-99.874638	16.222771	-100.000000
-100.000000	17.455548	-66.001764	-100.000000	45.764750	-100.000000
-21.449196	-23.004106	65.247600	98.934775	4.661662	99.858889
-100.000000	30.899270	44.716043	-100.000000	33.715510	99.884967
100.000000	-13.792942	58.730453	99.509310	-24.686893	100.000000
62.163569	-7.194900	-46.753920	99.982614	90.378675	-99.665599
88.059750	-30.695232	18.539765	99.365957	29.254462	100.000000
90.102728	-40.795105	37.474703	99.775687	22.653884	100.000000
-100.000000	40.563786	92.386750	-100.000000	14.020442	99.818512
-100.000000	14.581978	-18.105798	-99.657929	71.279104	-99.736562
-99.937152	12.477920	-46.809236	-99.842907	36.709814	-99.787225
85.215786	-9.667207	-10.544733	99.473495	34.659929	-99.569542
-99.946968	9.214156	61.079729	-99.897512	34.749114	99.926364
-79.556143	18.334903	28.769636	-99.747269	-47.722594	99.907165
-95.993084	25.920857	19.757725	-99.305692	-8.627239	100.000000
83.225496	-26.794089	37.634685	99.961567	36.030457	100.000000
-91.744887	52.478662	54.392092	-99.834547	-19.831119	98.821961
-89.459666	48.649511	-35.843840	-99.995432	-24.563087	-99.945674
-99.914195	40.114229	26.384975	-99.368447	19.126074	99.936795
-99.873430	54.114414	-17.427445	-99.593661	20.298916	-99.044291
96.260256	-59.517476	34.560962	100.000000	7.747561	99.915316
-100.000000	52.898223	39.757587	-100.000000	38.075856	99.846918
-84.480457	42.916541	43.923846	-99.505314	-36.211364	100.000000
-100.000000	4.780855	40.469710	-99.943906	21.619459	100.000000
-100.000000	25.006632	42.920155	-100.000000	52.824599	99.944059
-100.000000	26.513753	34.235700	-99.874690	64.078874	99.647664
-90.963986	28.651707	22.809767	-99.951254	-20.426935	99.874075
-80.090414	15.145270	40.491672	-99.254062	-46.341345	99.958871
-96.640210	-30.004696	17.467482	99.860104	84.840872	100.000000
-100.000000	21.870665	-19.680291	-98.145483	7.961213	-100.000000
84.746923	-96.470504	43.441187	99.938066	27.765208	100.000000
100.000000	-13.751011	-26.163412	97.383063	-4.896823	-100.000000
99.939655	-27.660054	-61.411877	99.183798	-13.226429	-99.952685
99.911970	-38.540592	32.723699	99.948305	-27.553350	99.995554
-89.400729	42.462133	-39.655887	-99.672295	-26.112662	-100.000000
99.972641	-29.508244	28.768549	99.666032	-46.943562	99.785862
99.878105	-36.981219	8.812713	99.872478	-62.963832	-55.260000
-99.868866	55.633290	-22.029412	-100.000000	18.224525	-99.257505
-100.000000	51.464201	-35.047600	-98.983586	25.658442	-99.766019
-100.000000	79.706666	-17.286144	-99.584947	49.933569	-99.819363
-88.905571	46.456232	32.849282	-99.930330	-23.841199	99.876636
-100.000000	4.502686	72.929436	-100.000000	62.563424	99.795485
92.289935	-32.073768	-71.681320	99.861149	19.504298	-98.757450
-90.253241	39.201143	-37.488137	-100.000000	-21.693718	-99.971652
99.913745	-98.000732	13.939139	99.515838	-35.956958	100.000000
-59.290281	27.343808	20.526724	-99.910776	-94.981178	100.000000
44.084426	-32.506026	41.108409	99.232743	34.461343	100.000000
100.000000	-26.439281	21.542841	99.751772	-57.841836	99.735432
84.394823	-34.270363	21.880457	99.950763	37.627200	99.853636
100.000000	-48.647269	-30.926291	99.938071	-39.430977	-99.575536
94.527919	-44.665280	28.858164	99.477117	12.646839	99.678553
-100.000000	19.547001	56.070399	-99.713446	31.514527	99.852542
-99.884284	64.271911	26.532164	-99.396427	61.603457	99.852779
-100.000000	19.222304	-21.139829	-99.778615	68.288254	-99.939257
99.809341	-60.730878	24.906867	99.186929	-23.641142	99.916059
-89.715476	71.183076	47.272911	-100.000000	-24.017213	99.588711
92.061790	34.287578	-38.106747	-99.941984	-75.121282	-99.914559
-89.454375	19.776829	-46.569617	-99.977905	-23.840116	-99.851068
-99.820710	-4.897996	22.928456	17.707610	76.832981	98.921207
99.819888	-44.673519	28.036730	99.903216	-58.015541	99.747634
-82.894290	-48.230520	52.742466	99.796230	53.649134	99.878694
81.990825	-32.573434	-32.889251	100.000000	42.549472	-99.912083
-84.163765	45.038773	-25.005757	-99.872930	-37.213570	-99.623918
-86.639125	49.138738	-12.521592	-99.716876	-31.338182	-99.943929
-84.863264	25.701049	2.666423	-99.851931	-31.124330	97.353614
-100.000000	40.110225	40.806235	-99.454828	29.751875	100.000000
-99.987845	0.798688	20.258807	-9.807110	3.930875	91.334541
92.388894	-17.174739	19.379866	99.907547	18.424319	99.632458
-100.000000	46.843774	41.730489	-99.644996	41.363572	99.920211
90.582601	-48.898323	-43.445223	99.315772	21.655487	-100.000000
-86.964134	-3.597663	90.628574	-46.932299	-28.024890	99.979798
-82.499180	51.618276	24.565989	-99.422543	-41.377642	99.979704
-99.732918	41.168469	18.422224	-99.937365	8.907225	98.774764
-100.000000	76.829358	-42.898942	-99.948968	27.593773	-99.760116
-100.000000	14.135523	32.444109	-100.000000	56.966783	100.000000
-89.930555	39.058600	31.959017	-100.000000	-23.585557	100.000000
99.942264	-39.150077	53.486784	100.000000	-21.614774	99.823816
-78.942054	-31.907227	37.705920	99.802856	45.010407	99.647043
-86.565439	47.018147	17.607340	-99.735919	-31.358338	100.000000
-99.939150	50.210590	-13.907080	-100.000000	8.133212	-99.922257
91.160501	-44.286905	20.188925	100.000000	23.555963	99.951469
-99.826036	48.884294	66.897216	-100.000000	23.630003	100.000000
-99.939848	39.001994	-21.587184	-99.724842	17.490501	-99.856201
-99.941507	16.970374	24.258756	-99.924308	27.590927	100.000000
99.832362	-13.340445	31.143522	99.814761	-38.777285	99.697516
-100.000000	8.547802	37.273565	-99.908705	26.594219	99.527037
-99.917178	30.502772	72.585293	-99.990279	5.801468	98.768616
-93.989729	12.890836	65.517454	-100.000000	-13.221565	99.951964
-100.000000	38.491134	31.163310	-99.989130	41.705147	99.866057
-99.891573	37.865563	58.417910	-99.634200	33.813448	99.675056
82.866779	-49.543099	-33.669992	99.959936	40.336106	-99.939389
-86.560983	12.748828	-22.848178	-100.000000	-30.036143	-99.722437
-91.389396	51.562493	20.434690	-99.943794	-19.690889	100.000000
80.355929	-18.431035	-65.240328	99.934533	46.295355	-100.000000
-99.867254	17.334908	82.963250	-99.994553	67.693123	100.000000
-99.799119	19.990140	-34.239413	-99.961998	28.664482	-100.000000
-79.407546	-30.065818	37.419716	99.413463	43.260490	99.780916
99.909079	-35.118683	21.636778	99.684329	-42.983860	99.989234
-78.195640	29.188668	-20.875739	-99.468846	-51.142193	-99.927968
90.568647	-41.432351	-24.576711	99.085877	22.180873	-98.889867
99.917765	-36.148725	-69.487664	99.999017	-27.407152	-99.612190
100.000000	-24.052971	39.296132	99.010239	-8.944442	98.203325
-99.948568	13.427571	57.323700	-99.988613	66.472816	99.964779
91.298006	-96.082616	19.511175	99.642289	19.897609	99.945057
-99.869815	57.197473	-26.357869	-99.743120	43.261563	-99.879075
79.148892	-18.713875	15.928918	99.857868	49.370987	100.000000
91.131379	-32.311615	25.787583	99.810208	21.758781	99.522499
99.869248	-31.980815	-37.090747	98.104617	-2.015808	-99.946476
-99.988020	26.417432	75.839213	-99.992841	33.515422	99.943250
-99.992382	31.570878	27.527639	-99.836896	40.098229	100.000000
-92.522272	28.624304	-27.696079	-100.000000	-17.242584	-100.000000
65.105251	-20.380374	-27.953472	99.984606	80.136559	-100.000000
-99.952018	22.239506	21.541301	-100.000000	74.295459	99.953520
100.000000	-46.977098	-36.602208	99.944696	-8.970598	-99.952488
-99.888440	93.134894	17.680411	-99.960488	35.856702	99.988520
82.936188	-14.658058	17.576266	99.814946	40.425080	99.368077
-100.000000	24.057370	-7.056105	-99.515572	59.927318	-99.854608
-99.992247	-5.986993	45.490653	-54.068716	30.178153	99.936932
-79.652376	13.949211	59.552662	-99.924824	-48.078210	99.676525
100.000000	-9.565149	18.321835	100.000000	-35.717003	99.947647
-100.000000	44.615378	11.306762	-99.532178	34.731021	99.625216
-100.000000	19.338068	-10.049759	-98.110045	74.312204	-99.997764
99.871473	-18.391862	-36.672236	99.938740	-37.450452	-100.000000
-99.916128	38.880287	26.450581	-99.892099	59.217100	100.000000
-91.904059	53.238333	17.980744	-98.583412	-17.705458	98.767186
-94.178071	58.836945	-22.157462	-100.000000	-13.285834	-99.968721
88.197643	-39.856544	-11.848410	98.781558	27.718050	40.224034
-99.987686	24.570547	-21.473173	-99.940081	16.317317	-100.000000
-92.869160	-23.506875	41.625110	99.881943	76.876075	99.893651
-100.000000	9.807622	-60.010205	-99.867416	60.494294	-100.000000
-100.000000	21.060241	79.600780	-99.357670	18.084432	100.000000
-100.000000	66.473858	-30.659583	-99.143556	14.082888	-99.129972
88.264114	-37.084119	27.756007	99.481671	26.573705	100.000000
92.030726	-38.524451	19.404650	99.829827	20.116221	100.000000
-99.925253	-9.533049	39.641588	30.882564	33.237690	98.926552
99.978118	-45.281102	27.143448	98.887600	-30.373575	100.000000
81.498997	-13.077560	-25.054776	99.777251	42.465445	-100.000000
-100.000000	97.893554	-40.161053	-99.905076	34.851452	-100.000000
-99.990788	56.488275	17.122453	-99.949648	14.304063	99.991999
99.978894	-43.340480	42.974744	99.861516	-40.435531	99.794037
-100.000000	25.075090	-36.286076	-99.695967	71.650898	-100.000000
-77.076637	31.887664	17.369936	-99.563387	-54.035484	100.000000
-88.803972	31.490837	-27.131998	-100.000000	-27.054575	-99.818881
-84.385968	25.965113	23.086681	-99.563333	-36.567923	100.000000
-61.631929	-43.655215	63.202117	99.889890	9.480232	100.000000
-99.914782	64.466939	-16.612515	-99.170393	37.977652	-99.719126
-86.147552	27.828048	-32.173755	-99.935172	-33.966805	-100.000000
-100.000000	20.012600	-28.906056	-99.756985	43.817365	-99.968314
-88.575230	68.742560	43.774108	-98.869535	-27.319645	100.000000
-100.000000	35.436116	-31.786869	-99.914611	48.910690	-99.834291
-99.997735	28.624162	32.218978	-99.807799	33.732687	99.924990
-99.944121	41.192433	48.084221	-99.835463	31.593859	99.297482
82.399338	-33.361657	-19.020739	99.202916	41.836832	-99.911973
-100.000000	49.740944	-33.024174	-99.238157	29.893171	-99.706569
-100.000000	25.463099	21.470528	-99.895806	36.317332	99.779698
-99.963948	83.623583	15.938120	-100.000000	26.441622	99.884882
82.575701	-21.909163	27.569711	99.509040	41.370918	99.961666
-100.000000	95.933693	28.416777	-100.000000	25.371198	100.000000
-77.065279	28.264653	11.114479	-100.000000	-53.706631	99.684885
-70.412318	12.795939	99.183376	-99.833350	-68.822642	100.000000
-70.008776	31.876552	13.615497	-99.943106	-70.709883	100.000000
97.446051	-24.474443	-98.017092	99.915617	10.265010	-98.532211
99.573468	-48.061055	-21.424266	99.503999	-75.598911	-99.908411
-100.000000	32.235118	42.741116	-99.931232	27.525815	99.541085
-94.505599	36.877156	-46.797612	-100.000000	-14.583719	-99.962514
-100.000000	24.700443	-45.827276	-99.517865	11.375293	-99.896115
-99.921724	44.716398	28.447056	-99.834569	18.795562	99.542788
-79.121682	13.786322	41.113904	-100.000000	-50.206172	99.990910
-99.882313	35.499596	-53.394396	-100.000000	45.732415	-99.697457
-80.889020	24.211490	68.246755	-99.455028	-45.227082	99.633107
-99.963818	34.642387	-27.229514	-100.000000	28.506341	-99.918029
74.308830	49.862624	-40.858509	-99.749000	-33.628802	-100.000000
55.690181	-55.595813	19.273375	98.892102	70.549224	99.593447
-99.868067	21.255596	-25.109142	-99.706634	39.936792	-99.875945
-99.996290	73.520433	-23.006646	-99.258953	29.259308	-99.655992
-99.878382	41.675709	-33.085252	-99.145689	33.885425	-99.799428
-77.440961	54.386015	-78.674937	-99.510116	28.190293	-99.929429
99.978444	-26.787109	-50.922732	100.000000	-48.262920	-99.922246
-100.000000	26.412496	43.290461	-100.000000	31.971663	100.000000
-72.010219	-31.901419	50.774579	99.092525	29.113345	99.755960
100.000000	-50.925864	32.949211	99.951170	-33.517052	99.936488
87.405216	-16.432587	43.231487	98.778959	28.742681	99.957933
87.684514	-21.270912	-28.655875	99.214449	29.687025	-100.000000
100.000000	-44.627329	42.431177	99.905336	-31.719785	99.953814
-94.983311	28.839729	22.119109	-100.000000	1.426376	98.145855
-99.771722	27.581073	-39.668142	-99.446142	12.277513	-99.948006
100.000000	-53.741248	-24.597292	98.990551	-9.493371	-99.912267
-100.000000	33.071701	84.074608	-100.000000	24.336562	98.910801
-100.000000	30.865488	25.252354	-99.684590	26.978667	100.000000
-100.000000	56.363152	-23.309841	-99.768752	32.580246	-99.876067
-81.255408	17.310727	-42.636512	-100.000000	-8.216404	-99.992770
-99.895419	44.041874	11.182460	-99.875052	63.840379	-66.848690
-61.529173	-33.397308	49.660455	99.626099	33.582766	99.243336
-99.989932	74.490391	8.900986	-99.965258	25.380628	99.958560
89.692984	-51.541645	-13.259974	97.572719	24.296842	-99.063832
-99.786766	7.042802	-13.356188	-99.881594	24.971168	-100.000000
82.491997	-41.202771	17.069455	99.164982	41.007600	99.443149
-77.553939	53.042842	-14.100846	-99.320168	-49.640849	-17.752540
-100.000000	42.859554	-19.197664	-99.093151	51.128199	-99.544730
-99.928694	12.791762	-59.253259	-100.000000	82.247113	-100.000000
82.031453	60.366763	-49.479820	-100.000000	-50.922444	-99.961087
-99.994909	34.269087	31.376235	-99.992756	51.934947	100.000000
-100.000000	55.667931	43.689297	-99.977877	42.154647	99.888281
93.934992	-26.209169	15.105565	100.000000	13.088208	99.906778
88.167203	-38.870269	-34.153222	100.000000	27.606479	-100.000000
-71.403567	-28.666176	96.727365	100.000000	28.089567	99.730427
-100.000000	48.423175	-27.984897	-99.695314	40.753308	-99.589635
-100.000000	24.729185	52.861387	-99.804652	28.475366	100.000000
-99.965792	73.126402	17.469226	-99.287542	63.709804	99.970289
-100.000000	45.790170	-42.840501	-99.764993	32.821725	-100.000000
99.895619	-59.228110	10.463767	99.835615	-9.738690	99.937901
100.000000	-26.862416	41.269066	99.283608	-20.339999	98.754547
-87.206208	54.171509	-23.775250	-99.996353	-29.596427	-100.000000
-100.000000	22.840272	-73.763866	-99.988272	78.697510	-99.663160
100.000000	-13.343676	-44.628721	99.766238	-67.433297	-99.914004
-100.000000	40.084389	-12.129997	-99.067770	16.451288	-99.704407
85.541781	-32.473312	-23.991688	99.958552	33.287580	-100.000000
76.756362	-55.129159	-25.244096	100.000000	52.609639	-99.546057
-85.854826	74.208882	-26.477679	-100.000000	-32.439035	-100.000000
93.830236	-35.173959	-27.701913	100.000000	15.279823	-99.752838
-100.000000	31.264471	42.922036	-99.999467	24.172953	99.853387
-82.034993	47.429312	-19.455670	-99.959858	-44.260856	-99.756870
92.550846	-25.865858	-91.847584	99.931684	16.302810	-99.924120
-99.824258	47.538182	38.715250	-99.773864	25.629823	99.222065
-99.918200	55.064023	-3.406731	-92.856528	20.050186	100.000000
-99.820913	21.603854	28.993599	-99.972079	36.770122	99.768515
-99.976126	18.859051	-24.393597	-100.000000	26.835891	-100.000000
-90.714243	50.976402	-27.221914	-99.878655	-23.698628	-99.846204
-87.962580	32.204142	-40.750309	-99.775689	-29.462751	-99.953835
-100.000000	8.189031	-40.230956	-99.760347	53.625354	-99.900062
-100.000000	32.567644	-67.770295	-99.597048	44.372074	-100.000000
-92.227902	29.982440	15.957280	-99.813704	-15.520875	98.695368
-81.086917	22.026838	18.664940	-99.110843	-42.668063	99.740020
-99.957085	41.154689	-44.688676	-99.776162	13.849849	-100.000000
-68.770725	18.592327	70.030818	-99.555631	-72.581644	100.000000
-99.898376	26.362244	-16.852832	-99.914637	39.018388	-99.770572
-81.438554	-16.425975	33.745020	-13.892564	-42.970210	99.384227
-100.000000	7.610684	22.861382	-99.947528	89.448806	99.813928
84.027054	-31.301304	-26.502248	100.000000	36.696249	-99.634322
76.841294	67.207116	-41.449650	-100.000000	-38.402347	-99.887832
-97.146001	36.044465	22.913806	-99.362539	-7.370670	99.956628
66.111685	-31.680315	-36.512533	99.898574	79.374225	-100.000000
-86.937178	-25.776334	52.187347	99.676185	62.309711	99.866795
-100.000000	33.453690	38.130308	-99.363143	40.515740	99.266002
75.554785	-49.604661	-29.603743	99.964715	57.185910	-99.567719
99.955048	-84.255180	-23.893675	99.992492	-45.877510	-99.615455
-75.903042	18.900888	42.088012	-99.588899	-56.869567	100.000000
82.256203	-14.224845	31.077826	99.503787	40.400782	100.000000
100.000000	-44.946398	-18.950585	100.000000	-47.377867	-99.978418
-100.000000	27.429413	-11.703919	-99.953291	37.876600	-99.899575
-100.000000	56.302487	36.966706	-100.000000	23.672253	99.957786
100.000000	-14.408559	39.712734	99.535177	-43.006693	99.834866
-95.888906	-25.124848	31.415029	99.905242	84.345486	99.901973
84.594739	-63.047863	26.178047	99.720298	36.001827	99.987448
-99.911966	26.823308	28.516672	-99.699462	48.551611	99.906026
99.888518	-84.808778	60.911617	99.878092	-25.697439	99.984631
-88.241120	39.823429	-19.375101	-99.989133	-27.445730	-100.000000
30.501371	58.478308	-14.138938	-99.830286	-62.975458	-100.000000
92.784717	-67.798005	-36.667291	100.000000	17.343659	-99.328451
92.823540	-34.773047	12.643375	99.706465	12.813136	-69.678942
99.919879	-15.264860	-37.921939	99.984051	-64.094714	-99.999705
-88.794013	31.294049	59.975868	-100.000000	-25.978931	99.142379
-99.862224	47.083380	37.142696	-99.919008	20.518844	100.000000
-100.000000	43.782748	37.317713	-99.834512	82.035666	99.782813
-99.907802	48.643670	-43.050059	-100.000000	37.701726	-99.989680
-76.321349	39.772962	23.708573	-98.921123	-54.886820	100.000000
99.924576	-25.456000	29.305564	99.997468	3.177221	100.000000
72.124472	-75.602213	10.975016	99.829145	66.643694	99.534219
-99.621934	26.496226	-4.241565	-99.655088	40.080481	56.597148
