-91.616912	84.051672	99.161549	100.000000	53.113675	6.580682
-91.488073	90.015256	100.000000	100.000000	54.830510	4.383822
-100.000000	-56.293366	-99.941024	-100.000000	93.208064	-71.951181
-70.200020	88.793998	99.822113	100.000000	52.683621	37.184467
100.000000	56.150199	99.968421	100.000000	-93.115187	71.857844
-100.000000	-55.802901	-99.967331	-100.000000	93.136653	-72.228055
-100.000000	-55.543223	-99.923937	-100.000000	92.929706	-71.910914
-93.967404	36.323398	84.350842	100.000000	53.681693	14.537598
-100.000000	-55.872119	-99.965302	-100.000000	93.091559	-71.975514
-88.878303	92.712673	100.000000	100.000000	52.653854	8.440913
-100.000000	-55.639366	-100.000000	-100.000000	92.491043	-72.123167
-69.435107	66.574659	99.844354	100.000000	53.187644	47.401324
-100.000000	-56.357329	-100.000000	-100.000000	93.439425	-72.493922
-100.000000	-55.913478	-100.000000	-100.000000	92.466584	-72.166079
-100.000000	-55.524069	-99.937307	-100.000000	93.107251	-72.135264
-100.000000	-55.682142	-99.681929	-100.000000	93.031921	-72.597867
-100.000000	-55.713266	-99.588889	-100.000000	93.290207	-72.121136
-100.000000	-56.036931	-100.000000	-100.000000	93.064204	-72.498690
-100.000000	-56.047931	-100.000000	-100.000000	92.780684	-72.124317
-100.000000	-56.042800	-100.000000	-100.000000	92.688321	-72.106111
-74.769484	60.038448	99.632981	100.000000	52.991182	43.902733
-81.214547	89.444075	99.512485	100.000000	53.368831	20.478414
-9.039892	100.000000	99.841521	100.000000	52.686907	59.378007
-100.000000	-55.733548	-99.988499	-100.000000	92.956360	-72.393702
-100.000000	-55.934890	-100.000000	-100.000000	93.158563	-72.231525
-100.000000	-55.676791	-100.000000	-100.000000	92.638316	-72.284081
-100.000000	-55.761111	-99.727861	-100.000000	92.883929	-72.210040
-100.000000	-55.780972	-99.904798	-100.000000	92.687509	-72.233769
-100.000000	-56.063639	-99.773103	-100.000000	93.212412	-72.030258
-100.000000	-55.861625	-99.902048	-100.000000	93.125087	-71.919537
-100.000000	-56.048409	-100.000000	-100.000000	93.273545	-71.985815
-100.000000	-55.926037	-100.000000	-100.000000	93.157855	-72.066330
-100.000000	-55.685413	-100.000000	-100.000000	92.390442	-72.417634
-100.000000	-55.619459	-99.845097	-100.000000	92.947997	-72.064613
-100.000000	-55.960545	-99.972912	-100.000000	92.901513	-72.280589
-100.000000	-55.857252	-99.851185	-100.000000	92.414293	-72.220694
-100.000000	-55.759235	-100.000000	-100.000000	92.664201	-72.261986
-94.844187	63.648020	94.184649	97.986066	53.907914	9.111904
-100.000000	-55.951811	-99.870122	-100.000000	93.393452	-72.134301
-100.000000	-55.674303	-99.907581	-100.000000	92.716294	-72.455381
-45.557478	99.844003	99.599927	100.000000	52.666580	50.827401
-100.000000	-55.806083	-100.000000	-100.000000	93.086713	-72.536513
-81.929428	40.642549	100.000000	100.000000	53.473173	43.525234
-87.672408	80.874429	100.000000	100.000000	52.190825	13.710583
-100.000000	-55.634798	-100.000000	-100.000000	93.364005	-72.407367
-72.393989	95.955482	99.862133	100.000000	53.017988	30.591499
-69.176720	98.676810	99.899227	100.000000	52.828759	32.223180
-100.000000	-55.764354	-99.960895	-100.000000	92.811228	-72.053468
-92.035835	77.026395	98.447358	100.000000	52.413902	8.436666
-100.000000	-55.988854	-99.981404	-100.000000	93.115365	-72.128533
-100.000000	-54.875119	-99.919484	-100.000000	92.682031	-72.235569
-100.000000	-55.819116	-100.000000	-100.000000	92.927039	-71.827694
-100.000000	-55.854042	-100.000000	-100.000000	93.160705	-72.184082
-90.393135	61.157833	100.000000	100.000000	52.946833	20.982673
-100.000000	-55.896653	-99.929479	-100.000000	92.772839	-72.438389
-66.803134	68.489402	100.000000	100.000000	53.313327	50.958110
-74.544202	61.869283	99.937999	100.000000	52.748366	43.819565
-100.000000	-55.954127	-99.661541	-100.000000	92.813554	-72.387148
-86.964185	65.820891	99.817738	100.000000	53.064733	22.369663
-100.000000	-55.919340	-99.946842	-100.000000	92.950452	-72.133621
-100.000000	-55.568561	-100.000000	-100.000000	93.526081	-72.349147
-100.000000	-55.648156	-100.000000	-100.000000	93.108066	-72.555919
-100.000000	-55.720055	-100.000000	-100.000000	93.198091	-71.943347
-100.000000	-55.947284	-100.000000	-100.000000	93.241321	-72.583228
-100.000000	-56.222913	-99.829669	-100.000000	93.368392	-72.033429
-100.000000	-55.654847	-99.896931	-100.000000	92.651140	-72.511202
-100.000000	-55.834640	-99.944265	-100.000000	92.983774	-72.054154
-100.000000	-55.774717	-99.768006	-100.000000	93.568529	-72.236729
-100.000000	-55.612652	-100.000000	-100.000000	92.917948	-72.559510
-100.000000	-56.012491	-100.000000	-100.000000	93.123065	-72.241691
-100.000000	-55.868889	-100.000000	-100.000000	92.969012	-72.599952
-100.000000	-55.923267	-99.999166	-100.000000	92.937926	-72.015217
-100.000000	-55.855016	-99.900868	-100.000000	93.206338	-71.795571
-100.000000	-55.550745	-99.887357	-100.000000	92.468378	-72.388929
-100.000000	64.297012	85.522577	89.764311	57.596075	-15.059693
-87.223745	94.165431	99.763703	100.000000	52.943929	9.839242
-100.000000	-55.716077	-99.930976	-100.000000	92.753017	-72.044452
-100.000000	-55.868290	-100.000000	-100.000000	92.910471	-72.474334
-87.465699	59.372214	99.733951	100.000000	51.667327	25.911179
-100.000000	-56.202861	-99.856199	-100.000000	93.000813	-71.793616
-100.000000	-56.209151	-99.964742	-100.000000	92.972191	-72.282964
-81.408501	90.097856	99.363382	100.000000	52.688599	19.988197
-100.000000	-55.963039	-100.000000	-100.000000	92.724613	-72.214109
-85.984094	65.385648	99.449241	100.000000	52.993638	25.227964
-100.000000	-55.700386	-99.606373	-100.000000	93.193305	-72.076282
-100.000000	-55.633145	-100.000000	-100.000000	93.251406	-71.913312
-100.000000	-55.816202	-99.746653	-100.000000	93.139510	-72.512080
-100.000000	-55.886878	-99.914854	-100.000000	92.876120	-72.266267
-100.000000	-55.737714	-99.815534	-100.000000	93.349110	-72.092345
-100.000000	-55.683630	-99.971028	-100.000000	93.042330	-72.521467
-100.000000	-55.488715	-99.945240	-100.000000	93.105846	-72.335776
-69.505532	65.001343	100.000000	100.000000	53.029139	48.972887
-100.000000	-56.036633	-100.000000	-100.000000	93.361531	-72.051033
-100.000000	-55.704967	-99.922202	-100.000000	92.825244	-72.231824
-71.810423	62.585022	99.500949	100.000000	53.220866	47.097383
-72.377288	79.428741	100.000000	100.000000	52.887794	39.162829
-100.000000	-55.746379	-100.000000	-100.000000	92.951721	-72.069352
-100.000000	-56.026350	-99.936389	-100.000000	92.785265	-72.199612
-100.000000	-56.014801	-99.974660	-100.000000	93.536282	-72.236240
-100.000000	-55.887474	-100.000000	-100.000000	93.198376	-71.969351
-100.000000	-55.653318	-99.853775	-100.000000	92.525934	-72.115121
-92.743854	80.838556	100.000000	100.000000	50.525361	9.671810
-100.000000	-55.980881	-100.000000	-100.000000	92.838177	-72.317282
-100.000000	-55.809203	-99.644559	-100.000000	92.506862	-72.322228
-93.509958	68.316196	100.000000	100.000000	52.067586	12.749229
-74.475550	66.751284	100.000000	100.000000	53.310870	41.412273
-100.000000	-55.782938	-99.859484	-100.000000	92.891014	-72.112313
-100.000000	-55.994717	-100.000000	-100.000000	93.247914	-72.053372
-100.000000	-55.815515	-100.000000	-100.000000	93.019047	-71.964455
-100.000000	-55.666141	-99.980166	-100.000000	92.978043	-72.084874
-100.000000	-55.955279	-99.995266	-100.000000	92.602328	-72.220340
-100.000000	-56.054197	-99.885930	-100.000000	93.040523	-72.150072
-100.000000	-55.524517	-99.973516	-100.000000	92.982197	-71.898353
-89.427687	61.358498	98.935178	100.000000	53.317638	21.957773
-100.000000	-55.915737	-99.862038	-100.000000	93.144940	-72.235055
-100.000000	-56.206908	-99.920007	-100.000000	92.978823	-72.094984
-100.000000	-56.008619	-99.810404	-100.000000	93.225145	-71.932103
-100.000000	-55.839202	-100.000000	-100.000000	92.768874	-72.174218
-56.876281	63.640819	99.735946	100.000000	52.508612	64.074884
-80.055916	80.514209	100.000000	100.000000	52.867403	26.382907
-100.000000	-55.538399	-99.886644	-100.000000	93.141796	-72.394071
-100.000000	-55.841493	-99.774539	-100.000000	93.262483	-72.143773
-100.000000	-55.257793	-100.000000	-100.000000	93.014399	-72.005968
-100.000000	-55.605280	-99.859826	-100.000000	93.336394	-72.393803
-72.713763	88.396901	99.738020	100.000000	52.993840	32.771134
-100.000000	-55.822854	-100.000000	-100.000000	92.569013	-72.098829
-65.092305	95.799491	100.000000	100.000000	52.830240	40.945955
-100.000000	-56.190259	-99.781744	-100.000000	92.937532	-72.076706
-100.000000	-56.010634	-99.463766	-100.000000	93.014150	-72.299304
-100.000000	-55.952475	-100.000000	-100.000000	93.384171	-72.375416
-100.000000	-56.134412	-100.000000	-100.000000	93.252876	-72.436940
-100.000000	-56.056697	-99.999097	-100.000000	92.859757	-72.046317
-75.686921	78.515193	100.000000	100.000000	52.778720	33.185421
-100.000000	-55.516466	-100.000000	-100.000000	92.861285	-71.802297
-100.000000	-56.111797	-99.960849	-100.000000	92.948411	-72.505126
-100.000000	-55.610080	-99.864343	-100.000000	93.043013	-72.112441
-70.120548	93.320354	99.704165	100.000000	52.980103	33.818962
-100.000000	-55.870337	-99.704382	-100.000000	92.861215	-72.104350
-69.766528	99.772418	99.757482	100.000000	52.863157	30.567814
-81.086511	71.998249	99.853506	100.000000	53.479581	29.580243
-32.407333	99.913699	99.828987	100.000000	52.867804	54.407710
-100.000000	41.532406	72.229365	88.895909	57.884017	-7.914045
-75.375113	20.683887	85.797252	100.000000	52.798332	51.715756
-79.500762	89.654194	99.910845	100.000000	53.439034	22.694945
-93.232265	14.573250	72.372740	100.000000	52.954124	22.038238
-100.000000	-55.874358	-99.983502	-100.000000	92.643005	-72.498270
-100.000000	-56.403993	-100.000000	-100.000000	93.021255	-71.993692
-100.000000	-55.454042	-99.824062	-100.000000	93.472483	-72.262741
-72.956751	75.406133	99.787604	100.000000	52.913542	39.684200
-100.000000	-55.782521	-99.729916	-100.000000	93.192905	-72.328489
-100.000000	-55.722644	-99.865531	-100.000000	92.822084	-72.240170
-100.000000	-55.741528	-100.000000	-100.000000	93.481241	-71.985154
-67.914479	67.459599	100.000000	100.000000	52.879352	50.250927
-100.000000	-55.889837	-99.884890	-100.000000	93.201336	-71.998494
-100.000000	-55.864296	-99.783130	-100.000000	92.924670	-72.160500
-100.000000	-55.594030	-99.806294	-100.000000	93.077418	-72.144498
-86.677754	94.630313	100.000000	100.000000	54.045800	8.010705
-100.000000	-55.666686	-99.657509	-100.000000	93.362628	-71.782042
-100.000000	-56.476228	-100.000000	-100.000000	92.897915	-72.245883
-72.615410	89.532744	100.000000	100.000000	52.405448	33.009500
-100.000000	-56.077294	-100.000000	-100.000000	93.064069	-72.258027
-100.000000	-55.889544	-99.818109	-100.000000	93.114177	-72.265358
-100.000000	-55.863793	-99.945575	-100.000000	92.670650	-72.035064
-100.000000	-55.751663	-99.822186	-100.000000	93.159165	-71.995105
-95.236591	26.592939	84.051362	100.000000	53.815869	19.706693
-100.000000	-55.926088	-100.000000	-100.000000	92.954004	-72.061953
-24.238123	99.775839	100.000000	100.000000	53.355059	57.682257
-91.060090	88.895487	99.583857	100.000000	53.105974	5.797659
-100.000000	-56.164171	-99.969386	-100.000000	92.647422	-71.846488
-100.000000	-56.259161	-99.807021	-100.000000	93.052776	-71.965198
-100.000000	-56.104151	-99.977371	-100.000000	93.239779	-72.564512
-100.000000	-55.524568	-99.765926	-100.000000	93.289748	-72.356329
-100.000000	-55.893293	-99.834776	-100.000000	92.728525	-72.121102
-100.000000	-55.365760	-99.954277	-100.000000	93.209301	-71.945743
-100.000000	-55.980094	-99.880868	-100.000000	92.843316	-72.234469
-100.000000	-56.065866	-100.000000	-100.000000	93.301455	-72.270289
-100.000000	-56.115474	-99.917407	-100.000000	92.969233	-72.483838
-100.000000	-55.778348	-99.825713	-100.000000	92.940307	-72.165396
-89.781056	72.963100	100.000000	100.000000	52.196751	16.838430
-100.000000	-55.776642	-99.920263	-100.000000	93.476231	-71.977019
-100.000000	-55.634296	-99.647479	-100.000000	93.599432	-72.521702
-100.000000	-55.724794	-99.986811	-100.000000	93.280050	-72.416947
-100.000000	-55.941762	-99.964973	-100.000000	93.281409	-72.303571
-93.625634	51.671256	96.914945	100.000000	55.210961	18.322102
-62.133345	72.838289	99.940962	100.000000	52.450101	56.668277
-100.000000	-55.571542	-100.000000	-100.000000	93.341836	-72.171421
-100.000000	-55.759993	-99.812917	-100.000000	93.429501	-72.064029
-77.577250	73.651861	100.000000	100.000000	52.522308	32.559759
-72.935054	55.346013	99.782014	100.000000	53.318921	48.399128
-100.000000	-56.102288	-99.870634	-100.000000	93.281463	-72.189624
-100.000000	-56.000424	-99.985903	-100.000000	92.968994	-71.989145
-100.000000	-55.747325	-100.000000	-100.000000	92.915787	-72.261798
-100.000000	-55.958849	-99.873276	-100.000000	93.161343	-72.333413
-100.000000	-55.804145	-99.983895	-100.000000	93.315513	-72.206964
-100.000000	-55.896520	-99.877481	-100.000000	93.130097	-72.027914
-100.000000	-55.712564	-99.727084	-100.000000	93.122261	-71.905483
-85.613935	49.678295	98.651283	100.000000	53.700705	31.539355
-100.000000	-56.049552	-100.000000	-100.000000	93.095401	-72.027506
-59.550876	81.979312	100.000000	100.000000	52.650447	55.585721
-72.348752	57.328411	100.000000	100.000000	52.885204	49.335551
-100.000000	-56.021247	-99.785629	-100.000000	93.108013	-71.967192
-100.000000	-55.947385	-100.000000	-100.000000	93.047141	-72.004863
-100.000000	-55.304896	-100.000000	-100.000000	93.015222	-72.357874
-88.567074	73.829313	99.864925	100.000000	53.404611	15.389694
-100.000000	-55.845354	-100.000000	-100.000000	93.369244	-72.207997
-67.364864	92.761101	99.830423	100.000000	53.234473	39.616102
-90.652034	65.267270	100.000000	100.000000	52.124000	18.701862
-100.000000	-55.847583	-99.958261	-100.000000	93.247235	-72.438030
-100.000000	-55.904843	-99.614534	-100.000000	92.621023	-72.471706
-63.985004	86.588000	99.474485	100.000000	52.466743	45.915020
-84.607679	66.308390	100.000000	100.000000	52.893222	25.957496
-100.000000	-55.350116	-99.838655	-100.000000	92.827615	-72.075876
-100.000000	-56.058499	-99.686721	-100.000000	93.103928	-72.292033
-62.630643	64.840992	99.937974	100.000000	52.703812	58.752209
-80.938301	96.773878	99.848664	100.000000	52.923862	17.235765
-75.457697	55.620759	99.839369	100.000000	52.809226	45.068064
-100.000000	-55.852103	-99.856549	-100.000000	93.117644	-72.331741
-100.000000	-55.522383	-100.000000	-100.000000	92.810862	-72.116075
-100.000000	-55.895729	-99.938726	-100.000000	92.779104	-72.393246
-75.333814	82.491575	100.000000	100.000000	53.055384	32.194872
-87.768998	80.476953	99.524224	100.000000	53.172895	15.122241
-44.254755	100.000000	99.895590	100.000000	53.205561	30.967170
-96.385974	53.670486	99.949894	100.000000	51.853541	18.253646
-74.310478	99.422391	99.996663	100.000000	52.939217	26.401624
-100.000000	-56.058305	-100.000000	-100.000000	93.433289	-72.612665
-68.766150	55.266843	100.000000	100.000000	53.250928	55.720371
-68.349753	58.470370	99.326378	100.000000	52.774937	52.590514
-91.287943	75.760197	97.983675	100.000000	53.190741	9.877629
-100.000000	-55.757539	-100.000000	-100.000000	93.370498	-71.959095
-100.000000	-56.045180	-99.703069	-100.000000	93.607517	-72.720051
-100.000000	-55.747263	-99.732511	-100.000000	93.013546	-72.279284
-61.621359	74.396034	100.000000	100.000000	53.051867	55.744524
-88.387055	85.422937	99.556553	100.000000	52.973321	11.754330
-89.220421	90.963590	99.789433	100.000000	52.544151	5.027565
-75.253541	93.218277	100.000000	100.000000	52.767607	26.606539
-67.170440	73.436630	100.000000	100.000000	52.905218	49.247494
-100.000000	-56.011750	-100.000000	-100.000000	93.027605	-72.186461
-92.913789	52.045619	93.184722	100.000000	54.737115	13.003201
-100.000000	-55.626052	-99.923359	-100.000000	92.754302	-72.480148
-100.000000	-56.019142	-99.896099	-100.000000	92.966745	-71.968122
-100.000000	-55.896939	-99.756897	-100.000000	93.075265	-72.666259
-100.000000	-56.246250	-99.814666	-100.000000	92.938743	-72.561441
-100.000000	-55.737581	-100.000000	-100.000000	92.974627	-72.084522
-67.542932	66.974907	99.792655	100.000000	52.527032	50.707648
-100.000000	-55.421333	-100.000000	-100.000000	92.535345	-72.253838
-60.810094	87.639385	100.000000	100.000000	53.006867	50.793686
-74.730289	98.868530	100.000000	100.000000	52.583355	25.571546
-55.784856	66.329969	99.676269	100.000000	53.135668	63.906250
-100.000000	-56.050087	-99.963965	-100.000000	93.167080	-72.317784
-100.000000	-55.794961	-100.000000	-100.000000	92.620186	-72.142751
-100.000000	-55.891410	-100.000000	-100.000000	92.961737	-72.410331
-100.000000	-55.672343	-99.889602	-100.000000	93.116588	-72.198065
-100.000000	-56.091609	-100.000000	-100.000000	93.069971	-71.985707
-100.000000	-55.848912	-100.000000	-100.000000	93.074894	-72.296314
-100.000000	-55.869924	-99.952582	-100.000000	93.361336	-72.320059
-69.840198	41.834849	99.798447	100.000000	53.202435	60.063825
-100.000000	-55.489189	-99.984802	-100.000000	93.150263	-72.095729
-100.000000	-55.857487	-99.849955	-100.000000	93.063944	-72.253632
-100.000000	-55.860981	-99.948852	-100.000000	92.874532	-72.169287
-67.254616	82.806123	100.000000	100.000000	52.934786	44.429861
-69.412869	82.968337	99.814153	100.000000	52.656798	40.525806
-88.747960	37.568834	94.510100	100.000000	52.776441	29.893795
-51.194180	71.310028	100.000000	100.000000	52.993761	63.802986
-100.000000	-56.011051	-99.739587	-100.000000	93.005181	-72.544554
-100.000000	-56.052324	-99.826347	-100.000000	92.970824	-72.191540
-82.970254	70.387653	100.000000	100.000000	52.460409	27.117772
-75.322095	64.759702	100.000000	100.000000	52.882939	40.885905
-71.148776	91.429420	99.448906	100.000000	52.956517	33.288768
-58.642113	41.222109	99.896387	100.000000	52.678322	65.966970
-60.401980	84.008042	100.000000	100.000000	52.945638	53.560225
-97.787769	81.304202	96.817422	100.000000	50.952626	-4.303959
-100.000000	-56.057935	-100.000000	-100.000000	92.647439	-72.341094
-100.000000	-56.210359	-99.892358	-100.000000	93.101124	-72.097304
-100.000000	-55.552133	-100.000000	-100.000000	93.569002	-72.308033
-100.000000	-55.562615	-99.878586	-100.000000	92.856742	-72.056086
-72.965281	83.688909	99.853047	100.000000	52.916681	36.065796
-100.000000	-55.714036	-99.974610	-100.000000	93.222867	-72.186352
-100.000000	-55.921454	-100.000000	-100.000000	92.639460	-72.204656
-100.000000	-55.745253	-99.806096	-100.000000	93.481268	-72.375089
-100.000000	-55.870577	-100.000000	-100.000000	93.218556	-72.088678
-100.000000	-55.900772	-99.984118	-100.000000	93.355487	-71.961915
-100.000000	-55.588589	-99.761738	-100.000000	92.987387	-72.107413
-100.000000	-55.192162	-100.000000	-100.000000	93.201710	-72.333631
-100.000000	-55.918067	-99.822445	-100.000000	92.904565	-72.163765
-100.000000	-55.699897	-99.973693	-100.000000	92.799475	-72.316558
-100.000000	-55.500488	-100.000000	-100.000000	92.973306	-72.420642
-100.000000	-55.497871	-100.000000	-100.000000	93.036610	-72.033990
-100.000000	-55.862009	-99.922941	-100.000000	93.109241	-72.225872
-100.000000	-56.411746	-99.711066	-100.000000	93.191046	-72.562792
-100.000000	-55.824063	-99.942928	-100.000000	92.913028	-72.359175
-100.000000	-55.620359	-100.000000	-100.000000	92.822892	-72.686446
-100.000000	-56.116033	-99.926494	-100.000000	92.767555	-72.132964
-100.000000	-55.606574	-100.000000	-100.000000	93.062081	-72.456937
-100.000000	-56.097465	-100.000000	-100.000000	93.009035	-72.541388
-100.000000	-55.729137	-100.000000	-100.000000	93.037020	-72.527926
-94.926784	70.816322	100.000000	100.000000	55.594100	5.626567
-78.337637	93.058148	100.000000	100.000000	52.688381	21.601430
-82.871121	98.760207	99.575738	100.000000	52.864047	15.699296
-100.000000	-55.717951	-99.616436	-100.000000	93.018620	-72.313364
-100.000000	-55.737936	-99.888006	-100.000000	93.017072	-71.914737
-100.000000	-55.710034	-99.983678	-100.000000	92.796192	-72.080404
-94.240314	83.335814	100.000000	100.000000	52.604660	2.178021
-83.961997	96.638056	99.946872	100.000000	53.163915	12.546031
-100.000000	-55.969027	-100.000000	-100.000000	93.298719	-72.031531
-80.451960	99.246766	99.915479	100.000000	53.430597	14.981322
-74.163944	65.166091	100.000000	100.000000	53.065083	42.759282
-100.000000	-55.828817	-100.000000	-100.000000	92.925987	-71.881194
-67.494507	99.732599	99.825216	100.000000	53.096981	34.682948
-70.042110	70.257769	99.824361	100.000000	52.750944	45.388044
-100.000000	-55.949340	-99.954400	-100.000000	92.697500	-72.127665
-100.000000	-55.966181	-99.892218	-100.000000	93.260428	-72.162378
-68.022259	24.508966	92.811568	100.000000	52.038878	56.805346
-100.000000	-55.404010	-99.845098	-100.000000	92.647997	-72.194176
-100.000000	-56.075847	-99.870672	-100.000000	92.943316	-72.198671
-100.000000	-55.534683	-99.952366	-100.000000	93.332999	-72.432090
-100.000000	-55.934825	-99.774865	-100.000000	92.872224	-72.384481
-91.541477	77.255889	99.374359	100.000000	53.459000	12.060647
-100.000000	-55.786166	-99.756554	-100.000000	93.066234	-72.291461
-100.000000	-55.571897	-99.964758	-100.000000	93.254835	-72.045584
-100.000000	-56.201363	-99.673777	-100.000000	93.087606	-72.023688
-100.000000	-55.749494	-99.978901	-100.000000	92.948335	-71.939129
-100.000000	-55.955561	-100.000000	-100.000000	92.923219	-72.103311
-100.000000	-55.550135	-99.890258	-100.000000	92.967514	-72.204652
-63.292045	96.475495	100.000000	100.000000	52.815070	42.558206
-72.929042	92.422077	100.000000	100.000000	52.850656	31.267051
-100.000000	-55.695503	-100.000000	-100.000000	93.079737	-72.239940
-100.000000	-55.676431	-100.000000	-100.000000	93.152006	-72.843306
-100.000000	-55.682949	-99.970325	-100.000000	92.649956	-72.040888
-77.975751	38.967814	100.000000	100.000000	52.379971	49.389666
-100.000000	79.417813	100.000000	100.000000	52.726740	0.715922
-100.000000	-55.716428	-99.689438	-100.000000	93.272997	-72.223597
-100.000000	-55.890803	-100.000000	-100.000000	93.380520	-72.329612
-100.000000	-56.143376	-99.823691	-100.000000	92.768287	-72.270116
-24.378146	100.000000	99.644402	100.000000	52.778120	60.740335
-90.879906	80.706468	99.678936	100.000000	52.966751	9.275100
-76.491431	100.000000	100.000000	100.000000	52.760299	22.538102
-100.000000	-55.762183	-99.928784	-100.000000	93.057357	-72.390970
-100.000000	-55.761566	-99.949973	-100.000000	93.142775	-71.793782
-70.084059	84.226563	100.000000	100.000000	53.054844	39.400273
-100.000000	-55.755104	-99.939485	-100.000000	93.392424	-72.016489
-100.000000	-55.821897	-100.000000	-100.000000	93.024034	-72.155344
-100.000000	-55.882580	-100.000000	-100.000000	93.107981	-71.747472
-64.560386	76.256017	99.897382	100.000000	52.686025	50.580777
-100.000000	-55.701651	-100.000000	-100.000000	92.921320	-72.225754
-92.119019	65.925920	100.000000	100.000000	52.471770	16.996673
-100.000000	-56.220502	-99.980518	-100.000000	93.122714	-71.855470
-100.000000	-56.079732	-100.000000	-100.000000	93.178397	-72.068131
-100.000000	-55.967700	-99.902251	-100.000000	92.608154	-72.452069
-100.000000	-55.836639	-100.000000	-100.000000	93.015637	-72.044215
-100.000000	-55.923683	-99.899040	-100.000000	93.336518	-72.326204
-40.392710	73.368615	99.724923	100.000000	53.253102	65.839370
-100.000000	-55.729566	-99.968143	-100.000000	92.861151	-72.353958
-100.000000	-55.481961	-99.776980	-100.000000	92.987272	-72.133679
-100.000000	-55.525646	-100.000000	-100.000000	93.039013	-72.283578
-94.501237	64.877223	99.701078	100.000000	51.259868	14.767364
-100.000000	-55.869960	-100.000000	-100.000000	93.607575	-72.570629
-100.000000	-56.013951	-100.000000	-100.000000	92.985404	-72.348442
-63.769499	76.187390	99.978189	100.000000	52.945611	51.870822
-100.000000	-55.744574	-99.946398	-100.000000	92.885228	-72.266895
-100.000000	-56.067926	-100.000000	-100.000000	93.076950	-72.087312
-100.000000	-55.727507	-100.000000	-100.000000	92.872675	-71.975620
-94.625898	80.737233	100.000000	100.000000	52.671224	0.086385
-93.411395	86.144677	99.031682	100.000000	53.522247	4.289616
-100.000000	-55.975796	-100.000000	-100.000000	92.783151	-71.961003
-100.000000	-55.827563	-100.000000	-100.000000	92.944985	-72.192802
-72.370797	96.013714	99.959643	100.000000	52.914209	30.629559
-100.000000	-55.886050	-100.000000	-100.000000	92.785376	-72.539505
-80.546455	94.346688	99.988288	100.000000	52.511603	19.155900
-100.000000	-56.023179	-100.000000	-100.000000	92.825770	-72.592935
-100.000000	-55.665563	-99.919210	-100.000000	93.086314	-72.294149
-100.000000	-56.132739	-99.787565	-100.000000	92.997815	-72.230275
-100.000000	-56.028405	-99.977713	-100.000000	93.162539	-72.295393
-56.346293	81.851805	99.895013	100.000000	52.897305	58.327861
-65.674846	66.891538	100.000000	100.000000	53.228285	52.323820
-100.000000	-55.551046	-99.662609	-100.000000	93.027844	-72.014310
-100.000000	-55.366392	-99.973158	-100.000000	93.223686	-71.913251
-100.000000	-55.804566	-99.712278	-100.000000	93.051333	-72.267497
-88.162802	91.083698	100.000000	100.000000	53.177022	9.692088
-100.000000	-55.695825	-100.000000	-100.000000	93.008599	-72.340341
-100.000000	-56.188798	-99.948316	-100.000000	92.898616	-71.970821
-77.469891	56.293785	99.950220	100.000000	52.489865	42.793885
-69.518694	77.717987	100.000000	100.000000	52.947513	42.956635
-100.000000	-56.182703	-100.000000	-100.000000	92.708843	-72.206752
-72.624369	98.609557	99.657209	100.000000	52.630128	28.351069
-100.000000	-55.868646	-99.933900	-100.000000	93.043418	-72.318480
-100.000000	-56.005536	-99.755139	-100.000000	92.743263	-72.274093
-64.421819	74.171054	100.000000	100.000000	53.232802	51.874588
-100.000000	-56.183004	-99.986394	-100.000000	92.869877	-72.025505
-100.000000	-55.952482	-100.000000	-100.000000	93.019534	-72.048182
-100.000000	71.633288	94.885826	94.501596	55.297099	-8.145356
-43.663603	99.981063	99.625644	100.000000	53.079861	36.816677
-91.576697	68.143337	99.940030	100.000000	53.087286	16.509327
-100.000000	-55.915525	-100.000000	-100.000000	92.707809	-72.545262
-100.000000	-55.720205	-99.887217	-100.000000	92.983596	-72.259508
-89.738065	69.842038	100.000000	100.000000	52.988944	16.274789
-100.000000	-56.025184	-99.946877	-100.000000	92.855546	-71.938573
-100.000000	-55.877116	-99.983780	-100.000000	92.967309	-72.265056
-100.000000	-56.108873	-100.000000	-100.000000	92.629517	-72.404272
-100.000000	-56.044477	-100.000000	-100.000000	92.702583	-72.391644
-100.000000	-55.596947	-99.887604	-100.000000	93.214888	-72.323138
-87.888688	90.934517	100.000000	100.000000	53.417805	9.540581
-100.000000	-55.566475	-100.000000	-100.000000	92.691324	-72.117226
-84.571432	73.695686	100.000000	100.000000	52.391767	23.199827
-100.000000	-55.744485	-100.000000	-100.000000	93.110120	-72.244362
-70.307286	94.289714	99.978144	100.000000	53.602267	35.198301
-92.228875	79.968944	99.422914	100.000000	51.787134	8.345338
-100.000000	-55.870830	-99.929002	-100.000000	92.908453	-72.049166
-100.000000	-55.724100	-99.753503	-100.000000	93.279042	-72.093738
-76.754476	100.000000	100.000000	100.000000	52.494289	21.824582
-100.000000	-55.549556	-100.000000	-100.000000	93.097683	-71.993977
-100.000000	-56.098954	-99.959739	-100.000000	93.058211	-72.303604
-100.000000	-56.303978	-99.764457	-100.000000	93.181211	-71.910518
-64.572155	71.810514	99.807529	100.000000	52.850546	53.594179
-100.000000	-55.878912	-100.000000	-100.000000	93.395070	-72.354873
-100.000000	-55.778200	-99.704871	-100.000000	93.619642	-71.915189
-100.000000	-56.207612	-99.713067	-100.000000	93.734147	-72.071651
-100.000000	-55.859662	-100.000000	-100.000000	92.463525	-72.317237
100.000000	55.574131	100.000000	100.000000	-93.227824	72.202242
-100.000000	-55.985516	-100.000000	-100.000000	92.932783	-72.270305
-100.000000	-55.812942	-99.814824	-100.000000	93.075968	-72.166515
-100.000000	-55.776219	-100.000000	-100.000000	92.990374	-72.080739
-100.000000	-55.960864	-100.000000	-100.000000	92.856437	-72.117222
-100.000000	-55.799720	-100.000000	-100.000000	93.006069	-72.558129
-100.000000	-55.954083	-100.000000	-100.000000	93.132255	-72.501750
-100.000000	-55.595780	-100.000000	-100.000000	92.513096	-72.372016
-62.948706	90.160103	99.883959	100.000000	52.822512	47.191344
-100.000000	-55.771960	-99.878379	-100.000000	93.292302	-72.324582
-70.539313	79.184450	99.816257	100.000000	52.762126	40.750989
-100.000000	-55.962078	-100.000000	-100.000000	92.959341	-72.146788
-97.840314	61.313751	94.235275	100.000000	56.715251	9.677257
-100.000000	-55.748889	-99.882042	-100.000000	92.842090	-72.427631
-100.000000	-55.885919	-99.920896	-100.000000	92.564402	-72.519835
-100.000000	-55.751790	-99.866903	-100.000000	92.761422	-72.506585
-89.703630	64.538942	100.000000	100.000000	52.954313	19.078798
-100.000000	-55.922162	-99.958935	-100.000000	92.768613	-72.140711
-100.000000	-56.010169	-100.000000	-100.000000	92.653514	-71.923854
-100.000000	-55.947136	-100.000000	-100.000000	92.799408	-72.269830
-82.566548	90.033221	99.932665	100.000000	52.725837	18.408351
-65.929009	100.000000	99.839681	100.000000	52.531401	37.021597
-100.000000	-56.148799	-99.912905	-100.000000	92.897037	-72.366445
-100.000000	-56.203519	-99.964228	-100.000000	92.956970	-72.396560
-100.000000	-55.786618	-99.918759	-100.000000	93.184829	-72.480448
-61.278595	78.082050	99.984368	100.000000	53.097419	54.008315
-100.000000	-55.766527	-100.000000	-100.000000	92.903530	-72.349985
-100.000000	-55.797834	-99.986731	-100.000000	93.619306	-72.222819
-75.382544	56.922419	100.000000	100.000000	52.607409	44.256754
-88.380750	65.533276	100.000000	100.000000	54.072861	21.988219
-86.745039	48.753703	100.000000	100.000000	52.451578	30.458824
-100.000000	-55.323918	-99.922223	-100.000000	93.051423	-72.683012
-100.000000	-55.681015	-99.963956	-100.000000	93.198256	-72.071409
-100.000000	-55.741799	-100.000000	-100.000000	92.873517	-72.284314
-100.000000	-55.863452	-100.000000	-100.000000	93.066347	-72.521528
-74.441749	99.353456	100.000000	100.000000	52.817259	25.194603
-99.417829	70.569369	100.000000	100.000000	52.277537	9.258242
-100.000000	-56.038190	-99.833235	-100.000000	92.964556	-72.043685
-71.224983	90.191919	100.000000	100.000000	52.589942	34.730840
-100.000000	-55.673488	-99.802416	-100.000000	93.210124	-71.798804
-100.000000	-56.213773	-100.000000	-100.000000	92.816704	-72.167141
-93.285127	76.925738	100.000000	100.000000	51.271888	4.691987
-100.000000	-55.733279	-99.846258	-100.000000	93.175816	-72.444467
-78.018772	80.092280	99.697909	100.000000	52.756546	28.800383
-100.000000	-55.710811	-99.924686	-100.000000	92.981722	-72.001724
-100.000000	-55.924492	-99.736966	-100.000000	93.281621	-72.036947
-100.000000	-55.703497	-99.917266	-100.000000	92.917728	-71.725874
-89.539024	77.912329	99.619803	100.000000	52.847842	14.162100
-100.000000	-55.985575	-99.933141	-100.000000	93.085773	-72.071291
-100.000000	-56.109895	-99.702378	-100.000000	93.637533	-71.900890
-77.904224	58.306499	99.943714	100.000000	52.943051	39.484788
-76.296982	65.333223	100.000000	100.000000	52.682058	39.815634
-64.105048	54.835799	99.764789	100.000000	52.471966	62.112305
-100.000000	-55.843826	-99.699059	-100.000000	93.030589	-71.953550
-73.967444	79.907097	100.000000	100.000000	52.876205	36.629899
-95.665844	79.455449	99.731532	100.000000	52.137160	1.422848
-100.000000	-56.151569	-99.988098	-100.000000	93.039395	-72.510078
-100.000000	-55.554630	-99.704508	-100.000000	92.598234	-72.054746
-100.000000	-55.703212	-99.722640	-100.000000	93.468637	-72.072976
-100.000000	-55.985992	-100.000000	-100.000000	93.001337	-72.226910
-100.000000	-55.629540	-99.886213	-100.000000	93.372206	-72.336597
-100.000000	-56.001042	-99.789158	-100.000000	93.118091	-72.397380
-100.000000	-55.933409	-99.969874	-100.000000	93.156053	-72.030579
-100.000000	-56.407226	-100.000000	-100.000000	92.812188	-72.472895
-100.000000	-55.832002	-99.785124	-100.000000	93.050514	-72.205210
-78.707437	75.154253	99.869737	100.000000	53.065820	30.125509
-100.000000	-56.058249	-99.875714	-100.000000	92.983985	-72.108138
-75.471465	87.675943	99.615808	100.000000	52.567522	29.474275
-100.000000	-55.915058	-100.000000	-100.000000	93.242273	-72.118969
-91.951446	83.852147	100.000000	100.000000	52.149126	3.857504
-72.047234	99.807505	100.000000	100.000000	53.312237	27.577660
-100.000000	-55.889213	-99.902720	-100.000000	93.270661	-72.103884
-100.000000	-56.155073	-99.798908	-100.000000	93.261002	-72.060795
-100.000000	-55.438158	-100.000000	-100.000000	92.626812	-72.118768
-100.000000	-56.196360	-99.935388	-100.000000	93.086482	-72.358990
-100.000000	-56.180884	-100.000000	-100.000000	92.889022	-72.504568
-100.000000	-55.946764	-99.956690	-100.000000	92.878915	-72.247823
-100.000000	-55.859220	-99.982832	-100.000000	93.142168	-72.373518
-100.000000	-55.759794	-99.939224	-100.000000	93.124902	-72.190262
-100.000000	-55.977263	-99.802486	-100.000000	93.202214	-71.753393
-100.000000	-55.899337	-100.000000	-100.000000	93.545279	-72.271092
-71.137700	60.223110	99.598092	100.000000	52.918750	48.621490
-100.000000	-55.665525	-99.886358	-100.000000	92.943939	-71.792901
-100.000000	-56.068791	-99.851802	-100.000000	93.047971	-72.291592
-100.000000	-55.948179	-100.000000	-100.000000	92.793432	-72.396227
-100.000000	-55.851149	-99.624553	-100.000000	93.183823	-72.340345
-66.051088	99.685151	100.000000	100.000000	52.821241	37.875709
-100.000000	-55.924326	-100.000000	-100.000000	93.239177	-72.036957
-100.000000	-55.933430	-99.719211	-100.000000	92.891954	-72.197714
-100.000000	-56.135119	-100.000000	-100.000000	92.703233	-72.194846
-100.000000	-55.940168	-99.898722	-100.000000	93.108397	-72.400444
-100.000000	-55.754737	-99.999397	-100.000000	93.130506	-71.994392
-100.000000	-55.532475	-99.777996	-100.000000	93.173400	-72.111156
-100.000000	-55.808403	-99.781689	-100.000000	93.035059	-71.984914
-100.000000	-55.583952	-100.000000	-100.000000	93.083043	-72.233381
-100.000000	-55.966533	-100.000000	-100.000000	92.722418	-72.583868
-100.000000	-55.782470	-99.795063	-100.000000	92.932371	-72.368468
-100.000000	-55.990394	-99.816977	-100.000000	93.144896	-72.548888
-100.000000	-56.120942	-100.000000	-100.000000	92.331192	-72.321953
-100.000000	-55.887521	-100.000000	-100.000000	93.065178	-72.109485
-50.931075	97.600628	99.905589	100.000000	52.832226	51.441393
-100.000000	-55.826548	-100.000000	-100.000000	92.769133	-72.408502
-100.000000	-55.891911	-99.783575	-100.000000	92.830239	-72.030205
-100.000000	-56.134613	-99.919802	-100.000000	92.567787	-72.259610
-75.665236	91.627010	100.000000	100.000000	52.857495	27.270042
-76.206001	91.847780	99.825761	100.000000	53.456189	25.355628
-48.496883	57.892263	100.000000	100.000000	52.948551	71.263882
-100.000000	-55.783556	-99.946130	-100.000000	92.283210	-72.194187
-100.000000	-55.581440	-99.964048	-100.000000	92.787973	-72.273451
-100.000000	-55.819585	-99.793920	-100.000000	93.092978	-72.511413
-100.000000	-56.054652	-99.939519	-100.000000	92.982500	-72.401138
-100.000000	-55.863885	-100.000000	-100.000000	93.007229	-72.189763
-74.653244	66.006763	100.000000	100.000000	52.471286	40.409670
-100.000000	-55.735063	-100.000000	-100.000000	93.332809	-71.994665
-100.000000	-55.643735	-100.000000	-100.000000	93.153507	-72.316143
-100.000000	-55.824179	-99.959670	-100.000000	93.145945	-72.063869
-100.000000	-55.895262	-99.942092	-100.000000	92.687767	-72.134557
-100.000000	-56.018051	-100.000000	-100.000000	93.026542	-72.219688
-70.448603	100.000000	100.000000	100.000000	52.858818	31.173527
-68.056794	69.358586	100.000000	100.000000	52.961463	49.356576
-100.000000	-55.630417	-99.862001	-100.000000	93.154346	-72.076181
-100.000000	-55.808627	-99.948395	-100.000000	93.066149	-72.449072
-62.311776	87.767090	99.825754	100.000000	52.957930	48.966099
-100.000000	-55.837468	-99.899487	-100.000000	92.962718	-72.033306
-73.880701	85.002360	100.000000	100.000000	52.649753	33.821931
-100.000000	-55.773510	-100.000000	-100.000000	92.564997	-72.479128
-100.000000	-55.601505	-99.906135	-100.000000	92.889560	-72.103200
-100.000000	-55.710231	-99.705719	-100.000000	93.320143	-72.402492
-100.000000	-55.838163	-99.946136	-100.000000	92.803928	-71.874513
-63.482533	80.987412	99.862841	100.000000	52.944584	49.731149
-43.340285	62.440243	100.000000	100.000000	52.734631	70.495038
-100.000000	-55.833134	-99.866895	-100.000000	93.295203	-71.976622
-100.000000	-55.590018	-99.987752	-100.000000	93.382931	-72.104190
-78.019917	60.716687	99.994893	100.000000	53.187168	38.584807
-71.031627	82.581005	100.000000	100.000000	52.848658	38.599587
-100.000000	-56.080871	-100.000000	-100.000000	93.243825	-72.115738
-100.000000	-55.936871	-99.856500	-100.000000	93.019947	-72.279723
-100.000000	-56.142150	-99.970818	-100.000000	92.875844	-72.070725
-100.000000	-55.601327	-100.000000	-100.000000	93.041433	-72.084515
-100.000000	-56.136896	-99.895880	-100.000000	92.766136	-72.557058
-100.000000	-55.747115	-99.774631	-100.000000	93.333671	-72.578974
-79.338062	96.579188	100.000000	100.000000	52.765305	19.533092
-100.000000	-55.959481	-99.893171	-100.000000	92.993511	-72.040825
-100.000000	-55.780645	-99.765633	-100.000000	93.242288	-72.274117
-89.717442	54.635391	99.446423	100.000000	52.739359	24.220971
-100.000000	-56.132319	-100.000000	-100.000000	93.109895	-72.203585
-100.000000	-55.406276	-99.742348	-100.000000	93.272854	-72.207469
-72.427359	84.183796	99.667598	100.000000	52.565380	34.823079
-100.000000	-55.833206	-99.919928	-100.000000	93.049412	-72.641289
-11.096901	100.000000	99.960411	100.000000	52.991924	54.091028
-100.000000	-55.775918	-100.000000	-100.000000	93.235329	-72.248664
-100.000000	-56.184086	-99.911235	-100.000000	93.375025	-72.333197
-100.000000	-55.712638	-99.832190	-100.000000	93.253388	-72.023288
-100.000000	-55.795493	-99.767132	-100.000000	93.047544	-72.321646
-100.000000	-55.827897	-99.752704	-100.000000	92.968838	-72.277679
-100.000000	-55.881372	-100.000000	-100.000000	93.065687	-72.422118
-100.000000	-55.900070	-99.960558	-100.000000	92.729777	-72.143454
-100.000000	-56.035577	-100.000000	-100.000000	92.683490	-72.537831
-76.974564	52.001674	100.000000	100.000000	52.765287	44.461911
-100.000000	-55.961316	-99.822299	-100.000000	93.065995	-72.139284
-100.000000	-56.077058	-100.000000	-100.000000	93.210494	-72.049286
-84.386325	75.985618	100.000000	100.000000	52.881679	22.806713
-61.463703	87.399663	99.919565	100.000000	52.736934	50.090676
-100.000000	-55.807510	-99.949784	-100.000000	92.202302	-72.219187
-100.000000	-56.054946	-99.894599	-100.000000	92.645261	-72.042979
-100.000000	-55.629438	-99.981335	-100.000000	92.814959	-72.035430
-100.000000	-56.097155	-99.843543	-100.000000	92.942909	-72.015314
-100.000000	-55.696720	-99.913178	-100.000000	92.833615	-72.498854
-100.000000	-55.922978	-99.967924	-100.000000	93.249186	-72.238035
-100.000000	-56.084955	-99.931424	-100.000000	93.501984	-72.242452
-100.000000	-55.910245	-99.939171	-100.000000	92.197113	-72.128653
-100.000000	-55.923032	-99.925501	-100.000000	92.369241	-72.076738
-100.000000	-55.731748	-99.974656	-100.000000	93.115377	-72.052115
-100.000000	-55.715394	-99.738705	-100.000000	93.025117	-71.992572
-95.702162	57.720892	99.349342	100.000000	56.050287	12.957724
-100.000000	-55.688885	-99.960627	-100.000000	93.272987	-71.935876
-100.000000	-56.281240	-100.000000	-100.000000	93.131947	-72.179337
-87.799646	57.453939	100.000000	100.000000	53.146218	26.515074
-100.000000	-55.530080	-99.863486	-100.000000	93.332808	-72.280828
-64.921370	93.679928	100.000000	100.000000	53.199473	41.239778
-87.693172	79.506559	99.483949	100.000000	53.086447	15.785655
-100.000000	-56.018975	-100.000000	-100.000000	92.811727	-72.828362
-87.851966	92.390930	99.081384	100.000000	52.469151	8.122167
-100.000000	-56.147026	-99.928509	-100.000000	93.025231	-71.897752
-100.000000	-55.837579	-100.000000	-100.000000	92.832493	-72.306380
-100.000000	-56.335480	-99.677729	-100.000000	93.551864	-72.325815
-100.000000	-56.135965	-100.000000	-100.000000	93.003892	-72.434268
-95.464370	69.694524	100.000000	100.000000	52.708804	10.939375
-77.586990	78.564762	99.897786	100.000000	52.975699	30.235872
-67.237308	89.166429	99.912304	100.000000	52.861924	40.791386
-100.000000	-55.459127	-100.000000	-100.000000	92.639516	-72.501221
-100.000000	-55.823420	-100.000000	-100.000000	92.656189	-72.536128
-92.683121	57.734620	100.000000	100.000000	53.967939	19.971541
-100.000000	-56.103131	-100.000000	-100.000000	92.936695	-72.184076
-100.000000	-56.060391	-99.952530	-100.000000	92.417592	-72.804905
-100.000000	-56.075579	-99.729511	-100.000000	93.187800	-72.368050
-100.000000	-56.508007	-99.664331	-100.000000	93.339043	-72.313295
-100.000000	-55.761464	-99.996301	-100.000000	92.582097	-72.450686
-100.000000	-55.592129	-99.789177	-100.000000	92.973307	-72.400798
-100.000000	-55.876294	-99.976472	-100.000000	92.979778	-72.460324
-100.000000	-56.089266	-99.862205	-100.000000	93.130439	-72.372855
-100.000000	-55.944821	-100.000000	-100.000000	92.829355	-72.425381
-100.000000	-56.025562	-99.857664	-100.000000	92.821017	-71.842047
-100.000000	-56.043951	-100.000000	-100.000000	92.879521	-72.436253
-100.000000	-56.600990	-99.921857	-100.000000	92.838633	-72.546195
-77.483298	83.965287	100.000000	100.000000	53.292563	28.664087
-100.000000	-55.528715	-100.000000	-100.000000	92.948394	-72.230389
-100.000000	-55.477130	-100.000000	-100.000000	93.013218	-72.125258
-100.000000	-56.016340	-100.000000	-100.000000	93.057744	-72.458475
-79.164735	65.076044	99.949751	100.000000	53.100308	33.941306
-100.000000	-55.383036	-100.000000	-100.000000	93.399753	-72.502850
-65.123122	66.951167	100.000000	100.000000	52.800895	54.932796
-100.000000	-56.057399	-99.789252	-100.000000	93.230966	-72.049816
-92.160322	74.101042	98.716787	100.000000	52.670592	11.728291
-100.000000	-55.897237	-99.873203	-100.000000	92.801670	-72.557670
-100.000000	-55.898896	-100.000000	-100.000000	92.975191	-72.294600
-100.000000	-55.836310	-99.777860	-100.000000	93.381401	-72.378495
-100.000000	-55.583813	-99.912322	-100.000000	93.261985	-72.341716
-100.000000	62.584519	93.592943	96.578306	56.082803	3.403666
-100.000000	-56.162537	-99.789926	-100.000000	93.330973	-72.338213
-100.000000	-55.923746	-100.000000	-100.000000	93.186856	-72.454648
-62.967851	92.823205	99.898213	100.000000	52.537672	44.778653
-100.000000	-56.061059	-100.000000	-100.000000	92.835650	-72.147856
-100.000000	-55.479403	-99.916836	-100.000000	93.199687	-72.315149
-100.000000	-55.959094	-99.868143	-100.000000	92.671851	-72.158379
-100.000000	-55.871997	-99.659439	-100.000000	93.215657	-72.410219
-88.440993	65.677279	99.407006	100.000000	52.890323	20.749527
-100.000000	-55.972357	-99.904237	-100.000000	93.348419	-72.356316
-92.443425	61.191735	99.919198	100.000000	51.249714	17.515127
-93.350365	55.836723	99.130752	100.000000	52.452656	20.870263
-100.000000	-56.149985	-100.000000	-100.000000	92.795291	-72.017383
-60.146260	80.042198	99.726331	100.000000	53.086931	55.533969
-100.000000	-55.833792	-100.000000	-100.000000	93.427797	-72.086858
-100.000000	-55.934042	-100.000000	-100.000000	93.128610	-72.435075
-100.000000	-56.099801	-99.947045	-100.000000	93.117274	-72.540863
-100.000000	-55.649037	-99.880343	-100.000000	93.227222	-72.635260
-100.000000	-56.268918	-100.000000	-100.000000	92.851518	-72.351922
-100.000000	-55.730050	-99.839980	-100.000000	93.018425	-72.100273
-69.965533	77.405812	99.950809	100.000000	52.695371	42.192083
-100.000000	-55.827914	-99.911533	-100.000000	93.018499	-71.513210
-96.130377	77.866318	98.098326	100.000000	51.994175	7.536893
-90.547628	85.230248	99.887418	100.000000	53.148481	11.013250
-100.000000	-56.035170	-100.000000	-100.000000	92.882662	-72.219018
-100.000000	-55.626957	-100.000000	-100.000000	93.259566	-71.880022
-100.000000	-56.098451	-100.000000	-100.000000	92.869039	-72.319668
-100.000000	-55.823047	-99.736798	-100.000000	93.274461	-72.351709
-100.000000	-55.893386	-100.000000	-100.000000	93.037852	-72.260520
-100.000000	-55.706709	-99.802721	-100.000000	93.016669	-72.698024
-100.000000	-56.172262	-100.000000	-100.000000	93.171289	-72.333531
-100.000000	-55.907727	-100.000000	-100.000000	93.088976	-72.122130
-40.928219	82.248993	99.987211	100.000000	53.517795	64.979505
-100.000000	-55.746952	-100.000000	-100.000000	93.063454	-72.309543
-100.000000	-55.806267	-99.798303	-100.000000	93.241413	-72.106129
-85.029861	96.568162	100.000000	100.000000	52.962572	12.678271
-100.000000	-55.604936	-100.000000	-100.000000	93.009124	-72.240875
-100.000000	-55.713892	-99.963501	-100.000000	92.949789	-72.502155
-100.000000	-55.535815	-99.802006	-100.000000	93.310570	-72.180825
-90.840398	86.174303	100.000000	100.000000	52.387345	6.910282
-100.000000	-55.690756	-100.000000	-100.000000	92.643574	-72.248761
-100.000000	-55.558059	-99.714500	-100.000000	92.895946	-72.166770
-61.078617	62.022255	99.730324	100.000000	52.898648	61.963800
-94.794835	73.541073	99.415604	100.000000	52.929501	4.971945
-100.000000	-55.656562	-99.952968	-100.000000	92.539945	-72.163538
-100.000000	-56.251842	-100.000000	-100.000000	92.839357	-72.340401
-100.000000	-55.554793	-99.712899	-100.000000	92.914733	-72.108101
-100.000000	-55.890850	-99.964379	-100.000000	92.807983	-72.113762
-100.000000	-55.948898	-100.000000	-100.000000	93.033536	-72.634131
-76.385082	82.050700	100.000000	100.000000	52.300690	30.334926
-100.000000	-55.775307	-99.851880	-100.000000	93.442085	-72.275748
-100.000000	-55.780197	-99.773072	-100.000000	93.032297	-72.262132
-100.000000	-56.075381	-99.727797	-100.000000	93.074344	-72.011061
-89.433791	69.625774	100.000000	100.000000	53.233029	15.315150
-100.000000	-55.964165	-99.966252	-100.000000	92.829082	-71.839506
-100.000000	-55.407594	-99.889989	-100.000000	92.753305	-71.865275
-100.000000	-55.991565	-99.884025	-100.000000	93.212436	-72.179919
-79.086997	64.517352	99.583313	100.000000	53.011631	36.456323
-100.000000	-55.926301	-99.784593	-100.000000	93.045604	-72.277922
-100.000000	-56.018316	-99.920017	-100.000000	93.082784	-72.216413
-100.000000	-55.458658	-100.000000	-100.000000	93.079728	-72.076912
-100.000000	-55.601549	-99.974323	-100.000000	93.049526	-72.559120
-100.000000	-55.535999	-100.000000	-100.000000	92.800388	-72.578481
-83.635848	51.516683	99.437866	100.000000	52.303247	35.336918
-100.000000	-56.023012	-99.921522	-100.000000	93.215724	-72.176799
-100.000000	-55.870932	-99.935187	-100.000000	93.257369	-72.207041
-100.000000	-55.719158	-99.802085	-100.000000	93.564523	-72.237214
-87.807367	93.467059	100.000000	100.000000	52.650854	5.527575
-100.000000	-55.894153	-100.000000	-100.000000	93.279491	-72.171981
-95.216057	65.454816	99.995246	100.000000	53.939606	11.740584
-84.241512	56.668019	100.000000	100.000000	52.686140	31.939172
-70.336207	99.969858	99.941366	100.000000	52.435219	30.447782
-100.000000	-56.164853	-100.000000	-100.000000	92.995672	-72.071171
-100.000000	-55.729915	-99.634513	-100.000000	93.336634	-72.269803
-100.000000	-55.782504	-99.733952	-100.000000	93.112096	-72.282807
-100.000000	-55.752839	-100.000000	-100.000000	92.947165	-72.055678
-100.000000	-55.600527	-100.000000	-100.000000	93.158858	-72.386018
-100.000000	-56.058867	-99.846696	-100.000000	93.223276	-72.333242
-81.805182	27.471526	93.753705	100.000000	52.759732	47.113949
-100.000000	-55.867018	-100.000000	-100.000000	93.062595	-72.466416
-100.000000	-55.623236	-99.993302	-100.000000	93.028857	-72.467900
-100.000000	-55.830858	-100.000000	-100.000000	92.980484	-72.070757
-100.000000	-56.207065	-99.941012	-100.000000	92.894204	-71.975744
-100.000000	-55.947786	-99.806618	-100.000000	93.138085	-72.111291
-100.000000	-56.065843	-100.000000	-100.000000	93.423750	-72.027980
-95.924169	56.973887	98.254702	100.000000	53.600708	15.418423
-100.000000	-55.437570	-100.000000	-100.000000	92.689975	-72.527781
-100.000000	-55.978303	-100.000000	-100.000000	93.124590	-72.247247
-100.000000	-56.200024	-100.000000	-100.000000	92.802753	-71.908274
-100.000000	-55.731480	-100.000000	-100.000000	92.710567	-72.428971
-100.000000	-55.992125	-100.000000	-100.000000	92.920135	-71.984649
-100.000000	-55.961637	-99.936022	-100.000000	92.753927	-71.975226
-92.973866	84.339195	100.000000	100.000000	53.087289	7.128968
-100.000000	-55.790615	-99.930629	-100.000000	92.810078	-72.136608
-100.000000	-56.037192	-99.965296	-100.000000	93.240813	-72.121878
-83.135482	93.753981	100.000000	100.000000	52.898733	17.764525
-100.000000	-55.923167	-99.992913	-100.000000	93.339386	-72.265310
-100.000000	-56.312264	-99.925040	-100.000000	93.490871	-72.782862
-100.000000	-55.947139	-99.865999	-100.000000	93.208390	-72.181233
-100.000000	-55.614235	-100.000000	-100.000000	92.922100	-72.245574
-77.640892	90.136911	99.825269	100.000000	53.103825	26.297109
-100.000000	-55.711015	-99.830508	-100.000000	93.039846	-72.273712
-100.000000	-56.058162	-99.905864	-100.000000	93.087259	-72.341102
-100.000000	-55.569574	-100.000000	-100.000000	92.495944	-72.286115
-100.000000	-55.528966	-99.985861	-100.000000	93.206078	-72.269213
-100.000000	-55.578267	-99.933114	-100.000000	92.629156	-72.059196
-100.000000	-55.790305	-99.887020	-100.000000	92.972901	-72.087261
-100.000000	-55.945067	-99.947693	-100.000000	92.968012	-72.289487
-85.727792	77.095376	100.000000	100.000000	52.524145	18.115594
-100.000000	-56.239156	-99.700627	-100.000000	93.415194	-72.263596
-89.157780	79.183501	99.215371	100.000000	52.965062	14.433845
-100.000000	-56.163916	-100.000000	-100.000000	93.109258	-72.193041
-100.000000	-55.676850	-99.797031	-100.000000	92.969327	-72.348019
-84.625541	54.080579	100.000000	100.000000	53.124080	32.847793
-100.000000	-56.336453	-99.999273	-100.000000	93.102643	-72.496198
-100.000000	-55.655656	-100.000000	-100.000000	92.820422	-72.007391
-75.399204	99.712058	100.000000	100.000000	53.116715	23.966152
-100.000000	-55.689244	-100.000000	-100.000000	93.290978	-72.107537
-93.220649	62.166771	100.000000	100.000000	51.988390	17.656538
-100.000000	-55.547903	-99.993884	-100.000000	92.828258	-72.295377
-100.000000	-56.082213	-99.753731	-100.000000	93.087410	-72.008556
-100.000000	-55.935699	-99.948691	-100.000000	92.930855	-71.793127
-100.000000	-55.689086	-99.892838	-100.000000	93.191433	-72.739376
-100.000000	-55.982824	-100.000000	-100.000000	93.157618	-72.298756
-100.000000	-55.933605	-100.000000	-100.000000	92.933977	-71.989480
-100.000000	-55.730530	-99.915548	-100.000000	93.314490	-72.480016
-100.000000	-56.288758	-99.913484	-100.000000	92.721540	-71.900546
-100.000000	-55.681865	-99.880346	-100.000000	93.070499	-72.277379
-100.000000	-56.069066	-99.952760	-100.000000	93.124581	-72.323223
-100.000000	-55.975087	-99.982167	-100.000000	93.172866	-72.507342
-67.121863	89.641144	99.804362	100.000000	53.066160	40.430575
-100.000000	-55.665349	-99.932970	-100.000000	92.629227	-72.278905
-100.000000	-56.009040	-99.730763	-100.000000	93.141833	-72.162592
-92.509115	83.862156	99.555046	100.000000	52.398835	8.407345
-100.000000	-55.954907	-99.626869	-100.000000	92.823369	-72.174821
-100.000000	-55.361728	-99.953464	-100.000000	92.864645	-72.291666
-100.000000	-55.720718	-99.917128	-100.000000	93.124935	-72.224557
-100.000000	-55.494033	-99.934643	-100.000000	93.110815	-72.394066
-63.493928	79.513503	100.000000	100.000000	53.162390	50.860329
-100.000000	-56.065722	-99.874803	-100.000000	92.947227	-72.294050
-96.133731	18.162368	74.603494	100.000000	51.858012	20.053686
-100.000000	-55.846180	-100.000000	-100.000000	93.061004	-72.256734
-71.342048	98.352401	99.906474	100.000000	53.130909	30.250831
-100.000000	-55.916427	-100.000000	-100.000000	93.118434	-72.125255
-100.000000	-55.899101	-99.941676	-100.000000	93.030748	-72.415836
-57.449984	96.114229	100.000000	100.000000	53.259322	49.063744
-100.000000	-55.769379	-100.000000	-100.000000	92.931305	-72.486979
-100.000000	-55.948318	-99.791207	-100.000000	93.411281	-72.175258
-100.000000	-55.606659	-100.000000	-100.000000	92.920799	-72.282318
-100.000000	-56.172617	-99.756051	-100.000000	93.448153	-72.214739
-100.000000	-55.639039	-99.938325	-100.000000	93.461588	-72.328561
-100.000000	-55.876453	-100.000000	-100.000000	92.812302	-72.083893
-100.000000	-56.088546	-100.000000	-100.000000	93.069521	-72.312032
-100.000000	-55.906986	-100.000000	-100.000000	92.620312	-72.570040
-100.000000	-55.991962	-100.000000	-100.000000	93.114295	-72.246225
-100.000000	-55.978793	-100.000000	-100.000000	92.535754	-72.253148
-100.000000	-55.753955	-99.885649	-100.000000	92.980367	-72.250179
-100.000000	-55.534099	-100.000000	-100.000000	92.920878	-72.088851
-100.000000	-55.916384	-99.706904	-100.000000	93.100773	-72.232859
-100.000000	-55.777863	-99.915447	-100.000000	93.422610	-72.314415
-100.000000	-56.115595	-99.951074	-100.000000	93.072169	-72.388160
-100.000000	-56.001430	-100.000000	-100.000000	93.403252	-72.201181
-86.934233	84.681821	98.698277	100.000000	53.309930	13.947545
-100.000000	-56.082199	-100.000000	-100.000000	93.129834	-72.347572
-100.000000	-55.624155	-99.963299	-100.000000	93.423199	-72.212606
-68.278942	71.961909	100.000000	100.000000	52.620100	48.319886
-83.524287	81.339025	100.000000	100.000000	53.161432	21.494416
-86.938988	95.229440	100.000000	100.000000	52.984926	9.206603
-100.000000	-55.833689	-99.738957	-100.000000	93.292572	-72.522501
-100.000000	-55.979497	-99.849613	-100.000000	93.342050	-72.181499
100.000000	55.906241	99.993105	100.000000	-93.081998	72.222446
-100.000000	-55.834127	-99.908829	-100.000000	93.299905	-72.415148
100.000000	55.726333	100.000000	100.000000	-93.031782	72.456309
-94.664612	61.030374	98.066132	100.000000	51.475888	10.595802
-100.000000	-55.820448	-100.000000	-100.000000	93.128051	-72.876712
-100.000000	-56.063962	-99.904668	-100.000000	93.232682	-72.232808
-100.000000	-55.976196	-99.886301	-100.000000	93.355086	-72.461771
-76.238517	96.920657	99.558205	100.000000	52.824397	23.560409
-73.153322	77.327235	100.000000	100.000000	53.589723	37.649499
-100.000000	-55.767164	-100.000000	-100.000000	92.890604	-72.088046
-100.000000	-55.895709	-99.545119	-100.000000	92.979297	-72.397112
-100.000000	-55.705017	-100.000000	-100.000000	92.548502	-72.231236
-100.000000	-56.277462	-100.000000	-100.000000	92.938972	-72.258430
-100.000000	-56.050262	-100.000000	-100.000000	93.103261	-72.387386
-92.541613	61.013605	100.000000	100.000000	53.564593	15.989402
-100.000000	-55.694303	-99.972259	-100.000000	92.475700	-72.456773
-100.000000	-55.816915	-100.000000	-100.000000	92.991452	-72.190185
-78.045869	59.228278	100.000000	100.000000	53.080537	40.649274
-69.928275	69.627183	99.998851	100.000000	52.667432	46.325858
-100.000000	-55.851941	-99.981946	-100.000000	93.154411	-72.380371
-100.000000	-55.749852	-99.881603	-100.000000	92.723435	-72.087071
-100.000000	-56.112597	-100.000000	-100.000000	92.541313	-72.423450
-100.000000	-55.564736	-99.940894	-100.000000	93.182331	-72.055541
-60.713892	73.121588	100.000000	100.000000	53.069488	57.300351
-64.384644	77.828563	99.645633	100.000000	52.951868	49.905196
-100.000000	-55.863826	-99.891940	-100.000000	92.595172	-71.763467
-100.000000	-55.729502	-99.962573	-100.000000	92.862940	-72.451327
-80.150930	96.810471	99.570088	100.000000	52.476415	17.378120
-100.000000	-55.837949	-100.000000	-100.000000	92.782521	-72.439215
-100.000000	-56.084672	-100.000000	-100.000000	93.263598	-72.191624
-95.910176	73.964184	100.000000	100.000000	55.704989	5.222790
-100.000000	-55.651290	-100.000000	-100.000000	92.887646	-72.145941
-93.297478	55.746879	99.062846	100.000000	51.386489	19.244097
-100.000000	-55.952157	-99.933637	-100.000000	92.633453	-72.669820
-100.000000	-56.014960	-100.000000	-100.000000	92.510545	-72.042907
-100.000000	-55.520991	-100.000000	-100.000000	93.091181	-72.368890
-100.000000	-55.887565	-100.000000	-100.000000	93.159196	-71.905157
-100.000000	-55.981850	-99.910101	-100.000000	93.308073	-72.342897
-100.000000	-55.624094	-100.000000	-100.000000	92.801580	-72.004075
-100.000000	-55.616438	-100.000000	-100.000000	93.030173	-72.062691
-100.000000	-55.818748	-99.678487	-100.000000	93.254488	-72.006439
-93.399188	85.055423	99.223014	100.000000	53.036186	7.271340
-100.000000	-55.813289	-99.907803	-100.000000	93.170977	-72.428938
-100.000000	-55.528097	-99.778231	-100.000000	93.197972	-72.083452
-100.000000	-55.403794	-99.929007	-100.000000	93.118007	-72.363803
-94.459981	54.999514	100.000000	100.000000	52.248639	19.718023
-64.501349	76.366601	99.766895	100.000000	52.965773	50.643671
-100.000000	-55.787797	-100.000000	-100.000000	93.024407	-72.345768
-85.514042	54.861307	99.168108	100.000000	53.230322	29.252773
-100.000000	-55.909399	-100.000000	-100.000000	93.397530	-72.353439
-77.602288	93.085655	100.000000	100.000000	52.532340	24.136924
-100.000000	-55.973759	-100.000000	-100.000000	92.492975	-72.293634
-100.000000	-55.783794	-100.000000	-100.000000	92.995602	-72.005915
-88.139440	84.231349	100.000000	100.000000	52.230603	9.818368
-71.911346	64.881163	100.000000	100.000000	52.934565	46.085737
-100.000000	-55.970381	-100.000000	-100.000000	92.814287	-72.045375
-100.000000	-55.444257	-99.899386	-100.000000	93.346628	-71.769502
-100.000000	-56.046762	-100.000000	-100.000000	92.614504	-72.195966
-100.000000	-55.865929	-99.757935	-100.000000	92.875775	-72.527195
-100.000000	-56.033412	-99.936455	-100.000000	92.790984	-72.089279
-100.000000	-56.151407	-99.758688	-100.000000	93.348815	-72.385476
-77.879796	68.621126	99.751253	100.000000	53.083616	35.018349
-61.327161	74.570920	99.570976	100.000000	52.758216	56.476601
-100.000000	-55.418482	-99.968666	-100.000000	92.759412	-72.602644
-100.000000	-55.910812	-100.000000	-100.000000	93.241837	-72.261439
-100.000000	-55.606494	-99.800486	-100.000000	92.665971	-71.829431
-100.000000	-55.380645	-99.817650	-100.000000	93.285556	-72.027748
-100.000000	-55.612503	-99.805383	-100.000000	93.172000	-72.235846
-100.000000	-55.710500	-99.945416	-100.000000	93.319903	-72.094758
-84.940260	89.394107	99.632273	100.000000	52.991238	15.709928
-100.000000	-55.942207	-100.000000	-100.000000	93.172718	-72.309569
-100.000000	-55.793750	-99.663615	-100.000000	92.782413	-72.158438
-100.000000	-55.737075	-99.895716	-100.000000	92.774927	-72.390596
-94.297411	43.133595	82.367819	100.000000	51.167056	13.233517
-100.000000	-56.370844	-100.000000	-100.000000	93.229051	-71.763252
-100.000000	-55.976520	-100.000000	-100.000000	92.741330	-72.531729
-100.000000	-55.794349	-99.837413	-100.000000	93.065886	-72.308058
-90.849595	72.468438	100.000000	100.000000	53.614470	14.766672
-64.893700	83.291061	100.000000	100.000000	53.339872	46.820260
-100.000000	-55.699742	-100.000000	-100.000000	92.981148	-72.050907
-100.000000	-55.872313	-99.973737	-100.000000	93.023972	-72.278361
-93.898717	68.172045	98.247828	100.000000	51.582703	13.258905
-100.000000	-55.763572	-99.884370	-100.000000	93.099666	-72.427664
-100.000000	-56.012642	-99.861909	-100.000000	92.881772	-72.170113
-100.000000	-55.556204	-99.634862	-100.000000	93.136498	-72.189881
-100.000000	-55.634419	-100.000000	-100.000000	93.787713	-72.095868
-100.000000	-55.845315	-100.000000	-100.000000	92.938546	-72.184182
-100.000000	-55.512853	-99.882328	-100.000000	93.347002	-71.961285
-100.000000	-55.992013	-100.000000	-100.000000	93.196288	-72.226530
-100.000000	-55.972816	-100.000000	-100.000000	93.142628	-72.045594
-100.000000	-55.827271	-99.955570	-100.000000	92.840833	-72.300507
-88.676097	57.934330	99.864766	100.000000	52.805919	23.707163
-83.624704	53.333715	100.000000	100.000000	53.055720	35.176385
-74.339793	60.600562	100.000000	100.000000	52.724608	43.639234
-100.000000	-55.651578	-99.714371	-100.000000	93.270676	-72.411752
-100.000000	-55.945331	-99.711778	-100.000000	92.897893	-72.643104
-100.000000	-55.766350	-99.995731	-100.000000	92.829745	-72.162174
-100.000000	-56.116560	-99.944528	-100.000000	92.756881	-72.593905
-100.000000	-55.792817	-100.000000	-100.000000	92.678493	-71.914258
-100.000000	-55.880196	-99.707797	-100.000000	92.800685	-72.170845
-100.000000	-56.026915	-99.847836	-100.000000	93.202850	-72.663166
-83.233016	88.857913	98.974971	100.000000	53.084667	15.302736
-100.000000	-55.753411	-99.958669	-100.000000	92.865532	-72.065077
-100.000000	-56.111896	-100.000000	-100.000000	92.563198	-72.292446
-63.955226	97.662126	100.000000	100.000000	52.827865	42.004423
-100.000000	-55.478383	-99.834847	-100.000000	92.819817	-72.387992
-100.000000	-55.427084	-99.979433	-100.000000	93.212523	-72.103524
-100.000000	-56.111781	-99.957480	-100.000000	93.200632	-72.146415
-85.603929	85.817015	100.000000	100.000000	52.838068	14.445771
-100.000000	-56.120786	-99.917016	-100.000000	93.464090	-71.882739
-100.000000	-56.092641	-100.000000	-100.000000	93.162885	-72.305942
-100.000000	-56.130273	-99.803378	-100.000000	92.834062	-72.159493
-81.359031	57.764814	100.000000	100.000000	53.078708	35.890708
-84.107459	66.525710	100.000000	100.000000	52.221388	28.617903
-100.000000	-55.910908	-99.555038	-100.000000	93.171471	-72.343473
-100.000000	-55.815901	-99.925052	-100.000000	93.129745	-72.468480
-84.546822	53.903567	99.763036	100.000000	52.625257	32.430048
-100.000000	-55.718522	-99.883331	-100.000000	92.981254	-72.435412
-100.000000	-55.642643	-99.930685	-100.000000	92.394304	-72.510718
-100.000000	-56.354512	-99.840312	-100.000000	93.308148	-72.384649
-100.000000	-55.440719	-100.000000	-100.000000	93.162297	-72.254715
-100.000000	-55.957885	-100.000000	-100.000000	93.073737	-72.350505
-100.000000	-55.909783	-100.000000	-100.000000	92.417616	-71.882969
-100.000000	-55.603005	-100.000000	-100.000000	93.330660	-72.287884
-75.335187	64.633877	99.975707	100.000000	52.496169	40.738465
-100.000000	-55.890290	-100.000000	-100.000000	92.521218	-72.618378
-100.000000	-55.723376	-100.000000	-100.000000	92.994548	-72.475873
-74.856550	81.676749	100.000000	100.000000	52.658676	32.615259
-91.180987	70.600303	100.000000	100.000000	53.034191	14.761269
-56.526713	93.496243	99.951013	100.000000	53.027621	52.038309
-86.414412	93.370986	99.314350	100.000000	52.538344	10.980503
-100.000000	-55.540486	-100.000000	-100.000000	93.127080	-72.627218
-100.000000	-55.780391	-100.000000	-100.000000	93.062410	-72.244582
-100.000000	-55.647555	-100.000000	-100.000000	92.793919	-72.393462
-100.000000	-55.742120	-99.830935	-100.000000	93.191295	-72.283192
-76.840002	54.710981	99.886588	100.000000	52.147772	43.234181
-100.000000	-55.759423	-99.957875	-100.000000	93.041590	-72.084752
-100.000000	-55.772554	-99.913640	-100.000000	93.608084	-72.537021
-63.611909	80.579650	99.470813	100.000000	52.677645	50.128175
-68.248771	62.682656	99.748631	100.000000	53.041577	52.122523
-78.333079	99.998489	99.789230	100.000000	52.345738	19.170947
-100.000000	-56.132354	-99.972401	-100.000000	92.551704	-72.538502
-80.154851	76.468720	99.265878	100.000000	53.330242	27.206063
-74.292309	59.314994	100.000000	100.000000	52.874496	44.158087
-100.000000	-55.868027	-100.000000	-100.000000	93.299647	-71.994493
-100.000000	-55.560862	-99.995456	-100.000000	93.181111	-72.182585
-100.000000	-55.788803	-100.000000	-100.000000	93.245140	-72.195847
-100.000000	-55.578891	-100.000000	-100.000000	93.017646	-72.296997
-100.000000	-56.164622	-100.000000	-100.000000	93.324020	-72.274116
-100.000000	-55.785154	-100.000000	-100.000000	92.993406	-72.114558
-100.000000	-55.786584	-100.000000	-100.000000	93.346120	-71.961085
-100.000000	-55.872727	-100.000000	-100.000000	92.703687	-72.565127
-100.000000	-55.872095	-99.812063	-100.000000	92.951944	-72.078240
-100.000000	-55.552528	-99.865107	-100.000000	92.645722	-71.915265
-74.835082	59.822356	100.000000	100.000000	53.010903	45.083941
-85.801407	87.362972	100.000000	100.000000	53.090485	12.279380
-100.000000	-55.752108	-99.940071	-100.000000	92.703942	-71.805963
-100.000000	-55.936643	-99.682908	-100.000000	93.205900	-71.988358
-100.000000	-55.943602	-100.000000	-100.000000	92.846041	-72.565847
-100.000000	-55.736598	-99.906955	-100.000000	93.327266	-72.548330
-100.000000	-56.077421	-100.000000	-100.000000	92.893976	-72.314482
-90.709242	67.420629	99.184632	100.000000	50.661424	15.934417
-70.905118	91.667913	100.000000	100.000000	53.267319	35.099003
-100.000000	-55.986315	-99.748618	-100.000000	93.263171	-72.141534
-100.000000	-55.692783	-100.000000	-100.000000	93.077224	-72.359092
-100.000000	-56.092314	-99.956431	-100.000000	92.916538	-72.027733
-100.000000	-56.062439	-100.000000	-100.000000	93.015077	-72.406701
-100.000000	-55.943060	-99.946320	-100.000000	92.927738	-72.251118
-100.000000	-56.037969	-100.000000	-100.000000	93.342769	-72.357122
-95.830336	54.166432	95.753176	100.000000	50.565134	13.621376
-87.542614	61.209836	99.592595	100.000000	53.380626	23.340607
-100.000000	-55.779322	-99.882037	-100.000000	93.123638	-71.997397
-86.769460	54.289043	99.998125	100.000000	52.621852	28.790447
-100.000000	-55.948827	-99.890855	-100.000000	92.438716	-72.277401
-69.629142	92.048465	100.000000	100.000000	52.931354	34.922906
-97.003741	74.212450	99.893994	100.000000	55.201254	7.158609
-90.261783	90.069765	99.330349	100.000000	52.900551	4.150291
-78.349291	86.605985	100.000000	100.000000	52.900942	25.087355
-88.672908	79.808211	100.000000	100.000000	53.290500	14.101474
-100.000000	-55.718442	-99.679651	-100.000000	93.247442	-72.459853
-100.000000	-55.633106	-100.000000	-100.000000	92.906299	-72.278856
-100.000000	-55.831576	-99.885958	-100.000000	93.047506	-72.126071
-66.560559	70.024142	99.525495	100.000000	52.718726	50.517943
-100.000000	-55.984831	-100.000000	-100.000000	92.806383	-71.952293
-100.000000	-56.057869	-99.791392	-100.000000	93.204205	-72.289610
-100.000000	-55.724337	-100.000000	-100.000000	92.974797	-72.465654
-82.045326	53.737708	100.000000	100.000000	52.595806	36.943029
-83.862501	58.956631	100.000000	100.000000	53.707965	31.922785
-100.000000	-55.923477	-99.949746	-100.000000	92.983001	-72.181358
-100.000000	-56.074774	-100.000000	-100.000000	92.800531	-72.212013
-100.000000	-56.047581	-99.961766	-100.000000	93.289102	-72.210704
-83.579977	91.317344	99.618724	100.000000	53.178061	15.672766
-100.000000	-55.874752	-99.968729	-100.000000	92.841214	-72.423881
-89.066842	42.877227	99.737756	100.000000	54.356759	32.037819
-85.964344	95.878790	99.899228	100.000000	52.924620	11.490213
