0.000000	13.830642	61.925261	64.833397	0.000000	0.000000
0.000000	17.072279	31.063469	56.386471	0.000000	16.814603
28.645490	0.000000	16.310595	14.528624	1.313959	7.834644
0.000000	5.748066	91.235364	59.839891	0.000000	0.000000
0.000000	0.000000	22.203080	16.341917	0.000000	8.927499
0.000000	4.120320	60.720889	26.466834	0.000000	9.114866
100.000000	0.000000	10.693433	9.899948	2.320003	9.172536
0.000000	8.126489	16.716096	22.643622	0.000000	0.000000
100.000000	0.000000	70.699908	16.961705	5.916514	43.492582
0.000000	16.406756	100.000000	83.566690	0.000000	3.317434
0.000000	11.197134	0.000000	11.758750	0.000000	24.235505
98.831503	0.000000	19.831167	0.000000	5.804135	13.683290
100.000000	0.000000	26.978018	10.646743	6.821758	14.018215
25.216983	0.000000	62.611702	0.000000	0.000000	0.000000
0.000000	0.000000	51.512086	13.201431	0.000000	15.189595
45.269244	0.000000	63.699732	19.437397	0.000000	0.000000
0.000000	9.745382	39.392677	37.091571	0.000000	0.000000
0.000000	0.000000	61.168901	8.168258	0.000000	0.000000
0.000000	0.000000	6.557571	6.341931	0.000000	8.131410
0.000000	0.000000	45.382169	30.154792	0.000000	0.000000
0.000000	0.000000	26.429685	12.272564	0.000000	16.626302
0.000000	4.535250	100.000000	62.951159	0.000000	0.000000
65.045018	0.000000	34.427970	9.504108	0.000000	23.527039
0.000000	0.000000	10.418012	11.131770	1.182543	17.366817
99.701158	0.000000	16.615191	9.891161	3.074808	11.839677
0.000000	0.000000	23.031134	16.849861	0.000000	9.690827
0.000000	6.660227	65.969452	25.351610	0.000000	0.000000
0.000000	9.381636	30.782119	45.247386	0.000000	8.118387
0.000000	11.688460	85.246355	69.970881	0.000000	0.000000
0.000000	11.424763	100.000000	58.754536	0.000000	0.000000
100.000000	0.000000	25.874739	0.000000	1.584897	21.635454
99.826710	0.000000	63.503635	14.745559	7.444915	35.680732
0.000000	0.000000	57.250503	31.605300	0.000000	0.000000
99.724284	0.000000	17.110094	11.816175	6.943583	7.608250
0.000000	0.000000	39.128968	34.268248	0.000000	0.028562
0.000000	12.632123	71.553722	62.946035	0.000000	13.652813
0.000000	0.000000	9.929463	0.080857	0.000000	7.109391
0.000000	0.000000	20.216857	17.365631	0.000000	8.861585
100.000000	0.000000	28.004133	15.043012	3.226272	15.780103
0.000000	0.000000	5.704660	2.570645	0.000000	36.210695
50.718233	0.000000	26.959985	9.428825	0.000000	0.000000
86.405403	0.000000	14.835999	10.648580	2.663197	13.801080
0.000000	17.632025	82.881304	75.702327	0.000000	0.000000
0.000000	10.326813	97.395423	80.443560	0.000000	9.981749
0.000000	0.000000	22.179038	18.692867	0.000000	7.523773
0.000000	13.016317	97.605094	35.988596	0.000000	6.265418
31.099354	0.000000	85.266532	14.139933	0.000000	0.000000
0.000000	20.630115	63.934697	54.031565	0.000000	1.811049
0.000000	0.000000	46.522668	30.231157	0.000000	14.911460
0.000000	0.000000	100.000000	39.192752	0.000000	0.000000
0.000000	0.000000	39.304051	31.595317	0.000000	5.907994
99.526804	0.000000	13.287697	8.135082	7.449561	9.335733
0.000000	9.978659	10.411946	18.288965	0.000000	5.532837
24.942759	0.000000	68.937715	22.696108	0.000000	0.000000
98.401720	0.000000	28.480484	17.213302	3.634435	12.351320
0.000000	15.765601	55.972764	88.270543	0.000000	3.648836
0.000000	15.488296	54.907484	53.597752	0.000000	0.000000
3.721420	0.000000	38.893247	10.993090	0.000000	7.171052
100.000000	0.000000	13.620683	9.547416	4.575128	0.980267
72.813154	0.000000	30.146903	21.805253	0.945359	16.680575
94.411174	0.000000	18.355725	9.455383	2.490160	14.043315
38.073073	0.000000	14.780833	0.086033	0.000000	11.148271
100.000000	0.000000	17.493516	9.378541	6.822361	14.833064
0.000000	2.324943	0.000000	0.459481	0.000000	27.835956
98.692499	0.000000	22.261866	14.936708	3.976612	0.000000
0.000000	15.359466	85.113977	57.516933	0.000000	0.000000
0.000000	0.000000	15.939661	11.616359	0.000000	6.020103
0.000000	0.000000	30.724928	17.368580	0.000000	0.000000
0.000000	0.000000	10.393718	0.000000	0.000000	20.706350
0.000000	9.904514	42.699952	55.517269	0.000000	8.556436
0.000000	0.000000	21.207050	2.902879	0.000000	18.963580
0.000000	15.707364	17.516141	52.270150	0.000000	5.595281
0.000000	8.419529	96.925816	72.128996	0.000000	4.989801
0.000000	17.274481	28.486488	57.116763	0.000000	0.000000
100.000000	0.000000	16.157554	11.880230	3.214545	13.732716
98.762408	0.000000	37.643106	16.106426	7.554753	10.750520
0.000000	0.000000	61.644426	27.485840	0.000000	0.943855
0.000000	0.000000	18.088835	10.515681	0.000000	10.660679
100.000000	0.000000	18.435061	1.808440	6.710600	22.960843
0.000000	0.000000	31.089162	14.979601	0.000000	0.375447
0.000000	2.861924	10.311624	11.914024	0.000000	0.000000
96.644164	0.000000	15.872254	9.957368	4.231206	6.995936
100.000000	0.000000	16.994149	8.257721	5.511395	13.000865
0.000000	0.000000	96.528359	25.059085	0.000000	11.215711
0.000000	5.210184	65.375502	41.939410	0.000000	0.000000
93.416391	0.000000	26.925735	19.486330	2.517304	0.000000
99.491470	0.000000	16.448053	8.135428	7.045751	11.097171
0.000000	11.452039	86.820444	99.669710	0.000000	38.710471
0.000000	0.000000	90.557695	75.153565	0.000000	28.017932
0.000000	15.026640	100.000000	78.441950	0.000000	0.000000
100.000000	0.000000	15.965595	8.638888	4.503061	5.625390
0.000000	15.895962	44.581609	50.292274	0.000000	6.653266
0.000000	0.000000	24.264742	11.604999	0.000000	1.642900
100.000000	0.000000	14.419247	6.598684	7.046271	9.937708
100.000000	0.000000	32.275656	0.000000	5.309968	14.416129
98.850464	0.000000	25.074060	16.034637	5.639533	9.695686
0.000000	6.946366	4.987846	3.751376	0.000000	12.272285
100.000000	0.000000	13.094725	9.477342	6.186894	14.173023
0.000000	4.733097	32.444738	25.700064	0.000000	8.831158
0.000000	15.627050	80.322135	61.548562	0.000000	10.344010
0.000000	18.138152	45.843327	77.822903	0.000000	33.992247
0.000000	8.589519	92.514526	100.000000	0.000000	20.348044
0.000000	8.394562	23.198614	34.455232	0.000000	13.504558
99.852589	0.000000	21.413845	10.235100	3.528725	14.304353
100.000000	0.000000	15.453776	9.299042	3.087880	4.955128
0.000000	0.000000	22.555625	10.403001	0.000000	23.237172
0.000000	0.000000	17.725298	5.873997	0.000000	8.824192
0.000000	7.606900	22.426180	30.229985	0.000000	0.000000
0.000000	26.528581	95.144778	100.000000	0.000000	10.286932
0.000000	0.000000	21.717547	18.043818	0.000000	6.696774
0.000000	3.611026	28.195161	34.462546	0.000000	0.000000
0.000000	7.897712	81.018100	54.917712	0.000000	0.000000
0.000000	0.000000	65.103080	24.967838	0.000000	7.272228
100.000000	0.000000	46.821488	6.362466	7.235082	39.435277
0.000000	0.000000	0.000000	0.000000	0.000000	57.879335
98.201862	0.000000	28.318341	13.504788	3.913971	8.835614
100.000000	0.000000	34.807984	6.977331	20.138598	16.239938
95.552452	0.000000	29.093789	11.979423	1.900291	0.000000
0.000000	0.220421	31.793442	5.316429	2.817669	24.612309
0.000000	0.000000	17.435453	12.909487	0.000000	5.284150
0.000000	0.000000	25.118440	22.696995	0.000000	0.000000
99.353570	0.000000	17.944262	7.126299	6.224949	16.615580
0.000000	0.000000	17.282661	11.530043	0.000000	9.356867
0.000000	0.000000	10.602113	9.130604	0.000000	0.000000
99.540944	0.000000	15.480504	9.842325	7.041783	15.465358
0.000000	0.000000	19.067100	18.981468	0.000000	0.000000
0.000000	7.517689	30.445866	22.590659	0.000000	11.021689
31.858338	0.000000	38.800050	24.852498	0.000000	0.000000
97.735926	0.000000	15.067719	8.398824	3.126632	14.988648
12.444995	0.000000	54.077232	17.230004	0.000000	0.000000
99.957975	0.000000	22.927553	6.288856	12.812424	16.200302
92.036512	0.000000	16.770637	0.000000	1.321750	30.092515
100.000000	0.000000	16.844499	11.206980	4.826574	11.730666
0.000000	0.000000	38.824873	17.811939	0.000000	6.902166
0.000000	7.631500	97.799122	70.318839	0.000000	5.421850
0.000000	0.000000	29.113363	23.829369	0.000000	30.947075
47.973386	0.000000	12.694347	11.693146	0.000000	8.562103
0.000000	0.000000	61.691227	19.617256	0.000000	1.025019
0.000000	0.000000	22.045643	12.121294	0.000000	0.000000
0.000000	12.142858	5.496178	27.905539	0.000000	8.455667
100.000000	0.000000	23.204784	13.498299	8.601448	0.000000
100.000000	0.000000	20.488021	10.756131	6.062810	11.345192
0.000000	10.587272	14.821301	24.208316	0.000000	0.000000
0.000000	14.947161	11.425302	39.384805	0.000000	18.590440
0.000000	19.947151	47.889777	81.180985	0.000000	11.313848
96.268211	0.000000	17.179835	8.136109	4.769844	7.776848
100.000000	0.000000	17.597132	8.715570	4.605094	9.998148
94.589234	0.000000	19.903435	0.000000	2.790990	16.629580
0.000000	0.000000	57.909120	17.037285	0.000000	7.943407
0.000000	11.085998	100.000000	67.886035	0.000000	0.000000
0.000000	0.000000	15.404138	17.375965	0.000000	10.424644
0.000000	0.000000	42.930487	16.247024	0.000000	8.951883
82.255557	0.000000	19.165648	7.953504	0.000000	15.755642
97.217463	0.000000	16.108666	10.603829	1.989822	3.929955
0.000000	0.000000	11.054330	22.053160	0.000000	0.000000
99.936232	0.000000	19.080853	9.361956	4.239898	10.446454
100.000000	0.000000	24.351363	7.773767	5.911273	8.087589
0.000000	14.291551	94.004771	74.925231	0.000000	0.000000
0.000000	4.658591	36.400527	29.701085	0.000000	11.042923
0.000000	15.104131	2.056973	23.726992	0.000000	13.895098
0.000000	0.000000	50.841963	18.304619	0.000000	0.000000
0.000000	0.000000	30.689725	11.501966	0.000000	17.580408
0.000000	0.000000	23.386415	11.301327	0.000000	18.793504
99.590380	0.000000	9.621531	0.000000	16.473708	13.680413
99.653771	0.000000	24.795833	12.270067	2.817291	13.858727
0.000000	0.000000	15.599753	29.964585	0.000000	12.458243
0.000000	9.287589	13.823672	14.387278	0.000000	0.000000
0.000000	0.000000	48.553145	10.474483	0.000000	6.612695
100.000000	0.000000	29.797114	11.303536	2.599295	20.384861
0.000000	19.501334	97.038945	86.587016	0.000000	9.037313
100.000000	0.000000	36.220631	0.000000	9.599195	17.130463
0.000000	8.092358	79.488478	76.735630	0.000000	8.958064
100.000000	0.000000	69.190955	10.233410	24.369897	0.000000
0.000000	0.000000	65.305984	27.411742	0.000000	0.000000
0.000000	24.286086	12.023222	40.147868	0.000000	1.467891
0.000000	5.918274	32.781654	31.407304	0.000000	7.122620
0.000000	8.962189	34.929936	49.017198	0.000000	7.591349
0.000000	20.414270	52.510827	74.698773	0.000000	5.895529
100.000000	0.000000	13.192580	10.654376	9.519702	5.681805
0.000000	15.504349	48.777473	55.781668	0.000000	10.907620
0.000000	0.000000	48.665721	34.231812	0.000000	2.971798
0.000000	13.197103	13.936781	43.779354	0.000000	0.000000
46.379186	0.000000	30.426982	13.776393	0.000000	18.282030
0.000000	5.454900	100.000000	32.923436	0.000000	0.000000
0.000000	9.167049	96.202979	54.440493	0.000000	10.854552
96.597584	0.000000	29.638702	6.229246	5.222314	4.679082
0.000000	0.000000	86.919413	28.044134	0.000000	7.787566
0.000000	0.000000	46.471498	21.365205	0.000000	4.313507
0.000000	11.847122	100.000000	100.000000	0.000000	0.000000
0.000000	0.000000	25.973954	27.351468	0.000000	6.496843
32.879414	0.000000	37.307501	0.000000	0.000000	14.673123
0.000000	0.000000	30.068196	12.398423	0.000000	0.000000
0.000000	0.000000	10.111975	11.824325	0.000000	9.483551
0.000000	18.670293	89.882419	84.166134	0.000000	0.000000
0.000000	8.475621	100.000000	75.725365	0.000000	0.000000
0.000000	6.235931	15.631391	41.306077	0.000000	20.561671
0.000000	5.352222	45.746675	14.065447	0.000000	13.705497
0.000000	2.756754	11.589827	30.208223	0.000000	24.094182
0.000000	9.529535	66.198467	51.276531	0.000000	0.000000
0.000000	0.000000	96.486605	67.529411	0.000000	11.575786
0.000000	36.731879	98.040240	99.573204	0.000000	9.957659
100.000000	0.000000	18.188785	1.444798	9.582223	14.948476
98.647364	0.000000	27.729981	11.574492	3.366413	2.896616
38.087686	0.000000	44.124286	16.150713	0.000000	0.000000
0.000000	0.000000	51.625314	17.601376	0.000000	0.125266
99.570518	0.000000	20.355643	10.567039	7.269622	14.179840
0.000000	2.998125	69.205996	41.730861	0.000000	0.000000
98.892925	0.000000	19.253320	11.479586	2.221032	9.398080
81.506083	0.000000	16.984194	9.048674	1.739556	8.718502
93.696927	0.000000	15.245760	11.048507	2.263422	8.714266
0.000000	0.000000	31.487665	11.653441	0.000000	10.338879
0.000000	13.532948	12.518402	29.697520	0.000000	0.000000
100.000000	0.000000	16.664322	14.089236	3.909070	0.000000
96.221600	0.000000	32.506188	2.693251	6.715467	19.324170
0.000000	9.529522	34.780886	35.472728	0.000000	0.000000
0.000000	0.000000	100.000000	57.007389	0.000000	0.000000
100.000000	0.000000	22.670120	6.917508	10.459786	17.577394
0.000000	5.830207	20.100409	15.701246	0.000000	9.475045
0.000000	25.439084	95.927878	99.018365	0.000000	9.508105
0.000000	20.028335	15.459273	55.325508	0.000000	7.296776
0.000000	0.000000	33.626928	14.376424	0.000000	16.647938
99.306168	0.000000	20.285237	9.877785	3.719758	11.417307
0.000000	2.053950	26.380797	33.774863	0.000000	12.815453
0.000000	0.000000	30.928356	13.841179	0.000000	8.082799
0.000000	0.000000	17.580367	25.379565	0.000000	21.298181
100.000000	0.000000	18.287975	10.980133	3.230559	15.606690
0.000000	15.896683	15.183315	58.704341	0.000000	8.189423
0.000000	0.975839	27.192839	18.581465	0.000000	11.143228
100.000000	0.000000	19.370269	9.082821	5.025809	13.745593
0.000000	11.374440	70.530264	53.497830	0.000000	0.000000
0.000000	8.623089	77.089093	46.360630	0.000000	5.117344
100.000000	0.000000	27.764267	3.584198	6.659372	18.378216
100.000000	0.000000	24.823288	20.339697	6.712189	0.000000
0.000000	0.000000	42.231784	22.882323	0.000000	3.739799
0.000000	0.851211	19.737767	11.539246	0.000000	13.801901
100.000000	0.000000	16.727790	13.592531	3.350856	7.675271
100.000000	0.000000	25.626142	8.527307	17.947477	12.211482
0.000000	0.000000	60.375656	29.663507	0.000000	0.000000
0.000000	0.000000	14.063240	11.597794	1.404394	1.925443
100.000000	0.000000	15.283699	12.087379	5.751828	8.635130
100.000000	0.000000	19.139361	12.492709	3.087181	11.249196
48.291564	0.000000	13.342002	0.000000	0.000000	14.338031
29.129651	0.000000	88.546648	14.576461	0.000000	33.369328
0.000000	9.707127	23.404753	29.713358	0.000000	7.540827
0.000000	0.000000	30.266605	17.102277	0.000000	6.590764
0.000000	0.000000	55.415037	23.397655	0.000000	5.256139
0.000000	14.169473	0.245770	21.504495	0.000000	1.736325
0.000000	0.000000	22.218915	5.081838	0.000000	27.877772
0.000000	6.845879	25.677246	33.706365	0.000000	25.956582
0.000000	0.000000	20.537062	11.359195	0.872023	6.942219
0.000000	12.126651	43.651148	41.089554	0.000000	3.386743
29.818053	0.000000	18.072277	12.978111	0.000000	10.566700
100.000000	0.000000	22.877840	7.382101	4.865221	6.914520
0.000000	4.214706	61.908987	45.969920	0.000000	0.414076
99.625723	0.000000	73.677244	14.652874	9.233708	52.939350
60.995066	0.000000	95.868546	11.129995	0.000000	9.409009
0.000000	0.000000	22.043311	16.433648	0.000000	8.540603
56.144296	0.000000	12.678350	11.477446	0.000000	8.348164
0.000000	20.601966	99.002502	98.362208	0.000000	0.000000
100.000000	0.000000	16.001419	7.528655	7.946638	10.861782
100.000000	0.000000	24.358843	8.032540	4.541086	7.271477
0.000000	0.000000	46.793892	27.556946	0.000000	7.478278
96.594331	0.000000	21.754933	8.622104	2.847828	18.873318
0.000000	0.000000	37.662107	31.870679	0.000000	8.048847
0.000000	0.000000	81.050255	10.825806	0.000000	0.354176
0.000000	0.000000	48.915827	4.524426	0.000000	6.675788
0.000000	5.184255	100.000000	38.100734	0.000000	0.000000
23.469682	0.000000	52.649532	31.375701	0.000000	0.000000
0.000000	24.293457	82.697107	99.983039	0.000000	0.000000
0.000000	0.000000	35.869481	12.719509	0.000000	6.565647
0.000000	14.235012	78.306002	48.092346	0.000000	6.495601
0.000000	9.042771	36.981421	51.911710	0.000000	7.977592
0.000000	0.000000	40.967593	8.093270	0.000000	33.957236
0.000000	21.120511	73.993353	100.000000	0.000000	19.312802
100.000000	0.000000	53.874189	8.821828	10.153365	38.282842
0.000000	5.456895	78.521551	40.733869	0.000000	5.560421
0.000000	5.037607	17.315825	29.233902	0.000000	6.144831
0.000000	14.984045	95.972507	100.000000	0.000000	6.870204
0.000000	6.671594	95.713752	68.579053	0.000000	11.975557
0.000000	0.000000	55.603788	39.889872	0.000000	4.212134
0.000000	9.503428	93.507363	93.565878	0.000000	18.942872
0.000000	0.000000	3.928023	2.615876	0.000000	25.247893
0.000000	10.400217	57.826174	58.751915	0.000000	0.000000
0.000000	0.000000	18.231075	10.689466	0.000000	4.378287
99.710330	0.000000	21.616773	9.409027	5.576216	5.371926
20.671484	0.000000	18.512528	3.516386	0.000000	20.899401
0.000000	6.930478	100.000000	46.758440	0.000000	0.000000
0.000000	11.093884	36.820421	37.822416	0.000000	6.254260
0.000000	20.574745	23.791603	54.604431	0.000000	9.694692
100.000000	0.000000	16.137095	7.976656	4.799805	10.986898
0.000000	15.285562	44.840622	53.624839	0.000000	11.063277
97.813591	0.000000	17.647897	6.625113	5.468474	8.954033
0.000000	0.000000	37.406703	15.928873	0.000000	4.653852
0.000000	1.916507	26.633684	14.988525	0.000000	13.360701
0.000000	0.000000	45.182949	17.935455	0.000000	0.000000
0.000000	17.874576	100.000000	100.000000	0.000000	0.000000
99.116134	0.000000	14.909983	4.863883	12.485100	7.893491
0.000000	0.000000	24.993773	23.300684	0.000000	8.072754
99.558924	0.000000	27.785419	12.606594	12.271297	6.898153
0.000000	0.000000	22.962643	1.127059	0.000000	1.419443
99.553702	0.000000	16.667308	11.964591	6.048387	9.475081
0.000000	0.000000	39.955434	0.000000	0.000000	16.158607
0.000000	9.335795	34.682432	36.688280	0.000000	0.000000
0.000000	8.646400	100.000000	58.258208	0.000000	0.000000
35.437800	0.000000	77.850278	12.209820	0.000000	64.798552
0.000000	13.158259	0.000000	19.448540	0.000000	14.179154
0.000000	16.512106	72.239458	57.772751	0.000000	7.167086
0.000000	0.000000	6.386162	10.954438	0.000000	7.151410
0.000000	0.000000	30.907042	24.747216	0.000000	7.276832
0.000000	11.348918	16.518526	32.311089	0.000000	7.192935
100.000000	0.000000	18.195144	10.206581	2.944018	12.640949
0.000000	9.438210	3.245002	21.857732	0.000000	5.359705
0.000000	0.302327	12.727695	0.000000	0.000000	11.187418
100.000000	0.000000	18.984238	9.065676	5.033122	12.437407
0.000000	8.639873	98.496638	86.624249	0.000000	5.937290
0.000000	0.000000	19.014224	7.203555	0.000000	21.181497
0.000000	12.867963	74.855399	69.677054	0.000000	11.334105
100.000000	0.000000	29.731461	6.082029	4.768803	14.481569
99.681973	0.000000	28.095658	8.340748	8.344184	19.294739
0.000000	0.000000	0.000000	0.000000	0.000000	15.748244
0.000000	0.000000	15.252067	7.778075	0.544031	9.185814
29.055670	0.000000	55.679613	30.369601	0.000000	0.000000
0.000000	10.828034	55.288286	24.460842	0.000000	6.304866
99.135902	0.000000	17.237423	7.604288	6.048140	9.563396
36.094920	0.000000	37.174132	20.837419	0.000000	10.806627
0.000000	0.000000	23.327830	14.933775	0.000000	8.392337
0.000000	8.440741	100.000000	58.718932	0.000000	0.000000
0.000000	11.502273	82.875407	59.611312	0.000000	5.773539
0.000000	5.949131	31.317016	27.363858	0.000000	3.396073
0.000000	15.963207	8.326769	40.009158	0.000000	3.911475
0.000000	20.985749	41.872650	61.975723	0.000000	13.720085
0.000000	20.712864	12.597931	61.499494	0.000000	16.599543
90.669946	0.000000	17.529395	12.259304	2.213449	4.788740
33.751816	0.000000	24.839782	6.281141	0.000000	27.441363
91.316147	0.000000	12.808595	13.193346	1.829381	7.851343
0.000000	0.000000	17.897952	11.197246	1.512187	13.041527
100.000000	0.000000	53.775888	10.895984	10.326544	37.569828
0.000000	0.000000	84.534393	31.136512	0.000000	9.889670
0.000000	14.281107	36.667875	67.046619	0.000000	16.290065
0.000000	0.000000	100.000000	41.951002	0.000000	6.100256
0.000000	0.000000	12.504965	0.308854	0.000000	9.876899
0.000000	0.000000	16.345845	9.279382	0.984663	14.787299
100.000000	0.000000	24.215743	12.436005	7.931079	0.000000
0.000000	0.000000	27.117584	8.184716	0.000000	0.893261
0.000000	29.922108	86.623269	99.572016	0.000000	4.919301
0.000000	0.000000	61.547226	21.922474	0.000000	4.974365
0.000000	0.000000	57.634665	39.566821	0.000000	12.085460
0.000000	12.880851	100.000000	76.538789	0.000000	2.849864
0.000000	0.000000	47.410536	12.784165	0.000000	3.177588
0.000000	16.505006	7.822152	40.071665	0.000000	9.131954
99.408098	0.000000	10.044213	0.000000	20.013703	18.733658
0.000000	0.000000	48.658487	13.598378	0.000000	0.212295
99.667104	0.000000	24.023218	6.558662	9.975551	21.202173
0.000000	0.000000	42.778315	11.751910	0.000000	4.074556
0.000000	0.000000	14.998378	12.911518	0.356038	0.000000
0.000000	21.170596	49.590895	55.438587	0.000000	2.221008
100.000000	0.000000	15.590259	7.794770	8.065821	15.294311
0.000000	0.000000	39.199325	6.517160	0.000000	12.819897
0.000000	11.588475	23.594155	43.020974	0.000000	0.324584
81.219182	0.000000	14.208566	14.336883	0.439523	10.260769
0.000000	0.000000	13.361836	11.595934	0.000000	9.492806
0.000000	3.789848	17.324620	28.009243	0.000000	18.630043
0.000000	0.000000	20.757601	16.279284	0.000000	6.034594
0.000000	10.858501	0.000000	13.222197	0.000000	21.871173
0.000000	16.854936	30.929533	52.533443	0.000000	9.070608
0.000000	4.856609	23.523250	11.763087	0.000000	7.628625
91.995765	0.000000	46.857930	0.000000	2.667631	20.709119
0.000000	0.462575	53.074402	27.452663	0.000000	9.721059
0.000000	0.000000	26.369694	12.355958	0.561582	15.767809
0.000000	0.000000	35.236169	24.361439	0.000000	42.054019
0.000000	7.859894	92.619694	68.326785	0.000000	20.986985
0.000000	5.536908	44.723541	30.272329	0.000000	6.162756
95.554185	0.000000	16.679411	8.159401	4.880626	10.052181
83.484284	0.000000	16.118537	10.001147	2.346738	15.336211
100.000000	0.000000	27.308366	11.441540	6.961419	10.411068
100.000000	0.000000	26.371255	11.575036	5.651032	0.000000
0.000000	12.530591	29.793491	32.517614	0.000000	0.504255
40.553748	0.000000	100.000000	18.351074	0.000000	0.000000
99.991238	0.000000	46.965992	6.182424	25.138226	17.929183
0.000000	6.625398	95.546689	59.758390	0.000000	5.339855
0.000000	0.000000	24.332437	12.094139	0.000000	9.008040
99.985772	0.000000	20.154235	0.904157	13.168932	26.698204
81.065256	0.000000	15.892759	12.900741	1.567363	9.264788
63.226317	0.000000	17.577418	7.341810	1.245773	19.370904
0.000000	0.000000	24.157023	7.186147	0.000000	13.360564
0.000000	0.000000	87.261859	32.267036	0.000000	15.261719
0.000000	0.000000	62.163917	19.670631	0.000000	7.950794
38.373547	0.000000	51.027192	20.050605	0.000000	13.083819
100.000000	0.000000	35.170780	17.028168	3.267175	0.000000
0.000000	1.840043	40.543167	25.812214	0.000000	8.851516
0.000000	10.493758	100.000000	60.243161	0.000000	0.000000
100.000000	0.000000	48.100804	10.153614	7.681042	34.177674
0.000000	0.000000	39.066048	20.818558	0.000000	0.000000
56.229248	0.000000	95.413301	53.763706	0.000000	10.376892
97.189567	0.000000	15.883623	13.295424	1.105809	11.315119
0.000000	0.000000	14.176541	6.603221	0.000000	10.685452
0.000000	0.000000	23.375758	0.786656	0.180396	28.127897
0.000000	0.000000	17.020642	12.673227	0.000000	13.106193
0.000000	21.787186	51.325809	78.798527	0.000000	16.821706
100.000000	0.000000	61.527833	17.241348	18.944228	0.000000
100.000000	0.000000	26.124297	10.101316	7.457445	0.000000
100.000000	0.000000	36.093730	12.248148	1.950196	22.626722
0.000000	12.058108	13.008063	30.465566	0.000000	10.117038
20.179603	0.000000	28.428700	20.143636	0.000000	5.937292
0.000000	9.695023	17.301497	27.658622	0.000000	5.399417
0.000000	5.300359	89.623701	44.067215	0.000000	3.286747
99.775903	0.000000	18.117307	0.000000	7.116446	16.053836
0.000000	13.903864	46.490081	55.668755	0.000000	5.498471
0.000000	11.044152	67.174008	58.411417	0.000000	8.477858
0.000000	20.080767	18.324637	55.100129	0.000000	5.962349
0.000000	0.000000	44.867341	27.388782	0.000000	3.696354
0.000000	6.838814	0.000000	4.118070	0.000000	0.000000
0.000000	11.446100	30.812042	51.010580	0.000000	16.539319
100.000000	0.000000	47.762895	13.371715	16.354879	0.000000
0.000000	7.453220	15.177088	33.675508	0.000000	12.078807
0.000000	10.113166	15.405914	24.964704	0.000000	3.342090
0.000000	0.000000	27.307878	16.877708	0.000000	5.292301
99.411073	0.000000	79.226341	23.139698	13.518030	25.870247
0.000000	0.000000	27.294184	8.810032	0.000000	2.985106
0.000000	16.057992	15.154986	17.905453	0.000000	1.562652
0.000000	10.321765	100.000000	62.946295	0.000000	0.000000
0.000000	0.000000	24.505136	6.173176	0.000000	0.898947
0.000000	0.000000	22.614854	13.202225	0.000000	9.533106
100.000000	0.000000	40.780732	11.880932	9.048491	19.518809
100.000000	0.000000	15.974888	7.435548	6.191455	12.446117
0.000000	0.000000	14.127673	9.100292	0.000000	10.529430
0.000000	12.531856	10.107796	27.786712	0.000000	0.000000
0.000000	13.536943	19.235743	48.147211	0.000000	10.685034
100.000000	0.000000	35.042172	11.485168	9.169761	16.832001
0.000000	14.002752	96.899770	100.000000	0.000000	5.004631
88.603490	0.000000	28.496006	13.177463	0.000000	7.047311
0.000000	0.000000	85.467349	30.449154	0.000000	8.695268
0.000000	12.606700	16.978884	29.270440	0.000000	12.441052
0.000000	0.000000	22.855851	15.516943	0.000000	7.051793
0.000000	10.868987	13.111779	29.534200	0.000000	12.566882
69.766330	0.000000	23.616283	13.982829	0.000000	6.240935
100.000000	0.000000	53.661493	16.687204	8.961002	20.097581
77.307277	0.000000	16.492967	4.886839	0.000000	16.937275
0.000000	0.000000	7.542023	8.941975	0.000000	14.720148
0.000000	0.000000	28.613996	10.803794	0.000000	20.657554
0.000000	0.000000	14.172135	11.373675	0.000000	0.000000
0.000000	0.000000	97.378347	33.639200	0.000000	7.019144
0.000000	0.000000	31.955195	16.461933	1.281136	9.641628
64.849679	0.000000	18.445988	10.491663	1.681416	9.049521
99.752128	0.000000	48.186026	8.836940	9.216988	29.236129
0.000000	0.000000	97.408174	40.277284	0.000000	9.248663
0.000000	19.006916	11.047217	44.065241	0.000000	6.832236
0.000000	13.032210	35.337793	57.886885	0.000000	5.877847
0.000000	1.385459	12.735714	9.156168	0.000000	1.664069
98.111386	0.000000	23.991034	11.648044	4.431609	11.682832
0.000000	0.000000	45.569188	13.511268	0.000000	0.000000
0.000000	12.356251	61.445104	50.420005	0.000000	6.279745
0.000000	0.000000	100.000000	43.720881	0.000000	0.000000
98.059483	0.000000	17.626968	9.473745	6.081816	12.886456
0.000000	10.267368	10.048664	22.424648	0.000000	7.005839
100.000000	0.000000	30.192329	0.000000	12.038309	11.684004
96.984250	0.000000	16.953831	0.000000	3.319620	17.615197
16.116185	0.000000	21.975856	15.551591	0.000000	17.250895
0.000000	0.000000	93.419369	58.788193	0.000000	19.455130
0.000000	0.000000	15.687351	13.698954	0.000000	15.790048
97.954929	0.000000	24.212897	9.689912	6.749629	6.638256
97.748648	0.000000	19.893344	9.657848	3.699706	8.971481
0.000000	0.000000	16.628254	14.425275	0.000000	3.873555
100.000000	0.000000	52.188700	10.519212	12.451596	30.339155
0.000000	8.959203	92.948602	67.901551	0.000000	21.064458
0.000000	0.426027	28.706886	14.745917	0.000000	6.194521
0.000000	6.671719	15.004805	25.852314	0.000000	8.973753
97.521956	0.000000	12.463182	5.543704	3.307935	15.247710
0.000000	0.000000	17.307994	18.516303	0.000000	0.000000
99.821903	0.000000	29.858401	11.362769	5.115330	8.850370
0.000000	28.186008	14.531863	58.577720	0.000000	2.077255
46.753181	0.000000	23.243581	13.773252	0.000000	16.384349
41.955811	0.000000	27.736634	11.005608	0.000000	25.408246
98.580195	0.000000	15.445406	9.694430	3.682495	8.750329
0.000000	5.766867	20.896303	24.181542	0.000000	17.307880
0.000000	10.220528	0.000000	0.000000	0.000000	17.118435
99.464199	0.000000	15.919493	6.182713	5.122804	13.579432
0.000000	0.000000	20.310979	5.366476	0.000000	13.263710
100.000000	0.000000	25.280655	12.014210	8.231523	0.000000
0.000000	0.000000	17.330025	11.832096	0.301332	6.986443
100.000000	0.000000	23.272265	10.393749	2.324437	12.612734
0.000000	11.775252	77.640540	71.063112	0.000000	0.000000
100.000000	0.000000	37.249390	19.159503	9.959845	0.000000
0.000000	0.000000	13.992327	12.522556	0.000000	7.018916
0.000000	0.000000	43.145597	25.032335	0.000000	6.664546
100.000000	0.000000	22.485832	9.451842	5.170988	0.000000
0.000000	12.111327	8.112680	31.404380	0.000000	5.501989
0.000000	0.000000	54.175538	20.590357	0.000000	0.000000
100.000000	0.000000	28.318741	12.214653	9.207819	0.000000
0.000000	0.000000	28.022955	12.877360	0.000000	6.574843
94.100282	0.000000	13.708534	7.826525	4.425772	13.199639
0.000000	9.327191	60.616071	34.534809	0.000000	6.482946
0.000000	0.000000	14.546623	15.452606	0.000000	12.975320
0.000000	11.836435	54.427469	58.249153	0.000000	0.000000
0.000000	14.127373	93.458324	72.591210	0.000000	20.715529
37.399171	0.000000	94.891627	29.060698	0.000000	15.077754
0.000000	14.801272	97.025828	87.631408	0.000000	8.044139
0.000000	9.051094	6.927645	15.407714	0.000000	6.485660
0.000000	10.808703	23.518240	35.955500	0.000000	9.088925
0.000000	0.000000	26.763784	11.573727	0.000000	13.821301
0.000000	0.000000	37.699100	13.181344	0.000000	15.374176
100.000000	0.000000	16.196612	12.361863	2.751122	9.064935
0.000000	6.614285	49.970707	30.154122	0.000000	6.972316
100.000000	0.000000	39.574456	14.927951	8.078574	12.787293
0.000000	0.000000	80.024519	18.225180	0.000000	2.413943
0.000000	11.115272	14.628579	26.332306	0.000000	6.383927
0.000000	15.030782	95.278222	73.422366	0.000000	6.759892
100.000000	0.000000	21.053008	6.542484	4.154577	13.577183
0.000000	0.000000	99.422863	63.365060	0.000000	5.256145
0.000000	0.000000	97.656386	63.769797	0.000000	2.340744
0.000000	6.686625	98.111620	67.331920	0.000000	7.706800
0.000000	0.062545	67.068671	39.018261	0.000000	3.081397
98.313972	0.000000	17.927410	9.280021	3.541737	8.831422
0.000000	0.000000	20.494272	18.498422	0.000000	0.000000
0.000000	11.220009	100.000000	70.279423	0.000000	0.000000
100.000000	0.000000	46.302475	5.595378	16.021781	0.000000
0.000000	0.000000	79.153780	22.767397	0.000000	7.822552
0.000000	11.372428	96.038526	80.793608	0.000000	10.169761
0.000000	0.000000	26.098955	17.425337	0.000000	0.000000
0.000000	0.000000	27.607679	13.800123	0.000000	0.000000
0.000000	14.662946	93.433876	58.084593	0.000000	0.000000
0.000000	0.000000	17.143533	2.133325	1.202564	10.357289
99.902415	0.000000	40.648315	0.000000	6.874394	53.542081
95.618808	0.000000	15.568548	8.427388	3.294854	8.988451
97.122371	0.000000	36.301285	15.059651	3.602465	13.284954
0.000000	2.199154	30.269135	20.266633	0.000000	5.302354
99.053763	0.000000	13.776350	8.491775	4.560136	11.685938
0.000000	0.000000	65.215423	9.351399	0.000000	61.230427
49.493939	0.000000	100.000000	22.090541	0.000000	0.000000
0.000000	10.558257	36.690984	27.920735	0.000000	4.596035
0.000000	0.000000	66.947574	41.810119	0.000000	16.864748
100.000000	0.000000	27.045253	11.165722	11.135739	0.000000
0.000000	12.025312	30.177571	42.057672	0.000000	9.807178
0.000000	0.000000	23.521233	17.052869	0.000000	8.111795
100.000000	0.000000	17.916520	9.159191	3.399255	16.452613
0.000000	0.000000	19.621270	13.673359	0.000000	7.514647
0.000000	20.421887	58.814423	64.567299	0.000000	8.753223
0.000000	9.312362	81.004558	52.076411	0.000000	12.783340
0.000000	0.000000	100.000000	49.260948	0.000000	4.602536
97.459556	0.000000	31.236322	16.274378	2.035853	0.000000
0.000000	0.000000	30.359501	4.741194	0.000000	3.218868
0.000000	0.000000	63.235599	29.856932	0.000000	10.779538
0.000000	0.000000	15.061633	10.104327	0.966873	21.442067
0.000000	0.000000	34.374655	4.475384	0.000000	8.492901
0.000000	8.510721	70.132529	45.661168	0.000000	0.000000
100.000000	0.000000	32.309976	9.024658	10.917777	0.000000
99.754400	0.000000	30.726492	6.645654	10.754322	16.452890
0.000000	9.937743	96.574133	65.607838	0.000000	5.852812
98.883678	0.000000	17.205919	12.949739	5.321411	10.683484
0.000000	18.984523	94.869095	100.000000	0.000000	11.376566
0.000000	0.000000	21.363307	15.304054	0.000000	3.840099
0.000000	11.835048	74.894157	37.956815	0.000000	9.190233
0.000000	0.000000	21.438833	5.607613	1.135312	15.811842
0.000000	9.770077	12.973887	24.835797	0.000000	5.930783
0.000000	17.234119	23.930221	27.595825	0.000000	1.014773
100.000000	0.000000	33.438547	1.893421	7.286147	25.695456
0.000000	0.000000	17.435678	13.398818	0.000000	3.668335
97.765972	0.000000	26.196272	15.124488	3.455085	0.000000
97.272867	0.000000	18.784119	9.433872	0.000000	5.578126
92.215988	0.000000	19.468635	11.579854	2.735143	0.000000
0.000000	0.000000	21.846302	16.645963	0.000000	6.257278
0.000000	0.000000	22.903930	14.769705	0.000000	15.256017
24.620189	0.000000	44.371936	10.351071	0.000000	12.785640
87.395787	0.000000	18.642129	4.818102	0.000000	10.221614
0.000000	0.000000	18.367973	9.259436	0.000000	11.339211
0.000000	3.773993	11.168107	5.122147	2.287343	15.544831
0.000000	0.000000	53.774784	16.849990	0.000000	5.002868
0.000000	8.318256	23.846690	39.904504	0.000000	5.708739
0.000000	0.000000	27.490837	20.228835	0.000000	12.651722
0.000000	9.799724	88.594339	58.521743	0.000000	13.607919
0.000000	18.051154	0.000000	7.413123	0.000000	19.440388
97.266026	0.000000	24.109202	9.884561	8.519434	3.321145
0.000000	0.000000	97.247739	98.831362	0.000000	8.281163
0.000000	7.733930	21.361413	18.312351	0.000000	0.000000
62.966987	0.000000	42.701001	15.239044	0.000000	8.176326
74.691303	0.000000	35.733896	14.027144	0.000000	11.224864
0.000000	0.000000	14.972807	10.590416	1.295319	9.727756
100.000000	0.000000	20.412826	12.092568	5.989349	11.057781
37.910876	0.000000	30.842158	11.037767	0.000000	18.883283
0.000000	9.606556	64.888575	33.982265	0.000000	0.000000
0.000000	4.824083	54.121917	33.090372	0.000000	0.000000
100.000000	0.000000	59.237780	16.726036	13.305586	0.000000
0.000000	12.823608	97.014760	63.173355	0.000000	9.743846
0.000000	0.000000	17.663092	10.643453	0.000000	6.001957
0.000000	0.000000	61.429258	1.573783	0.000000	7.566785
0.000000	7.392839	42.697446	26.967970	0.000000	0.000000
0.000000	5.499421	33.997624	30.218158	0.000000	3.963679
0.000000	8.493092	51.138232	40.255768	0.000000	8.748167
94.437600	0.000000	22.836861	10.827702	0.000000	7.794267
100.000000	0.000000	16.435106	8.290035	5.511857	12.488762
0.000000	11.375318	80.870425	83.027815	0.000000	3.608040
44.505825	0.000000	33.918682	14.131646	0.000000	0.000000
98.937961	0.000000	28.391163	13.627182	2.604825	17.895656
0.000000	8.763455	18.191416	37.633996	0.000000	30.652821
0.000000	7.724402	27.856145	33.494672	0.000000	0.000000
0.000000	20.132275	11.243058	38.871805	0.000000	0.000000
51.580393	0.000000	70.746946	28.825580	0.000000	13.104621
0.000000	6.948359	64.789448	47.455613	0.000000	0.000000
0.000000	0.000000	19.726031	5.524609	3.157151	7.332276
0.000000	17.467227	22.383507	16.702432	0.000000	4.910165
0.000000	7.726962	58.244591	44.968823	0.000000	0.000000
100.000000	0.000000	17.277111	3.198075	2.789662	7.001857
99.064408	0.000000	71.205531	18.920712	2.279415	32.981262
0.000000	0.000000	26.602128	10.864823	1.077418	24.351512
0.000000	0.000000	23.599460	10.121467	0.000000	22.652923
100.000000	0.000000	17.254183	6.290457	7.261884	15.514600
0.000000	0.000000	24.818603	18.901098	0.000000	12.904869
0.000000	0.000000	18.751301	8.399522	0.000000	11.766691
99.489453	0.000000	16.495424	11.576917	4.173301	10.400867
0.000000	0.000000	40.777992	19.774034	0.000000	6.686247
99.881918	0.000000	17.685199	11.395502	5.921210	7.345135
27.315845	0.000000	47.177171	19.301276	0.000000	0.000000
0.000000	0.000000	13.119666	13.256781	0.000000	7.234994
99.631822	0.000000	12.602370	9.554460	3.608782	11.554369
0.000000	27.765230	38.389472	63.025640	0.000000	2.350354
100.000000	0.000000	19.102037	8.386619	6.530307	11.391621
99.748678	0.000000	17.771140	11.845577	2.823449	5.783955
0.000000	9.651036	37.265480	49.809725	0.000000	7.843898
24.288908	0.000000	25.169915	0.000000	0.000000	22.479073
0.000000	0.000000	19.397989	4.988453	0.000000	24.085591
99.878837	0.000000	22.813039	7.626015	2.825053	0.000000
21.643550	0.000000	0.000000	0.000000	0.000000	21.129824
0.000000	0.000000	30.751002	14.910805	0.000000	9.612286
100.000000	0.000000	37.366509	10.800855	4.062049	11.652564
56.790442	0.000000	26.367001	5.508955	0.000000	14.901797
0.000000	0.000000	95.883347	43.719893	0.000000	6.904589
48.820280	0.000000	16.315815	13.486851	1.265947	8.829323
0.000000	18.060816	24.601746	53.091496	0.000000	0.000000
0.000000	0.000000	26.386340	10.641396	0.000000	18.893088
93.726799	0.000000	31.159097	13.346756	2.203613	11.990680
0.000000	11.006484	16.883951	23.856457	0.000000	0.000000
0.000000	17.062541	30.384077	69.367034	0.000000	3.919954
96.179656	0.000000	42.581072	19.577140	0.000000	5.004027
84.868109	0.000000	17.865639	13.736726	0.923256	5.543695
0.000000	2.213262	48.654017	23.178221	0.000000	13.308304
62.354243	0.000000	98.584928	35.931504	0.000000	9.907430
0.000000	0.000000	59.813197	20.210826	0.000000	29.342725
0.000000	6.141202	0.000000	23.916294	0.000000	2.254260
15.042083	0.000000	100.000000	37.304622	0.000000	0.000000
98.165633	0.000000	24.641337	6.667032	4.235868	0.000000
0.000000	24.754117	98.817049	100.000000	0.000000	9.714605
0.000000	20.800145	0.000000	18.250649	0.000000	27.833994
100.000000	0.000000	15.772632	12.862057	6.192885	6.164396
0.000000	6.876158	13.401042	18.230144	0.000000	7.160987
0.000000	0.000000	15.431323	6.229351	0.000000	17.490547
98.679530	0.000000	15.268056	10.334058	4.372583	13.655878
96.240760	0.000000	31.409210	14.696045	2.328890	14.462934
0.000000	4.876342	46.414429	54.699485	0.000000	15.894525
0.000000	0.000000	0.000000	0.000000	1.906721	25.160294
0.000000	15.039978	80.111482	67.963099	0.000000	0.000000
0.000000	21.264997	63.699110	97.233990	0.000000	16.589914
0.000000	0.000000	47.047084	13.124512	0.000000	0.000000
0.000000	16.191947	9.970627	48.818588	0.000000	17.253743
0.000000	14.721719	18.719554	36.668555	0.000000	0.000000
0.000000	0.000000	0.000000	10.875586	0.000000	29.876739
0.000000	9.069671	0.000000	0.000000	0.000000	11.254820
40.812382	0.000000	16.403622	8.796017	0.000000	9.593094
0.000000	10.400317	6.457071	27.257339	0.000000	4.835830
99.201883	0.000000	17.477545	10.268309	4.463621	13.461563
0.000000	2.283936	21.202622	8.178596	0.000000	5.925168
0.000000	12.812085	0.000000	15.752113	0.000000	20.446270
0.000000	9.660505	62.814746	39.532599	0.000000	5.180675
99.695209	0.000000	25.933135	9.448593	4.159065	13.628533
100.000000	0.000000	18.486244	0.000000	4.186437	13.623053
0.000000	8.277144	23.498433	24.900777	0.000000	7.164956
0.000000	0.000000	28.871176	11.391477	0.000000	6.942895
0.000000	0.000000	21.286439	10.858041	0.000000	19.027084
0.000000	8.354475	93.418827	45.639374	0.000000	9.400672
0.000000	16.509640	87.781021	68.900690	0.000000	0.000000
0.000000	5.935630	63.794845	59.285689	0.000000	24.523096
0.000000	0.000000	30.594587	6.153920	0.000000	29.457790
0.000000	12.379070	63.110732	59.220163	0.000000	5.830339
0.000000	15.382390	67.239479	53.406618	0.000000	5.912141
0.000000	0.000000	25.379358	9.124772	0.243349	13.204741
89.985610	0.000000	15.217889	10.109816	2.254703	10.364054
0.000000	0.000000	8.468062	15.799158	0.000000	0.000000
0.000000	0.000000	51.623524	14.428405	0.000000	12.926548
0.000000	0.000000	29.395014	16.097130	0.000000	1.578175
99.223130	0.000000	24.479796	6.904918	13.554379	8.228752
0.000000	0.000000	29.358476	29.465709	0.000000	0.889872
0.000000	0.000000	66.132847	31.655465	0.000000	0.950211
88.179934	0.000000	16.790212	5.694331	2.629992	17.416866
0.000000	10.617383	39.654173	56.833101	0.000000	7.044519
33.672351	0.000000	20.385699	18.829318	0.000000	8.800610
73.775925	0.000000	23.527759	8.198797	0.000000	20.259326
99.797580	0.000000	26.135015	0.000000	7.881052	36.617914
0.000000	0.000000	25.037464	18.487447	0.000000	0.000000
0.000000	14.643779	95.761998	83.258891	0.000000	9.355798
0.000000	26.029651	16.964152	60.056568	0.000000	0.000000
0.000000	8.405412	19.908689	19.941671	0.000000	7.987066
0.000000	10.246909	0.000000	20.599255	0.000000	17.687813
0.000000	6.018250	48.416905	53.354140	0.000000	0.000000
100.000000	0.000000	40.523317	18.727353	6.948676	0.000000
100.000000	0.000000	17.874153	9.602004	6.479177	12.543692
0.000000	10.937005	46.957029	53.345245	0.000000	8.885496
0.000000	0.000000	39.872292	26.387095	0.000000	6.756849
0.000000	0.000000	20.312143	15.517016	0.000000	7.856672
0.000000	1.070197	25.990022	2.684966	0.000000	3.544048
0.000000	9.188712	67.662017	52.472916	0.000000	4.972723
0.000000	0.000000	22.836208	19.602483	0.000000	3.109109
0.000000	0.000000	32.981950	15.687112	0.000000	0.000000
0.000000	6.215949	22.108095	18.834687	0.000000	2.751599
0.000000	10.888872	100.000000	53.635798	0.000000	0.000000
97.629248	0.000000	13.688213	10.756010	7.051381	12.372679
0.000000	11.462052	65.865103	85.687908	0.000000	21.071244
0.000000	0.000000	17.024479	6.702361	0.000000	20.991439
16.649098	0.000000	31.833226	11.529022	0.000000	0.000000
100.000000	0.000000	49.672601	7.461412	10.710635	31.158261
99.627117	0.000000	24.432746	5.772784	11.856882	12.699293
0.000000	13.970271	44.260539	59.441968	0.000000	0.000000
0.000000	12.600480	36.435422	45.414947	0.000000	12.769096
0.000000	0.000000	20.547736	13.309633	0.693584	3.366423
40.246621	0.000000	47.660426	0.000000	0.000000	65.063984
0.000000	10.820348	85.496639	66.321963	0.000000	0.000000
100.000000	0.000000	14.166067	10.267214	6.137927	12.306359
0.000000	14.144274	19.731065	46.414727	0.000000	0.854826
22.259595	0.000000	64.726313	19.561984	0.000000	0.000000
100.000000	0.000000	34.674990	0.000000	9.870183	0.000000
0.000000	0.000000	25.736209	19.114336	0.000000	0.000000
0.000000	0.000000	19.884224	13.447434	1.903515	9.249579
0.000000	5.350400	16.816184	23.279118	0.000000	6.431300
0.000000	0.000000	72.146957	16.868076	0.000000	12.352100
99.453454	0.000000	16.701924	3.190247	3.218354	7.881234
0.000000	10.163601	28.300201	22.191437	0.000000	0.000000
0.000000	0.000000	100.000000	56.928773	0.000000	0.000000
94.731456	0.000000	21.435862	9.347757	3.169992	8.821008
92.307853	0.000000	19.700369	13.633947	2.245626	12.382620
100.000000	0.000000	15.361929	9.898098	2.822832	11.209253
27.511012	0.000000	30.310633	14.148593	0.000000	0.000000
0.000000	6.722655	54.675958	41.911444	0.000000	0.000000
0.000000	16.317943	33.687575	59.829036	0.000000	4.920396
48.867400	0.000000	76.143557	15.957520	0.000000	4.871818
0.000000	0.000000	80.816230	41.519169	0.000000	5.668986
0.000000	15.305050	34.329346	34.218361	0.000000	4.161542
0.000000	0.000000	18.040559	2.736970	0.000000	24.782964
89.422377	0.000000	15.166749	11.001596	2.185646	3.328215
0.000000	0.000000	15.558542	3.381672	0.000000	12.510844
99.430519	0.000000	20.399699	9.507118	9.179970	8.481722
100.000000	0.000000	15.672639	6.006913	6.454698	15.263365
0.000000	16.458250	10.370599	43.844034	0.000000	8.756816
0.000000	0.000000	14.682112	11.343636	0.932616	11.496758
100.000000	0.000000	29.023398	11.859655	18.645852	0.000000
0.000000	0.000000	11.260097	9.570510	0.000000	3.646189
98.623959	0.000000	31.341766	15.760589	3.674600	0.000000
0.000000	0.000000	100.000000	40.184154	0.000000	0.000000
33.882345	0.000000	100.000000	13.922953	0.000000	0.000000
0.000000	14.799872	9.707657	39.394209	0.000000	10.378135
0.000000	1.764472	29.202655	25.173950	0.000000	5.046696
99.695964	0.000000	19.215924	6.756264	5.094621	12.170035
0.000000	0.000000	0.000000	5.559885	0.000000	23.498637
100.000000	0.000000	10.982002	7.386337	8.796051	0.000000
0.000000	7.328056	33.331097	30.165673	0.000000	8.083907
24.339750	0.000000	100.000000	51.016849	0.000000	0.000000
0.000000	13.228445	95.647126	98.349655	0.000000	8.164089
0.000000	0.000000	22.938328	23.376774	0.000000	0.000000
0.000000	3.572283	40.341340	19.239307	0.000000	12.244793
95.152989	0.000000	28.715316	9.406063	1.780805	16.382141
0.000000	12.381244	79.892007	56.523769	0.000000	5.356281
0.000000	7.994104	97.746245	56.151130	0.000000	3.669041
0.000000	1.988960	0.464772	20.888564	0.000000	26.874278
0.000000	0.000000	23.145790	38.367829	0.000000	37.056534
99.371549	0.000000	19.257482	10.004649	5.397087	13.096482
0.000000	0.000000	22.756508	12.880055	0.000000	1.023489
99.361351	0.000000	25.112470	9.353254	6.783084	15.658242
0.000000	0.000000	13.691117	10.628170	1.280207	8.529114
0.000000	0.000000	39.222766	15.102446	0.000000	13.399906
0.000000	0.000000	12.373794	17.845361	0.000000	8.082855
0.000000	0.000000	9.674407	29.515081	0.000000	5.646611
0.000000	0.000000	13.585878	11.686449	1.563979	9.751996
0.000000	8.272434	97.288937	51.359329	0.000000	0.111249
0.000000	0.000000	38.987324	15.221483	0.000000	19.403174
0.000000	0.000000	8.048925	6.764976	0.000000	12.781271
0.000000	8.484529	86.024620	100.000000	0.000000	41.878959
99.958258	0.000000	25.332400	8.651585	6.106102	11.383054
0.000000	0.000000	21.607329	14.755950	0.672753	4.739049
99.717266	0.000000	73.770530	0.000000	11.631707	21.274100
22.220782	0.000000	74.271709	20.306160	0.000000	17.108927
94.703437	0.000000	85.685205	66.575759	0.000000	0.820936
99.446483	0.000000	43.477197	18.655758	3.658543	0.000000
99.433378	0.000000	18.220117	8.131866	6.651299	13.410190
0.000000	0.000000	9.646979	5.075876	0.000000	12.659696
0.000000	0.000000	27.293207	11.574887	0.000000	3.397324
0.000000	9.103371	100.000000	62.673994	0.000000	0.000000
0.000000	0.000000	34.632052	19.595350	1.197250	4.935445
0.000000	0.000000	13.527479	10.002127	0.000000	13.080912
100.000000	0.000000	13.670816	8.565522	2.827489	12.349468
100.000000	0.000000	40.806800	0.000000	8.032436	9.013216
0.000000	2.756599	100.000000	32.009629	0.000000	0.000000
0.000000	0.000000	12.045349	6.384549	0.000000	25.898667
0.000000	0.000000	13.843592	10.781581	0.000000	4.012897
99.553495	0.000000	54.613090	0.000000	15.295584	12.505612
0.000000	16.851808	99.546113	99.459452	0.000000	3.954270
0.000000	0.000000	45.676509	8.433396	1.663359	49.206050
88.770777	0.000000	14.282245	8.219644	2.507381	6.530702
100.000000	0.000000	24.430028	4.961740	7.588361	18.191140
0.000000	9.503692	44.028874	51.449048	0.000000	1.312532
100.000000	0.000000	13.660673	8.575897	7.082789	14.729789
0.000000	0.000000	60.582777	31.630315	0.000000	0.000000
0.000000	20.735589	12.432225	43.864719	0.000000	6.726124
0.000000	0.000000	23.592618	14.455896	0.000000	12.693818
0.000000	9.022725	50.416631	39.140126	0.000000	8.877303
0.000000	0.000000	59.371421	29.548949	0.000000	2.486135
44.973376	0.000000	72.051237	18.721507	0.000000	26.403522
0.000000	14.616080	74.067337	59.291242	0.000000	10.523565
0.000000	0.000000	14.878875	7.912981	0.000000	7.088612
100.000000	0.000000	48.318973	0.000000	8.786432	17.536540
100.000000	0.000000	30.990461	8.942828	10.767265	9.386889
0.000000	0.000000	40.711051	29.978880	0.000000	9.553286
99.737142	0.000000	18.833779	10.799754	5.005075	11.797580
95.544854	0.000000	14.856491	13.605444	2.753707	6.312009
96.719163	0.000000	15.765539	9.756663	4.544108	5.510014
0.000000	0.000000	28.389025	1.949961	0.000000	43.110684
0.000000	0.000000	33.778289	16.951244	0.000000	19.121021
99.960970	0.000000	12.027007	2.533460	3.315602	0.000000
99.810260	0.000000	23.668025	15.203955	4.656455	9.322055
0.000000	0.000000	25.455560	7.402932	0.000000	17.037816
0.000000	0.000000	33.227740	15.023274	0.000000	19.560521
96.170483	0.000000	23.779448	7.872929	0.000000	0.944176
0.000000	0.000000	50.649277	30.368435	0.000000	7.250173
0.000000	0.000000	19.093628	0.276972	0.000000	22.761573
0.000000	16.970576	95.676009	93.644086	0.000000	13.774650
0.000000	3.953976	13.883152	22.293492	0.000000	7.222273
0.000000	6.147902	96.388185	38.826069	0.000000	10.325142
27.425513	0.000000	25.638758	7.294289	0.000000	18.907356
0.000000	0.000000	46.174762	7.446486	0.000000	27.259506
0.000000	1.362489	31.218462	34.348285	0.000000	0.639494
99.802208	0.000000	19.937439	12.160468	4.607584	12.093908
99.500114	0.000000	22.266576	9.105536	5.855752	14.114408
0.000000	0.000000	23.795378	14.634878	0.000000	9.666451
78.073783	0.000000	16.574305	11.060523	1.601135	8.396138
0.000000	3.836080	96.459598	60.006285	0.000000	13.273182
0.000000	0.000000	34.507810	15.590263	0.736027	8.312292
0.000000	0.000000	24.635632	12.613416	0.000000	5.650132
100.000000	0.000000	15.366403	10.895763	5.114437	13.129857
0.000000	12.369597	38.688679	45.984168	0.000000	5.857124
98.614571	0.000000	35.307818	18.425837	2.834456	14.619923
78.194988	0.000000	29.962606	14.423819	0.105061	16.680967
0.000000	0.000000	12.895081	13.925273	0.439013	2.963968
0.000000	3.309223	81.900302	50.967776	0.000000	3.654413
0.000000	0.000000	13.024833	9.767338	0.000000	8.774565
100.000000	0.000000	29.443097	0.385411	11.772428	0.000000
95.895246	0.000000	31.653035	12.231753	1.799658	9.865825
41.313976	0.000000	24.693787	13.793873	0.000000	18.714850
0.000000	10.075367	100.000000	95.608112	0.000000	0.000000
0.000000	10.095558	29.701148	38.087067	0.000000	10.061114
0.000000	8.765577	60.478756	44.084119	0.000000	0.000000
0.000000	0.000000	39.931244	1.743004	0.000000	12.943593
0.000000	0.000000	46.657678	40.308543	0.000000	8.480015
0.000000	0.000000	90.920477	38.471429	0.000000	2.745969
0.000000	9.529086	11.246618	34.944685	0.000000	4.154042
100.000000	0.000000	25.510781	12.676533	9.082340	0.000000
76.893773	0.000000	13.424242	8.750873	1.339384	11.399659
47.220499	0.000000	99.112240	47.125772	0.000000	8.029110
0.000000	10.601836	85.597222	66.053264	0.000000	25.923505
97.352200	0.000000	15.615460	13.369234	3.266109	6.705204
0.000000	0.000000	100.000000	56.168254	0.000000	0.116740
0.000000	0.000000	11.836943	6.702740	0.000000	9.782725
100.000000	0.000000	14.919096	9.847668	8.692201	11.122624
0.000000	9.765287	100.000000	74.708005	0.000000	0.000000
0.000000	0.000000	22.830801	6.857016	0.000000	15.316570
100.000000	0.000000	29.885696	9.522175	3.492276	11.309515
0.000000	14.350418	0.000000	17.735544	0.000000	15.648090
99.927067	0.000000	27.386004	9.604558	5.131440	15.223603
99.037480	0.000000	14.540961	1.613023	13.548318	12.299034
100.000000	0.000000	33.342688	15.832096	8.221723	0.000000
88.776578	0.000000	17.755673	9.892107	1.497842	9.269889
0.000000	0.000000	98.997261	54.194073	0.000000	8.975081
0.000000	7.925141	18.479240	25.740049	0.000000	3.192408
0.000000	0.000000	98.623597	33.980859	0.000000	7.560893
0.000000	0.000000	71.680086	22.207938	0.000000	4.272502
0.000000	0.000000	13.463409	13.473078	0.000000	4.732129
0.000000	11.170353	81.532372	63.052210	0.000000	5.575395
0.000000	9.181005	62.286090	57.608165	0.000000	3.802361
100.000000	0.000000	29.346140	13.291378	5.821832	0.000000
100.000000	0.000000	55.082751	12.083284	9.977665	25.604665
0.000000	0.000000	16.881486	5.415246	0.573478	13.185685
69.122531	0.000000	29.127433	19.269407	0.000000	0.000000
100.000000	0.000000	16.026308	9.412645	7.099761	10.019758
0.000000	0.000000	28.462168	26.116614	0.000000	24.210495
0.000000	12.028831	100.000000	100.000000	0.000000	0.000000
100.000000	0.000000	12.511144	7.633064	3.441764	12.303397
0.000000	3.655547	9.815551	24.220962	0.000000	7.959727
0.000000	18.879401	52.139413	39.311557	0.000000	7.816258
100.000000	0.000000	33.563429	7.564797	6.530220	7.111145
0.000000	0.000000	69.656778	22.673145	0.000000	3.786584
42.528269	0.000000	26.582791	7.580763	0.000000	6.888752
0.000000	0.000000	32.680088	21.159854	0.000000	8.216017
0.000000	0.000000	84.070540	46.659563	0.000000	6.247759
0.000000	12.068813	99.896299	60.864503	0.000000	4.691905
100.000000	0.000000	70.404042	10.101508	7.820158	54.264035
100.000000	0.000000	19.877861	6.963225	7.496430	16.814998
0.000000	0.000000	97.174662	58.535946	0.000000	5.222497
97.808747	0.000000	15.797528	5.906049	5.874648	21.749913
0.000000	9.813396	67.043453	39.085971	0.000000	5.059292
100.000000	0.000000	14.991813	6.561455	4.897446	12.435645
0.000000	0.000000	98.624521	70.508847	0.000000	3.778936
37.320547	0.000000	31.949594	43.458753	0.000000	51.744506
80.221783	0.000000	18.524974	10.296988	0.855744	6.000784
0.000000	0.000000	96.550884	43.072887	0.000000	8.527433
0.000000	10.682378	93.951701	64.642729	0.000000	5.841981
0.000000	0.000000	34.436586	12.654674	0.000000	11.782844
0.000000	7.531066	100.000000	69.778077	0.000000	0.000000
0.000000	4.426695	28.915015	29.405065	0.000000	5.786506
0.000000	0.000000	19.785704	7.822475	0.000000	4.515687
0.000000	0.000000	54.864683	19.507218	0.000000	5.336757
100.000000	0.000000	63.713766	17.076842	8.283659	23.775960
0.000000	9.433322	100.000000	71.986333	0.000000	0.000000
0.000000	0.000000	30.096640	9.293391	0.000000	17.026305
97.475702	0.000000	18.845260	10.320754	1.951165	14.140810
0.000000	6.148850	23.094780	23.990586	0.000000	9.962400
0.000000	0.000000	14.732887	16.437952	0.000000	8.072465
0.000000	0.000000	44.065227	28.708462	0.000000	6.919451
0.000000	18.992005	100.000000	100.000000	0.000000	0.000000
0.000000	0.000000	41.448322	11.124135	0.000000	9.474544
0.000000	0.000000	49.944437	25.217549	0.000000	0.000000
15.103891	0.000000	82.166467	29.721035	0.000000	0.000000
0.000000	0.000000	100.000000	49.177615	0.000000	0.000000
88.372929	0.000000	99.921646	41.635956	0.000000	4.722802
100.000000	0.000000	17.862707	10.746555	3.319894	11.452887
97.608715	0.000000	14.921088	8.744873	4.076187	0.000000
99.652318	0.000000	17.426496	9.222033	10.402024	9.558294
0.000000	16.801111	12.056061	39.256750	0.000000	5.175156
0.000000	15.591242	17.771202	50.034572	0.000000	1.142989
0.000000	0.000000	59.780605	46.257201	0.000000	15.030301
23.977271	0.000000	22.766575	13.689427	0.000000	0.000000
0.000000	16.492323	37.289191	47.216847	0.000000	7.365437
97.988521	0.000000	91.088423	17.492932	0.000000	8.940080
0.000000	13.466828	100.000000	69.690023	0.000000	0.000000
0.000000	0.000000	26.399994	6.674482	0.658797	6.624344
0.000000	14.285592	25.222097	28.492075	0.000000	2.106141
0.000000	7.625040	100.000000	74.719486	0.000000	0.000000
0.000000	6.903715	100.000000	100.000000	0.000000	0.000000
99.401092	0.000000	16.611901	9.353715	5.439359	9.117395
0.000000	7.348042	56.658119	42.324703	0.000000	10.474510
0.000000	10.263832	90.454982	70.080533	0.000000	0.000000
0.000000	16.503239	26.342360	54.032020	0.000000	3.538925
0.000000	9.878351	100.000000	64.292392	0.000000	0.000000
17.897996	0.000000	100.000000	51.914180	0.000000	0.000000
0.000000	8.504263	72.707754	58.331127	0.000000	0.000000
69.895707	0.000000	71.329585	26.256683	0.000000	9.196460
0.000000	12.052923	54.071501	64.056322	0.000000	0.000000
0.000000	0.000000	97.660396	60.672461	0.000000	6.048781
100.000000	0.000000	16.628192	10.460088	2.491863	8.037735
0.000000	24.519912	74.849890	56.285168	0.000000	1.671931
0.000000	26.977809	27.769953	84.542394	0.000000	4.744268
100.000000	0.000000	19.129967	7.992235	2.495178	14.507664
100.000000	0.000000	16.336960	8.471294	5.149653	8.324333
100.000000	0.000000	38.160197	11.945648	15.228629	0.000000
0.000000	0.000000	46.807970	17.818613	0.000000	30.965935
0.000000	9.356672	95.777743	52.326828	0.000000	12.951289
0.000000	10.046151	50.052531	43.927750	0.000000	9.913069
0.000000	16.120125	13.315151	47.000702	0.000000	5.943009
0.000000	5.997180	12.645151	7.880521	0.000000	2.817587
0.000000	11.182771	79.142284	55.518808	0.000000	7.696018
0.000000	17.292902	68.448806	71.678125	0.000000	3.503248
100.000000	0.000000	13.276450	11.760111	0.285901	15.360477
100.000000	0.000000	27.726898	15.392329	6.735494	0.000000
0.000000	0.000000	54.084127	32.641791	0.000000	7.797319
83.917988	0.000000	33.810031	12.119232	0.000000	26.891368
0.000000	4.133557	8.791896	17.351888	0.000000	5.650006
49.730582	0.000000	16.878262	11.618409	0.000000	11.630327
0.000000	0.000000	81.919589	15.531358	0.000000	8.296057
0.000000	0.000000	26.918848	16.534667	0.000000	13.931230
0.000000	0.000000	66.518902	23.289285	0.000000	11.740006
0.000000	12.396191	96.645137	68.129014	0.000000	4.418071
0.000000	16.417731	100.000000	69.922831	0.000000	0.000000
0.000000	7.610637	74.522558	36.757862	0.000000	0.000000
94.234006	0.000000	25.453844	10.631198	2.039712	7.513742
0.000000	18.564672	64.088188	75.605726	0.000000	5.335610
47.382254	0.000000	32.969786	11.580932	0.000000	22.698189
94.554178	0.000000	13.369978	8.329526	3.525525	10.508156
0.000000	10.321908	14.773346	22.898706	0.000000	0.000000
0.000000	0.000000	33.729102	16.997328	0.000000	0.000000
100.000000	0.000000	25.200815	13.549241	11.444524	0.000000
0.000000	0.000000	13.332490	11.224666	0.000000	9.872369
99.923428	0.000000	27.362505	9.530931	6.366892	15.977221
0.000000	0.000000	21.709916	13.103944	0.000000	6.809467
47.246738	0.000000	62.606147	13.173636	0.000000	0.000000
0.000000	14.658317	22.772836	47.294538	0.000000	19.588292
41.226759	0.000000	22.460346	10.927709	0.000000	25.574143
99.768661	0.000000	30.856197	0.000000	3.288583	14.705900
0.000000	8.435903	29.532648	44.384348	0.000000	4.836535
0.000000	5.361572	13.294634	11.537402	0.000000	1.318806
99.160728	0.000000	29.518051	1.823716	19.191971	14.161926
0.000000	0.000000	50.549524	38.690216	0.000000	8.628411
0.000000	0.000000	55.395896	0.000000	0.000000	0.000000
0.000000	0.000000	19.417925	9.745209	0.000000	15.489673
0.000000	0.000000	14.269915	10.963438	0.853817	5.707648
99.931283	0.000000	23.823516	5.792202	6.043221	18.632941
60.985903	0.000000	16.347001	10.024415	1.237692	9.500027
0.000000	5.171234	19.381113	33.053216	0.000000	9.399719
0.000000	0.000000	33.118665	12.000847	0.000000	3.615540
0.000000	0.000000	96.455860	36.065351	0.000000	12.973326
0.000000	0.000000	28.183753	28.840880	0.000000	0.000000
0.000000	0.000000	16.692673	11.264251	0.000000	9.678599
99.952395	0.000000	31.532284	0.000000	11.543094	17.174862
0.000000	14.581939	24.011778	38.183678	0.000000	5.620993
0.000000	0.000000	19.695686	11.175197	0.440636	14.525276
97.717955	0.000000	13.058550	11.449223	4.152197	12.220777
0.000000	3.195227	64.089566	54.648360	0.000000	9.951942
