5.653685	5.460936	12.162660	1.520723	-5.856594	7.596415
100.000000	3.995047	11.285165	22.917531	17.406681	-0.442615
100.000000	1.287841	15.256035	8.376472	0.942006	7.036430
25.231647	-12.335220	39.537547	24.960163	-2.151920	9.787065
-17.575817	27.750210	29.021811	65.381933	0.850243	2.534919
99.688558	-8.421238	39.498711	4.985081	10.091520	22.669916
-64.680740	-0.805342	28.928435	13.133757	4.911649	17.853041
99.724278	-5.840323	42.516996	23.025983	-7.428167	16.970314
100.000000	-0.609482	8.814425	14.124706	0.652542	11.043190
-5.907078	-3.045125	95.427018	67.967859	-4.209806	11.342911
100.000000	3.904890	19.957832	7.784578	5.719984	4.314922
-34.074131	17.261025	-7.646190	57.134262	-1.186795	28.367942
-4.185859	-22.074255	-17.919823	52.595141	-5.103312	14.865729
97.427218	4.567255	16.767116	11.277253	3.562353	12.675979
9.475339	7.493517	47.115325	23.005168	-9.619060	0.035361
-26.733586	-4.997625	99.040806	89.877626	-3.748776	7.932257
2.864053	-2.043266	31.609171	30.526711	-2.269648	-6.032962
20.522547	-8.568372	97.927427	56.595284	-5.445291	3.994504
-13.171571	-5.405170	16.875960	35.120866	2.025572	10.220416
98.155551	3.910487	22.232662	22.568943	-15.635185	31.751465
2.282126	4.961781	65.961438	56.454465	-9.265065	2.347840
98.267666	1.682942	20.150253	12.118918	2.943431	12.345426
22.235647	10.645129	13.620936	6.964099	-3.483402	0.753807
-13.995110	-1.629394	77.100447	25.671156	-5.623222	7.764229
11.785686	8.288107	35.709950	3.147477	-3.856229	7.707031
-19.855733	-4.698293	65.703186	64.232971	-23.155969	10.089776
-38.318186	4.103616	37.137532	10.435160	-5.251818	10.571907
9.833225	3.819134	5.151087	10.788667	0.328308	7.511804
100.000000	5.308204	27.745016	12.041673	8.130207	9.745475
-5.797776	-9.131684	83.800492	40.988190	6.299886	6.363480
-8.702787	6.507022	96.331825	24.245696	-8.147785	6.406372
-6.970028	10.002481	100.000000	33.275191	-12.915507	5.602363
-19.766395	-6.515791	14.646007	45.762358	-2.460827	1.287089
-23.183990	0.318713	58.675714	55.734011	-9.692090	12.148016
100.000000	-4.537803	19.782947	12.732156	-3.117483	9.551188
21.836418	-1.399899	25.147452	9.770997	-10.520900	-1.242035
100.000000	-2.467875	26.823874	3.745019	4.595327	10.103606
36.933914	6.658753	13.529815	8.915443	2.367173	3.137060
-2.720481	-5.122642	62.353352	46.942171	3.160610	8.962971
-28.812191	0.657393	91.346502	99.197824	6.257943	11.382848
3.066839	4.125849	96.180299	18.746318	-4.635255	2.994654
99.341993	3.211120	19.416928	10.724897	3.286748	5.224955
20.042400	2.118734	27.174972	14.969236	3.905406	18.098652
100.000000	-6.775585	18.126616	6.624889	4.946130	10.296873
17.735707	3.118819	12.631324	6.257770	4.105061	4.062104
92.985434	2.904851	14.188174	8.583825	-0.616126	10.827257
44.314920	4.692719	15.177187	10.440814	7.821504	11.410518
-0.448150	-8.008301	0.282288	31.188320	-2.300897	7.771446
-12.477711	-3.962587	60.119604	49.503620	3.377875	-0.634598
57.062299	-2.803463	36.273768	26.581733	6.582493	8.596396
-0.841159	1.893285	70.156112	63.092413	2.168242	15.488615
17.596015	-0.909645	33.389508	10.067499	-3.890133	14.676187
-22.631894	13.346551	100.000000	62.986094	-1.982346	-1.614393
-11.867513	21.274373	51.584893	37.254220	-1.435164	9.311276
99.820062	2.988316	17.826455	7.182214	-0.183378	7.701690
5.996327	2.401140	90.345367	20.361837	-0.825934	3.492822
-17.126873	-4.175732	17.087666	7.179417	-10.355782	6.609117
18.542976	4.478091	63.609578	10.523416	4.863856	-10.836350
100.000000	-2.744084	21.419942	5.209805	-3.757264	20.656303
100.000000	-2.809269	20.667567	9.139470	5.776622	15.194550
98.582487	2.992515	14.030904	11.906971	6.071943	8.624838
99.765346	2.503624	15.818919	8.788605	4.396707	10.769764
100.000000	7.867598	14.875733	13.273278	5.235517	12.138545
-4.971069	2.290008	67.991943	73.544459	0.291807	-0.970421
-25.687036	-26.234095	96.326333	58.709883	9.583451	8.583038
99.132451	2.750452	16.345714	8.505199	1.425455	12.311631
4.536052	-0.778215	27.984133	7.461587	4.016036	12.204475
-11.614348	-0.231163	100.000000	56.345946	-9.722037	-2.387561
6.026915	-4.357605	20.869183	21.313874	-3.452517	3.519200
-46.702321	-0.870363	94.500245	99.717970	-5.031140	3.040556
18.999549	-0.459051	26.479637	13.741605	-8.035395	31.318229
7.923535	-6.346092	48.350218	21.665885	-0.132550	5.703421
-43.419686	3.738894	65.073163	26.884073	-1.349038	7.240093
0.647030	-2.604973	30.045262	34.200985	-0.684411	1.234408
100.000000	-1.278801	16.112873	10.086247	3.944212	5.746344
100.000000	-8.103002	7.721879	11.992123	-4.982231	9.118275
25.057548	1.781594	44.384755	6.383908	-3.341233	6.360349
-16.329378	8.755485	45.022780	34.239015	1.735506	11.337632
9.964567	-2.701229	28.334351	11.356743	-7.301069	1.411861
-8.708956	-8.465528	-5.909929	13.212894	-24.085173	3.519530
100.000000	-0.394962	17.627202	10.371799	4.650240	12.281601
2.791189	-2.081037	36.488507	22.769291	-2.076332	0.187651
54.276759	-0.118605	32.320184	5.356376	-5.066155	10.517023
100.000000	-38.971097	31.197146	18.020426	26.654063	27.826766
1.847265	-2.828984	80.015381	61.439152	-13.735758	-1.025239
3.010940	1.707925	21.133855	3.793568	-5.168861	10.763158
5.968532	-5.388874	35.889716	45.191954	-8.005316	6.575692
20.544875	3.192972	9.980614	4.259386	-4.169788	7.435813
1.326012	-10.114474	22.094031	16.756482	-14.223716	14.595433
5.889821	12.296250	24.319186	21.868130	7.112347	7.167767
100.000000	-2.688571	30.415214	5.263842	4.404178	6.092123
-20.709931	1.174035	56.358758	71.085945	-8.409642	12.730792
9.743640	-10.343863	81.831608	13.401351	-6.001757	-2.103564
99.933441	-3.698898	29.531125	28.351706	-6.703195	28.269917
100.000000	-6.087310	28.278390	8.562995	6.631771	13.130787
-14.626213	-2.048438	21.857709	11.288826	-6.962010	15.100638
15.166565	-10.215814	-19.077549	-0.642457	-28.616069	41.607518
97.329598	1.603881	16.374434	12.614287	7.779820	13.794776
100.000000	6.670736	13.185511	5.891321	4.689820	17.643406
-37.029202	22.445965	79.364753	100.000000	3.404400	10.484280
-18.365360	3.756867	29.296069	17.913349	-3.191265	3.004768
49.138344	-6.980582	46.036538	3.322581	-3.430466	-2.824706
12.586817	11.656547	98.380063	58.322806	-5.282725	11.109359
100.000000	-1.085619	15.965230	14.110681	-5.327264	0.931365
98.903919	-3.035506	34.088327	14.788830	14.373609	9.671939
-10.650446	7.999968	21.274451	49.432460	-13.252695	6.174052
99.351697	1.676910	17.974201	11.451457	4.543229	11.821997
-30.236632	-0.441101	94.671012	91.507845	-7.977784	1.739537
21.798952	8.208083	52.973231	16.653013	-5.179783	5.876459
-60.281518	5.539359	19.929420	11.002758	5.628164	11.528638
94.509319	0.306641	15.213607	8.829592	7.473359	12.071871
97.217705	2.803554	13.230738	10.596097	0.425999	3.409869
24.236539	1.766062	13.962978	11.317879	0.022926	7.680057
83.695050	-2.515744	18.569961	6.411863	-4.042776	2.595503
-9.106953	15.668457	10.221933	23.462640	-1.303364	11.293580
100.000000	-0.629318	15.467462	8.874728	0.637226	12.925180
99.819994	-4.934587	24.695491	3.170496	-3.569134	10.652950
-13.149363	-5.370351	100.000000	79.329264	-6.824631	-2.639753
100.000000	-6.432433	25.618915	9.514295	10.330034	27.835537
100.000000	-5.875972	14.127749	30.738191	10.616533	12.555337
-15.988691	1.674281	14.013523	61.740576	-3.789883	1.384670
-21.826747	2.985778	34.931434	11.882368	-4.053600	4.508195
5.197679	-8.354243	87.653810	38.212323	-27.261914	7.876617
97.622624	4.359680	15.612482	15.498035	1.933513	17.451942
29.577790	-10.783162	21.531230	13.298386	-5.935197	6.837702
-10.907523	-5.305382	31.712894	5.162473	2.448766	2.618048
19.855957	-4.682701	22.601915	7.293395	-6.590576	-2.973828
9.901767	4.143888	25.608843	37.530251	-18.909524	-14.946161
17.981671	-10.888764	35.517713	26.633026	-5.946854	3.512375
0.798715	-0.485034	10.493790	56.176539	-2.570383	7.138841
98.500511	-0.947323	16.272804	9.844105	3.675816	3.810640
96.662812	1.608482	14.877292	14.194450	6.394361	9.675755
98.657987	-2.240102	22.146859	11.785413	-0.055080	11.457132
-0.767181	5.247352	14.034315	8.173928	1.208025	6.295547
99.654231	-8.478647	21.085421	3.560141	1.760438	6.395629
34.728936	0.034166	13.672182	16.089932	-20.399803	-1.559627
99.785781	-8.922532	34.992350	9.496275	13.168271	32.913308
0.591993	-0.656161	28.925498	25.298835	-6.726159	3.015829
-3.876014	-2.120594	23.682428	13.993059	-1.430038	2.718703
99.175633	-1.363134	20.238169	8.911782	1.999890	14.392679
100.000000	1.526024	13.911746	10.229641	3.216922	8.540321
100.000000	2.430669	22.706822	12.082254	6.222583	10.395815
94.173750	4.294396	16.469386	8.011795	0.558616	11.591226
-53.732108	-6.668924	22.676016	3.370710	-15.331850	13.858441
-10.006044	7.349848	94.619273	69.480370	-6.398012	-2.539489
88.488345	-4.525125	30.073694	10.393282	-3.885100	9.903141
74.114596	-2.306062	19.446698	10.991132	-3.695317	15.752790
29.921931	3.463636	21.439685	8.003787	-2.069198	5.591422
100.000000	1.130463	17.459572	14.795289	1.124865	15.361256
-18.071012	-0.795192	91.291583	92.080518	2.382081	6.621443
10.192968	1.661683	13.583654	9.886330	1.094687	8.408639
-9.931633	11.559018	29.723584	55.197797	-3.805194	7.272968
98.497641	-0.099707	14.896744	14.020293	4.143761	14.235883
95.445262	2.184127	12.750728	12.582741	3.391371	6.266625
100.000000	-8.189983	46.050561	2.282746	17.409536	4.241494
18.084388	8.874427	23.127374	8.080394	-8.454741	6.383125
-2.661045	3.977354	32.883421	8.688484	-4.424932	1.629798
12.600595	-7.301811	100.000000	24.974525	1.048475	5.564708
99.282005	-4.814136	30.401528	-1.436740	-16.346771	23.516800
-11.088943	8.311332	29.451506	61.604016	-8.752336	9.542972
100.000000	1.663727	22.340941	14.615319	1.420977	5.433135
-6.636120	-26.667363	90.678493	63.190290	-8.929134	22.621354
-9.629279	22.559729	100.000000	66.233477	-5.820832	1.389729
95.142615	-0.435210	15.470746	8.151613	3.807210	5.375663
81.231299	2.751010	16.060222	9.392499	5.459088	3.873923
13.688272	5.700461	15.692458	15.134791	-0.425524	11.643573
-84.815270	-1.017528	21.487566	19.217966	5.746505	3.725887
-36.171900	7.911345	94.224749	77.979592	17.371876	30.092477
96.390338	2.725997	15.284071	9.302649	1.404366	15.603134
-5.492153	-1.080011	55.446487	42.809672	-14.474660	2.430272
-50.054058	-13.009523	75.782066	29.841921	-16.494140	-0.016787
6.695841	-2.592944	15.268035	9.183587	-9.913640	13.171812
99.844515	-0.052722	14.649904	9.952908	2.493857	7.007166
100.000000	2.849575	15.252142	7.216017	4.637702	12.495320
17.951172	-1.284751	23.043890	15.494075	-2.622908	3.288555
14.064858	2.787612	33.525794	13.949114	-10.394456	-1.432745
99.165675	2.322548	18.748898	10.499845	9.023541	9.533518
90.164863	6.091822	14.501598	10.270176	1.896351	9.918677
-11.534225	-10.676149	33.132187	6.044823	-16.429975	23.109884
62.829907	0.136863	19.510647	9.050474	6.803583	11.096343
35.819415	-5.497924	37.606799	23.377398	-3.478021	22.761625
-9.717202	22.799101	75.306716	20.086874	5.571723	11.643084
97.520287	8.681014	21.739944	12.177870	1.557065	9.758146
14.500433	1.226046	10.220361	10.097368	1.288927	11.143247
10.730350	-2.246399	20.153678	15.612654	1.942645	3.762845
5.328160	15.384360	69.745084	10.071918	-0.346377	12.140167
-7.703875	17.107531	98.146860	48.856612	-17.309207	3.177244
-30.355910	-6.986761	100.000000	85.222816	1.356915	-4.867788
-23.957393	1.362210	72.972681	21.206032	-15.186172	-9.288948
11.816080	-6.936001	29.435999	16.127894	-15.808590	9.581464
9.772005	-13.599312	53.663270	65.487888	-24.437071	-3.443535
0.758164	1.406289	43.782006	29.793852	-20.176355	1.809997
100.000000	2.349931	19.547904	13.592560	7.286566	30.393761
21.553515	-1.428656	26.569476	25.861758	-3.287527	10.807227
19.356835	-6.245695	96.721241	64.477207	1.325005	-9.595666
-9.785877	-1.936969	84.397407	49.521010	-12.318042	-1.511111
7.924045	-5.694779	34.054478	11.570825	4.989495	23.292165
97.564065	2.444025	18.566214	12.682970	4.276341	7.206648
68.257901	3.324729	19.067695	10.361750	3.902523	10.681578
13.910246	-2.368042	14.977295	14.135202	-4.065156	-2.252229
100.000000	-1.236566	30.025714	13.832756	-0.468881	10.276690
37.822863	-0.124082	19.603747	11.375902	-1.085692	13.229837
98.734583	-8.855110	19.915455	20.006054	-0.182207	1.688520
89.936447	4.792581	15.265622	10.121350	3.675894	9.761269
-16.913554	5.460511	92.655606	65.565208	3.725479	-0.268614
19.824979	2.299562	16.496170	3.949165	5.527526	-3.311591
100.000000	-11.643144	17.676968	9.238899	5.577750	8.468170
15.024007	-1.650549	86.917244	49.337240	-14.191331	2.700300
11.532482	3.092250	19.297071	32.148684	-20.664673	-5.199255
44.416910	7.638837	47.430016	22.150179	8.023474	6.557269
5.515881	1.644680	61.233742	20.138570	-8.930443	-1.531997
-11.347532	-18.261402	98.147921	76.253393	1.778702	6.597604
99.707703	2.189626	17.430719	10.495604	11.052771	12.344116
92.477618	-4.104459	20.228312	9.512992	5.113203	17.246995
17.717595	7.025300	80.732146	55.625432	1.809426	5.722031
-21.399068	-10.239623	20.125117	-1.883259	-13.127365	10.751651
12.542769	7.211104	30.309891	17.078301	-12.820809	3.229359
-10.028390	-9.441611	98.277559	67.515738	-2.257851	24.781735
99.786054	-2.535491	20.349222	10.877671	-9.211834	10.525365
95.314274	0.663248	31.166097	9.684982	-10.392148	17.180412
95.058019	1.044800	16.420410	17.763193	6.587390	10.402531
21.583685	-12.403641	29.446839	15.790167	-1.249203	8.870698
-26.314269	4.878861	49.859804	-3.115238	-2.888327	-2.716986
-7.633444	3.228099	31.741894	14.830201	-0.428096	6.398366
-1.897271	-10.513670	28.180770	22.647943	-13.946367	24.724128
-12.242648	-3.025417	17.113151	58.515193	-12.082667	-10.714880
21.577723	-4.457938	16.173547	16.562560	7.722665	9.543970
-6.322726	-0.377567	20.236989	49.934042	-8.139541	9.388739
8.894498	6.457355	12.061766	14.572283	6.885875	11.729085
96.831372	0.394306	19.886303	6.271983	-2.281268	8.219331
15.240012	-12.613450	69.481305	14.612810	-1.747903	30.862465
97.994125	-1.129080	15.390277	7.606733	2.288611	5.010310
17.475918	-0.569191	54.821541	27.510638	-4.531310	3.080513
100.000000	-2.525245	47.990769	10.172392	12.084834	5.316107
32.731746	-11.936838	8.605719	16.950190	1.734236	18.977410
-17.924113	-2.481326	17.121496	10.277377	3.860454	9.344110
-0.234361	20.745624	54.391648	44.450234	1.129718	-2.115623
16.033973	-1.660742	14.617553	12.776460	2.176510	9.858603
15.250708	-4.922004	59.056606	9.408112	-9.062652	3.130074
50.919298	3.286260	39.129533	13.380325	-0.749261	7.098367
99.399788	0.508714	16.823249	12.230332	1.792069	9.097161
3.620552	0.237342	22.966858	30.848645	-15.753049	6.024295
-35.164263	-12.557356	51.539087	10.671657	7.286621	13.771022
-1.600346	12.957502	40.786658	43.707562	-7.288105	3.332177
-12.145273	6.757975	24.822250	14.928694	20.378763	1.552278
10.122811	5.011499	70.383573	-9.362553	-9.485848	4.828663
-5.881548	2.859639	30.071695	-2.505267	-2.963997	5.258965
19.713036	-0.457345	8.277961	-0.106691	-5.844406	-0.826878
100.000000	2.623294	16.472164	7.786811	4.781489	12.224923
-20.962742	-11.112881	56.332453	5.471941	-8.412961	4.075666
-1.342424	-4.014152	41.318232	46.790269	-3.410183	3.173272
-24.824749	17.074485	100.000000	72.128846	-12.134317	-18.167678
14.472552	-14.283097	40.117440	54.170673	-11.267857	9.937599
-20.467408	-3.176468	97.483235	48.677917	2.581965	8.096525
99.560112	-0.013082	18.284476	9.392707	4.138080	10.779482
22.660916	3.214769	24.637563	4.498693	-8.017749	1.286929
-9.646923	1.522679	15.449735	10.854949	-7.607963	11.464174
100.000000	3.166501	13.458030	7.096112	6.368204	9.274277
99.509650	-5.757205	17.057727	19.575785	2.784370	18.522562
9.892736	-2.688923	15.431014	10.626310	-6.758386	5.050205
51.894211	-14.977921	51.914836	17.455937	6.641225	11.088856
31.205693	-3.080719	39.034091	14.302435	4.774927	21.334991
100.000000	-5.711460	22.307828	19.811359	3.351785	17.444020
97.669836	3.771957	11.507287	9.486081	2.208587	5.359713
100.000000	-0.141192	11.928609	12.119159	5.982625	9.551595
100.000000	1.721883	14.651357	12.417913	3.179973	12.495562
100.000000	-13.292702	23.507855	24.014084	8.248982	13.098243
-3.020064	1.656111	17.831966	40.530038	2.155131	6.409993
-8.174122	3.492258	29.716583	42.662422	-14.374341	10.158186
13.559552	4.391482	9.370497	44.864848	-4.035591	3.204616
-51.481507	1.915857	86.338109	100.000000	-20.667563	-21.942291
99.363073	-21.381445	30.535553	9.335566	-4.643346	19.899730
3.606979	16.107955	42.235614	33.873188	0.742341	2.377521
24.721672	-4.728757	35.381218	14.668927	0.058051	7.769971
98.566599	2.814458	15.333298	9.822829	3.327553	3.838932
19.202056	-15.298547	2.093577	9.410209	-2.809015	30.812081
34.016247	3.121550	35.217858	9.427085	-3.293576	14.422367
19.186700	-3.624416	52.969638	10.640079	-2.720969	1.890445
62.301407	-0.376209	27.315473	4.772725	4.949890	20.486294
100.000000	-13.153995	16.739917	3.512429	-8.541252	14.131354
17.886250	-1.554872	96.284546	37.506074	-9.875641	-1.352195
100.000000	-0.466948	22.460791	17.343197	11.281798	24.764690
98.696312	4.421613	14.288975	6.869129	1.928190	6.655286
-5.132091	-1.497289	18.113007	10.515910	-1.521653	-5.064176
100.000000	-12.669976	18.729252	8.134427	-11.985693	-4.931983
97.246183	5.017423	13.224015	13.018193	2.176631	14.517996
100.000000	-9.845193	40.411952	17.849770	9.720368	11.064008
-17.886463	25.139418	94.470469	46.161973	-12.997216	15.817741
48.935165	4.418194	23.461977	9.244269	0.469808	4.486418
0.673383	-1.854733	100.000000	43.999354	-7.667432	1.971011
100.000000	4.299881	17.628653	11.100832	3.807407	14.305981
8.713129	4.412188	20.262095	11.380637	2.291212	4.255081
-12.398944	-7.469129	2.783657	20.321191	-7.293637	15.948288
-24.498083	-10.712026	95.585398	27.196014	4.197839	7.015717
-48.773871	-16.823104	47.724494	12.488709	-4.104457	30.290149
-59.610365	-13.496426	96.643165	99.543012	-8.045595	14.359522
-45.677487	11.489031	96.437879	5.876397	-9.310728	3.605839
3.529383	-4.820043	35.808090	28.739377	-1.315418	7.561628
100.000000	0.840297	18.464203	12.260953	4.935047	11.341327
-2.886801	0.751970	76.599743	44.230269	-2.943010	0.509989
94.287639	-2.888721	21.712434	5.643541	8.307196	28.160744
100.000000	1.036788	15.386296	9.256871	2.824159	7.238195
-12.366243	-3.740736	5.139305	37.013069	-22.995343	24.140477
2.595533	-9.480462	15.387722	30.150423	-4.888682	11.536489
3.454068	-32.885492	4.872071	16.327299	-12.247587	46.760240
-4.501220	-11.445945	29.679501	29.079177	-4.625601	15.141826
-49.415057	-12.837939	40.976176	99.414897	-7.125411	21.799178
98.719847	7.639007	18.664455	10.616167	3.806870	2.439293
-7.560437	1.559380	92.418892	69.975211	-11.739906	10.755044
-99.547053	20.264562	68.048194	11.674852	-18.972618	8.142407
15.461437	-23.718514	57.775198	2.370207	-8.927770	7.671623
12.491636	7.815672	12.145556	6.132625	-4.735536	4.990037
-4.997711	2.579133	96.101880	71.925884	-2.824803	0.196328
0.274724	-0.565505	60.319403	25.719128	3.337321	2.414056
51.891504	-7.834882	41.025440	17.078313	0.556565	1.814718
100.000000	-2.473430	16.682322	9.117658	6.079889	20.282814
100.000000	2.091352	17.646476	7.758054	0.151098	15.380986
22.162023	7.384738	51.807471	25.089719	-2.019015	7.524499
4.617724	5.416651	19.795636	6.344878	-1.386846	14.936732
-8.969459	-0.400548	61.441497	64.831875	-11.368399	1.538097
8.607625	-7.702345	20.161965	41.016837	-8.349400	9.433300
-10.987083	2.306546	93.862943	43.327200	-2.049095	12.250500
100.000000	2.523510	18.450065	13.198295	6.511248	9.346399
-13.614657	-14.125568	55.200772	92.778577	-3.411465	5.701172
100.000000	-5.747225	37.611420	14.269435	1.053054	12.139285
62.948272	6.179897	24.437377	24.894141	16.125271	-6.641795
26.421079	7.218086	20.243692	4.644244	-4.540039	13.353686
-39.381263	-14.623487	26.111557	99.541026	-17.521643	-5.571810
5.732458	2.149427	18.824102	18.307931	-6.502584	1.034993
3.224777	-18.927476	9.782061	46.246558	2.422918	7.241378
-21.297458	-3.308727	26.984674	56.524518	-14.939889	-15.774592
12.281457	-9.609251	81.280857	9.459528	-0.932960	3.642616
23.817191	-1.691252	21.340548	12.483471	2.111723	-6.066162
100.000000	1.047347	26.861786	14.380374	-9.897277	18.033005
15.197058	-1.564457	92.980408	29.668332	9.035514	-3.138890
-60.380373	27.681821	95.837820	100.000000	-1.831882	5.702155
-54.874237	-9.300211	18.110106	10.219478	4.258258	12.829102
99.148534	4.750564	17.860260	7.128270	7.146330	6.398748
-4.825311	2.353030	38.098770	38.314937	-1.066093	6.233062
25.758340	1.598578	16.029042	12.386629	-0.061912	13.521858
100.000000	-4.459003	30.010513	2.082600	7.920944	32.746102
99.773847	-2.012083	17.762752	13.107161	0.791730	8.899716
47.083169	-2.436093	33.949084	23.876912	-8.947074	28.143456
100.000000	-3.138059	65.318796	27.427494	-3.381349	3.782214
-48.615224	3.892888	1.237532	33.190180	-3.276758	11.847360
29.599509	-2.813929	22.627364	10.995495	0.546659	3.796126
40.950703	-2.441391	43.670210	29.981525	-7.659175	-6.179214
39.440615	-0.538024	18.360329	19.448125	4.963411	9.403257
99.619831	3.734009	15.079551	8.281871	7.717637	8.771744
3.081925	10.680364	66.999075	18.964237	10.780675	9.270828
14.550591	-3.991837	53.583924	25.252127	1.672311	-9.906022
13.421857	6.315437	49.414994	40.293559	-6.280599	-1.575684
18.353947	-2.911942	18.458587	14.027334	0.007417	-1.249418
99.149621	4.761218	37.103883	10.149589	-15.275290	13.420770
11.256330	0.084093	26.185172	6.481979	-4.740988	8.157581
-32.022632	1.063711	66.402006	37.996140	-7.075218	7.933643
-0.242256	-0.435964	26.880179	-7.280542	4.413209	15.734554
100.000000	-30.423847	44.986533	9.863356	-9.954791	3.503796
11.777271	2.048876	0.457645	7.074889	0.583018	2.587789
-16.949287	28.952505	51.384260	45.234057	-8.270723	8.444239
-36.862525	0.442491	5.230421	21.198276	9.295823	10.378074
9.686405	3.485540	28.938211	12.329874	-14.849873	-0.306923
-1.580188	-10.126717	11.329887	16.316291	-8.275418	-9.533238
0.935233	-8.761544	29.291184	13.989348	1.786806	15.181994
100.000000	-3.112846	19.002127	15.971359	10.431975	12.084409
-2.566656	1.461254	38.102999	21.986000	-11.175537	19.981928
100.000000	4.548861	14.203988	10.854900	5.981667	7.660410
-2.459548	0.114273	52.047391	16.453298	-15.915179	6.893583
14.659098	22.549233	-7.061984	33.782113	-0.224598	8.527460
7.036688	10.084314	82.350335	57.905444	1.934244	11.531626
-22.093417	-1.690396	-6.168876	89.070490	-2.368637	7.254803
1.887971	2.868110	8.970801	32.970565	-8.248184	4.111367
5.659822	-7.914766	54.881929	69.116908	9.280789	2.844133
93.220992	-54.319126	50.636873	3.595895	-16.796957	32.386746
-94.198609	4.059135	0.773966	8.227855	6.540041	19.823777
21.722848	0.959384	46.358904	29.568482	-11.427294	2.590434
12.939782	-1.611583	41.194647	11.194894	4.250300	16.465068
-5.583940	8.153890	15.994922	36.493578	-6.703539	5.155660
5.589276	2.244049	74.876909	8.131829	8.475562	0.203245
12.376253	2.644059	19.052044	12.474286	4.769033	13.277306
38.476956	-13.500837	62.622198	6.434553	-9.235799	57.578892
100.000000	0.726436	16.789410	17.122097	6.912662	10.940274
3.660917	-5.964104	-4.175928	24.568922	-8.271098	16.355667
-7.287836	-5.165135	22.843273	25.381676	2.559472	7.707084
20.079374	3.169626	19.464997	7.806111	0.250474	12.077981
-1.010180	5.484466	100.000000	48.408819	-3.500190	-2.747825
4.781560	-5.023908	3.326870	24.054578	10.352127	2.018472
100.000000	2.752931	14.523794	7.622102	0.323790	16.043820
96.856500	-0.029269	14.580595	9.281307	3.047708	15.060041
100.000000	2.008221	13.759273	12.420043	1.736524	11.191722
-15.934286	-4.042504	59.105592	42.606423	-3.551872	2.261909
-57.268379	-27.907784	93.292331	100.000000	-21.655895	26.883218
-60.276895	17.327074	24.240449	14.141126	-1.203443	5.088396
4.410353	1.068551	10.468830	12.115973	2.939301	9.949160
3.089017	-6.346152	2.906307	23.591515	3.208925	6.708636
99.882398	-23.618213	19.196289	19.049087	21.040147	21.829792
100.000000	2.521646	16.547984	7.800843	2.510193	12.326742
-9.443699	6.745973	94.834533	42.516515	-3.679109	10.845569
45.175071	3.295065	17.759217	10.710320	3.841746	16.554236
19.329585	-0.783997	30.190189	9.445130	3.972142	11.271827
-11.738395	0.434455	29.635628	31.129737	5.896983	1.075600
-14.593087	2.464650	62.292816	51.132516	-1.038560	1.877471
7.165057	2.804179	25.852466	16.305228	-0.773102	4.753228
-7.190168	-2.698949	100.000000	61.095826	-26.824899	-11.106123
14.526193	-8.098317	4.400986	31.842742	-4.729991	13.140715
40.956104	1.858525	100.000000	11.004890	-7.970925	1.206943
9.959760	3.883633	17.496633	8.183737	-0.225354	5.256348
100.000000	-1.039302	25.614461	18.284939	-0.140546	23.243717
95.369474	-0.300311	15.014209	8.777435	3.995541	15.704324
-17.520899	-1.739814	23.092774	13.618708	-2.974059	17.339855
99.525911	0.707444	16.692644	11.246212	3.356811	6.168087
-17.899329	6.964016	35.521242	15.703867	-8.309192	-10.827709
-20.481530	-4.563912	96.022635	94.958659	-10.105661	-2.037252
16.951975	3.502667	45.594305	36.584200	5.396947	2.591935
17.240737	-1.589199	25.552608	5.384337	1.062080	11.731635
98.661067	2.798917	20.242189	9.384516	4.414600	4.912431
95.447172	-1.713162	15.373400	13.550226	5.315259	9.381642
98.639329	2.902878	19.024864	12.468016	1.448736	6.864449
4.974290	-2.173197	10.650986	26.539027	-3.556754	6.186345
4.394388	10.906330	46.763473	37.976363	0.273121	1.997104
100.000000	-14.865480	75.220464	-0.707816	-5.792036	-7.426951
-7.334669	6.476973	-1.955264	59.528653	-9.520914	-2.013449
-9.201718	-0.558025	85.872703	20.749117	-8.442895	-12.160633
2.724310	3.408401	88.562503	32.914011	-1.633848	6.558564
9.194436	0.266646	26.439690	27.400510	-5.128488	7.906678
-4.239189	6.875149	49.735124	14.318844	-4.093953	2.158480
12.572892	-20.470076	43.950088	26.183832	-15.814387	51.177047
-27.296380	2.265521	100.000000	83.116900	-21.242833	-10.145020
-18.664443	9.804621	58.205376	84.804898	-14.662770	11.848220
16.053174	13.234294	20.515475	16.275133	-8.427395	12.703752
100.000000	-7.476702	59.405358	8.178877	12.153081	2.475527
100.000000	1.798915	13.582602	11.031977	6.588147	17.065405
-0.300059	7.269757	-3.039720	11.725040	6.438702	11.591656
-34.188039	0.674305	15.570229	11.544009	3.300885	22.743314
-4.849738	3.022188	29.273713	15.146886	7.052993	9.984575
8.920952	7.400863	96.760156	10.869988	-21.763961	-0.131135
100.000000	1.812768	16.056685	12.293557	-0.289935	18.066658
64.950187	-10.490062	26.535905	14.144105	-1.278990	7.182492
3.159965	-6.564354	35.297940	56.538522	-1.757356	1.678223
-34.724124	5.515205	10.060118	7.173317	4.551525	10.009289
-27.423723	3.750460	86.284593	14.042345	-8.737455	1.984650
99.671463	-11.023282	22.954210	13.053345	14.438287	8.637685
-23.690577	-6.926055	20.666916	2.110752	-8.953838	6.559117
-13.094709	-9.150033	100.000000	27.444276	8.766408	21.459127
16.912669	-3.157143	50.258472	12.044112	-0.478891	17.144541
96.085602	-1.637976	28.431444	12.448991	9.791628	12.333675
19.257136	-3.815577	77.503065	31.069862	-4.385322	5.864101
10.642070	-22.295922	100.000000	54.236953	-4.054166	12.462829
18.012675	2.127260	-0.092252	15.589928	-4.058797	2.625387
-17.275852	-26.886888	77.383871	88.378779	-8.082000	83.426573
-10.420051	1.360748	100.000000	46.509473	-6.327912	-0.028823
78.675348	-20.517810	42.488482	12.575676	-15.428226	6.800447
9.914098	13.422769	100.000000	43.837887	-4.694428	-1.368657
12.254431	3.475183	21.675429	11.463073	-3.937313	7.744726
100.000000	-6.437009	21.534363	7.021531	-0.778565	12.162667
-4.208300	0.202505	16.043437	10.565081	6.725059	12.523844
-3.311110	12.003152	47.934062	55.716794	9.717243	0.020427
13.856272	-0.411804	37.247324	9.330454	-4.684988	5.361165
6.693113	-0.704872	18.602199	13.774421	-1.141217	12.374994
16.317373	-6.342915	16.579308	16.366583	-3.519453	-6.282856
98.688688	4.072002	16.945509	8.693813	5.313903	12.613581
100.000000	3.586098	15.750379	7.912162	1.499491	3.714043
-6.627795	-2.632796	48.276267	66.888111	-6.836348	3.972144
92.619027	-5.475374	23.020736	3.054776	-6.880106	19.874110
57.122506	-4.409366	23.327347	12.920168	-2.954170	0.946057
20.308680	7.164615	20.852377	26.932247	-1.368767	15.965643
-6.995357	5.667982	49.065790	49.741587	-2.573451	1.689970
31.246554	-1.074751	32.252608	13.994751	-0.136531	15.071921
99.466719	-10.023717	24.511018	-1.147808	-4.033889	23.697784
-8.918085	-2.786846	100.000000	60.996032	1.515992	4.044304
-12.020113	4.063272	18.072048	91.334661	-7.870995	1.890714
100.000000	3.460281	15.053491	12.971671	2.339320	7.633857
19.934286	-7.549104	17.674197	12.672841	-6.621890	12.107269
0.263964	-8.064438	100.000000	10.244753	-11.451948	1.664058
-7.649119	13.016026	96.320324	49.120504	-10.928820	2.832251
99.366311	-5.949809	24.544349	2.852141	3.478810	14.733925
21.121496	-27.264525	100.000000	51.644807	-2.112926	0.753984
99.105127	-9.062697	26.007582	7.199862	0.432249	18.191655
100.000000	-12.232759	11.660369	-4.688511	11.347367	23.794115
-20.309338	-6.972832	5.351317	9.703108	-18.732875	17.432713
5.942814	-1.160147	14.607430	10.245195	-8.764766	-1.534603
-4.076299	5.008421	40.408772	42.013406	-2.427327	7.000730
-18.028257	5.036376	14.569111	12.055481	4.312841	8.909410
-6.460044	4.709933	67.188551	12.537072	-5.623277	2.365483
99.237803	-4.954284	21.721794	8.832266	-3.091858	17.363657
99.856805	1.485538	15.846384	10.622338	4.300753	13.510565
6.318501	-4.591858	46.297428	4.823465	-23.341843	1.529642
96.836782	6.041602	36.650684	3.698875	12.323394	12.413813
100.000000	4.949259	30.076874	4.758755	3.820323	5.242905
-4.221400	0.734933	68.654505	56.309679	-0.295875	21.599656
-40.279452	-19.105587	95.021631	99.841085	-10.400076	2.418269
-13.364866	-5.184762	66.268872	10.452389	3.361507	5.059851
-16.117897	1.928386	20.882517	14.240825	0.188307	12.152070
-1.050295	-14.317241	94.699148	68.638863	-0.069589	5.977244
98.380500	1.760610	18.008118	12.594115	2.732491	9.711675
-14.046232	4.741533	-2.880142	66.143016	-25.072510	-10.580450
91.289528	0.829745	15.764882	10.781584	1.121011	-0.965431
100.000000	2.483568	17.361507	11.404813	4.713499	17.205523
95.752823	-8.847747	45.660934	0.057102	-11.383227	10.561940
3.909337	2.691480	27.175838	11.530729	-1.431383	-5.504161
32.238578	-8.876715	20.317645	21.318697	1.667372	10.482429
16.416130	-7.484759	68.367303	40.746542	-1.484454	-2.377529
-3.925443	-2.213866	96.765566	65.848866	-4.784410	-0.297892
100.000000	-5.280981	29.006974	25.141078	0.284000	18.010975
100.000000	-8.150047	40.417599	21.277096	12.004695	4.522120
91.669179	0.415313	17.857073	16.765562	1.057388	20.963561
0.414415	3.113550	57.272835	25.665666	-3.233516	-2.492188
1.430809	0.800354	25.411358	10.524174	-0.045516	22.549689
97.162448	3.057159	12.093477	11.377958	4.302861	9.717226
-10.812312	-9.042612	36.450983	43.781446	-22.269001	-13.741126
10.067235	-11.715314	82.734301	16.783404	-10.926114	-10.189448
27.692548	4.090675	15.092381	10.260982	2.115769	11.205589
-24.165896	12.859027	96.556199	74.845154	1.586125	5.017046
100.000000	1.381581	14.791058	7.075638	5.851637	11.731780
-13.750222	0.337245	24.228568	55.498824	3.513559	12.022955
-7.908146	3.001296	44.148394	14.417856	-0.032032	11.783959
-11.941194	17.717236	51.410432	34.526340	2.210151	10.973126
1.709604	-12.355516	14.939146	30.693317	-13.610566	-3.946526
99.313430	-0.287658	14.683951	12.154269	4.504063	12.735639
-12.860207	17.857880	19.841763	64.425726	-0.198419	2.637998
98.282979	5.819770	23.373757	-0.480843	3.851589	2.790721
4.638355	-10.150009	18.059434	15.366543	5.827482	-0.719238
100.000000	15.521141	14.462031	5.128684	5.123907	20.595129
9.780967	-7.986043	18.777138	25.847705	-3.071352	-0.814079
14.960784	1.464253	12.556261	11.054015	-2.467898	9.204372
10.696367	14.266679	10.762805	9.501876	1.817955	7.545625
100.000000	-11.151341	26.194510	14.342187	6.008178	19.969694
98.909602	2.620108	18.324208	8.924089	3.702655	5.688005
7.503177	-14.921887	25.313655	18.903644	-7.787518	8.904856
7.088508	2.677727	16.521239	9.277684	-1.226017	3.593692
-10.388086	4.026922	21.632671	47.174060	-2.219237	3.627439
100.000000	-0.724074	25.462046	5.689262	-1.667972	20.222720
-86.239380	3.577033	93.777136	99.975812	2.257255	5.860959
30.821612	-6.553333	54.217078	17.130566	-3.166450	1.519412
95.434135	-9.606822	41.633628	9.318179	-9.117480	-9.728502
17.653908	-12.392478	54.058981	33.241046	1.319084	14.260402
-12.678363	-3.078410	43.816412	41.265928	-2.824778	5.739154
-26.791338	-2.624928	97.713032	67.867517	-11.154743	6.363797
2.755138	0.282155	11.940764	60.593273	-7.624436	5.744900
-3.988869	10.932396	95.360707	43.254572	3.732635	22.292137
98.760943	-0.358947	17.996736	12.532495	7.864288	9.764582
22.472253	1.517914	58.555181	19.043088	2.642445	8.531984
4.342378	3.018054	14.248749	11.348539	0.718873	12.167168
10.145971	-2.182265	63.558541	17.484235	2.486979	3.480610
21.000947	1.293507	27.534280	21.370091	-3.300676	15.990172
14.043925	1.436110	23.784965	9.087346	11.922328	5.782326
-36.844598	-1.848319	43.106666	64.570327	-4.039829	2.857641
100.000000	-2.435037	34.310955	7.030283	9.131132	20.160375
-15.823863	14.621040	36.547122	34.480185	-16.202288	7.044164
99.714445	-18.292450	39.348236	7.021925	-0.098049	26.407774
-3.515215	-4.902084	45.278336	12.056795	-9.301390	9.556015
74.479204	1.700397	16.565080	13.779573	-9.503816	3.551791
35.162886	1.494072	17.860366	7.774692	4.086488	8.684350
100.000000	-14.282572	21.948327	1.127567	8.077041	5.149892
0.540846	-11.339971	94.433834	61.572833	-2.716342	15.447445
19.207710	5.886922	59.248760	26.539164	-15.059507	2.975646
99.538503	2.138472	17.713828	12.028371	1.345259	13.006040
100.000000	-0.287980	15.225411	7.906758	-8.932720	10.402430
-16.015482	6.554858	97.939342	62.257080	2.284629	5.432245
-13.834642	-24.101716	100.000000	29.039641	-20.586918	-1.240561
5.733890	12.687103	70.851931	43.959944	5.917762	8.280133
4.463945	1.117593	40.801017	40.825438	-13.303930	12.217890
-3.848468	-2.082435	95.368884	73.483226	-23.664322	8.156166
16.584014	-2.021026	34.342698	42.751257	-3.613090	1.357709
-6.628020	-11.859508	93.473792	86.439409	-41.150300	11.868074
12.361115	17.605558	97.609273	40.561608	-3.928111	6.494879
100.000000	0.680095	26.200224	10.277641	-6.320072	0.796719
-47.407387	4.935423	76.838565	18.208399	1.120187	13.714697
-34.939912	-16.384414	95.908149	53.110365	-0.112427	4.971459
14.630713	9.782883	30.389710	0.449302	-9.048630	12.480121
-14.561750	1.966061	96.252527	11.050766	-6.312386	-1.231973
14.004551	-2.314653	22.962101	13.431125	-2.916103	6.207297
-6.305549	6.946912	100.000000	49.275120	-15.811285	-3.683282
97.479810	1.527310	17.721578	9.469999	-0.056752	13.169967
25.316115	-4.178115	26.199429	16.710647	-22.347902	-4.733438
-5.578532	-4.715188	22.536108	11.763043	-7.535670	14.475119
29.140525	2.213364	17.460223	3.807337	6.404604	4.107668
22.583689	10.179232	20.426299	17.938847	14.760137	14.483282
92.689699	0.441050	13.837164	11.080372	4.267988	10.546137
-24.644498	0.254102	-12.000453	50.123441	10.766571	7.792341
100.000000	5.200065	15.732790	8.652481	5.465166	15.958696
100.000000	-8.243308	28.530585	19.772347	11.342597	19.843160
2.424014	-6.360612	22.204796	12.723697	-7.293786	7.932363
100.000000	1.361831	13.880565	11.024326	-0.851516	6.748086
100.000000	-25.125663	69.441144	9.685702	2.467450	9.026712
21.897217	2.237963	-3.690693	28.942660	1.170594	1.946260
-36.108365	3.701753	100.000000	56.265367	0.218521	9.828337
-14.128932	-28.551304	95.502176	52.298358	-2.013338	4.017684
2.973959	1.557135	37.878381	15.304937	-10.289462	10.414676
100.000000	-15.102873	38.848661	6.250594	5.416114	7.605252
95.522169	0.087172	15.978620	10.030520	6.840660	11.373159
90.766927	4.078525	16.226839	7.557190	-4.566902	16.161636
100.000000	1.172911	19.553823	9.466195	3.312449	6.222128
1.944858	6.903940	9.053231	26.507870	-12.319137	0.411175
84.086069	2.309341	12.396027	8.238783	2.155894	9.601336
-21.178730	9.403947	100.000000	49.513825	-4.585908	10.092943
54.797008	2.904179	26.042661	17.016289	-2.346573	1.979446
99.137715	-0.255481	20.092189	3.181429	0.290952	23.191419
-7.167247	1.820080	96.430031	73.464072	0.766999	-1.857555
11.029480	-6.314998	56.269001	30.493347	-2.998504	-2.724538
23.784617	-27.324507	100.000000	40.248242	3.473188	1.282810
5.498188	5.510029	12.735110	17.223565	-2.211183	14.658041
99.035904	3.736254	14.383618	10.163701	1.982714	11.425900
80.676102	1.369563	19.938125	9.660938	4.617277	8.841980
9.289382	-25.016849	7.471497	3.029660	-5.355613	2.142982
64.428609	4.147823	28.384707	18.495821	-10.090649	17.974284
1.747466	4.957260	96.417456	55.484936	-14.949288	-14.429881
19.378644	3.404966	12.121187	12.531180	-2.448610	8.304467
-3.120809	0.802296	2.590998	36.671135	-15.719124	-3.794947
100.000000	3.594842	17.126556	12.231762	4.413564	12.327078
17.910510	-6.587159	25.817051	13.182719	-6.262697	10.721679
-28.109932	-12.691487	100.000000	64.875630	2.067008	4.538312
-13.290037	0.255808	45.072707	8.230003	-4.118115	10.401120
-11.464700	-4.597389	24.032152	16.903483	1.068012	15.985821
100.000000	-0.136952	13.456236	10.408163	4.467032	8.240063
100.000000	-22.529580	50.638919	20.862135	2.836564	48.401118
32.186107	33.015237	98.630372	-0.872444	-13.259283	4.377710
-44.272481	-1.811222	97.677122	58.611256	15.465007	5.841798
37.766701	-3.769348	21.649271	4.311014	-10.868699	-0.467541
51.885653	-4.840881	23.054714	6.739273	2.172263	-2.838550
95.638527	-8.369057	28.015728	12.827967	-6.028126	43.837019
6.379804	-5.945990	58.999156	9.852006	-6.392525	24.528080
-3.537023	8.549582	30.874376	23.539231	-2.911131	2.519598
-6.441119	2.790247	25.111719	36.301702	-3.853092	2.175095
8.776211	-11.043319	53.728427	46.238869	5.745713	-5.368174
-4.985168	-2.312797	35.495992	45.375977	-12.251452	4.330530
-4.270227	1.483345	65.539437	51.575592	-3.664807	7.304131
41.996337	-7.682631	12.272874	12.569364	0.713628	15.366495
8.434761	0.363633	9.492095	24.160535	-5.493513	6.540469
20.170352	-1.586236	6.735810	35.288062	-25.281861	-7.877646
7.802860	8.124329	24.614927	6.991290	-1.928399	2.736392
-8.781100	21.553451	100.000000	63.832086	-2.308576	-4.969112
-10.805367	-12.761266	72.120720	56.421109	7.211472	7.960387
-24.909252	-16.276054	96.088950	30.160092	4.017701	9.316422
32.932806	4.524089	19.296957	18.024881	-4.332506	-6.833256
-22.128819	18.306371	67.179128	27.923306	-13.615790	-2.456500
3.427838	6.353687	18.405514	5.800909	-9.242026	0.591519
97.186483	-0.207389	15.190213	13.985910	2.200110	6.882379
4.705533	-14.181290	12.216804	45.016389	1.849550	9.860419
99.910844	-1.208989	17.670242	9.354526	6.401798	8.340703
100.000000	-0.805020	17.885767	8.201905	-0.885731	9.673258
-5.190787	-1.602805	24.608811	9.812864	-7.051725	0.578872
-2.823280	2.808721	62.313854	54.737096	-18.559489	-5.581982
98.871416	-0.677488	24.774919	5.127405	0.555345	16.129538
-0.817137	-8.086120	6.966798	35.997273	4.082256	11.633608
99.962156	1.314309	18.579741	11.628667	4.331420	11.730610
-11.015384	-5.719491	71.433647	47.306998	-6.151786	-0.412562
100.000000	-16.254383	42.572968	14.914232	6.141961	29.509859
100.000000	3.172317	13.167717	12.348575	4.025105	11.335693
-24.927027	11.238635	97.062632	98.623345	-11.524871	2.863479
15.952841	-9.999226	38.998187	12.031683	-14.935463	-0.273263
-15.895886	-20.889389	46.648983	4.496791	-13.551327	7.149617
64.305030	-6.651787	22.884857	7.259817	-0.353789	13.133995
-3.546244	18.941227	53.134776	39.057631	2.489462	2.980898
12.518386	-14.555132	20.364024	2.792374	7.545137	23.298414
99.054836	4.217679	15.495983	11.452660	7.374650	7.762362
-3.565326	1.910074	34.355719	33.318054	3.870183	16.673728
18.624083	2.725000	42.820262	11.919461	2.378868	12.821487
99.939748	-34.649504	41.123154	14.856549	11.528611	30.458056
-16.409135	10.302514	96.160243	70.310189	-5.651252	0.014682
6.283834	1.662754	23.610031	14.556209	-7.947102	-0.802031
13.220395	-5.681425	100.000000	29.693495	-5.812567	6.195135
-14.307625	-5.617851	100.000000	42.111442	5.316222	-0.192964
82.002039	-5.945073	19.718785	10.478982	5.080138	4.504972
8.292165	0.714931	4.756158	33.731685	-17.729116	-23.634184
-36.799179	11.188361	49.280460	71.126213	-0.149253	3.268283
12.953210	16.200092	25.116542	22.814040	-7.094107	5.500335
-8.674037	19.907224	89.318626	36.499767	-5.308368	-3.013336
52.774599	5.939489	19.745037	16.722270	-3.879658	1.056898
-68.434247	-0.962911	28.868541	17.628268	-3.509838	3.314329
11.283012	10.712866	16.299435	12.504244	-0.122270	-1.410396
18.752716	-1.397925	40.817230	20.172286	-3.124309	3.254113
99.174868	2.681645	14.643004	9.429148	2.928832	3.807149
-6.355846	0.875937	24.281871	65.523945	-8.214009	-13.299908
22.960137	-5.410564	27.212429	24.095894	-2.404127	9.910178
10.907473	1.930002	22.285050	1.864984	0.303042	10.087869
-3.718493	0.976413	46.887588	35.635806	8.224428	11.002226
100.000000	1.569958	18.506421	14.262022	0.654948	11.695520
11.990280	-25.450582	96.656566	73.416909	-34.297052	5.696256
45.468135	2.625719	13.532183	11.713383	4.617885	4.378748
5.407023	-9.420502	55.899315	29.391658	-4.880619	-1.390606
29.351038	3.508948	25.379827	40.562913	5.290916	0.563465
94.084028	2.698403	12.750121	10.495079	3.566821	7.153245
25.091650	-0.273272	13.339068	10.644330	2.114377	11.411976
14.692421	-2.377866	28.772658	18.409979	-2.130880	9.250490
-2.829860	18.224970	48.233155	18.924850	6.350971	2.819206
-34.382443	36.229899	95.560272	100.000000	7.261748	6.184457
99.307231	-13.897650	39.402396	15.777668	4.514043	11.250271
10.391232	20.552663	24.686122	6.564860	-1.261229	5.995044
42.243714	3.276281	46.105741	26.525130	3.395251	6.978046
0.121836	-0.507992	24.388738	6.437360	-7.133631	4.034144
100.000000	-15.684543	35.609464	10.905610	-9.452497	1.161862
-3.484409	24.199741	82.596966	56.128756	1.999022	-0.722268
-42.273358	-5.065473	100.000000	97.458543	-9.539241	-0.791892
-11.669565	12.880555	98.545292	66.588709	1.053611	3.197332
17.588631	-6.966641	33.640077	-0.804661	-16.412345	-0.124043
5.824791	-2.973359	31.770877	30.144208	-16.821563	-2.696809
-0.949812	4.983918	50.791990	15.874639	-7.207257	0.778940
24.276109	-3.585667	33.897012	3.361898	-0.368397	4.178371
-31.959689	15.734617	93.529545	76.664276	-3.370686	7.601229
99.516685	0.521199	18.741093	10.887735	3.678011	6.462294
12.006084	3.190918	-12.730441	7.432391	3.092284	11.134795
100.000000	3.529519	17.825208	8.406199	4.745431	10.143135
-9.375847	-1.022089	95.913651	66.070938	5.009431	11.837698
-3.220224	4.998731	41.451706	29.896186	-1.718204	5.776966
84.282495	-2.225639	28.461133	4.783595	-3.553323	13.258005
0.144459	-31.043389	94.221380	36.056566	-13.295345	17.249370
-33.308146	-9.810314	96.501242	58.145487	2.081911	6.362736
-27.303623	0.098584	93.444325	96.678441	-12.970260	1.345582
3.045260	15.010148	46.279018	26.743227	-7.096869	9.522062
100.000000	-2.836486	17.254421	20.560389	3.702864	0.593567
85.713335	-1.268389	14.801783	8.452901	2.563297	3.923774
-12.759230	-25.918445	62.760104	56.315050	-12.188697	18.235889
19.172209	8.236854	32.321338	19.500188	-3.453661	7.617083
25.095608	5.171024	32.588144	27.929831	-7.092118	4.924964
1.333220	1.225839	18.241828	10.149429	-13.474088	1.914649
-22.523419	7.233130	93.976362	93.617533	-13.838626	-1.481659
-14.517333	1.079169	20.378753	36.301350	3.849813	8.640571
10.259291	-4.637782	54.494872	35.295984	0.572817	8.878552
99.669064	-3.967508	19.718100	7.409732	5.545787	10.868783
100.000000	-2.056346	24.974021	7.686229	8.705929	4.725176
100.000000	-29.432804	61.918827	16.819426	-1.563608	8.163006
-97.141375	1.814926	55.916727	53.985766	-4.847058	9.094725
4.424151	-8.815181	37.238022	4.937971	-5.107502	6.379164
2.545176	3.711684	11.618481	-3.623670	-15.599638	0.302091
-19.725115	-6.461792	55.098383	88.335860	3.896776	4.432618
-40.375890	0.171418	13.140314	20.264599	-2.270954	12.763855
7.640593	0.533193	33.304136	9.842602	-12.441951	6.204394
-20.479713	7.139587	38.736724	29.278784	4.434219	8.043230
69.917404	9.100967	28.778958	7.334392	-2.531939	12.316580
19.265370	2.685314	97.335889	19.136414	-9.532264	18.560927
20.022725	1.739308	13.992808	5.642589	1.548242	-0.301002
99.892741	-6.818926	13.532494	11.932818	-0.825774	18.419712
-38.991950	5.143516	47.482088	16.009311	2.234370	7.929137
72.507334	-3.443294	25.459597	7.235902	0.307312	11.095422
-10.872150	3.043725	93.381502	63.296859	-10.107465	6.258154
95.989134	-6.525966	24.761969	14.610486	-6.419064	-0.300158
100.000000	1.915183	18.991352	9.622307	2.098115	12.550418
-15.321910	5.928996	16.442129	28.941373	-3.156036	-1.281825
-8.127124	-3.373376	-6.870990	37.321570	-2.176506	3.778647
43.881173	2.287324	25.300129	9.405748	-18.519236	3.578489
-73.706812	3.068114	100.000000	42.755301	-10.125971	-3.255096
100.000000	-3.393061	19.682002	13.749128	1.737585	17.855272
100.000000	-7.494199	40.552554	16.283301	5.554508	7.892296
43.941764	-1.998819	23.355426	22.990916	0.782546	-0.143796
-8.687803	5.386460	21.990323	85.540601	-13.320186	13.885041
97.641855	3.432909	13.814288	9.968485	2.962254	7.567876
9.566839	2.245102	13.103566	11.648384	3.832917	9.348650
11.967493	2.366856	15.977238	8.055843	-0.595498	8.599708
-18.169940	-1.742068	17.247139	50.522539	-24.572541	1.101526
10.477222	-3.899478	22.810065	23.622857	-5.016399	-5.502416
89.607062	-7.615443	25.897229	18.957807	-3.470788	5.695823
24.119092	4.374753	18.920049	6.055302	2.840474	3.784346
93.834850	-5.703278	28.368757	15.374440	-6.981264	13.011441
-3.114002	4.719912	20.836225	11.348659	3.915410	15.095542
-5.582535	4.561080	-2.387164	29.800440	2.432207	1.175846
-18.874545	-0.947780	18.771910	10.840847	1.350023	7.034104
97.711325	-4.224673	26.892734	8.103088	-0.574196	17.529883
100.000000	-11.405884	78.838870	15.462897	6.157715	-2.673383
38.964430	-7.750980	15.521712	8.738822	-9.267846	7.498842
-3.182800	14.586533	24.303049	39.534892	-3.457590	1.023548
-5.988069	5.953264	14.938531	15.078822	-15.568421	-1.617739
44.462510	-0.770858	28.543294	1.153292	-4.196829	12.199373
99.985383	-6.471450	25.492727	0.339179	-4.822823	21.497805
2.775398	1.992295	27.096808	39.033322	-1.448775	-3.797365
81.965129	-1.744278	34.085663	2.151474	4.081342	14.569433
3.031352	5.625365	29.821523	32.924703	-8.035859	4.767054
100.000000	0.340956	17.607553	7.200985	3.676600	10.254244
-1.247038	1.894295	18.899424	10.825233	2.596003	15.564204
30.366284	-3.377087	26.470581	20.683920	3.871511	12.682562
87.285433	-13.140305	21.727758	15.463706	6.824784	11.377839
-7.906294	2.035232	18.868479	15.446607	-0.636542	-0.398181
-9.565853	0.979613	25.545517	17.064096	-4.336538	2.571272
16.231723	8.232102	77.130611	19.964941	-2.201343	2.748739
98.439686	-1.568553	13.461582	10.797374	2.444283	10.030940
-8.481636	-12.806401	47.589208	62.027330	-15.255615	9.663290
-2.031317	-8.543434	100.000000	76.779812	-0.048068	3.818947
1.542600	4.352334	27.768025	37.578845	-7.699236	-2.134021
3.022481	-15.661096	97.745123	21.210736	-9.864664	5.994779
-31.100877	-7.157831	29.384567	5.885258	-1.902121	2.828075
-34.987942	32.456251	100.000000	100.000000	-9.028783	4.288555
90.151397	4.238424	18.403238	9.657892	2.269149	11.239656
-21.196561	-1.245919	15.213710	11.134488	-1.467491	7.526878
6.912867	-1.696634	39.287426	42.302457	-3.114992	-11.300490
100.000000	-13.446160	72.084343	18.356162	0.291768	3.428950
99.589772	-12.772027	49.576848	1.018761	-0.497483	30.820989
48.690188	-2.694876	95.085770	9.273846	-0.070773	9.268779
99.844598	-0.667974	23.572214	8.285065	0.391992	6.303271
72.414893	-3.071288	52.698411	9.049961	-4.976175	22.049688
-4.571412	24.595261	-11.433891	42.560940	-10.145340	7.106684
3.068533	15.893304	76.440204	53.276733	-3.461106	2.372992
100.000000	-11.215482	29.854606	7.449492	-1.029902	10.285956
-54.131689	2.339181	24.767492	18.297703	-2.050523	-4.758872
-40.730017	8.094072	100.000000	27.652178	-6.211962	4.735084
10.727154	7.245271	21.629417	7.975036	1.510226	6.046352
13.148002	0.320446	23.765374	30.065609	-0.476984	7.619613
100.000000	2.653712	12.040677	8.076186	6.771738	11.749913
100.000000	-1.907280	24.766401	10.534319	9.047695	20.229200
100.000000	4.890110	17.646584	11.082218	1.307614	18.447130
100.000000	3.642653	18.014984	7.490234	3.935139	9.030139
99.775961	0.272425	18.898001	10.281329	9.458232	13.631046
-13.660555	-5.511543	29.708201	21.540896	-7.205165	12.677199
100.000000	-3.055055	17.449672	9.666537	3.506737	10.449696
12.075648	-3.979286	48.006338	23.422433	-22.924929	-7.531413
14.503333	3.306157	30.185178	13.714554	0.241221	7.311412
21.461709	-0.272397	91.834325	34.833836	-6.983163	15.052713
100.000000	-1.898556	38.226542	9.260364	7.575005	17.665225
17.902865	-1.353401	30.621935	16.082939	-7.867913	14.291005
27.883331	-3.366791	12.845005	10.667288	-26.347758	6.323743
100.000000	5.326132	45.401508	6.739243	-17.457288	0.067238
46.860281	1.200121	17.416455	8.596402	3.702302	20.669190
13.243475	9.578702	36.963842	11.530705	-4.734314	-8.340640
-5.836737	-0.597260	33.672610	23.040667	0.949355	11.755399
9.398375	-0.816997	34.778577	45.315227	-1.515318	11.765453
-12.462069	-0.492518	95.546786	27.750475	-23.505405	5.556243
0.769443	3.797091	45.130656	1.785300	-2.030161	2.685217
3.393253	5.306737	28.374013	33.440924	4.762146	9.541350
-6.859376	8.095777	40.180462	12.948058	6.081319	4.517495
100.000000	-11.282835	24.393112	9.855371	-8.770663	1.115387
6.390667	1.253959	24.477090	7.662711	-2.150263	0.547905
-7.528078	21.771487	96.497492	78.091561	-8.729995	-3.681807
-7.153687	9.762243	94.838301	65.234182	-4.181794	1.172703
98.596276	0.408287	13.093288	10.332986	4.616100	5.946504
3.714999	-1.693992	52.367112	15.995901	3.377420	9.279646
-1.021729	16.489718	65.753277	37.761153	-14.873291	-1.279031
99.721204	-46.125510	41.304203	2.730637	25.459493	60.157254
100.000000	-6.353266	28.195724	23.510183	5.163660	16.355215
-15.128133	14.058466	3.685893	63.782453	0.306822	12.466424
-36.908196	-0.461875	20.894080	11.166709	8.003210	14.096537
-13.147236	7.277479	84.684565	78.128203	0.152723	1.302080
100.000000	-0.292137	15.724317	8.639294	3.625755	7.557716
-30.367143	11.396071	55.259033	82.948725	-6.238058	2.275611
7.632107	6.474940	68.416227	43.216634	-2.952444	5.186954
28.889392	3.561405	32.409521	9.311532	-0.286770	1.734913
99.013367	-6.459749	20.033531	1.942360	-2.489646	10.864031
100.000000	1.676973	14.910923	9.003087	-0.085989	5.094607
98.192384	3.633952	21.432879	7.833786	7.893743	11.372874
-11.767968	3.021704	79.687264	50.224038	-11.129136	4.857270
-36.195789	-2.747108	20.487802	5.918657	-2.087110	15.830179
97.294154	-12.312705	20.417343	16.317749	-5.332486	23.310764
100.000000	3.229895	11.884913	14.397853	-2.514003	11.532472
20.603725	7.976492	38.324458	1.877776	7.875918	-0.430317
16.270891	-6.063689	22.409154	26.757383	2.653779	13.440023
-7.824266	-2.283834	47.604354	44.695101	-14.217491	-4.891014
-55.665030	-9.207967	43.814621	51.030712	2.107969	3.663276
-9.904421	4.635037	100.000000	50.786521	2.324892	17.484791
71.011570	-22.958163	5.843530	14.942020	-0.235824	4.961832
-13.149945	-5.456911	65.230930	57.373399	3.494707	4.767780
4.737281	5.679666	67.515412	48.981328	-12.675708	-9.821012
3.190358	8.094072	21.360784	14.494181	-7.938142	9.799362
-1.091092	6.289615	52.540071	45.674790	-12.917236	-3.064042
63.130895	2.180102	14.911229	8.477262	1.945853	9.497716
19.734261	6.365046	17.007355	8.640899	-12.761964	-10.290712
-7.383366	-0.340503	56.381996	46.288257	-9.733575	-4.427162
-24.446855	-8.017557	84.815553	62.424005	-7.822532	0.295484
-14.979494	-0.080535	97.727744	48.735203	-20.070923	-7.382770
-17.341943	-16.049245	100.000000	57.701159	-6.294393	1.171792
-37.483665	11.033729	96.177852	88.486289	5.692352	6.544947
-6.863083	-6.124686	56.573616	42.201989	-6.524891	-1.066948
90.551919	1.888767	14.694773	11.415555	6.310329	16.696131
-58.100823	-3.630430	91.353607	26.438971	-20.202629	6.010539
100.000000	3.949072	30.178927	5.318776	9.260656	6.610173
-45.328092	-22.979567	98.825560	100.000000	-6.831577	4.209283
98.979107	-0.193845	19.789446	8.486383	6.235374	9.935023
39.395823	1.432645	49.934800	5.204009	-2.629880	5.023523
-6.114724	-14.852329	56.879250	23.260791	3.205264	0.607489
-1.098100	1.732858	14.312186	10.738004	2.770430	6.984094
-4.548530	7.879678	53.477838	52.560025	9.138098	12.476487
18.308592	-5.350757	26.152348	14.445641	-5.544457	14.857377
4.622940	2.763037	16.384768	7.557396	3.466496	14.526818
22.268193	-2.156327	4.435199	11.281365	3.412903	8.615640
-6.056031	5.425667	38.162447	20.841443	9.963724	7.052747
-12.858051	4.479780	19.037541	13.525684	1.962985	6.440105
99.985056	-17.078480	27.112581	4.095012	-10.476151	20.661809
94.138734	0.720206	14.930963	11.577394	5.512529	7.849448
100.000000	2.730499	18.186476	10.763988	2.472660	5.001418
100.000000	-9.681263	32.575292	15.333089	13.973308	18.613328
99.125726	1.724632	14.679689	9.065217	5.910674	10.928070
-33.006690	6.297689	19.228560	9.324647	-11.605952	4.338790
99.429946	-20.122577	30.789703	12.698990	2.349389	23.865984
6.197766	0.044890	32.280418	11.793403	-1.551638	9.008588
1.441978	5.504529	46.509622	32.752884	6.857881	6.700615
-23.864594	14.219233	60.509357	7.352377	-3.202199	4.890450
2.050243	9.120469	22.545645	20.217470	7.076547	11.804436
7.988472	-1.987931	9.844260	31.612333	-12.014503	-4.633249
25.965712	0.543042	27.595367	11.876910	-4.866375	10.807392
-6.643419	-9.049365	74.289115	41.537468	-11.767431	-4.603462
99.753527	-29.107535	74.504798	6.790930	-1.326239	59.171971
25.904449	-3.250117	25.191787	5.635863	-13.598686	4.578155
99.158057	4.503425	38.874136	20.055530	-6.219193	6.094583
100.000000	-3.835452	40.840763	9.272087	-0.487255	4.575578
-2.250687	10.480731	76.261979	65.204599	-3.871942	5.231107
100.000000	-22.765684	40.804898	17.651882	12.479915	30.290392
11.295101	9.763670	20.797645	24.775217	-1.344937	-1.042468
-11.674385	15.268727	94.071246	77.138996	-10.825722	5.214082
99.014558	2.214408	18.660681	10.361153	3.376746	10.669788
-8.306928	3.897011	29.386237	10.995522	-0.113726	4.277650
7.809659	-8.973101	11.759648	23.750048	-11.019098	-18.327519
-41.592034	-5.772291	95.905653	78.532013	5.420511	19.176964
1.169671	12.301175	37.758706	31.380143	-1.600386	12.741439
20.620640	4.091002	16.667184	12.483830	3.152063	16.916596
27.666406	-16.295235	48.325552	18.079883	2.036802	21.483071
29.618156	0.740043	30.926449	0.204342	0.519210	4.045962
22.849006	6.036086	46.269485	24.559836	-0.660525	4.035608
32.106833	-5.695509	6.976895	11.072533	-12.871125	4.195388
-23.101623	-0.233259	85.366890	55.910686	0.356115	29.495709
-11.361672	-11.466899	1.314266	40.659128	5.309203	2.919425
-10.523673	11.337918	57.489490	72.103345	4.008353	7.074899
57.630827	-5.499933	33.006184	10.992868	-5.650102	14.079860
3.779365	0.817732	30.279988	28.062787	-0.210409	10.421259
100.000000	3.462892	14.034196	9.060096	2.229515	11.846063
18.941004	-7.810287	17.659058	17.311028	1.329633	7.403934
-82.073459	-5.304498	95.446959	67.500126	-14.178763	-13.879088
-2.023479	-7.698230	13.295025	25.832882	1.115896	7.876998
100.000000	1.686177	23.921467	7.549151	6.659693	14.334297
-27.788108	-18.527465	-4.612566	78.096752	-10.160510	-7.227928
100.000000	3.371318	14.104687	8.273290	4.852005	11.486840
8.663933	-11.391440	50.361185	37.464337	-4.397386	5.611019
5.907778	-1.987574	14.755730	11.778461	-12.569425	26.164555
100.000000	-6.224813	24.919755	8.423307	-2.685022	10.024837
9.193398	-1.281273	49.865967	14.435259	-7.852456	-0.089476
4.844962	1.280153	4.755323	2.195427	-0.156508	17.917438
-15.648376	-9.557063	100.000000	74.220209	-6.450588	16.407607
-3.094332	-12.203251	4.517979	45.879319	-3.600663	20.846330
27.511345	-2.322869	18.978269	3.468835	-7.100535	12.939887
-7.461402	-2.357165	26.554861	13.850923	9.061402	0.306329
100.000000	14.879724	8.533972	11.473355	7.920719	4.905109
25.200992	3.032404	15.311623	-16.038692	-0.858836	3.711174
1.793216	3.334004	22.578512	75.533081	-7.736548	10.906173
100.000000	2.632424	22.559406	13.310884	4.969356	24.710563
98.313808	-1.803396	28.642793	18.793123	-9.116549	17.472557
76.802280	6.190626	45.357094	16.179516	-8.884082	-1.534128
66.389584	7.206906	19.888288	0.233146	-6.220712	2.820271
-61.852808	25.654271	97.064404	98.341338	0.493787	8.032935
100.000000	0.813047	23.135865	11.276541	-1.977776	5.037635
99.397350	1.182517	19.736149	7.991186	7.709302	8.085181
5.124285	-8.097068	29.018370	10.848644	-30.167274	6.961745
-4.420624	-4.397555	41.234760	9.023778	-20.432343	45.523117
66.237584	-12.058813	1.145616	21.577179	0.705065	10.316213
6.465151	24.376757	81.740909	16.992970	-43.981999	-31.753724
-64.326517	-14.146040	76.719113	26.876097	-14.068888	9.001820
8.609772	19.949934	32.909694	46.584843	-2.069313	9.682785
6.255191	-1.154056	56.061373	56.330889	12.933220	10.660251
-18.622543	10.408774	100.000000	99.890420	-14.877943	5.905900
41.601790	3.020650	45.164652	24.634272	-11.133405	-0.692537
-45.183782	-30.552470	-31.478573	10.624666	3.336129	45.223524
49.737973	-38.308831	80.016014	11.334562	-14.490268	74.883580
100.000000	-16.099940	28.437543	9.024145	3.726363	17.380303
33.872730	-0.271173	100.000000	7.732000	-2.644125	9.164498
-62.956271	-2.547279	28.824428	6.238269	17.194592	14.379989
16.403814	-7.250421	25.859007	14.802478	-1.168295	28.151034
30.819329	-10.475393	25.554770	16.143086	9.525698	8.534302
57.650193	3.912298	13.932097	7.280835	2.309109	5.862370
99.532167	4.446131	22.010584	10.059858	4.024180	20.076227
-14.434628	17.704747	96.719721	23.591049	-7.490966	4.485940
-20.908781	9.329594	95.829946	86.590366	2.122340	4.323889
20.934380	7.635070	28.438547	12.588927	18.569018	12.642611
30.000816	-6.799561	55.661305	21.708224	2.453834	6.532885
17.826153	3.454352	-0.674477	14.087151	3.348352	-2.176532
-23.138820	0.269362	21.290482	16.639584	1.548015	1.054565
4.451569	6.591569	18.505299	10.928761	3.940793	8.370443
9.955102	-4.237902	11.325643	10.060057	1.307722	12.172569
98.294572	2.766217	21.063177	10.007972	5.136959	6.240054
3.886638	1.361694	35.432615	47.218161	-2.298332	-4.127987
-14.243731	13.676711	43.122492	41.212955	-27.765875	-9.826549
98.201815	2.982523	19.327097	9.698415	5.244743	11.071875
-13.338584	-15.100460	39.070634	43.564474	-5.189421	-5.594094
-20.688796	6.647858	94.224194	83.726545	-3.594723	2.236526
9.029023	10.085587	26.932538	6.226297	6.202255	15.597550
22.223131	5.827312	6.022248	12.111961	4.893288	26.333274
13.583472	-1.675002	22.460797	14.490055	2.439944	3.222184
-7.833757	-3.244431	100.000000	48.979986	-5.747720	-10.577454
39.562962	-1.572890	15.740956	9.201530	2.836155	6.647989
15.479570	10.707849	9.049807	18.972383	-0.403444	5.591007
97.544957	-15.309361	14.279676	-2.829410	-2.321333	8.989289
99.735688	-16.071135	66.829572	0.352565	12.589011	31.107411
-8.283493	4.041602	69.376969	34.998031	8.026320	2.303553
97.280604	9.728107	13.696269	9.319255	2.216435	9.225637
-20.667217	-11.300622	-21.369747	51.720747	-2.212388	9.373502
9.865840	13.625990	42.742320	8.594963	5.941845	15.380970
3.637695	9.156215	41.824248	33.587204	3.526564	8.062079
-20.158290	-2.894596	18.872267	15.805593	3.241683	4.257895
-18.335748	5.292617	55.335063	27.644864	-6.611405	3.143466
11.652475	-10.980100	41.096485	21.136346	-8.342486	17.674467
100.000000	-8.873271	25.364215	8.928412	7.649588	20.495332
12.407333	-13.833759	73.630769	9.465032	1.046838	16.910182
3.053676	12.093002	48.920047	21.642011	-5.067340	19.707769
0.223002	-6.247748	42.274563	51.652921	-0.217844	5.882412
-83.078571	3.608144	11.980303	10.777224	-4.136538	4.903184
26.641146	5.582302	41.991399	19.163404	6.125493	6.178523
13.885241	1.012681	13.555093	12.176440	1.223544	9.942889
-54.852541	2.160252	52.254816	25.698996	3.430874	9.882439
8.246200	3.350160	54.961821	49.714351	-4.728240	0.717065
91.820864	-0.933789	15.545802	10.598862	5.466825	4.186174
-18.223758	6.679383	80.995368	8.327208	-1.258552	8.307115
100.000000	-5.233357	17.394754	11.243149	0.664568	19.181445
-36.618833	5.514165	31.385067	9.746165	1.711961	16.582866
-3.152464	13.228545	38.284071	48.618736	0.340052	4.405022
100.000000	-0.150107	20.358590	14.358388	-3.948427	11.726744
14.150273	3.857119	78.240604	23.668420	-14.746871	1.839422
