56.745647	-100.000000	-100.000000	-20.086047	51.314194	-99.624720
52.777297	-100.000000	-100.000000	-29.088272	50.846174	-99.687260
-51.828920	100.000000	100.000000	30.365103	-50.967084	99.850590
-51.738309	100.000000	100.000000	29.164580	-51.178976	99.840025
-48.201424	100.000000	100.000000	37.695924	-50.886694	99.786348
60.387198	-100.000000	-100.000000	-11.880401	50.855250	-100.000000
-49.263949	100.000000	100.000000	36.529778	-51.122024	99.961160
50.646409	-100.000000	-100.000000	-31.318211	50.954481	-99.922857
57.227967	-100.000000	-100.000000	-16.802135	51.147607	-99.976974
-56.147501	100.000000	100.000000	19.500556	-51.015719	99.663851
-50.758618	100.000000	100.000000	30.543586	-51.173571	100.000000
55.965092	-100.000000	-100.000000	-21.524209	51.058737	-99.883280
-46.944237	100.000000	100.000000	39.980027	-50.960545	99.886091
-51.703649	100.000000	100.000000	27.862554	-51.075941	99.862431
-52.649818	100.000000	100.000000	27.278841	-51.142125	99.968856
-44.978666	100.000000	100.000000	44.572941	-51.011438	99.873070
-57.856526	100.000000	100.000000	16.610182	-51.124246	100.000000
49.149284	-100.000000	-100.000000	-35.373410	51.256429	-100.000000
49.712586	-100.000000	-100.000000	-34.844154	50.901932	-100.000000
-47.287698	100.000000	100.000000	40.174312	-50.958955	99.868677
51.632157	-100.000000	-100.000000	-30.338412	50.784454	-99.626411
-55.608934	100.000000	100.000000	21.140225	-51.239561	99.840139
-43.221691	100.000000	100.000000	49.798197	-50.940032	100.000000
55.726502	-100.000000	-100.000000	-20.725898	51.194805	-100.000000
-53.832869	100.000000	100.000000	24.292371	-50.933157	99.904463
59.945706	-100.000000	-100.000000	-14.506544	51.052761	-100.000000
-54.869662	100.000000	100.000000	22.844297	-51.280297	100.000000
-53.537943	100.000000	100.000000	25.558019	-51.038458	100.000000
49.106203	-100.000000	-100.000000	-36.253856	51.187948	-100.000000
48.067363	-100.000000	-100.000000	-38.161106	50.939397	-99.882081
-52.905980	100.000000	100.000000	27.676064	-51.288627	99.858806
53.085240	-100.000000	-100.000000	-27.300940	50.905174	-100.000000
-52.470136	100.000000	100.000000	26.779442	-51.157326	99.493796
54.556905	-100.000000	-100.000000	-22.391625	50.947166	-100.000000
-41.057228	100.000000	100.000000	52.648642	-51.031809	99.892458
-54.527925	100.000000	100.000000	23.919998	-51.265893	99.828763
53.584328	-100.000000	-100.000000	-27.643630	50.984378	-99.926563
-53.304410	100.000000	100.000000	26.692197	-51.225314	99.890070
-49.717144	100.000000	100.000000	34.211557	-51.056665	99.891676
-62.730571	100.000000	100.000000	4.219619	-50.058627	99.953795
59.206212	-100.000000	-100.000000	-12.883148	51.316609	-100.000000
-37.929733	100.000000	100.000000	59.831754	-51.213371	100.000000
-50.593043	100.000000	100.000000	31.710956	-50.979931	99.959993
100.000000	-33.330839	-56.184317	10.159206	100.000000	64.875202
52.935883	-100.000000	-100.000000	-27.662038	50.875157	-99.983799
-56.131967	100.000000	100.000000	18.380100	-51.220404	99.612363
56.684794	-100.000000	-100.000000	-18.374836	50.962692	-99.700501
-52.877545	100.000000	100.000000	28.784716	-51.061480	100.000000
-45.299957	100.000000	100.000000	43.891362	-50.913918	99.816911
-51.121933	100.000000	100.000000	30.413650	-51.248777	100.000000
-51.349848	100.000000	100.000000	32.542884	-51.189660	100.000000
-58.102397	100.000000	100.000000	16.081217	-50.996089	100.000000
-49.740771	100.000000	100.000000	35.034506	-51.164262	99.852489
-52.408954	100.000000	100.000000	26.836342	-50.867375	100.000000
-51.945436	100.000000	100.000000	29.955548	-51.191298	99.970410
51.930366	-100.000000	-100.000000	-29.472474	50.942253	-99.695033
-58.989763	100.000000	100.000000	10.880906	-51.172697	100.000000
-50.358173	100.000000	100.000000	32.636920	-51.096119	100.000000
-46.558610	100.000000	100.000000	40.443184	-50.956090	99.545149
53.863358	-100.000000	-100.000000	-26.452383	51.215649	-99.910879
56.386305	-100.000000	-100.000000	-21.703808	50.850498	-99.756897
49.061192	-100.000000	-100.000000	-36.264155	51.008360	-99.633684
-52.888929	100.000000	100.000000	28.899507	-51.117820	100.000000
-52.025422	100.000000	100.000000	27.947974	-51.017658	100.000000
46.878645	-100.000000	-100.000000	-40.900391	51.084812	-100.000000
-58.638735	100.000000	100.000000	10.856328	-51.047819	99.886390
-59.490712	100.000000	100.000000	16.177129	-51.016907	99.894037
-58.828224	100.000000	100.000000	13.534595	-50.899107	99.902929
-44.494743	100.000000	100.000000	46.927274	-51.189880	100.000000
-48.615448	100.000000	100.000000	37.334656	-50.994341	99.977392
-49.095735	100.000000	100.000000	36.844498	-51.212606	99.857658
-48.777151	100.000000	100.000000	36.392468	-51.147404	99.956945
-48.305005	100.000000	100.000000	37.031429	-50.765098	100.000000
-56.375059	100.000000	100.000000	19.856313	-50.945566	99.822154
-51.637119	100.000000	100.000000	28.115678	-51.171674	100.000000
-49.022639	100.000000	100.000000	36.743446	-51.088873	99.848911
-73.454919	100.000000	100.000000	-6.897893	-57.749801	72.155824
47.021992	-100.000000	-100.000000	-38.703593	51.069951	-99.881718
-56.626221	100.000000	100.000000	16.244577	-51.123816	100.000000
54.782480	-100.000000	-100.000000	-21.834329	51.174607	-99.957449
-58.160486	100.000000	100.000000	17.999495	-51.346095	100.000000
-53.881468	100.000000	100.000000	24.057389	-50.878376	99.773985
-53.439705	100.000000	100.000000	25.475862	-51.051463	99.936523
-48.436943	100.000000	100.000000	37.825833	-50.983862	100.000000
-50.996106	100.000000	100.000000	31.503787	-51.067598	100.000000
60.844569	-100.000000	-100.000000	-9.876857	51.300013	-99.866696
-55.052487	100.000000	100.000000	21.219778	-51.185693	99.982560
51.940447	-100.000000	-100.000000	-29.486882	51.114564	-99.810165
-62.481054	100.000000	100.000000	10.811368	-51.090244	99.904888
-52.462329	100.000000	100.000000	28.209676	-51.033765	100.000000
-55.374413	100.000000	100.000000	20.040323	-51.026137	100.000000
-51.279350	100.000000	100.000000	30.199262	-50.966333	99.994736
-54.135792	100.000000	100.000000	25.449311	-50.818634	99.985951
53.262434	-100.000000	-100.000000	-25.962926	51.171338	-99.800476
-50.504441	100.000000	100.000000	32.461612	-50.918306	100.000000
-54.038449	100.000000	100.000000	23.613230	-51.045222	99.578168
-54.804634	100.000000	100.000000	23.178636	-51.269278	100.000000
-48.179463	100.000000	100.000000	36.289135	-50.759528	99.785533
-47.571705	100.000000	100.000000	38.257338	-51.087812	100.000000
52.216012	-100.000000	-100.000000	-30.767298	50.740780	-99.593505
57.151141	-100.000000	-100.000000	-17.012902	50.994824	-99.691319
-47.155615	100.000000	100.000000	39.148761	-50.978381	99.895813
-51.566781	100.000000	100.000000	30.884024	-51.004300	99.914833
-46.369245	100.000000	100.000000	42.730378	-51.227612	100.000000
-57.851466	100.000000	100.000000	18.357909	-50.977617	100.000000
-44.842906	100.000000	100.000000	45.179651	-51.181075	99.904324
-48.356079	100.000000	100.000000	38.884643	-51.113583	99.628409
-47.587185	100.000000	100.000000	39.830775	-51.075561	100.000000
-54.251249	100.000000	100.000000	24.926948	-51.209288	99.970203
-41.474726	100.000000	100.000000	52.779620	-51.024092	100.000000
-50.969444	100.000000	100.000000	31.105722	-51.272792	99.460978
53.655130	-100.000000	-100.000000	-24.325662	51.008279	-99.679544
-56.709935	100.000000	100.000000	18.853967	-51.233938	100.000000
-51.743902	100.000000	100.000000	30.499190	-50.861296	99.661538
-51.589207	100.000000	100.000000	30.255242	-51.082889	99.806262
-54.428218	100.000000	100.000000	23.196754	-51.283070	99.892906
61.791461	-100.000000	-100.000000	-7.854776	50.724390	-99.832159
-51.913978	100.000000	100.000000	29.230539	-51.252342	99.971738
49.375077	-100.000000	-100.000000	-33.493254	51.226545	-99.862307
51.663434	-100.000000	-100.000000	-30.160663	51.152385	-99.766202
-60.402853	100.000000	100.000000	8.732081	-51.183209	99.886806
-65.274820	100.000000	100.000000	7.166980	-50.985814	99.904197
-59.193065	100.000000	100.000000	16.102924	-51.050314	99.840944
-57.945837	100.000000	100.000000	13.409378	-51.258770	100.000000
-49.465350	100.000000	100.000000	35.022793	-51.015325	99.723690
-60.336748	100.000000	100.000000	14.729754	-50.969343	99.795282
-48.206539	100.000000	100.000000	38.130820	-51.066300	100.000000
-54.119168	100.000000	100.000000	24.346131	-50.993739	99.632003
-56.538157	100.000000	100.000000	18.629080	-50.884883	99.690213
56.889506	-100.000000	-100.000000	-18.780245	51.112011	-99.716328
-56.349035	100.000000	100.000000	19.183655	-50.933037	99.869304
-56.287624	100.000000	100.000000	20.217988	-51.064387	99.993646
57.429120	-100.000000	-100.000000	-20.195938	51.256281	-99.916952
58.686273	-100.000000	-100.000000	-14.620724	51.182369	-99.626865
60.916837	-100.000000	-100.000000	-10.087078	50.925883	-99.864481
-44.493288	100.000000	100.000000	46.698735	-51.160544	99.883594
-50.414009	100.000000	100.000000	34.109430	-51.083909	99.898577
-50.581782	100.000000	100.000000	32.362915	-51.222177	100.000000
49.644800	-100.000000	-100.000000	-35.933275	51.135036	-99.966635
58.159485	-100.000000	-100.000000	-15.080456	50.966788	-99.929846
-60.083439	100.000000	100.000000	11.972680	-51.121580	99.709018
-47.511430	100.000000	100.000000	37.828914	-50.775263	99.908597
-54.011688	100.000000	100.000000	23.812479	-51.022706	99.790697
57.429068	-100.000000	-100.000000	-18.902012	51.101330	-99.755256
54.253561	-100.000000	-100.000000	-24.636230	51.249763	-99.980674
-56.211264	100.000000	100.000000	19.360563	-51.108322	99.906102
60.103506	-100.000000	-100.000000	-13.611879	51.120140	-99.976640
58.522256	-100.000000	-100.000000	-14.908858	50.904251	-100.000000
-47.452142	100.000000	100.000000	39.428473	-51.385957	100.000000
-47.149872	100.000000	100.000000	38.336236	-50.847770	99.800479
-51.853031	100.000000	100.000000	29.941350	-51.102879	100.000000
-58.574624	100.000000	100.000000	14.898410	-51.125161	99.782229
-58.507977	100.000000	100.000000	16.250387	-51.210555	99.662641
-54.950333	100.000000	100.000000	20.818127	-50.999766	99.756775
-51.256768	100.000000	100.000000	29.744356	-50.986796	99.929823
-57.854978	100.000000	100.000000	16.442073	-50.752155	99.914959
-47.758343	100.000000	100.000000	38.258718	-51.243468	99.814723
51.888602	-100.000000	-100.000000	-28.988062	51.099963	-99.528266
-56.254160	100.000000	100.000000	21.659045	-51.304464	99.853489
58.518084	-100.000000	-100.000000	-13.408920	50.921826	-99.846466
53.303859	-100.000000	-100.000000	-25.874924	51.109597	-99.993423
-52.388407	100.000000	100.000000	28.138805	-51.160214	99.829468
-49.274500	100.000000	100.000000	36.002668	-51.234087	99.900364
-56.639887	100.000000	100.000000	19.631527	-51.118613	99.942144
-49.678481	100.000000	100.000000	34.154633	-50.995737	100.000000
50.581294	-100.000000	-100.000000	-33.696740	50.919613	-100.000000
-55.809665	100.000000	100.000000	18.315836	-50.776564	99.737988
59.255576	-100.000000	-100.000000	-11.281365	51.067189	-99.911949
46.850697	-100.000000	-100.000000	-42.096299	51.265407	-99.767532
-61.050539	100.000000	100.000000	7.389005	-50.952364	99.921452
51.507607	-100.000000	-100.000000	-30.364525	51.082426	-100.000000
-52.770391	100.000000	100.000000	27.389700	-51.062381	99.886124
54.785722	-100.000000	-100.000000	-22.224541	51.216768	-100.000000
-51.404769	100.000000	100.000000	31.294804	-50.957004	100.000000
-53.396616	100.000000	100.000000	26.847349	-51.032453	99.856264
-53.240219	100.000000	100.000000	27.654239	-51.303596	99.703324
-55.816287	100.000000	100.000000	23.203531	-51.034014	99.788516
60.641132	-100.000000	-100.000000	-8.631266	51.250416	-99.842252
-53.618807	100.000000	100.000000	25.963433	-50.947395	99.895745
-57.697558	100.000000	100.000000	16.270980	-51.235096	99.883386
53.263328	-100.000000	-100.000000	-27.121114	51.284662	-99.939275
48.322341	-100.000000	-100.000000	-36.035322	51.086044	-100.000000
-53.479906	100.000000	100.000000	25.759685	-50.954508	99.815085
48.421922	-100.000000	-100.000000	-37.314475	51.115202	-99.897742
-52.612927	100.000000	100.000000	28.177303	-51.005797	100.000000
-52.441580	100.000000	100.000000	28.136103	-50.976036	99.524261
-49.172779	100.000000	100.000000	35.006066	-51.083991	99.904891
51.031110	-100.000000	-100.000000	-29.726730	51.176067	-100.000000
-52.621179	100.000000	100.000000	28.426453	-51.006332	99.859818
75.355078	-100.000000	-100.000000	8.388780	60.313202	-67.936892
-54.055337	100.000000	100.000000	24.671453	-51.129904	100.000000
100.000000	-94.708844	-91.794704	9.947979	100.000000	17.766663
55.125640	-100.000000	-100.000000	-22.120295	50.999143	-99.908482
-48.939979	100.000000	100.000000	35.328100	-51.021349	99.652115
57.202971	-100.000000	-100.000000	-15.791262	51.218531	-99.800144
-53.838987	100.000000	100.000000	24.762413	-51.100065	99.917900
-57.522883	100.000000	100.000000	17.869737	-51.284066	99.917062
-51.101311	100.000000	100.000000	31.969042	-50.823883	99.652320
-49.306053	100.000000	100.000000	35.642962	-51.230312	99.840515
-44.797207	100.000000	100.000000	45.086138	-51.008960	100.000000
-48.746616	100.000000	100.000000	37.589037	-51.071460	99.828650
-57.746300	100.000000	100.000000	18.506271	-51.195985	99.422997
58.070227	-100.000000	-100.000000	-14.163796	50.854205	-99.803119
-55.069844	100.000000	100.000000	21.651594	-50.955471	100.000000
-55.587177	100.000000	100.000000	19.536224	-50.988270	99.806439
-48.148522	100.000000	100.000000	37.530010	-51.065665	100.000000
-49.987893	100.000000	100.000000	34.648558	-51.251942	100.000000
-57.386376	100.000000	100.000000	20.588280	-51.139417	99.689554
-65.728152	100.000000	100.000000	-4.045008	-49.723144	93.181507
-52.439795	100.000000	100.000000	29.745090	-51.204080	99.998863
53.886915	-100.000000	-100.000000	-25.586716	51.351995	-100.000000
-46.788838	100.000000	100.000000	41.932445	-51.022500	99.773644
-56.853206	100.000000	100.000000	18.734880	-51.115388	99.660750
-53.919025	100.000000	100.000000	25.434597	-51.124033	99.815689
-53.725019	100.000000	100.000000	26.913196	-50.863142	99.652664
-52.353217	100.000000	100.000000	29.220704	-51.155891	99.975599
-58.576619	100.000000	100.000000	15.331609	-51.140343	99.951449
57.609123	-100.000000	-100.000000	-15.682188	50.903494	-99.754464
-50.499740	100.000000	100.000000	33.895382	-51.069266	99.824288
-50.701302	100.000000	100.000000	31.159066	-50.922548	100.000000
-58.161662	100.000000	100.000000	15.860623	-50.911220	99.814475
59.136468	-100.000000	-100.000000	-13.822138	50.983488	-99.954721
-58.682170	100.000000	100.000000	15.757582	-51.285063	99.389031
-50.360227	100.000000	100.000000	34.125273	-51.051735	99.950108
52.511332	-100.000000	-100.000000	-25.405797	51.128923	-99.934391
-51.516956	100.000000	100.000000	28.867504	-51.033609	100.000000
-49.832394	100.000000	100.000000	32.557219	-50.930771	99.876679
-59.442007	100.000000	100.000000	13.973143	-50.938613	100.000000
53.260277	-100.000000	-100.000000	-24.874123	51.008872	-99.831688
-57.211440	100.000000	100.000000	17.824347	-51.214815	99.861048
-49.815636	100.000000	100.000000	32.853699	-50.974925	99.956947
43.446334	-100.000000	-100.000000	-48.121158	51.076307	-99.884714
-56.401751	100.000000	100.000000	20.351100	-50.954103	100.000000
45.204446	-100.000000	-100.000000	-44.315921	51.052133	-99.797213
-45.642798	100.000000	100.000000	42.929114	-50.813924	100.000000
-57.700054	100.000000	100.000000	18.497328	-50.983422	99.898852
-52.177189	100.000000	100.000000	30.670524	-50.957887	100.000000
-48.912397	100.000000	100.000000	35.034042	-51.113523	100.000000
53.792601	-100.000000	-100.000000	-24.804128	51.105250	-100.000000
-52.400940	100.000000	100.000000	28.206270	-51.071203	99.747503
46.965118	-100.000000	-100.000000	-40.396792	51.129607	-99.979119
-52.758819	100.000000	100.000000	28.382612	-51.201529	99.971212
-50.774410	100.000000	100.000000	31.488092	-51.166505	99.953169
-51.167571	100.000000	100.000000	32.288168	-51.139891	100.000000
-58.644396	100.000000	100.000000	15.840808	-51.119273	100.000000
-57.219851	100.000000	100.000000	17.594691	-51.072783	100.000000
-54.974260	100.000000	100.000000	24.778327	-51.167263	99.851254
53.874112	-100.000000	-100.000000	-25.533994	51.163411	-99.990750
-51.425997	100.000000	100.000000	28.623785	-51.016005	99.868714
-53.377896	100.000000	100.000000	25.590224	-51.075683	100.000000
51.674361	-100.000000	-100.000000	-28.836188	51.093873	-100.000000
-50.129838	100.000000	100.000000	33.816272	-51.039019	100.000000
-57.421802	100.000000	100.000000	12.786738	-51.405926	100.000000
-51.903149	100.000000	100.000000	27.793152	-51.300191	99.520659
54.221210	-100.000000	-100.000000	-23.571132	51.015493	-99.870197
-59.110737	100.000000	100.000000	14.337180	-50.907674	99.753054
-58.812797	100.000000	100.000000	15.375962	-51.216188	99.853496
52.260919	-100.000000	-100.000000	-29.874545	51.315255	-99.977730
-47.683905	100.000000	100.000000	38.536237	-51.008371	100.000000
55.604123	-100.000000	-100.000000	-20.140929	50.944894	-99.685714
-56.391282	100.000000	100.000000	16.616166	-51.081744	99.911145
76.680703	-100.000000	-100.000000	10.648809	62.896954	-61.125845
-48.599707	100.000000	100.000000	35.292071	-51.122344	99.774071
-49.392827	100.000000	100.000000	33.448480	-51.074561	99.964636
56.737628	-100.000000	-100.000000	-19.155226	51.117997	-99.949334
-54.812782	100.000000	100.000000	22.797195	-50.993772	99.965066
53.304935	-100.000000	-100.000000	-25.940397	50.884594	-99.628174
-51.060655	100.000000	100.000000	31.004069	-51.301227	100.000000
-53.768069	100.000000	100.000000	23.665962	-50.919624	99.837708
-57.876238	100.000000	100.000000	18.355508	-51.177867	99.835198
57.055431	-100.000000	-100.000000	-20.932046	51.185495	-99.696430
-57.954839	100.000000	100.000000	15.722772	-51.227396	99.975409
-52.897579	100.000000	100.000000	29.421367	-51.018357	100.000000
54.391369	-100.000000	-100.000000	-25.432426	51.078300	-99.951937
45.965724	-100.000000	-100.000000	-42.270203	50.895658	-99.744945
-47.065856	100.000000	100.000000	39.434715	-51.209450	99.908533
54.307257	-100.000000	-100.000000	-24.964408	50.942237	-100.000000
-52.243295	100.000000	100.000000	29.498139	-51.178278	99.926045
-54.804586	100.000000	100.000000	25.986321	-51.033282	99.852850
-49.497279	100.000000	100.000000	34.212675	-51.103416	99.979518
-44.381730	100.000000	100.000000	46.093972	-51.049021	99.941399
-50.894716	100.000000	100.000000	32.600533	-51.239815	99.836483
-48.101780	100.000000	100.000000	36.930051	-50.982978	100.000000
56.621705	-100.000000	-100.000000	-20.585008	51.051758	-99.775592
-44.841419	100.000000	100.000000	44.915735	-50.914904	99.620402
59.225200	-100.000000	-100.000000	-14.012249	51.321784	-99.787746
-59.227027	100.000000	100.000000	13.561713	-50.867487	100.000000
-52.320400	100.000000	100.000000	30.357914	-51.012250	99.749092
-49.423561	100.000000	100.000000	35.373565	-50.769536	99.979775
-60.902281	100.000000	100.000000	8.428298	-51.082736	99.934040
-53.511259	100.000000	100.000000	25.792599	-51.016352	99.755504
-55.519942	100.000000	100.000000	21.136075	-51.142496	99.815685
-51.379106	100.000000	100.000000	31.597365	-50.909111	99.907944
-56.060740	100.000000	100.000000	19.670245	-50.931728	99.905511
-55.794030	100.000000	100.000000	18.374412	-51.147242	99.935763
-55.659948	100.000000	100.000000	19.971231	-51.103859	99.754990
-52.700880	100.000000	100.000000	28.767477	-51.175669	100.000000
-52.772340	100.000000	100.000000	27.711217	-50.895661	99.975122
-50.468279	100.000000	100.000000	30.769361	-51.027714	99.882236
-53.379183	100.000000	100.000000	26.551924	-51.192351	100.000000
-43.963000	100.000000	100.000000	47.335833	-51.239442	99.890605
-51.377436	100.000000	100.000000	30.761322	-51.190672	99.958915
57.500579	-100.000000	-100.000000	-17.738005	51.383046	-100.000000
-51.049561	100.000000	100.000000	31.609987	-51.099786	99.949932
54.291945	-100.000000	-100.000000	-25.294051	50.811827	-99.945970
-56.208003	100.000000	100.000000	22.318832	-51.048462	99.828672
57.481614	-100.000000	-100.000000	-17.386789	50.961505	-100.000000
-54.802570	100.000000	100.000000	22.456945	-51.121813	99.960018
-60.085230	100.000000	100.000000	12.891664	-51.141292	99.774271
52.673950	-100.000000	-100.000000	-30.142330	51.179651	-99.790693
-49.288828	100.000000	100.000000	37.339886	-51.110396	99.905839
55.340544	-100.000000	-100.000000	-19.988476	51.110319	-99.883298
-52.407214	100.000000	100.000000	28.038911	-51.077559	100.000000
-61.177119	100.000000	100.000000	8.549726	-51.135556	99.847080
-57.349504	100.000000	100.000000	19.441915	-51.047749	100.000000
-58.731146	100.000000	100.000000	12.166280	-51.155628	99.861164
-59.640496	100.000000	100.000000	14.909381	-50.976001	99.819635
-50.034246	100.000000	100.000000	34.245884	-50.857983	100.000000
-56.924778	100.000000	100.000000	15.302208	-50.959384	100.000000
-49.847760	100.000000	100.000000	32.832670	-51.070640	99.976247
-56.246337	100.000000	100.000000	22.185754	-51.028734	99.974937
-51.200819	100.000000	100.000000	31.954193	-51.119102	99.852567
-52.530667	100.000000	100.000000	29.504317	-51.116222	99.954938
-54.017278	100.000000	100.000000	27.444394	-51.180099	100.000000
-43.403506	100.000000	100.000000	49.466760	-51.327734	99.883011
-47.693181	100.000000	100.000000	37.854335	-51.166369	99.890153
-56.788719	100.000000	100.000000	19.687363	-51.395613	99.997637
-57.241145	100.000000	100.000000	18.234681	-51.021023	99.772732
-49.565026	100.000000	100.000000	34.402227	-50.936374	99.573685
-59.140696	100.000000	100.000000	14.259703	-51.014449	100.000000
-55.368678	100.000000	100.000000	21.043487	-50.872075	99.606529
-54.141257	100.000000	100.000000	25.539558	-51.150888	99.901215
-56.874952	100.000000	100.000000	18.940453	-51.163372	99.860264
-49.641277	100.000000	100.000000	33.857655	-51.227319	99.838779
-47.393237	100.000000	100.000000	39.122321	-51.334540	99.971535
-54.790671	100.000000	100.000000	24.227544	-51.098596	99.921454
52.067515	-100.000000	-100.000000	-29.109160	50.939451	-100.000000
-52.309432	100.000000	100.000000	28.367068	-51.355474	99.932965
-56.915202	100.000000	100.000000	20.646510	-50.927692	99.862817
-100.000000	91.132776	93.299820	-2.690096	-100.000000	-23.975037
55.605690	-100.000000	-100.000000	-19.253651	51.198918	-99.973649
58.594601	-100.000000	-100.000000	-16.057028	51.206158	-100.000000
54.723181	-100.000000	-100.000000	-23.168160	51.097877	-99.823271
53.742116	-100.000000	-100.000000	-25.013826	51.019080	-100.000000
-56.440772	100.000000	100.000000	20.913667	-51.110944	99.978559
-51.810194	100.000000	100.000000	28.678078	-51.116607	99.887286
-55.905473	100.000000	100.000000	18.873609	-51.111536	99.926145
53.894608	-100.000000	-100.000000	-26.545432	51.172408	-99.910031
-53.091860	100.000000	100.000000	26.366815	-51.145694	100.000000
52.334389	-100.000000	-100.000000	-27.832514	51.086289	-99.906902
54.469713	-100.000000	-100.000000	-24.710572	51.155303	-99.997977
55.645632	-100.000000	-100.000000	-21.974364	51.034375	-99.994198
-50.354294	100.000000	100.000000	32.156977	-51.036073	100.000000
50.558704	-100.000000	-100.000000	-32.855778	51.035880	-99.983209
-52.044164	100.000000	100.000000	30.063779	-51.096754	100.000000
-49.719770	100.000000	100.000000	33.315750	-51.068357	99.565394
-68.271234	100.000000	100.000000	-2.514846	-53.267853	89.041668
-52.379117	100.000000	100.000000	27.919626	-50.949432	99.920881
-55.483521	100.000000	100.000000	21.950778	-50.960381	100.000000
54.300151	-100.000000	-100.000000	-24.045498	51.200143	-99.752796
54.509842	-100.000000	-100.000000	-22.771307	50.974709	-99.933276
-49.751165	100.000000	100.000000	34.449324	-51.167032	99.593397
-47.717916	100.000000	100.000000	38.494350	-51.230095	99.883518
-54.940094	100.000000	100.000000	23.300222	-51.104344	99.677172
-50.761137	100.000000	100.000000	32.614211	-50.926791	99.796921
-46.785206	100.000000	100.000000	40.170051	-50.996287	99.996476
62.453570	-100.000000	-100.000000	-7.753794	50.951360	-99.891219
-58.821687	100.000000	100.000000	15.889277	-50.909682	99.786389
48.990756	-100.000000	-100.000000	-36.267473	51.040661	-99.646716
-54.115379	100.000000	100.000000	23.394615	-51.036468	100.000000
-53.363150	100.000000	100.000000	24.998520	-51.054801	99.837014
-60.939034	100.000000	100.000000	12.664189	-51.151500	99.850294
-47.480167	100.000000	100.000000	40.161658	-51.141171	100.000000
-51.030665	100.000000	100.000000	30.788878	-51.100082	99.677550
-54.126325	100.000000	100.000000	25.371348	-51.049967	99.923535
52.801574	-100.000000	-100.000000	-28.615709	51.395083	-100.000000
-50.861090	100.000000	100.000000	31.924683	-51.069719	100.000000
-58.101024	100.000000	100.000000	17.604350	-51.118494	100.000000
-57.355391	100.000000	100.000000	15.851795	-51.051568	99.578746
56.336761	-100.000000	-100.000000	-19.492748	51.278379	-99.998186
-44.718939	100.000000	100.000000	45.019781	-50.911796	99.879000
-46.272253	100.000000	100.000000	42.525054	-50.880647	99.861140
-64.358858	100.000000	100.000000	7.293228	-51.150631	99.919993
51.418895	-100.000000	-100.000000	-29.858558	51.078312	-99.802798
-57.619494	100.000000	100.000000	17.327391	-51.040147	99.977083
47.585146	-100.000000	-100.000000	-38.785840	50.968842	-99.898377
-55.748585	100.000000	100.000000	22.059463	-51.146265	100.000000
47.839677	-100.000000	-100.000000	-38.325111	50.995055	-99.892761
50.353425	-100.000000	-100.000000	-34.041139	51.058675	-100.000000
-52.118381	100.000000	100.000000	28.901011	-50.793108	99.940476
-54.111309	100.000000	100.000000	23.594349	-51.041638	99.577280
51.378509	-100.000000	-100.000000	-30.153880	51.076718	-99.754457
-51.560226	100.000000	100.000000	30.428319	-50.914666	99.662676
-54.655785	100.000000	100.000000	20.506073	-51.041044	99.892942
-45.212330	100.000000	100.000000	44.698023	-51.063679	100.000000
-50.899478	100.000000	100.000000	32.067221	-51.142422	99.923456
-52.948005	100.000000	100.000000	26.271075	-51.085449	99.979536
56.622804	-100.000000	-100.000000	-19.085729	50.933268	-99.596864
-50.196562	100.000000	100.000000	32.780013	-51.119105	99.754806
-52.568799	100.000000	100.000000	28.561447	-51.003405	100.000000
-49.288289	100.000000	100.000000	35.444899	-51.083387	99.880330
56.320101	-100.000000	-100.000000	-18.475064	51.029945	-99.975866
-50.593348	100.000000	100.000000	31.852617	-51.294622	99.950180
46.232618	-100.000000	-100.000000	-42.555216	51.266337	-100.000000
48.805720	-100.000000	-100.000000	-34.331834	51.047978	-99.856522
45.999331	-100.000000	-100.000000	-43.901540	51.000910	-99.926684
-55.131128	100.000000	100.000000	21.899400	-51.127826	100.000000
-53.340156	100.000000	100.000000	27.387256	-51.268365	100.000000
-45.079151	100.000000	100.000000	45.306092	-51.240908	99.899734
52.081574	-100.000000	-100.000000	-29.973733	51.137997	-99.665919
-46.297386	100.000000	100.000000	40.923360	-50.930812	99.931276
52.658207	-100.000000	-100.000000	-27.826185	50.870464	-99.804291
-44.116961	100.000000	100.000000	46.261192	-51.081653	99.785375
-50.845478	100.000000	100.000000	33.276790	-50.741640	99.564795
-51.497545	100.000000	100.000000	29.908361	-50.968149	99.918194
-52.088001	100.000000	100.000000	30.179321	-51.253759	99.875435
-52.456944	100.000000	100.000000	27.390020	-50.908012	100.000000
-56.929005	100.000000	100.000000	18.185921	-51.231097	99.852452
58.939320	-100.000000	-100.000000	-11.135686	51.062550	-99.952139
52.206762	-100.000000	-100.000000	-29.493942	50.903046	-99.902240
-59.495231	100.000000	100.000000	10.592187	-51.062004	100.000000
-46.076518	100.000000	100.000000	41.576852	-51.078080	100.000000
-58.403898	100.000000	100.000000	17.334993	-50.993684	100.000000
-58.195148	100.000000	100.000000	16.660778	-51.154868	99.996108
-58.526311	100.000000	100.000000	16.256805	-50.820001	99.993483
-56.246789	100.000000	100.000000	20.515028	-50.976918	100.000000
-52.344858	100.000000	100.000000	28.236761	-51.234459	99.943285
-52.321171	100.000000	100.000000	28.354474	-51.018739	99.756014
-58.347508	100.000000	100.000000	15.200926	-51.060925	99.961795
-56.917247	100.000000	100.000000	18.200298	-51.124247	99.953446
-48.311356	100.000000	100.000000	36.911673	-51.154628	100.000000
-57.174629	100.000000	100.000000	17.753908	-50.984287	99.660380
-51.099866	100.000000	100.000000	31.583052	-50.923388	100.000000
54.605123	-100.000000	-100.000000	-22.824606	50.861814	-100.000000
-45.580432	100.000000	100.000000	43.681742	-51.304435	99.842219
-55.136272	100.000000	100.000000	23.070366	-51.043176	99.983295
-55.188342	100.000000	100.000000	22.835450	-50.960999	99.885549
-47.682567	100.000000	100.000000	40.525243	-51.039928	100.000000
50.877070	-100.000000	-100.000000	-30.717844	50.891646	-99.911565
-56.133858	100.000000	100.000000	20.585380	-50.926504	99.868278
-55.795863	100.000000	100.000000	20.800249	-51.140930	99.854161
-54.251730	100.000000	100.000000	23.399925	-51.171972	99.966929
57.614876	-100.000000	-100.000000	-16.525741	50.897520	-99.993547
-55.973084	100.000000	100.000000	20.141033	-50.877920	99.750965
52.351745	-100.000000	-100.000000	-28.991598	51.067742	-99.867354
-51.793157	100.000000	100.000000	30.275573	-51.130510	99.981184
54.660698	-100.000000	-100.000000	-21.844690	51.022468	-100.000000
-54.979090	100.000000	100.000000	23.320855	-51.094883	99.871276
-52.947714	100.000000	100.000000	27.909399	-51.143039	100.000000
51.202069	-100.000000	-100.000000	-31.726918	51.112259	-99.960325
-50.488976	100.000000	100.000000	33.108362	-51.067525	100.000000
-54.841165	100.000000	100.000000	22.130346	-51.140134	99.915903
50.793466	-100.000000	-100.000000	-32.120144	50.808206	-99.869833
72.531146	-100.000000	-100.000000	7.712011	57.986341	-72.864852
49.926368	-100.000000	-100.000000	-32.131489	50.915194	-99.651067
-57.520972	100.000000	100.000000	19.237206	-51.372204	100.000000
-56.703301	100.000000	100.000000	17.620867	-51.273114	99.891317
-59.693299	100.000000	100.000000	13.444254	-50.997263	99.705442
62.292039	-100.000000	-100.000000	-13.657335	51.111385	-100.000000
58.713874	-100.000000	-100.000000	-18.213595	51.149712	-100.000000
-56.980842	100.000000	100.000000	21.123528	-51.045401	99.584841
-51.152825	100.000000	100.000000	32.111311	-50.975691	99.774771
47.244396	-100.000000	-100.000000	-40.148099	51.320730	-99.748636
-50.872786	100.000000	100.000000	33.531016	-51.043680	100.000000
-53.669461	100.000000	100.000000	24.471600	-51.150773	99.916993
-56.405537	100.000000	100.000000	18.007966	-51.265441	100.000000
-52.012350	100.000000	100.000000	29.653495	-51.033324	99.903107
-58.630057	100.000000	100.000000	10.135671	-51.130186	99.870051
-48.230117	100.000000	100.000000	38.379899	-50.884925	100.000000
-44.776270	100.000000	100.000000	45.361819	-51.087931	99.889614
-55.851832	100.000000	100.000000	22.461369	-51.200369	100.000000
-54.695115	100.000000	100.000000	24.375710	-50.912553	99.974085
61.963655	-100.000000	-100.000000	-5.330039	49.510643	-99.244704
-48.822998	100.000000	100.000000	36.141682	-51.089193	99.794716
51.391463	-100.000000	-100.000000	-29.550025	50.998368	-99.649279
56.181824	-100.000000	-100.000000	-19.947333	51.051357	-99.721348
-54.538344	100.000000	100.000000	24.968832	-51.195694	100.000000
-53.549012	100.000000	100.000000	25.105155	-50.789749	100.000000
-54.075018	100.000000	100.000000	24.112676	-50.993313	99.581205
-54.545830	100.000000	100.000000	23.451162	-51.112351	100.000000
-49.772250	100.000000	100.000000	35.622086	-50.972624	99.803288
57.880676	-100.000000	-100.000000	-17.857937	51.022584	-100.000000
52.555432	-100.000000	-100.000000	-25.143886	51.030930	-100.000000
45.945876	-100.000000	-100.000000	-41.758249	50.739808	-99.849088
-45.985714	100.000000	100.000000	43.054428	-50.999440	99.911720
-53.655767	100.000000	100.000000	26.208182	-51.246117	99.860950
43.184285	-100.000000	-100.000000	-48.331652	50.834945	-99.788282
53.091556	-100.000000	-100.000000	-27.222820	50.976385	-99.906089
-58.187197	100.000000	100.000000	16.589431	-51.090314	100.000000
50.466201	-100.000000	-100.000000	-33.135105	50.904185	-99.747773
-51.172189	100.000000	100.000000	32.160372	-51.024814	99.840094
-54.132692	100.000000	100.000000	23.221994	-51.012476	99.912256
-54.750317	100.000000	100.000000	22.886336	-51.205001	99.914242
56.672259	-100.000000	-100.000000	-19.849474	51.015367	-99.850086
-51.861918	100.000000	100.000000	28.812023	-51.000189	100.000000
-59.454881	100.000000	100.000000	15.626821	-50.989982	99.784394
60.695258	-100.000000	-100.000000	-10.155868	51.264897	-99.799152
53.498898	-100.000000	-100.000000	-26.458614	50.863210	-99.969754
-48.761543	100.000000	100.000000	35.827635	-50.956909	99.904539
56.726263	-100.000000	-100.000000	-19.643457	50.988202	-99.865613
-76.340686	100.000000	100.000000	-5.772610	-65.296131	62.121327
-70.179334	100.000000	100.000000	-7.129558	-54.364209	83.019701
-59.634037	100.000000	100.000000	13.035612	-50.906662	99.622752
-48.402042	100.000000	100.000000	36.487503	-51.070700	100.000000
-49.774818	100.000000	100.000000	34.322542	-51.241092	100.000000
-53.332453	100.000000	100.000000	27.079351	-50.950786	100.000000
-52.801600	100.000000	100.000000	27.015206	-51.158346	99.991658
-54.294648	100.000000	100.000000	24.202542	-50.946963	99.478688
-53.995111	100.000000	100.000000	26.660413	-51.079826	100.000000
55.458349	-100.000000	-100.000000	-21.981457	50.941072	-100.000000
-53.138891	100.000000	100.000000	28.216594	-51.207224	99.656300
-55.078786	100.000000	100.000000	22.343978	-50.934588	99.733275
46.417285	-100.000000	-100.000000	-40.679607	50.931325	-99.749809
-58.178999	100.000000	100.000000	15.863003	-51.003569	99.943594
-50.080594	100.000000	100.000000	33.843758	-51.109376	99.910904
-48.589544	100.000000	100.000000	36.628562	-50.998671	100.000000
48.322963	-100.000000	-100.000000	-36.734081	51.135500	-100.000000
54.251569	-100.000000	-100.000000	-27.803886	50.999013	-99.840442
48.610732	-100.000000	-100.000000	-36.397179	50.876600	-99.710632
-51.295703	100.000000	100.000000	31.213825	-51.165630	99.959918
-51.962717	100.000000	100.000000	29.970576	-51.049292	100.000000
-55.749230	100.000000	100.000000	20.441345	-51.114359	100.000000
-56.245045	100.000000	100.000000	19.065726	-51.108686	99.713449
-48.882311	100.000000	100.000000	35.781561	-51.229521	99.917630
-53.336075	100.000000	100.000000	25.597200	-51.003334	99.798578
50.503485	-100.000000	-100.000000	-33.492601	51.040237	-99.767406
60.185439	-100.000000	-100.000000	-9.253380	51.108314	-99.861403
-51.099521	100.000000	100.000000	32.581134	-51.316228	99.920668
-47.704421	100.000000	100.000000	37.449882	-51.228590	99.891412
-58.246600	100.000000	100.000000	14.148582	-50.866505	99.953273
56.867793	-100.000000	-100.000000	-18.769731	51.254523	-99.914322
-43.429399	100.000000	100.000000	48.347992	-50.900249	99.648762
54.318307	-100.000000	-100.000000	-23.194257	51.203771	-99.980659
-53.624322	100.000000	100.000000	25.341008	-50.945548	99.723197
-59.143612	100.000000	100.000000	14.366402	-51.314395	99.899125
-51.319014	100.000000	100.000000	31.714302	-51.018506	99.899400
-49.192373	100.000000	100.000000	35.141421	-51.154528	100.000000
53.746305	-100.000000	-100.000000	-24.414944	50.986526	-100.000000
57.946577	-100.000000	-100.000000	-16.377450	51.029753	-100.000000
-54.863809	100.000000	100.000000	24.394357	-51.012985	99.939750
45.796821	-100.000000	-100.000000	-42.139939	51.025871	-99.957498
56.414670	-100.000000	-100.000000	-16.968265	51.037200	-100.000000
-59.306400	100.000000	100.000000	11.535660	-51.021249	99.809557
-51.493678	100.000000	100.000000	30.975262	-50.991178	99.900552
52.418094	-100.000000	-100.000000	-28.994339	51.037753	-99.830012
54.548560	-100.000000	-100.000000	-24.768167	51.163740	-99.903507
-49.980424	100.000000	100.000000	33.604697	-51.054343	99.719976
49.921999	-100.000000	-100.000000	-34.645549	51.086421	-99.910338
49.683331	-100.000000	-100.000000	-33.367309	51.019156	-99.947071
-46.482359	100.000000	100.000000	41.879062	-50.986752	99.977501
-44.537965	100.000000	100.000000	44.784918	-51.149823	99.612359
-59.910715	100.000000	100.000000	11.147350	-51.339151	99.743239
-47.198567	100.000000	100.000000	40.539669	-51.322161	99.664993
-55.027073	100.000000	100.000000	23.290668	-51.253327	99.695172
-49.066130	100.000000	100.000000	35.525343	-50.991308	99.715380
-49.591659	100.000000	100.000000	35.466379	-51.103335	100.000000
-50.368054	100.000000	100.000000	32.265385	-51.066241	99.925792
-57.381211	100.000000	100.000000	15.564766	-50.763801	99.833680
-51.256680	100.000000	100.000000	30.097867	-51.231174	100.000000
-55.125568	100.000000	100.000000	24.807707	-51.125433	99.557210
-51.876081	100.000000	100.000000	29.755538	-51.120425	100.000000
58.931879	-100.000000	-100.000000	-14.513421	51.043168	-100.000000
49.425431	-100.000000	-100.000000	-34.712802	50.913665	-99.994152
-50.495115	100.000000	100.000000	33.107919	-51.159398	100.000000
-40.569669	100.000000	100.000000	52.987254	-51.062290	99.862290
-44.165789	100.000000	100.000000	46.521794	-51.046196	100.000000
53.628155	-100.000000	-100.000000	-26.934924	50.916620	-100.000000
-55.568840	100.000000	100.000000	19.478785	-51.088431	99.657442
-45.014469	100.000000	100.000000	43.850125	-51.139753	99.840383
-52.164003	100.000000	100.000000	27.337131	-51.006235	99.883815
-47.790667	100.000000	100.000000	39.132138	-50.726925	100.000000
-52.750411	100.000000	100.000000	28.191966	-51.169874	99.743317
-56.184564	100.000000	100.000000	20.673047	-51.019979	100.000000
-50.523403	100.000000	100.000000	33.882847	-51.248040	99.868962
-47.824273	100.000000	100.000000	38.410580	-50.793550	99.495861
-57.578160	100.000000	100.000000	15.651480	-51.050102	100.000000
-54.449567	100.000000	100.000000	26.205441	-51.269268	99.970371
-49.830653	100.000000	100.000000	33.240714	-51.030262	99.668898
-50.040925	100.000000	100.000000	34.733682	-51.281744	99.339496
-56.242842	100.000000	100.000000	20.176437	-51.028989	99.892009
-58.921880	100.000000	100.000000	11.393040	-51.049994	99.783713
51.311668	-100.000000	-100.000000	-28.950739	51.019898	-99.903458
46.486098	-100.000000	-100.000000	-40.770882	51.084556	-100.000000
-53.549474	100.000000	100.000000	24.317119	-51.118508	100.000000
-56.638035	100.000000	100.000000	19.922279	-50.926799	99.755725
-45.962289	100.000000	100.000000	43.181311	-50.871971	99.612288
-53.564629	100.000000	100.000000	26.278680	-50.888463	100.000000
-55.697986	100.000000	100.000000	17.608330	-51.054709	99.688471
-54.160640	100.000000	100.000000	24.129641	-51.074507	99.855266
-60.304718	100.000000	100.000000	11.173308	-51.104332	99.809943
-60.340278	100.000000	100.000000	13.718360	-51.134851	99.820707
-53.949468	100.000000	100.000000	24.697059	-51.112526	100.000000
-56.763806	100.000000	100.000000	19.287102	-51.085816	100.000000
-51.336200	100.000000	100.000000	31.808984	-51.215851	99.864724
-51.917412	100.000000	100.000000	30.049613	-51.119183	100.000000
-57.876302	100.000000	100.000000	13.240062	-51.036663	99.915770
-48.821158	100.000000	100.000000	35.139560	-50.848585	99.813484
47.988018	-100.000000	-100.000000	-39.083281	50.966387	-99.960068
-44.345878	100.000000	100.000000	46.015356	-51.060198	100.000000
-62.186909	100.000000	100.000000	9.151892	-51.103114	100.000000
61.569784	-100.000000	-100.000000	-6.744904	50.748912	-100.000000
-53.933917	100.000000	100.000000	23.014011	-51.083949	99.848118
60.654757	-100.000000	-100.000000	-12.519982	51.087165	-99.885760
-54.658644	100.000000	100.000000	23.900791	-51.091474	100.000000
50.052629	-100.000000	-100.000000	-34.873151	51.099412	-99.907225
-51.818475	100.000000	100.000000	29.519095	-51.068043	99.491989
-54.553527	100.000000	100.000000	21.386061	-51.011685	99.976130
59.269152	-100.000000	-100.000000	-15.921717	50.694977	-99.984346
55.242344	-100.000000	-100.000000	-22.844769	51.105064	-99.795524
-45.811645	100.000000	100.000000	42.833380	-50.987327	99.758072
58.466336	-100.000000	-100.000000	-15.875492	51.015364	-100.000000
-47.114033	100.000000	100.000000	37.654895	-50.986962	99.946778
55.365734	-100.000000	-100.000000	-21.805693	50.952754	-100.000000
-48.636625	100.000000	100.000000	36.754123	-51.011180	99.876597
-59.638954	100.000000	100.000000	14.040936	-50.955044	100.000000
-32.973968	100.000000	100.000000	72.299975	-50.931435	99.804672
-50.926105	100.000000	100.000000	32.425980	-51.081141	99.792479
-52.797684	100.000000	100.000000	27.821367	-51.114903	99.636523
-52.103080	100.000000	100.000000	28.848958	-50.806831	99.526813
-56.930144	100.000000	100.000000	19.373745	-50.920950	99.825175
-55.177238	100.000000	100.000000	22.508826	-51.016304	100.000000
56.500525	-100.000000	-100.000000	-20.248753	50.976856	-99.997733
-49.795904	100.000000	100.000000	35.452191	-51.187840	100.000000
-56.245088	100.000000	100.000000	20.607242	-50.964036	99.899123
-47.998234	100.000000	100.000000	38.212438	-51.130159	99.592287
-49.800057	100.000000	100.000000	34.876857	-51.065348	100.000000
55.331903	-100.000000	-100.000000	-21.483045	50.790523	-99.731150
-68.186877	100.000000	100.000000	-5.789869	-53.884625	87.720327
-55.746787	100.000000	100.000000	19.185738	-50.989449	99.717821
45.321530	-100.000000	-100.000000	-45.705309	50.995185	-99.856907
-58.880674	100.000000	100.000000	12.418697	-50.971299	100.000000
57.482856	-100.000000	-100.000000	-20.269915	51.069407	-99.825673
-48.775645	100.000000	100.000000	37.259826	-50.961705	99.916255
50.815127	-100.000000	-100.000000	-31.842774	51.052884	-99.681378
47.783787	-100.000000	-100.000000	-39.041391	51.193982	-99.801338
-63.189444	100.000000	100.000000	7.228999	-51.181122	99.982154
51.212827	-100.000000	-100.000000	-29.648947	50.985776	-99.990254
52.850885	-100.000000	-100.000000	-26.369687	50.957754	-99.923963
-54.884660	100.000000	100.000000	23.680504	-51.028033	100.000000
-56.585309	100.000000	100.000000	17.690892	-50.963125	99.655964
-57.452892	100.000000	100.000000	18.161916	-51.113421	99.952499
-55.911711	100.000000	100.000000	20.363972	-51.060339	100.000000
-58.920777	100.000000	100.000000	15.210525	-51.060557	100.000000
-65.642269	100.000000	100.000000	-0.221228	-46.585374	98.278543
-54.474566	100.000000	100.000000	23.762786	-51.005032	99.852720
-52.533401	100.000000	100.000000	28.948354	-51.071658	99.944325
51.709392	-100.000000	-100.000000	-30.091147	51.052624	-100.000000
-52.456626	100.000000	100.000000	28.755625	-51.098737	99.728908
-58.977865	100.000000	100.000000	12.793672	-51.171111	100.000000
48.966342	-100.000000	-100.000000	-35.963361	50.835901	-99.859033
-53.799520	100.000000	100.000000	24.245259	-51.052066	100.000000
-65.130093	100.000000	100.000000	-0.129796	-51.192819	99.865150
-66.042119	100.000000	100.000000	4.381116	-52.758317	96.600439
-57.316973	100.000000	100.000000	15.718629	-51.188971	99.855559
-52.922335	100.000000	100.000000	26.795812	-51.170399	99.980807
-53.181031	100.000000	100.000000	26.737789	-50.897022	99.949804
-62.069731	100.000000	100.000000	4.234498	-51.088040	99.988683
-49.251061	100.000000	100.000000	36.907879	-51.113425	99.766293
-51.915640	100.000000	100.000000	30.441144	-50.998261	99.990056
60.304177	-100.000000	-100.000000	-10.104115	51.152245	-99.925293
51.278472	-100.000000	-100.000000	-30.802976	51.058353	-100.000000
-56.136087	100.000000	100.000000	17.290225	-51.233161	99.812346
-53.546467	100.000000	100.000000	25.379656	-50.985635	100.000000
-52.281251	100.000000	100.000000	29.749326	-51.077483	99.992696
54.278213	-100.000000	-100.000000	-25.197056	50.892686	-99.859482
-53.226181	100.000000	100.000000	25.806611	-50.987635	100.000000
-61.887755	100.000000	100.000000	10.258619	-51.291152	100.000000
-49.861662	100.000000	100.000000	33.151208	-50.974870	99.650754
-53.184015	100.000000	100.000000	27.222813	-50.908452	99.829257
57.822670	-100.000000	-100.000000	-16.903882	50.804232	-99.798388
-55.297582	100.000000	100.000000	22.401530	-51.065817	99.888560
-45.938059	100.000000	100.000000	43.408138	-51.117866	99.373075
-54.447265	100.000000	100.000000	24.115956	-50.974750	99.972009
56.419392	-100.000000	-100.000000	-19.299852	51.197400	-99.982809
-64.221448	100.000000	100.000000	5.950680	-51.092942	99.890953
56.890073	-100.000000	-100.000000	-19.831320	51.084863	-99.992298
-56.502216	100.000000	100.000000	17.271996	-50.939548	99.572759
-50.739845	100.000000	100.000000	32.988666	-50.979176	99.938204
-50.215800	100.000000	100.000000	33.276152	-50.932872	100.000000
-56.144691	100.000000	100.000000	19.938811	-51.057050	100.000000
-56.332028	100.000000	100.000000	21.328509	-51.064980	99.937166
-58.694440	100.000000	100.000000	16.473533	-50.977149	100.000000
-52.007998	100.000000	100.000000	30.819136	-51.074922	99.978846
56.015000	-100.000000	-100.000000	-21.318994	51.004624	-100.000000
54.821322	-100.000000	-100.000000	-22.622146	50.808261	-99.926338
-61.118673	100.000000	100.000000	8.726625	-50.854007	100.000000
56.842982	-100.000000	-100.000000	-18.701598	51.165782	-99.967331
50.431328	-100.000000	-100.000000	-30.660262	51.008909	-100.000000
60.034453	-100.000000	-100.000000	-12.280706	50.829415	-100.000000
-50.220904	100.000000	100.000000	33.601067	-51.191881	99.651255
-61.196108	100.000000	100.000000	11.200243	-51.008768	99.992085
-54.853013	100.000000	100.000000	24.088108	-50.951712	99.624853
-54.347086	100.000000	100.000000	23.615453	-51.024880	100.000000
-58.885309	100.000000	100.000000	14.227981	-51.225917	100.000000
60.118252	-100.000000	-100.000000	-8.634428	51.157773	-100.000000
-51.377007	100.000000	100.000000	27.537421	-51.131889	99.831549
60.251650	-100.000000	-100.000000	-9.336119	51.051675	-99.866159
-38.867135	100.000000	100.000000	58.333655	-50.889756	99.796410
-53.448654	100.000000	100.000000	27.639325	-51.127079	99.777762
-38.380595	100.000000	100.000000	59.818095	-50.985330	99.324715
-55.835178	100.000000	100.000000	21.589556	-51.110077	99.914119
-59.381185	100.000000	100.000000	10.438673	-51.168736	100.000000
-46.618911	100.000000	100.000000	40.453055	-51.234410	100.000000
46.988284	-100.000000	-100.000000	-40.474382	51.036621	-99.973558
-53.192509	100.000000	100.000000	26.303385	-51.316768	99.816286
-51.726384	100.000000	100.000000	29.796786	-50.980210	99.774252
-87.273140	100.000000	100.000000	-9.457459	-79.011531	32.981742
-55.807507	100.000000	100.000000	21.045603	-51.260186	100.000000
-47.236018	100.000000	100.000000	40.322309	-51.047918	100.000000
-55.615666	100.000000	100.000000	19.489918	-50.789196	99.922979
-52.716700	100.000000	100.000000	25.921930	-50.969081	99.809851
-43.039894	100.000000	100.000000	50.474280	-50.925316	99.510780
-47.114608	100.000000	100.000000	40.039025	-51.079960	99.929689
-59.847290	100.000000	100.000000	14.289244	-51.044843	99.695153
-52.205202	100.000000	100.000000	28.275860	-50.897636	100.000000
-48.414758	100.000000	100.000000	37.957244	-51.271341	99.859378
61.234789	-100.000000	-100.000000	-7.247664	50.994379	-99.996061
-60.838953	100.000000	100.000000	12.005945	-51.091380	100.000000
-59.699301	100.000000	100.000000	11.169916	-51.058214	99.701959
-49.855762	100.000000	100.000000	34.604884	-50.896013	100.000000
56.578360	-100.000000	-100.000000	-19.293369	51.035173	-100.000000
-51.925106	100.000000	100.000000	28.515625	-50.892727	99.818099
-50.764813	100.000000	100.000000	31.939179	-50.978724	100.000000
57.088575	-100.000000	-100.000000	-19.930509	51.167797	-100.000000
59.500184	-100.000000	-100.000000	-14.828460	50.969655	-99.974091
55.613035	-100.000000	-100.000000	-21.284263	51.132843	-99.886212
59.803518	-100.000000	-100.000000	-15.282183	51.173412	-100.000000
-55.222494	100.000000	100.000000	25.678551	-51.427587	99.944903
-54.613987	100.000000	100.000000	22.411698	-50.828396	100.000000
54.683282	-100.000000	-100.000000	-22.274782	50.842725	-99.836233
55.220087	-100.000000	-100.000000	-22.295867	51.002292	-100.000000
-51.257638	100.000000	100.000000	31.687676	-51.004619	99.905439
-56.633994	100.000000	100.000000	20.713130	-50.989719	99.939869
-53.488615	100.000000	100.000000	24.694581	-51.006616	99.794075
-51.685333	100.000000	100.000000	31.252316	-51.211404	99.938096
-50.052540	100.000000	100.000000	34.404380	-51.185021	99.931321
57.723652	-100.000000	-100.000000	-14.218121	51.083989	-100.000000
-52.765391	100.000000	100.000000	28.984807	-50.881762	100.000000
53.970182	-100.000000	-100.000000	-23.022972	51.165607	-99.998096
-50.585571	100.000000	100.000000	32.453232	-50.993742	99.996435
-50.628921	100.000000	100.000000	31.937503	-51.165229	99.828127
52.949883	-100.000000	-100.000000	-26.838576	50.565577	-99.995065
-53.952560	100.000000	100.000000	24.875263	-51.247559	100.000000
-57.152776	100.000000	100.000000	18.310995	-50.997820	99.877446
53.631714	-100.000000	-100.000000	-25.193247	51.060708	-100.000000
55.512660	-100.000000	-100.000000	-22.197057	51.092592	-99.665091
49.149523	-100.000000	-100.000000	-34.597701	51.239410	-100.000000
56.485494	-100.000000	-100.000000	-19.951595	50.917617	-99.735083
49.920995	-100.000000	-100.000000	-33.466221	51.017391	-100.000000
48.544947	-100.000000	-100.000000	-36.050404	51.041429	-99.921669
-54.435396	100.000000	100.000000	23.751953	-51.122280	99.896640
-59.934585	100.000000	100.000000	13.627847	-51.011436	99.679619
-60.102541	100.000000	100.000000	12.100004	-51.024629	99.971383
-52.491838	100.000000	100.000000	27.804453	-51.100759	99.727025
-49.071754	100.000000	100.000000	35.021568	-51.159346	99.604002
-52.962449	100.000000	100.000000	25.743371	-51.034401	100.000000
53.779116	-100.000000	-100.000000	-24.944713	51.189235	-99.868189
-60.166540	100.000000	100.000000	9.024352	-50.949792	99.389418
-51.521648	100.000000	100.000000	27.633295	-50.931892	99.843915
-51.601572	100.000000	100.000000	31.486578	-51.044925	99.916698
-57.884817	100.000000	100.000000	14.594052	-50.994869	99.976884
-50.412952	100.000000	100.000000	32.749416	-51.003975	99.942881
-47.690976	100.000000	100.000000	38.917450	-51.164081	100.000000
-49.285612	100.000000	100.000000	34.303277	-51.027729	100.000000
-55.466694	100.000000	100.000000	23.820973	-51.083959	99.768670
-52.934543	100.000000	100.000000	26.945983	-51.010904	100.000000
-53.903549	100.000000	100.000000	26.376466	-51.111803	99.637445
-55.488527	100.000000	100.000000	18.970668	-50.813188	99.484620
-47.659436	100.000000	100.000000	39.903836	-51.116913	99.805463
-54.408791	100.000000	100.000000	23.829099	-50.923824	99.783205
-55.881204	100.000000	100.000000	20.190219	-51.468925	100.000000
-54.838955	100.000000	100.000000	23.018416	-51.024692	99.988312
-48.135034	100.000000	100.000000	37.018626	-50.968790	100.000000
55.143984	-100.000000	-100.000000	-24.473323	51.012542	-99.877494
-49.478017	100.000000	100.000000	33.131610	-51.268108	100.000000
-55.659935	100.000000	100.000000	17.952553	-50.978377	100.000000
45.161567	-100.000000	-100.000000	-43.893127	51.145338	-100.000000
-53.955082	100.000000	100.000000	26.908148	-51.103845	100.000000
-53.515515	100.000000	100.000000	26.550919	-50.941662	99.724619
59.785864	-100.000000	-100.000000	-13.826960	51.123898	-99.915044
-49.102281	100.000000	100.000000	35.917210	-50.947736	99.549110
-45.854128	100.000000	100.000000	44.228706	-51.157183	99.870888
-52.223522	100.000000	100.000000	28.948695	-50.866828	99.997111
-48.128787	100.000000	100.000000	38.681721	-50.857619	99.977785
53.640766	-100.000000	-100.000000	-27.932177	50.965038	-99.853815
47.363004	-100.000000	-100.000000	-38.901829	51.165811	-99.912845
53.264406	-100.000000	-100.000000	-26.327422	50.999161	-100.000000
-56.287209	100.000000	100.000000	20.239104	-51.018227	99.934264
-44.130363	100.000000	100.000000	47.215980	-50.925483	99.894899
-51.506083	100.000000	100.000000	31.429130	-51.183448	99.899325
-50.036417	100.000000	100.000000	34.073506	-51.107791	100.000000
-43.862011	100.000000	100.000000	48.343898	-51.074874	99.957111
48.181164	-100.000000	-100.000000	-37.521576	51.145174	-99.600361
-49.482453	100.000000	100.000000	34.638448	-51.101953	99.954557
-54.283728	100.000000	100.000000	24.390691	-50.997656	100.000000
56.519685	-100.000000	-100.000000	-19.664799	51.094042	-99.492227
57.775594	-100.000000	-100.000000	-16.340126	51.008400	-99.653582
-55.938022	100.000000	100.000000	20.687118	-51.151830	100.000000
-60.763894	100.000000	100.000000	11.828503	-51.031472	99.877461
-49.487854	100.000000	100.000000	33.340329	-50.758311	99.869978
-61.589547	100.000000	100.000000	6.232926	-51.071768	99.996599
51.251170	-100.000000	-100.000000	-30.079065	51.217496	-99.961630
-49.241093	100.000000	100.000000	35.239268	-51.137020	99.896723
-47.491756	100.000000	100.000000	39.112289	-51.515334	100.000000
-54.890261	100.000000	100.000000	23.654773	-51.199297	99.834778
-55.405504	100.000000	100.000000	21.393755	-50.877492	100.000000
-51.207527	100.000000	100.000000	30.754373	-51.037569	99.841869
47.514824	-100.000000	-100.000000	-39.685942	51.004820	-99.903502
58.750629	-100.000000	-100.000000	-13.938434	51.036737	-99.768597
49.526744	-100.000000	-100.000000	-34.114209	51.089046	-99.746567
56.056917	-100.000000	-100.000000	-20.380559	51.308445	-99.782884
-50.183224	100.000000	100.000000	33.391982	-51.176511	99.916532
48.527896	-100.000000	-100.000000	-36.545003	51.137858	-99.698809
-59.237287	100.000000	100.000000	14.191252	-51.094121	100.000000
-54.064813	100.000000	100.000000	25.638095	-51.178689	99.894740
-100.000000	38.918889	49.691641	-17.567578	-100.000000	-82.107389
-53.342038	100.000000	100.000000	25.472106	-51.155998	100.000000
51.005945	-100.000000	-100.000000	-31.923476	50.896346	-99.918649
-52.603343	100.000000	100.000000	27.952453	-51.305218	99.970829
57.385349	-100.000000	-100.000000	-19.679526	51.152357	-99.709552
-46.653096	100.000000	100.000000	42.252409	-51.074716	99.989506
47.239994	-100.000000	-100.000000	-41.064602	51.108313	-99.709854
-53.647346	100.000000	100.000000	25.209141	-51.214554	99.943715
-46.759149	100.000000	100.000000	41.005317	-50.766584	100.000000
61.936886	-100.000000	-100.000000	-9.745777	51.268217	-100.000000
-50.969319	100.000000	100.000000	30.906632	-50.963158	99.877889
-59.623585	100.000000	100.000000	14.168082	-50.882554	99.884300
58.184266	-100.000000	-100.000000	-13.634162	51.097291	-100.000000
-50.283151	100.000000	100.000000	34.750409	-51.055717	100.000000
-47.099519	100.000000	100.000000	41.454773	-51.256306	99.896352
-53.969390	100.000000	100.000000	23.592369	-50.958740	100.000000
-45.950672	100.000000	100.000000	42.976948	-50.991617	99.970873
-49.962552	100.000000	100.000000	35.873073	-51.076987	99.992339
-54.211878	100.000000	100.000000	25.818385	-50.964667	99.992234
57.620134	-100.000000	-100.000000	-15.101519	51.175661	-100.000000
-55.120555	100.000000	100.000000	21.777593	-51.068639	100.000000
51.330167	-100.000000	-100.000000	-32.142597	51.206684	-100.000000
-53.616014	100.000000	100.000000	25.269323	-51.012662	99.961048
-44.980138	100.000000	100.000000	44.973913	-50.931528	99.890721
46.705189	-100.000000	-100.000000	-41.180077	51.162057	-99.993970
54.847587	-100.000000	-100.000000	-24.123578	51.128897	-99.821332
-49.185420	100.000000	100.000000	35.433512	-51.139490	99.825992
-50.516858	100.000000	100.000000	32.526349	-50.861415	99.862160
45.674109	-100.000000	-100.000000	-41.680910	50.990598	-99.921531
-56.268515	100.000000	100.000000	18.665134	-50.946650	100.000000
-55.942262	100.000000	100.000000	15.819272	-51.122480	99.932703
49.821427	-100.000000	-100.000000	-33.088104	51.059676	-100.000000
-57.248461	100.000000	100.000000	18.794448	-50.926496	99.947216
57.117826	-100.000000	-100.000000	-18.260529	51.109197	-100.000000
55.503014	-100.000000	-100.000000	-22.440629	50.932940	-99.840547
-56.992104	100.000000	100.000000	17.204332	-51.103532	100.000000
59.995760	-100.000000	-100.000000	-11.020003	51.007539	-99.857743
-56.344437	100.000000	100.000000	18.979581	-51.018429	100.000000
-56.303939	100.000000	100.000000	19.706967	-51.266924	100.000000
-47.623711	100.000000	100.000000	38.772803	-50.995837	99.801704
58.316169	-100.000000	-100.000000	-16.105324	50.986122	-99.966677
56.596424	-100.000000	-100.000000	-17.326744	51.019927	-99.693869
44.963130	-100.000000	-100.000000	-45.488767	51.135147	-99.706000
56.833083	-100.000000	-100.000000	-18.588063	51.280255	-99.989756
49.371173	-100.000000	-100.000000	-35.479794	51.006374	-99.568003
59.041764	-100.000000	-100.000000	-14.845982	50.931886	-99.903034
-53.109601	100.000000	100.000000	26.555918	-50.888975	99.925352
48.985899	-100.000000	-100.000000	-36.362454	51.109923	-100.000000
-55.221221	100.000000	100.000000	21.130901	-50.983785	99.880105
-60.305274	100.000000	100.000000	12.328837	-51.309535	99.843233
-56.825473	100.000000	100.000000	19.544109	-51.066697	99.907544
59.514938	-100.000000	-100.000000	-9.683732	51.125100	-99.941505
54.706776	-100.000000	-100.000000	-24.624507	51.345292	-99.338356
-43.648414	100.000000	100.000000	46.642752	-51.126626	99.840938
-69.367840	100.000000	100.000000	-7.719833	-53.434668	84.834861
44.670909	-100.000000	-100.000000	-46.618589	51.147916	-100.000000
56.858709	-100.000000	-100.000000	-19.342962	51.167102	-99.783155
60.462939	-100.000000	-100.000000	-9.043147	50.890526	-100.000000
51.916126	-100.000000	-100.000000	-29.007693	51.035619	-100.000000
-56.497769	100.000000	100.000000	18.997034	-50.957978	100.000000
-48.956167	100.000000	100.000000	36.187049	-50.958415	100.000000
56.472473	-100.000000	-100.000000	-20.237032	51.018803	-99.882403
-49.085427	100.000000	100.000000	37.289622	-50.792033	99.932109
-52.199020	100.000000	100.000000	28.432379	-51.107647	99.661001
-54.350083	100.000000	100.000000	24.208273	-51.071144	99.924694
-53.268132	100.000000	100.000000	26.961568	-51.103206	99.907190
-47.954871	100.000000	100.000000	36.910174	-51.169148	100.000000
52.367459	-100.000000	-100.000000	-28.912544	51.244988	-100.000000
-54.129151	100.000000	100.000000	25.668962	-50.959917	100.000000
-51.480232	100.000000	100.000000	31.821934	-51.016746	100.000000
51.040186	-100.000000	-100.000000	-30.865777	50.902350	-99.791354
-52.334430	100.000000	100.000000	29.746380	-50.951965	100.000000
60.842409	-100.000000	-100.000000	-16.229256	51.088696	-100.000000
53.492313	-100.000000	-100.000000	-25.211799	51.169777	-99.904509
51.797510	-100.000000	-100.000000	-29.361006	50.811295	-99.610401
-53.054641	100.000000	100.000000	27.950476	-50.752928	99.770401
-53.298820	100.000000	100.000000	24.743730	-50.999032	99.957901
55.462098	-100.000000	-100.000000	-21.997522	51.259029	-100.000000
-53.754939	100.000000	100.000000	26.320578	-50.909216	99.858843
59.207603	-100.000000	-100.000000	-13.807626	50.674595	-100.000000
-54.788133	100.000000	100.000000	22.957492	-50.978064	99.991589
53.640675	-100.000000	-100.000000	-26.475150	51.140912	-100.000000
55.948561	-100.000000	-100.000000	-21.080072	51.068819	-99.871721
-55.566020	100.000000	100.000000	19.962734	-50.913480	99.978488
-61.463903	100.000000	100.000000	10.691449	-50.998080	100.000000
-47.641218	100.000000	100.000000	40.400806	-50.952070	99.883112
-54.458320	100.000000	100.000000	24.823863	-51.251970	99.719719
-56.844751	100.000000	100.000000	20.508982	-51.254221	100.000000
-58.351015	100.000000	100.000000	16.921500	-51.142779	99.987423
-55.638344	100.000000	100.000000	20.867769	-51.077465	100.000000
-59.190799	100.000000	100.000000	13.915347	-51.072847	100.000000
-56.593157	100.000000	100.000000	22.735733	-51.133231	100.000000
42.097353	-100.000000	-100.000000	-53.231851	51.175129	-99.788148
-57.172754	100.000000	100.000000	18.231539	-50.927366	99.833550
-48.635577	100.000000	100.000000	36.574005	-51.064409	99.715209
-45.757332	100.000000	100.000000	43.975639	-51.077002	99.925000
-51.229979	100.000000	100.000000	31.602740	-51.088288	99.888984
48.443973	-100.000000	-100.000000	-36.213365	51.375954	-100.000000
-52.034290	100.000000	100.000000	30.122343	-51.370025	99.844535
62.062662	-100.000000	-100.000000	-0.704259	48.108023	-91.764813
-53.446464	100.000000	100.000000	25.121459	-50.988803	100.000000
-50.966243	100.000000	100.000000	32.485785	-51.196107	99.917894
-52.069564	100.000000	100.000000	30.197751	-50.831960	99.970515
54.767218	-100.000000	-100.000000	-22.765247	50.991072	-100.000000
56.760043	-100.000000	-100.000000	-18.691877	51.078699	-99.926964
-52.332858	100.000000	100.000000	29.248369	-51.172893	99.559852
-43.724698	100.000000	100.000000	48.526245	-51.065651	99.904941
-58.772045	100.000000	100.000000	14.272254	-51.070226	99.882275
-47.417205	100.000000	100.000000	40.062126	-51.104370	100.000000
51.178780	-100.000000	-100.000000	-31.345878	50.881798	-99.865952
50.525978	-100.000000	-100.000000	-34.735683	51.105341	-99.960840
-58.103954	100.000000	100.000000	16.833378	-50.912382	99.992234
-36.690102	100.000000	100.000000	63.224912	-51.197497	99.532847
-59.494122	100.000000	100.000000	14.187446	-50.971659	99.860689
52.381587	-100.000000	-100.000000	-29.889010	51.073035	-99.742104
55.787016	-100.000000	-100.000000	-21.858133	51.052565	-100.000000
52.354706	-100.000000	-100.000000	-29.806792	51.070546	-99.852228
54.084027	-100.000000	-100.000000	-23.587443	51.310334	-100.000000
52.383308	-100.000000	-100.000000	-29.287962	51.100344	-99.603161
-52.539516	100.000000	100.000000	25.608833	-50.801207	100.000000
-59.165577	100.000000	100.000000	14.494786	-50.986891	99.916177
-51.308496	100.000000	100.000000	30.774186	-51.096671	100.000000
-56.967939	100.000000	100.000000	19.664358	-51.066666	100.000000
-53.897684	100.000000	100.000000	25.450357	-51.085771	99.813903
58.629950	-100.000000	-100.000000	-14.532790	51.090369	-99.959599
-48.444211	100.000000	100.000000	38.019829	-51.175033	100.000000
-54.348792	100.000000	100.000000	23.254908	-51.011103	100.000000
-45.857819	100.000000	100.000000	43.187401	-51.113751	99.892722
55.936338	-100.000000	-100.000000	-22.396156	51.203956	-99.741155
-49.008798	100.000000	100.000000	37.548694	-51.149615	99.918055
-54.961728	100.000000	100.000000	24.592195	-50.814702	99.714289
50.677120	-100.000000	-100.000000	-31.772387	51.228530	-100.000000
-47.614423	100.000000	100.000000	38.837596	-51.149745	99.956354
-42.487235	100.000000	100.000000	49.537463	-51.210751	99.692973
50.906235	-100.000000	-100.000000	-31.490005	51.204604	-99.758298
-55.367218	100.000000	100.000000	22.386560	-50.921198	99.960841
-48.803560	100.000000	100.000000	35.321875	-50.937403	100.000000
-58.731917	100.000000	100.000000	15.345362	-50.893827	99.824310
-54.382169	100.000000	100.000000	23.520284	-50.983735	99.742235
-45.968365	100.000000	100.000000	43.619689	-50.945122	99.923720
-50.076597	100.000000	100.000000	32.401510	-51.085076	100.000000
58.738647	-100.000000	-100.000000	-17.309941	51.174421	-99.985099
-52.839549	100.000000	100.000000	27.928711	-50.908312	100.000000
-53.593061	100.000000	100.000000	27.789529	-50.763365	100.000000
-52.049147	100.000000	100.000000	30.262919	-50.941906	99.889584
-59.064952	100.000000	100.000000	13.135719	-50.867959	99.763269
-54.684078	100.000000	100.000000	23.109786	-51.062029	99.970504
-54.450824	100.000000	100.000000	25.885197	-50.969405	99.739640
-59.329881	100.000000	100.000000	11.626279	-51.165713	100.000000
-53.847775	100.000000	100.000000	27.283529	-51.076949	99.507243
56.081182	-100.000000	-100.000000	-18.961962	51.121221	-99.952654
-47.806088	100.000000	100.000000	38.565128	-51.096654	100.000000
55.453558	-100.000000	-100.000000	-21.770886	50.894290	-99.720623
-56.126147	100.000000	100.000000	20.840249	-51.195420	99.749312
-52.956910	100.000000	100.000000	26.695081	-51.242557	99.959664
58.754887	-100.000000	-100.000000	-16.132988	50.993426	-99.722606
58.542801	-100.000000	-100.000000	-12.813986	51.101360	-99.980772
-46.272781	100.000000	100.000000	41.730977	-50.914344	99.783852
-47.269557	100.000000	100.000000	39.139057	-50.895579	100.000000
57.322898	-100.000000	-100.000000	-18.867487	51.157034	-99.951211
-53.041568	100.000000	100.000000	27.814480	-50.980411	99.940089
54.479942	-100.000000	-100.000000	-26.149355	51.038646	-99.882268
-51.604962	100.000000	100.000000	29.413209	-51.150090	99.756099
-51.161125	100.000000	100.000000	32.656914	-51.276969	99.918380
-53.132991	100.000000	100.000000	27.658397	-51.127675	99.836574
62.004097	-100.000000	-100.000000	-4.914929	51.444246	-100.000000
-61.885433	100.000000	100.000000	6.248186	-51.270192	99.995846
-57.490856	100.000000	100.000000	17.390043	-51.150276	99.954568
-53.343523	100.000000	100.000000	24.434084	-51.110695	100.000000
50.376926	-100.000000	-100.000000	-33.249175	51.294209	-99.828677
-50.200590	100.000000	100.000000	34.178200	-51.082606	99.934530
-49.707855	100.000000	100.000000	35.971163	-51.107242	99.714823
-50.225049	100.000000	100.000000	30.902548	-51.105830	99.726649
-51.658492	100.000000	100.000000	30.510128	-51.083610	100.000000
46.766944	-100.000000	-100.000000	-40.054785	50.957744	-100.000000
-55.005409	100.000000	100.000000	22.268151	-51.212594	99.703705
48.871218	-100.000000	-100.000000	-36.605450	50.848392	-100.000000
47.700353	-100.000000	-100.000000	-39.285018	51.198640	-99.810717
-56.211575	100.000000	100.000000	21.451153	-51.082261	99.968996
57.499762	-100.000000	-100.000000	-18.502889	51.097144	-100.000000
-58.710591	100.000000	100.000000	16.669334	-51.342183	100.000000
-54.235661	100.000000	100.000000	24.837349	-51.117287	100.000000
59.138559	-100.000000	-100.000000	-14.729834	50.963899	-99.503246
-52.681153	100.000000	100.000000	30.312995	-51.024306	100.000000
-46.021940	100.000000	100.000000	41.889525	-50.906711	99.905952
