3.776308	100.000000	92.421356	100.000000	100.000000	99.835902
3.973158	100.000000	92.783156	99.965065	100.000000	99.840404
3.945540	100.000000	92.403645	99.940419	100.000000	99.845723
3.890584	100.000000	92.590274	100.000000	100.000000	99.868621
3.740096	100.000000	93.314509	100.000000	100.000000	99.806108
3.885036	100.000000	92.816059	100.000000	100.000000	99.664056
3.632644	100.000000	92.776402	99.928766	100.000000	99.963726
4.151690	100.000000	92.938707	99.988293	100.000000	100.000000
3.776740	100.000000	92.878101	100.000000	100.000000	100.000000
3.994600	99.931229	92.781084	99.869522	100.000000	99.868398
3.816040	100.000000	92.617189	100.000000	100.000000	99.913322
3.942914	100.000000	92.765263	99.977340	100.000000	99.764222
4.070705	99.975241	92.477290	100.000000	100.000000	99.935775
4.002809	100.000000	92.414539	99.961462	100.000000	99.690374
3.995923	99.914216	92.308587	100.000000	100.000000	99.757481
3.782257	99.922600	92.419008	99.846014	100.000000	99.599412
4.072016	100.000000	92.599160	99.967933	100.000000	99.859169
3.932264	99.997403	92.905149	99.851851	100.000000	100.000000
3.944156	100.000000	93.096462	99.797296	100.000000	99.888488
4.243390	99.864579	92.412455	100.000000	100.000000	99.905832
3.705681	100.000000	92.112751	99.772119	100.000000	99.571378
3.937624	100.000000	92.942838	100.000000	100.000000	100.000000
3.864543	99.994443	92.647866	99.927816	100.000000	99.926622
3.939785	99.995530	92.272298	99.766992	100.000000	100.000000
4.044344	100.000000	92.637399	100.000000	100.000000	99.998262
3.754995	99.943930	92.602005	100.000000	100.000000	99.926245
4.093544	100.000000	92.592566	100.000000	100.000000	100.000000
3.964398	99.856524	92.816473	99.903808	100.000000	99.543318
3.600682	99.874184	92.916918	100.000000	100.000000	99.787584
3.904010	100.000000	93.007843	100.000000	100.000000	100.000000
3.816802	100.000000	92.362756	100.000000	100.000000	100.000000
4.002627	100.000000	93.092186	99.923472	100.000000	99.774397
3.816859	100.000000	92.459640	99.845243	100.000000	99.984094
4.061163	99.989110	92.810739	100.000000	100.000000	99.899550
3.972539	99.949113	92.628345	100.000000	100.000000	100.000000
3.853740	99.943857	92.618507	99.813762	100.000000	99.920550
3.947564	100.000000	92.320763	100.000000	100.000000	99.933542
3.853710	100.000000	92.652554	100.000000	100.000000	99.821910
3.935871	99.864658	92.879886	99.857406	100.000000	99.952773
3.991039	99.939748	92.858811	100.000000	100.000000	100.000000
4.114527	99.970108	92.903404	99.919418	100.000000	99.862953
3.995383	100.000000	92.666125	100.000000	100.000000	99.749647
3.816456	100.000000	92.833922	99.879370	100.000000	100.000000
3.781470	99.879079	92.841039	100.000000	100.000000	99.738471
3.667171	99.843612	92.708219	99.989386	100.000000	99.954594
3.608596	100.000000	92.441217	100.000000	100.000000	99.977606
3.899618	99.944733	92.788483	100.000000	100.000000	99.644027
3.788904	99.884462	92.932956	99.929296	100.000000	99.986584
3.788518	99.999593	93.066404	99.915211	100.000000	99.858951
4.011263	99.962043	93.194141	100.000000	100.000000	100.000000
4.132681	99.976811	92.787562	100.000000	100.000000	99.882460
4.042129	100.000000	92.594327	100.000000	100.000000	99.889386
3.981220	100.000000	92.917982	100.000000	100.000000	100.000000
3.981208	99.887975	92.691453	99.947022	100.000000	99.623756
3.608993	99.822516	92.419906	100.000000	100.000000	100.000000
4.076523	99.970256	93.073135	99.830208	100.000000	100.000000
3.941032	99.979056	92.855715	100.000000	100.000000	99.836743
3.705216	99.944139	93.179345	100.000000	100.000000	100.000000
3.990994	99.983196	92.789770	99.945969	100.000000	99.655717
3.936949	99.968719	92.450690	99.827687	100.000000	99.880967
3.988635	100.000000	92.601525	99.967545	100.000000	100.000000
3.836227	99.967054	92.605907	99.988328	100.000000	100.000000
4.120698	99.940282	92.685494	100.000000	100.000000	99.803074
3.937037	99.939151	92.768295	99.966864	100.000000	99.974263
3.704017	99.901304	92.748312	100.000000	100.000000	99.936348
4.176188	100.000000	92.728800	99.942868	100.000000	99.756441
3.908133	99.766809	92.869286	99.946137	100.000000	100.000000
3.930980	99.903704	92.852537	99.918539	100.000000	99.753740
4.241865	100.000000	92.876455	100.000000	100.000000	99.903788
3.739112	100.000000	92.589908	99.788370	100.000000	100.000000
4.130748	100.000000	93.311264	99.885272	100.000000	99.988691
4.154188	100.000000	92.487982	99.829381	100.000000	99.955723
3.939396	100.000000	92.825180	100.000000	100.000000	100.000000
3.835382	100.000000	92.558350	100.000000	100.000000	99.934999
4.195874	99.857204	92.725070	99.841733	100.000000	99.969209
3.796676	100.000000	92.626556	99.954883	100.000000	99.728148
4.238444	99.836550	92.893782	100.000000	100.000000	99.704191
3.932494	100.000000	93.319830	100.000000	100.000000	99.944047
3.888373	100.000000	92.622969	99.888031	100.000000	100.000000
3.839286	100.000000	92.448475	100.000000	100.000000	99.869245
4.032415	99.829292	92.567409	100.000000	100.000000	99.838018
3.996922	99.789590	92.120256	99.932766	100.000000	99.998983
3.858330	99.898197	92.883137	99.859935	100.000000	100.000000
3.729764	99.974040	92.450061	99.887564	100.000000	99.703649
3.990501	100.000000	92.819655	100.000000	100.000000	100.000000
3.872102	99.963147	92.580881	99.976753	100.000000	99.992658
3.625066	100.000000	92.678572	100.000000	100.000000	99.744688
3.582065	100.000000	92.499416	99.946726	100.000000	99.805644
3.854495	100.000000	93.079218	100.000000	100.000000	100.000000
3.790411	99.981720	92.310869	100.000000	100.000000	100.000000
3.939756	100.000000	92.446156	99.942875	100.000000	99.882657
3.840023	99.956005	92.539732	99.895720	100.000000	99.975233
3.840046	100.000000	92.574360	99.986865	100.000000	100.000000
4.003117	100.000000	93.072870	100.000000	100.000000	99.503363
3.725313	99.974476	92.624858	99.942516	100.000000	100.000000
3.911261	99.998207	92.876458	99.897920	100.000000	99.860900
4.026330	99.916167	92.969220	100.000000	100.000000	99.876721
4.072836	99.917432	92.971044	99.907839	100.000000	99.760102
3.923339	100.000000	92.792634	99.885015	100.000000	100.000000
4.128556	99.945054	92.712972	100.000000	100.000000	99.889260
3.992008	99.908842	92.929924	99.965606	100.000000	99.868616
3.720451	100.000000	92.649868	99.963001	100.000000	100.000000
3.737827	100.000000	92.735120	99.915717	100.000000	99.606611
3.934705	100.000000	92.813907	99.928307	100.000000	99.536449
3.957912	100.000000	92.871600	100.000000	100.000000	99.844543
3.587969	100.000000	92.576170	99.983449	100.000000	100.000000
4.192812	99.950153	92.353710	99.805255	100.000000	100.000000
4.015143	100.000000	93.113318	100.000000	100.000000	99.924179
3.716868	99.949579	92.678753	100.000000	100.000000	100.000000
3.950426	100.000000	92.843117	100.000000	100.000000	99.736043
4.084855	100.000000	92.804017	99.844086	100.000000	99.640842
3.841035	100.000000	92.968500	99.845378	100.000000	99.765366
3.683093	99.985816	92.545346	100.000000	100.000000	100.000000
3.867311	100.000000	92.525178	100.000000	100.000000	99.983862
3.875489	99.946557	92.907690	100.000000	100.000000	99.810252
3.998351	100.000000	92.916355	100.000000	100.000000	99.922741
4.231616	99.988817	92.831255	99.946085	100.000000	99.935136
3.760423	100.000000	92.757964	99.898415	100.000000	100.000000
4.142098	100.000000	93.025280	100.000000	100.000000	100.000000
3.765358	99.990466	92.606954	100.000000	100.000000	99.696138
3.887186	100.000000	93.102512	99.835279	100.000000	99.995046
3.817941	100.000000	93.354521	100.000000	100.000000	99.749009
3.879698	99.964900	92.041404	99.874414	100.000000	99.652763
4.062925	100.000000	93.208073	99.976866	100.000000	100.000000
3.774919	99.908913	92.534216	99.842301	100.000000	99.833313
3.802158	99.861230	92.380883	99.952190	100.000000	99.710151
3.623368	100.000000	92.307007	99.950449	100.000000	100.000000
4.005671	99.986960	92.860859	100.000000	100.000000	100.000000
4.025189	100.000000	92.400501	99.950081	100.000000	99.778690
3.631821	100.000000	93.087219	99.850267	100.000000	99.985454
3.751940	99.963971	92.712097	100.000000	100.000000	99.989797
3.912201	100.000000	93.060035	99.871450	100.000000	100.000000
3.810496	99.886510	92.723838	100.000000	100.000000	99.979537
3.779141	99.933748	93.247486	99.958099	100.000000	100.000000
4.019380	100.000000	92.247220	100.000000	100.000000	100.000000
3.930096	99.881095	92.693447	99.948121	100.000000	99.791347
3.795960	99.903534	92.501936	100.000000	100.000000	99.989271
3.910995	99.856374	92.616746	99.981376	100.000000	99.968063
3.951708	99.971161	92.501932	99.846812	100.000000	99.914639
3.739751	99.912196	91.942788	99.948335	100.000000	99.896809
4.166637	100.000000	92.972207	99.763795	100.000000	99.990413
3.515536	99.935960	92.537494	99.937906	100.000000	99.967328
3.694246	100.000000	92.535254	100.000000	100.000000	100.000000
4.184804	100.000000	92.271237	99.984387	100.000000	100.000000
3.944519	100.000000	92.931901	100.000000	100.000000	100.000000
3.776740	100.000000	93.114426	100.000000	100.000000	99.851758
3.987548	100.000000	92.427454	99.909131	100.000000	100.000000
3.892560	100.000000	92.664418	100.000000	100.000000	99.864017
3.986939	100.000000	92.595388	100.000000	100.000000	99.836692
3.903856	99.947146	92.845834	100.000000	100.000000	99.943680
3.961465	100.000000	92.871927	99.962243	100.000000	100.000000
3.984712	100.000000	92.246895	100.000000	100.000000	100.000000
4.027291	100.000000	92.688464	99.982905	100.000000	99.917164
4.044436	99.993257	92.589108	100.000000	100.000000	100.000000
3.768182	100.000000	92.432945	99.999744	100.000000	99.976550
4.043785	99.881595	93.010847	100.000000	100.000000	99.938547
4.015398	99.949921	92.925232	100.000000	100.000000	99.681499
4.062922	99.844263	92.860118	99.819927	100.000000	99.945521
3.968764	100.000000	92.858882	100.000000	100.000000	99.724399
3.974949	99.979266	92.864202	100.000000	100.000000	100.000000
3.920908	100.000000	92.740013	100.000000	100.000000	100.000000
3.953380	100.000000	93.203619	100.000000	100.000000	99.841617
4.057921	100.000000	92.618578	99.955833	100.000000	100.000000
3.876251	100.000000	93.141337	99.903470	100.000000	99.914429
4.091842	99.937284	92.321278	100.000000	100.000000	99.966388
4.225902	100.000000	92.802491	99.842209	100.000000	99.719668
3.958050	99.916770	93.152253	100.000000	100.000000	99.925773
3.757335	100.000000	92.303575	99.804052	100.000000	99.857242
3.924918	99.866396	92.670991	100.000000	100.000000	99.715224
4.051445	99.911663	92.548986	100.000000	100.000000	99.825576
4.065264	99.803317	92.480893	100.000000	100.000000	99.789696
3.952268	99.947768	93.143089	99.966162	100.000000	99.883672
4.197044	100.000000	93.057230	99.886877	100.000000	99.656258
3.836387	100.000000	92.671535	99.966370	100.000000	99.926007
3.506806	99.902752	92.768890	100.000000	100.000000	99.984123
3.906337	99.984588	93.116625	100.000000	100.000000	100.000000
3.904494	100.000000	92.580506	100.000000	100.000000	99.964788
3.883835	100.000000	93.007304	100.000000	100.000000	99.849368
3.839984	99.938368	92.632576	100.000000	100.000000	99.804531
4.014008	100.000000	92.905028	100.000000	100.000000	99.661597
3.939915	100.000000	92.862210	100.000000	100.000000	99.812272
3.942443	99.909349	93.137413	100.000000	100.000000	99.891970
3.929731	99.937728	92.651625	100.000000	100.000000	99.907934
3.769299	100.000000	92.427804	100.000000	100.000000	99.621820
3.933685	100.000000	92.823947	99.937692	100.000000	99.921041
3.776268	100.000000	92.663738	99.778052	100.000000	99.844048
3.586211	99.954868	92.861716	99.890104	100.000000	99.838445
4.047452	99.926276	93.007071	100.000000	100.000000	99.918433
3.933364	100.000000	92.792251	100.000000	100.000000	99.964482
3.758867	99.898237	93.138304	99.962006	100.000000	99.554262
3.958433	99.981396	92.509025	99.843614	100.000000	100.000000
3.813493	100.000000	92.829105	99.805283	100.000000	100.000000
4.122543	99.973374	92.292781	99.975963	100.000000	99.858342
3.948971	100.000000	92.754443	99.799219	100.000000	99.896167
3.865994	99.977030	92.745229	100.000000	100.000000	99.924161
3.739899	99.893385	92.443761	99.970779	100.000000	99.939997
4.070537	99.926882	92.983835	99.867396	100.000000	99.635920
3.731007	99.976454	92.959804	99.821799	100.000000	99.410201
3.654476	100.000000	92.498032	99.970333	100.000000	99.843641
3.637155	100.000000	92.701412	100.000000	100.000000	99.727963
4.039193	99.998264	92.474769	99.897329	100.000000	99.643600
3.975433	99.953412	92.564401	100.000000	100.000000	100.000000
3.634072	99.882496	92.895523	99.848397	100.000000	100.000000
4.007460	100.000000	92.486908	100.000000	100.000000	99.889995
4.133163	99.906803	92.734650	99.987440	100.000000	99.822877
3.681508	99.779989	92.996937	100.000000	100.000000	100.000000
3.881639	100.000000	92.566078	99.913599	100.000000	100.000000
3.964018	99.941592	92.935472	100.000000	100.000000	99.765972
4.087098	99.986542	92.525036	99.888132	100.000000	99.920785
3.801950	100.000000	92.586987	100.000000	100.000000	100.000000
3.932618	99.958610	92.462438	99.955681	100.000000	99.718619
3.970800	99.981091	92.466638	100.000000	100.000000	99.950677
3.980280	99.968495	92.530490	100.000000	100.000000	99.967922
4.063945	99.973789	92.757493	100.000000	100.000000	99.889642
3.957909	100.000000	93.076838	100.000000	100.000000	100.000000
3.879550	99.827380	92.797004	100.000000	100.000000	100.000000
3.771120	99.963462	92.882494	99.925320	100.000000	99.986783
4.019358	100.000000	92.902298	99.826689	100.000000	100.000000
3.986630	99.847525	92.932040	100.000000	100.000000	99.980418
3.959485	100.000000	92.746354	99.994373	100.000000	99.952773
3.856833	100.000000	92.812244	99.932492	100.000000	99.773539
3.882726	99.972694	92.669677	99.918110	100.000000	99.749281
3.673943	99.966317	92.240062	99.968501	100.000000	99.820259
3.490294	99.900578	92.559125	99.969528	100.000000	99.771131
3.854204	100.000000	93.021978	99.889137	100.000000	99.839745
3.909581	100.000000	92.742807	100.000000	100.000000	99.841852
3.495383	99.950361	92.837208	100.000000	100.000000	99.883528
3.780242	99.925387	92.447576	99.877038	100.000000	99.989001
4.083458	99.846244	93.033730	99.887026	100.000000	100.000000
3.985077	100.000000	92.248447	99.928218	100.000000	99.981308
3.910498	99.947974	92.727978	99.938325	100.000000	100.000000
4.031115	100.000000	92.193433	99.929153	100.000000	99.723097
3.880764	100.000000	92.397547	100.000000	100.000000	99.907710
4.014999	100.000000	93.127633	100.000000	100.000000	99.873428
3.879444	100.000000	92.815544	100.000000	100.000000	100.000000
4.085221	100.000000	92.984282	99.889367	100.000000	99.979765
3.709135	100.000000	92.497747	99.936306	100.000000	99.799402
3.479851	99.852057	92.960325	99.954212	100.000000	99.851233
4.028818	100.000000	92.674264	99.781747	100.000000	99.758540
3.868430	100.000000	92.763773	99.949966	100.000000	99.768693
3.739539	99.913434	92.552972	100.000000	100.000000	99.792993
3.981584	100.000000	92.499541	99.969138	100.000000	99.881287
3.758569	100.000000	92.136527	100.000000	100.000000	100.000000
3.660449	100.000000	92.546980	99.963296	100.000000	99.835206
4.029123	99.797868	92.442736	100.000000	100.000000	99.998382
4.082852	99.932668	92.739500	100.000000	100.000000	100.000000
3.995604	100.000000	92.652241	100.000000	100.000000	99.855322
3.973679	99.979544	92.603044	100.000000	100.000000	99.816807
4.007609	99.963963	93.191778	99.949484	100.000000	100.000000
4.072077	100.000000	92.673081	100.000000	100.000000	100.000000
4.029558	100.000000	93.033105	99.955366	100.000000	100.000000
3.908315	99.980294	92.721303	99.975423	100.000000	100.000000
4.026349	99.876107	92.572718	100.000000	100.000000	99.895013
3.906758	99.929361	92.094506	100.000000	100.000000	99.918129
3.737704	99.992094	92.835760	100.000000	100.000000	99.973474
4.026474	99.976262	92.764987	100.000000	100.000000	99.583478
3.860376	100.000000	92.651000	99.994758	100.000000	100.000000
3.548019	99.988097	92.756197	100.000000	100.000000	99.770929
3.961071	100.000000	92.553493	100.000000	100.000000	99.753607
3.808489	100.000000	92.028945	99.808140	100.000000	99.725468
4.045753	99.733477	93.576632	99.973486	100.000000	99.850942
3.966863	100.000000	92.794519	100.000000	100.000000	100.000000
3.825497	99.822615	92.399100	99.912000	100.000000	99.934170
3.828347	100.000000	92.574640	99.976557	100.000000	99.767799
3.636527	99.928275	92.595616	100.000000	100.000000	99.838486
3.836222	99.917659	92.729120	100.000000	100.000000	99.831689
3.865665	100.000000	92.748775	100.000000	100.000000	100.000000
3.790246	99.859998	92.517806	99.985467	100.000000	99.594061
3.904329	99.910740	93.107174	100.000000	100.000000	99.921705
3.934785	100.000000	92.705873	99.916014	100.000000	99.986201
3.798678	100.000000	92.847604	100.000000	100.000000	99.881861
3.403668	99.908190	92.652152	100.000000	100.000000	99.855688
4.144264	99.953957	92.916958	99.941260	100.000000	99.973005
3.987904	100.000000	92.497556	99.980626	100.000000	99.968221
3.971905	99.848949	93.005534	100.000000	100.000000	100.000000
3.783029	100.000000	92.721104	100.000000	100.000000	100.000000
3.738565	99.956816	92.810538	100.000000	100.000000	100.000000
3.961878	99.978951	92.811616	99.881923	100.000000	99.817188
3.942223	100.000000	92.656172	100.000000	100.000000	99.956559
3.757530	99.994548	92.346888	100.000000	100.000000	99.773731
4.039629	99.933991	92.804588	100.000000	100.000000	100.000000
3.654346	99.873368	92.344784	100.000000	100.000000	100.000000
3.785369	100.000000	92.672036	100.000000	100.000000	99.802634
3.815069	100.000000	92.774647	99.940752	100.000000	99.943989
4.115834	100.000000	92.330497	99.969673	100.000000	99.733171
3.786688	100.000000	92.840384	99.949773	100.000000	99.961767
3.939628	100.000000	92.316559	99.888808	100.000000	99.885067
4.087394	99.884015	93.169067	100.000000	100.000000	99.892351
3.831579	100.000000	92.660185	100.000000	100.000000	99.944710
4.015909	100.000000	92.498750	99.986875	100.000000	99.375882
3.844732	99.770998	93.056852	99.959668	100.000000	100.000000
3.911403	99.975344	92.461168	99.943104	100.000000	100.000000
3.945941	99.999619	92.622235	99.947109	100.000000	99.934087
4.025855	99.952362	92.678617	100.000000	100.000000	99.918278
4.027685	100.000000	92.764049	99.899381	100.000000	99.918476
4.026456	99.996621	92.749077	100.000000	100.000000	99.571192
3.755578	100.000000	93.081279	99.976199	100.000000	100.000000
4.062057	100.000000	92.974458	100.000000	100.000000	99.828475
3.973259	99.930043	93.044181	100.000000	100.000000	99.950386
3.949387	99.969841	92.729337	99.930558	100.000000	99.989157
3.718607	100.000000	92.644625	100.000000	100.000000	99.775543
3.767755	99.984970	92.790661	99.990232	100.000000	99.617746
4.001797	99.987457	92.715020	100.000000	100.000000	100.000000
3.994466	100.000000	92.574382	99.830887	100.000000	99.625128
4.047215	99.904824	92.762982	99.917356	100.000000	99.774044
3.984247	99.991080	92.842277	99.882667	100.000000	99.864612
4.041092	99.908607	92.748883	99.960959	100.000000	99.776826
3.772542	100.000000	93.033486	99.888978	100.000000	99.817502
3.654258	100.000000	92.782089	100.000000	100.000000	99.839953
3.822593	100.000000	92.564461	99.911105	100.000000	99.972749
3.932684	100.000000	92.388711	100.000000	100.000000	99.808789
3.808358	100.000000	92.883559	100.000000	100.000000	99.883219
4.016115	99.888157	92.821967	99.944742	100.000000	99.878357
3.818717	100.000000	93.156237	99.988622	100.000000	99.928169
3.791851	100.000000	92.578789	99.958915	100.000000	100.000000
3.727718	100.000000	92.078897	100.000000	100.000000	99.915458
3.898152	99.999518	92.394747	99.905708	100.000000	100.000000
3.921605	100.000000	93.138019	99.896579	100.000000	99.965507
4.110255	99.969591	92.347604	99.972326	100.000000	99.995978
3.448541	99.956645	91.977786	100.000000	100.000000	99.860911
3.875341	100.000000	92.909300	100.000000	100.000000	100.000000
3.676047	99.903011	92.282011	99.893528	100.000000	100.000000
3.926497	100.000000	92.817273	100.000000	100.000000	99.867378
3.797839	99.843305	92.354757	99.975191	100.000000	99.950030
3.923240	100.000000	92.595576	100.000000	100.000000	100.000000
3.978304	99.987726	92.795995	99.738991	100.000000	99.631750
3.944532	100.000000	92.795171	99.903518	100.000000	99.870863
4.019800	99.913404	93.002785	100.000000	100.000000	99.914607
3.952657	99.955040	92.480469	99.975944	100.000000	100.000000
3.875258	100.000000	93.260202	99.949130	100.000000	99.760166
3.834753	100.000000	92.667404	100.000000	100.000000	99.954244
4.140381	99.930149	92.489411	100.000000	100.000000	100.000000
4.262965	99.906850	92.959781	99.999980	100.000000	100.000000
3.782045	100.000000	92.485142	99.992518	100.000000	100.000000
3.936589	99.974705	92.366781	99.977872	100.000000	100.000000
3.608668	100.000000	92.650983	100.000000	100.000000	99.931612
3.880519	99.899054	92.778835	100.000000	100.000000	99.899737
3.869627	100.000000	92.437772	99.934161	100.000000	99.785416
3.759903	99.945491	93.027634	99.906659	100.000000	99.907200
3.953629	99.975538	92.635825	100.000000	100.000000	99.785251
4.042076	100.000000	92.453509	100.000000	100.000000	99.868782
3.868551	100.000000	92.753818	99.983618	100.000000	99.702406
3.864766	99.954732	92.992288	99.933728	100.000000	99.825055
3.804044	99.938645	92.382976	100.000000	100.000000	99.669721
4.081953	100.000000	92.740270	99.807233	100.000000	100.000000
3.849482	99.973781	92.805967	100.000000	100.000000	99.992946
4.031076	99.991517	92.507479	99.932147	100.000000	99.931668
3.779736	100.000000	92.713666	99.998140	100.000000	99.809460
4.131862	99.768652	92.517020	100.000000	100.000000	99.836221
3.840227	99.807876	92.780134	99.947658	100.000000	99.974214
4.036752	99.979900	92.106487	100.000000	100.000000	100.000000
3.833255	100.000000	92.869280	100.000000	100.000000	99.963174
3.919887	99.902856	92.187394	100.000000	100.000000	99.517605
3.776486	100.000000	92.756760	100.000000	100.000000	100.000000
4.018006	100.000000	93.156967	99.987315	100.000000	99.679843
4.097184	99.945780	93.160368	99.919005	100.000000	100.000000
3.762984	99.931372	92.714145	99.940471	100.000000	99.439888
3.729773	99.933074	92.559105	99.748443	100.000000	99.986660
4.322834	100.000000	92.414520	99.858248	100.000000	100.000000
3.825123	99.885607	92.950354	99.972905	100.000000	99.807696
4.289869	100.000000	93.128925	100.000000	100.000000	99.680258
3.788681	100.000000	92.717526	100.000000	100.000000	99.750097
4.026245	99.977722	92.566028	99.914744	100.000000	99.874927
3.821204	100.000000	92.526877	99.967365	100.000000	100.000000
3.983413	99.978512	92.592360	99.968578	100.000000	99.949989
3.811555	99.960116	92.928625	99.995097	100.000000	99.884875
3.735852	100.000000	92.748896	100.000000	100.000000	99.947575
4.013865	100.000000	92.982646	100.000000	100.000000	99.900394
4.034411	99.983589	92.686120	100.000000	100.000000	99.869602
4.062711	100.000000	92.523473	100.000000	100.000000	99.784827
3.482324	100.000000	92.639333	99.980856	100.000000	100.000000
3.822211	100.000000	92.368716	99.956641	100.000000	99.796316
3.966178	100.000000	92.811944	100.000000	100.000000	99.781011
3.800988	99.880258	92.682430	99.972896	100.000000	99.773140
4.214777	99.891695	92.370495	100.000000	100.000000	100.000000
3.852851	99.974941	92.733846	100.000000	100.000000	100.000000
3.893333	99.941963	92.708032	100.000000	100.000000	99.892981
4.029747	100.000000	92.743994	100.000000	100.000000	100.000000
3.818431	100.000000	93.102462	100.000000	100.000000	99.919610
4.032655	99.979498	92.935858	99.963063	100.000000	100.000000
4.048760	99.856568	92.994571	100.000000	100.000000	99.875950
3.997542	100.000000	93.242314	100.000000	100.000000	99.836224
3.826320	100.000000	93.220562	99.901603	100.000000	100.000000
3.909615	99.855943	92.872236	100.000000	100.000000	100.000000
3.749192	100.000000	92.845307	99.994273	100.000000	100.000000
4.002041	99.945918	92.725674	100.000000	100.000000	99.910624
3.778742	99.875595	92.274749	99.984289	100.000000	99.777516
4.116556	99.927566	92.779092	99.917986	100.000000	99.946024
3.823778	100.000000	92.802399	100.000000	100.000000	99.858197
4.011170	100.000000	93.477346	99.908454	100.000000	100.000000
3.927001	100.000000	92.806133	99.965862	100.000000	99.859837
3.724684	100.000000	92.633454	99.942377	100.000000	100.000000
3.774580	99.979342	92.604018	99.978698	100.000000	100.000000
3.898971	99.900849	92.526275	100.000000	100.000000	100.000000
3.865207	100.000000	92.848243	100.000000	100.000000	100.000000
3.989183	99.855339	92.638542	99.905923	100.000000	99.910470
3.889692	100.000000	92.429214	100.000000	100.000000	99.643630
3.975345	100.000000	93.205316	99.944808	100.000000	99.905697
3.831825	100.000000	92.594044	99.929603	100.000000	100.000000
3.853698	99.994131	93.260009	99.871313	100.000000	100.000000
4.085360	100.000000	92.760805	99.899672	100.000000	99.981899
4.007928	99.920442	92.691770	99.935921	100.000000	99.812564
4.372503	99.973265	92.651305	100.000000	100.000000	100.000000
3.654894	99.943823	92.695426	100.000000	100.000000	99.927156
3.747080	99.942989	92.852509	100.000000	100.000000	99.850600
4.005529	100.000000	92.769063	99.857490	100.000000	99.876703
3.592033	99.942047	92.597554	100.000000	100.000000	99.834960
3.791364	100.000000	92.623253	99.859265	100.000000	100.000000
4.100956	99.954250	92.610035	100.000000	100.000000	99.913881
4.027718	99.983389	92.627820	99.881028	100.000000	99.703119
4.047179	99.944348	92.838730	100.000000	100.000000	99.865778
3.626857	99.858192	92.586350	100.000000	100.000000	100.000000
3.899211	100.000000	92.844248	100.000000	100.000000	99.853285
4.019834	99.948126	93.071756	100.000000	100.000000	100.000000
3.959671	99.900040	92.897558	99.941236	100.000000	99.680769
3.823605	99.968302	92.537734	100.000000	100.000000	99.858873
3.762735	100.000000	92.727094	99.844833	100.000000	100.000000
3.911245	99.749752	92.731697	99.926877	100.000000	99.817537
3.993004	99.996864	92.967235	100.000000	100.000000	99.658506
3.666142	99.894672	92.570646	99.953682	100.000000	99.996816
3.822376	99.846947	92.886132	100.000000	100.000000	99.866721
3.811235	100.000000	93.028197	100.000000	100.000000	100.000000
4.043335	100.000000	92.910539	100.000000	100.000000	99.536732
3.700733	99.819130	92.277351	99.939588	100.000000	100.000000
3.788641	99.924831	92.712107	99.846412	100.000000	100.000000
4.004385	99.985965	92.438070	100.000000	100.000000	100.000000
3.935636	99.926362	92.699791	100.000000	100.000000	99.815840
3.591991	100.000000	92.953277	99.839955	100.000000	99.947612
3.916373	100.000000	92.922649	100.000000	100.000000	100.000000
3.996703	100.000000	92.390904	100.000000	100.000000	99.864829
3.731245	99.942337	92.770389	99.892383	100.000000	100.000000
3.920613	100.000000	92.878048	99.884132	100.000000	99.844591
3.722949	99.961428	93.007949	100.000000	100.000000	100.000000
3.980001	99.989980	92.737055	99.911934	100.000000	99.907660
4.027128	99.772004	93.103889	100.000000	100.000000	99.996656
3.804366	100.000000	93.032256	99.995938	100.000000	100.000000
3.712884	100.000000	92.650081	99.996932	100.000000	99.965734
3.985362	100.000000	92.839368	100.000000	100.000000	99.947423
4.054202	100.000000	92.692763	99.741189	100.000000	99.979841
4.139299	99.988861	92.641508	100.000000	100.000000	100.000000
3.946347	100.000000	92.659905	100.000000	100.000000	99.605581
4.177527	99.859373	92.967220	99.841381	100.000000	99.867699
3.916868	99.807178	92.730204	100.000000	100.000000	99.937985
3.803882	99.983913	92.826284	100.000000	100.000000	99.853703
3.923023	99.780821	92.576571	99.956665	100.000000	100.000000
3.703469	99.782117	92.327172	100.000000	100.000000	99.846286
3.941856	100.000000	92.561310	100.000000	100.000000	99.618187
3.755767	99.881449	92.617850	100.000000	100.000000	99.833041
4.014858	100.000000	92.893002	99.843671	100.000000	99.745275
3.793611	100.000000	92.587677	100.000000	100.000000	99.905200
4.020096	100.000000	92.386218	99.974841	100.000000	99.915355
3.746886	100.000000	92.734575	99.979309	100.000000	100.000000
3.980113	100.000000	92.961099	99.890695	100.000000	99.896240
3.967093	99.938138	92.275578	100.000000	100.000000	100.000000
3.594251	100.000000	92.305380	99.957111	100.000000	99.963170
4.479742	100.000000	92.869150	100.000000	100.000000	99.881711
4.195522	99.823039	92.588879	100.000000	100.000000	99.872041
4.032467	100.000000	92.740083	99.927883	100.000000	99.719895
3.777573	100.000000	92.850759	100.000000	100.000000	100.000000
4.059893	99.987889	92.838260	99.999948	100.000000	99.611605
4.045059	99.926151	92.671524	100.000000	100.000000	99.748303
4.042915	100.000000	92.770298	100.000000	100.000000	99.959604
3.889787	99.946180	93.073247	99.928402	100.000000	99.883267
3.576708	99.964437	92.469430	100.000000	100.000000	99.825062
3.781594	99.959071	92.512820	99.855347	100.000000	99.981957
4.132424	99.966957	92.953138	99.966976	100.000000	99.840278
3.593426	99.995439	92.413471	99.906491	100.000000	99.938702
3.847220	99.993453	92.969351	99.945421	100.000000	99.783880
3.949899	99.992772	92.811694	99.894649	100.000000	100.000000
3.797379	99.905889	92.752078	99.897607	100.000000	100.000000
4.093932	99.926534	92.492096	99.876762	100.000000	100.000000
4.058880	100.000000	92.396242	100.000000	100.000000	99.891665
3.791563	99.934103	92.495076	99.930037	100.000000	100.000000
3.989862	99.823870	92.497877	100.000000	100.000000	100.000000
3.999864	100.000000	93.122184	100.000000	100.000000	99.895960
4.109466	100.000000	92.670503	100.000000	100.000000	100.000000
3.961147	100.000000	92.800243	100.000000	100.000000	99.954326
3.919415	100.000000	93.036468	99.986629	100.000000	99.838264
3.882889	99.757395	92.766811	100.000000	100.000000	99.768468
3.691260	100.000000	93.356702	100.000000	100.000000	99.700214
3.943889	99.830034	92.949418	100.000000	100.000000	99.876123
3.879426	99.969138	92.869812	99.970117	100.000000	99.706156
4.221524	99.978384	92.852496	99.924127	100.000000	99.922248
3.785755	99.981795	92.225115	100.000000	100.000000	99.884135
3.998956	100.000000	92.559476	100.000000	100.000000	99.888836
4.270063	99.902472	93.277178	99.907755	100.000000	99.909615
3.922307	99.955754	92.589062	100.000000	100.000000	99.824383
4.039818	100.000000	92.917078	100.000000	100.000000	99.728141
3.766258	99.861143	92.534704	99.976441	100.000000	99.901044
3.934419	99.859374	92.686917	99.910517	100.000000	99.916297
3.654419	100.000000	92.788258	99.825781	100.000000	100.000000
3.826358	99.863610	93.074327	99.984971	100.000000	100.000000
3.900585	99.949146	93.037187	100.000000	100.000000	99.630322
3.783020	99.957494	92.877623	100.000000	100.000000	99.826160
3.663630	99.897986	92.443574	99.947270	100.000000	100.000000
3.853379	99.870014	92.992733	99.922832	100.000000	99.849357
3.806007	100.000000	92.754344	100.000000	100.000000	99.824526
3.941459	99.893100	93.007601	100.000000	100.000000	99.751110
3.893058	99.942861	92.848328	100.000000	100.000000	99.839688
4.140158	100.000000	92.829187	100.000000	100.000000	100.000000
3.874463	100.000000	92.687176	100.000000	100.000000	100.000000
3.987658	99.934625	92.549185	100.000000	100.000000	99.989730
3.869778	99.951575	92.916864	100.000000	100.000000	100.000000
4.014834	100.000000	92.793261	99.938807	100.000000	99.614704
3.989399	99.936513	92.978968	100.000000	100.000000	99.900898
4.279869	99.901563	92.973353	100.000000	100.000000	99.857864
3.806914	100.000000	92.923850	100.000000	100.000000	99.698110
3.985854	99.975697	92.737379	99.941662	100.000000	99.814039
4.239390	99.985123	92.867159	99.996221	100.000000	99.900570
3.790627	99.978776	92.393083	100.000000	100.000000	99.648226
4.026029	99.913852	93.101801	100.000000	100.000000	100.000000
4.205166	99.933156	92.665097	100.000000	100.000000	99.819643
3.842640	100.000000	92.571506	99.965001	100.000000	99.823502
3.981578	99.932196	92.776937	100.000000	100.000000	100.000000
3.930935	100.000000	92.481687	99.902379	100.000000	100.000000
3.555717	100.000000	92.546577	100.000000	100.000000	100.000000
4.007841	100.000000	92.945300	100.000000	100.000000	99.909478
3.906594	100.000000	92.065857	99.967182	100.000000	99.739463
3.884893	100.000000	92.559645	99.856030	100.000000	100.000000
4.067973	99.982402	92.490822	99.973087	100.000000	99.738634
3.669446	100.000000	92.892779	100.000000	100.000000	99.700282
4.075504	99.974347	92.654516	100.000000	100.000000	99.902373
3.589434	99.903974	92.529235	100.000000	100.000000	100.000000
3.693702	99.778057	92.689009	99.890852	100.000000	99.913257
4.150099	100.000000	92.925212	100.000000	100.000000	99.818509
3.818653	99.967158	92.657896	99.948513	100.000000	99.951869
3.947654	100.000000	92.993171	100.000000	100.000000	99.736565
3.900357	100.000000	92.688676	100.000000	100.000000	100.000000
3.904471	99.964997	93.102480	100.000000	100.000000	99.774634
3.890069	99.944459	92.730793	99.948364	100.000000	99.943991
3.850456	99.849899	92.619539	99.897642	100.000000	99.585267
3.704685	99.778385	92.801806	100.000000	100.000000	99.621357
3.765613	99.991296	92.464137	100.000000	100.000000	99.899999
3.601362	100.000000	92.611251	100.000000	100.000000	99.985726
3.904827	99.937906	92.509688	100.000000	100.000000	99.789636
3.972726	100.000000	92.844771	100.000000	100.000000	99.972371
4.057018	99.992260	92.664194	99.954303	100.000000	99.879450
4.108539	100.000000	93.072448	99.947214	100.000000	100.000000
3.932211	99.920223	92.541578	100.000000	100.000000	99.893773
4.070054	100.000000	92.736434	99.957244	100.000000	99.787971
3.727163	100.000000	92.435963	100.000000	100.000000	99.683558
3.847960	99.938062	92.671376	99.873139	100.000000	99.793941
4.088118	100.000000	92.754904	100.000000	100.000000	99.979416
4.056641	99.994943	92.882559	100.000000	100.000000	99.475549
4.174490	99.994021	92.819237	100.000000	100.000000	99.886398
3.971050	100.000000	93.285127	99.919307	100.000000	100.000000
3.878450	99.985451	92.869930	99.944499	100.000000	100.000000
3.921702	100.000000	91.971969	100.000000	100.000000	99.946978
3.929432	100.000000	92.470326	99.896615	100.000000	100.000000
3.710313	99.942909	92.862457	100.000000	100.000000	99.951998
3.733911	100.000000	92.453338	100.000000	100.000000	99.841681
3.835421	99.967326	92.903813	100.000000	100.000000	99.899427
4.212104	100.000000	92.942324	99.863640	100.000000	99.699908
4.075519	99.919806	92.516542	99.988608	100.000000	99.874334
4.131638	100.000000	92.455067	100.000000	100.000000	99.830451
3.795087	99.870983	92.530188	100.000000	100.000000	99.932767
3.838892	99.877191	92.971893	99.884676	100.000000	99.850591
3.831291	100.000000	92.166950	100.000000	100.000000	99.863893
4.040645	100.000000	92.643944	99.979553	100.000000	100.000000
3.922938	100.000000	92.885272	100.000000	100.000000	99.860709
3.962689	99.873155	92.517473	99.912917	100.000000	100.000000
3.816514	100.000000	92.620918	99.877943	100.000000	99.808673
4.087563	100.000000	92.442030	99.996035	100.000000	99.468589
3.849359	100.000000	92.409996	100.000000	100.000000	100.000000
3.956441	100.000000	92.749272	100.000000	100.000000	100.000000
4.004808	100.000000	92.398005	100.000000	100.000000	100.000000
3.850236	100.000000	92.815065	100.000000	100.000000	100.000000
4.162400	99.807582	92.826323	99.860811	100.000000	99.656359
4.103085	100.000000	92.848373	100.000000	100.000000	99.825199
3.928794	100.000000	92.611938	99.925536	100.000000	99.681480
3.947913	99.994248	92.632213	99.891600	100.000000	99.879316
4.093684	99.856413	92.578829	99.991327	100.000000	100.000000
3.802643	100.000000	92.706092	99.797018	100.000000	99.912314
3.797889	100.000000	92.952306	100.000000	100.000000	100.000000
4.083478	100.000000	92.413935	99.674730	100.000000	99.872115
3.903214	100.000000	92.871055	100.000000	100.000000	99.506892
3.872513	99.706010	92.826075	99.898210	100.000000	99.742129
3.892222	100.000000	92.835795	99.719476	100.000000	99.638973
3.773027	100.000000	92.706565	99.989444	100.000000	100.000000
3.894564	99.897460	92.697323	99.868583	100.000000	99.900185
3.898082	99.989706	92.824147	99.957345	100.000000	99.520265
4.028103	100.000000	93.174420	99.915543	100.000000	100.000000
3.835579	100.000000	93.019114	99.946735	100.000000	99.845945
3.820873	99.910513	93.097324	99.989217	100.000000	99.676420
3.891340	100.000000	92.604223	99.977582	100.000000	99.803557
3.790363	100.000000	92.599284	99.826029	100.000000	99.886265
3.947248	100.000000	92.878931	99.929371	100.000000	99.764054
3.942821	99.929086	93.002828	100.000000	100.000000	99.860528
4.166543	99.786850	92.613644	100.000000	100.000000	100.000000
3.889007	100.000000	92.608549	99.933985	100.000000	99.759166
3.686658	99.965976	92.712539	99.961065	100.000000	99.946362
3.775284	99.950309	92.269633	99.974047	100.000000	99.947917
3.966384	99.853518	93.120111	99.975878	100.000000	100.000000
3.987532	99.955712	92.699272	100.000000	100.000000	100.000000
3.895708	100.000000	92.652405	99.926156	100.000000	99.980079
4.035014	100.000000	92.357257	99.938794	100.000000	99.787213
3.763384	100.000000	92.791891	100.000000	100.000000	99.907131
3.727264	100.000000	92.646902	99.829040	100.000000	99.877081
3.781549	99.725798	92.740343	100.000000	100.000000	99.798008
3.906630	99.977853	92.749463	99.978367	100.000000	99.918906
3.925213	100.000000	92.429934	99.932193	100.000000	99.804545
3.559553	100.000000	92.691384	99.911774	100.000000	99.981151
4.005645	100.000000	93.148732	99.994839	100.000000	99.723549
3.970299	100.000000	93.215957	99.978807	100.000000	99.917794
3.926656	100.000000	92.863606	100.000000	100.000000	99.792824
3.873742	99.980153	92.284937	99.996962	100.000000	99.983025
3.834054	99.991835	92.467574	99.909789	100.000000	100.000000
4.105417	100.000000	92.839714	99.928438	100.000000	99.864048
3.998719	100.000000	92.561046	100.000000	100.000000	99.972333
3.614305	100.000000	92.679768	99.999070	100.000000	99.817566
3.400625	100.000000	92.246125	100.000000	100.000000	99.639656
4.066883	99.857194	92.465200	100.000000	100.000000	99.902641
3.787382	100.000000	92.961330	100.000000	100.000000	99.860359
3.907637	99.965488	92.363597	99.881488	100.000000	99.805024
3.780451	100.000000	92.581699	100.000000	100.000000	99.685584
3.909167	99.836844	92.442291	99.976559	100.000000	99.923736
4.002931	99.944069	93.111751	100.000000	100.000000	99.666745
3.885573	99.956617	92.206151	99.890516	100.000000	99.986096
4.198334	99.844936	93.125369	100.000000	100.000000	99.709567
3.789933	100.000000	92.573703	99.962677	100.000000	100.000000
3.984114	100.000000	92.708054	99.991310	100.000000	99.749268
3.791123	99.808339	92.898978	99.966693	100.000000	100.000000
3.832947	99.978891	92.611696	99.866364	100.000000	99.910406
4.214683	99.961678	92.708960	100.000000	100.000000	99.924166
4.051232	100.000000	92.914903	99.957835	100.000000	100.000000
4.041313	100.000000	93.088040	99.961507	100.000000	100.000000
3.824773	100.000000	92.924897	99.953257	100.000000	99.909538
4.005853	100.000000	92.316820	100.000000	100.000000	99.686635
3.764113	100.000000	92.934080	99.887113	100.000000	99.911277
3.813398	100.000000	92.977346	100.000000	100.000000	100.000000
3.765379	99.984428	93.049680	100.000000	100.000000	99.897561
3.705075	100.000000	92.795410	99.944368	100.000000	99.918793
3.948749	100.000000	93.298073	99.905496	100.000000	99.959137
3.965473	100.000000	93.237273	99.949456	100.000000	99.822718
4.065631	100.000000	92.490806	100.000000	100.000000	99.851340
4.009019	99.958931	93.154243	100.000000	100.000000	99.820531
3.801790	99.994559	92.745765	100.000000	100.000000	99.982861
4.174261	100.000000	92.931900	100.000000	100.000000	99.851384
3.834957	99.818082	92.388656	100.000000	100.000000	99.833609
4.078107	99.975774	92.796789	100.000000	100.000000	99.941135
4.148772	100.000000	92.298291	99.982878	100.000000	99.901932
4.017750	99.998428	92.324681	100.000000	100.000000	99.595375
3.721852	100.000000	92.752501	99.981876	100.000000	99.976185
3.804085	100.000000	92.380630	100.000000	100.000000	99.934961
4.212027	99.890112	92.690325	100.000000	100.000000	99.815701
3.870905	100.000000	92.662970	100.000000	100.000000	99.676793
3.896672	99.948687	93.028752	100.000000	100.000000	100.000000
3.837409	100.000000	92.710537	99.915368	100.000000	99.984895
3.914305	100.000000	92.457730	99.817899	100.000000	99.853936
3.590996	100.000000	92.793688	100.000000	100.000000	100.000000
3.885369	100.000000	92.558254	100.000000	100.000000	99.715566
3.659980	99.983096	92.527969	99.982367	100.000000	100.000000
3.923633	99.911889	92.644499	99.948669	100.000000	100.000000
4.246494	100.000000	92.567222	100.000000	100.000000	100.000000
3.975839	99.957526	92.420426	100.000000	100.000000	99.993715
3.816295	99.929422	93.004526	100.000000	100.000000	99.830450
4.038228	99.965536	92.661127	99.899226	100.000000	99.894423
4.010906	100.000000	93.111811	100.000000	100.000000	99.824717
3.771020	99.844022	92.553472	99.852310	100.000000	99.695612
3.890923	100.000000	92.806426	100.000000	100.000000	99.665370
4.057995	99.935647	92.923075	99.895801	100.000000	99.968270
3.821897	99.940552	92.744368	99.925797	100.000000	99.919017
3.875164	99.852103	92.736048	100.000000	100.000000	99.837809
3.970079	100.000000	92.794748	99.890161	100.000000	99.854076
4.178239	100.000000	92.766483	100.000000	100.000000	99.830052
3.906714	99.998408	92.899705	99.941533	100.000000	99.821956
3.837074	99.924431	92.512777	99.971032	100.000000	100.000000
3.579801	100.000000	92.884871	100.000000	100.000000	99.832402
4.028835	99.841936	92.953078	100.000000	100.000000	100.000000
4.083915	100.000000	92.970131	100.000000	100.000000	99.978924
4.124935	100.000000	93.190157	100.000000	100.000000	99.957289
3.833206	100.000000	92.531864	100.000000	100.000000	99.926334
4.059169	100.000000	92.778296	100.000000	100.000000	99.973574
3.999370	99.899239	92.917644	100.000000	100.000000	99.870390
4.018452	100.000000	92.527486	100.000000	100.000000	99.722178
3.638563	100.000000	92.767377	100.000000	100.000000	99.952632
3.847470	100.000000	92.719228	100.000000	100.000000	99.850064
3.876896	99.990420	92.825980	100.000000	100.000000	99.794595
4.086284	99.838661	93.045989	100.000000	100.000000	99.828595
4.149699	100.000000	92.664864	99.943083	100.000000	99.794733
4.200131	99.964926	92.632819	99.982039	100.000000	99.917145
3.671668	100.000000	93.156258	100.000000	100.000000	100.000000
3.804277	99.928481	93.126926	99.953632	100.000000	99.963363
3.742024	100.000000	92.565786	100.000000	100.000000	99.939352
3.787451	100.000000	92.507877	100.000000	100.000000	99.717154
4.147379	100.000000	92.871020	100.000000	100.000000	100.000000
3.991603	99.936673	92.940238	100.000000	100.000000	100.000000
3.802378	99.965698	92.921068	100.000000	100.000000	99.912241
4.136020	100.000000	92.715474	100.000000	100.000000	99.747877
4.136439	99.921868	92.193422	99.827151	100.000000	99.795453
4.112557	100.000000	92.865851	99.815377	100.000000	99.772510
3.899079	99.758996	93.062470	100.000000	100.000000	100.000000
4.094749	100.000000	93.095586	99.928137	100.000000	99.973172
3.516006	100.000000	92.104604	100.000000	100.000000	99.960208
3.855330	100.000000	93.051058	100.000000	100.000000	100.000000
3.763474	99.987263	92.819691	99.967750	100.000000	99.890252
3.966336	99.900553	92.676095	99.933974	100.000000	99.940976
3.942807	99.956163	92.785903	100.000000	100.000000	100.000000
3.673831	100.000000	92.671124	100.000000	100.000000	100.000000
3.890500	100.000000	92.330881	100.000000	100.000000	99.936546
3.895094	100.000000	93.124840	100.000000	100.000000	100.000000
3.967299	100.000000	92.688720	99.954424	100.000000	100.000000
4.250454	100.000000	92.835721	100.000000	100.000000	99.731622
3.917903	99.941531	93.234128	100.000000	100.000000	99.929887
3.938568	100.000000	92.548789	100.000000	100.000000	100.000000
3.792725	100.000000	93.404875	99.914411	100.000000	100.000000
4.065991	100.000000	92.608873	99.944066	100.000000	100.000000
4.160909	100.000000	92.610564	100.000000	100.000000	100.000000
3.537549	99.701276	92.694415	99.862184	100.000000	99.815003
3.840737	100.000000	92.786643	100.000000	100.000000	99.849206
3.702230	99.920311	92.710711	99.804665	100.000000	100.000000
3.778211	100.000000	92.508999	100.000000	100.000000	99.799329
3.994311	100.000000	92.721468	100.000000	100.000000	99.925111
3.692491	99.915246	92.571056	99.804377	100.000000	100.000000
4.168630	99.910723	92.410838	100.000000	100.000000	99.870720
3.970489	99.860235	92.791306	99.872270	100.000000	99.819404
4.183324	100.000000	92.908477	100.000000	100.000000	99.954358
4.146062	99.895045	92.819144	99.939392	100.000000	100.000000
4.305034	99.901685	92.568645	100.000000	100.000000	99.893716
3.556908	100.000000	92.947133	100.000000	100.000000	99.879017
3.924952	99.879101	92.409424	100.000000	100.000000	99.854212
3.895285	99.994277	92.923489	100.000000	100.000000	99.884360
3.759960	100.000000	92.523949	99.969821	100.000000	99.486435
3.732199	99.988630	92.436689	100.000000	100.000000	99.924453
3.872214	99.973058	93.010265	100.000000	100.000000	100.000000
3.861585	99.842385	92.820801	99.850611	100.000000	100.000000
3.791196	99.993324	92.785684	100.000000	100.000000	100.000000
4.037791	99.961427	92.383666	100.000000	100.000000	99.961806
3.868021	100.000000	93.047995	99.931277	100.000000	99.803623
3.785627	100.000000	92.660774	100.000000	100.000000	99.934368
4.054585	100.000000	92.493840	100.000000	100.000000	99.749058
3.940555	99.972569	92.633436	100.000000	100.000000	100.000000
3.917637	100.000000	92.494277	100.000000	100.000000	99.983651
4.012051	99.836254	92.927854	99.930403	100.000000	100.000000
3.846445	100.000000	92.891976	100.000000	100.000000	100.000000
3.893590	99.827321	92.598433	99.821564	100.000000	100.000000
4.012424	100.000000	93.042040	99.911810	100.000000	100.000000
4.168090	100.000000	92.658681	99.889200	100.000000	99.679565
4.144694	99.866804	92.648167	99.889956	100.000000	100.000000
3.760889	100.000000	92.984885	99.954696	100.000000	99.966276
3.883362	100.000000	92.314893	100.000000	100.000000	99.738066
3.771530	100.000000	92.951992	99.844027	100.000000	99.948081
3.777435	99.905251	93.100513	99.689099	100.000000	100.000000
4.142012	99.801447	92.555928	100.000000	100.000000	99.578914
3.977841	100.000000	93.105749	100.000000	100.000000	99.754293
3.841969	99.915995	92.755334	99.998610	100.000000	99.823901
3.859443	99.878473	93.115202	100.000000	100.000000	99.956854
4.114373	100.000000	92.662390	100.000000	100.000000	99.845240
3.663055	100.000000	92.813729	100.000000	100.000000	99.894356
3.818557	100.000000	92.263286	100.000000	100.000000	99.766779
4.188977	99.938113	92.750107	100.000000	100.000000	99.970029
4.057678	100.000000	92.634787	100.000000	100.000000	99.863945
4.146916	100.000000	92.631192	99.900608	100.000000	99.837970
3.858789	100.000000	92.455380	99.944270	100.000000	99.760725
3.740167	99.847011	91.901386	99.790207	100.000000	99.964663
4.109158	100.000000	92.900273	100.000000	100.000000	99.980571
3.603696	99.919424	92.976157	100.000000	100.000000	100.000000
3.852944	100.000000	92.372482	99.974070	100.000000	99.954674
3.842513	100.000000	93.121513	99.906857	100.000000	100.000000
3.951456	99.918864	92.983923	99.999229	100.000000	99.913909
3.830708	100.000000	93.076932	100.000000	100.000000	100.000000
3.954718	100.000000	92.706940	100.000000	100.000000	100.000000
4.119643	99.978257	92.339823	99.901952	100.000000	99.802346
3.955045	100.000000	92.464888	100.000000	100.000000	99.947429
3.855692	100.000000	92.515641	100.000000	100.000000	99.938162
4.078999	100.000000	92.968780	100.000000	100.000000	99.851752
3.967276	100.000000	92.628834	99.774388	100.000000	100.000000
3.890385	100.000000	92.298042	99.836571	100.000000	99.734736
3.906897	99.940671	92.911852	100.000000	100.000000	99.738720
4.089712	99.938760	92.809188	100.000000	100.000000	99.833390
4.163461	100.000000	92.466366	99.996578	100.000000	99.987761
4.049133	99.768415	93.022024	99.907411	100.000000	100.000000
3.994554	99.935542	92.849443	99.927666	100.000000	99.938241
3.995580	100.000000	92.885325	100.000000	100.000000	99.897812
3.999928	100.000000	92.361204	100.000000	100.000000	99.780014
3.922174	100.000000	92.492689	99.832625	100.000000	100.000000
4.033322	99.712094	92.586414	99.900571	100.000000	99.931193
3.805588	99.811132	93.151487	99.933724	100.000000	99.960602
4.022775	100.000000	92.516299	100.000000	100.000000	99.768579
3.833215	99.874166	93.300215	100.000000	100.000000	99.963992
3.728244	100.000000	92.873529	100.000000	100.000000	100.000000
3.942414	100.000000	93.142033	99.923370	100.000000	99.642083
3.833204	100.000000	92.134212	99.864991	100.000000	99.908846
3.857989	100.000000	93.066157	100.000000	100.000000	100.000000
4.032073	99.800940	93.042418	100.000000	100.000000	99.782602
-55.078037	-10.995121	-8.443574	44.822983	29.964104	29.659552
3.765081	99.934445	92.616357	99.800623	100.000000	100.000000
3.852334	99.858382	92.683354	99.977085	100.000000	99.985120
3.896635	100.000000	92.641958	100.000000	100.000000	99.889788
3.831553	99.869486	92.464329	100.000000	100.000000	99.781038
4.069080	100.000000	92.531110	100.000000	100.000000	99.768169
4.234853	99.765014	92.472793	100.000000	100.000000	99.977565
3.761782	99.970663	93.021751	100.000000	100.000000	99.713019
3.501612	100.000000	92.656948	99.875195	100.000000	99.957644
3.597763	99.867691	92.923428	100.000000	100.000000	99.955663
3.914202	100.000000	92.671563	99.896862	100.000000	100.000000
4.151259	99.974493	92.438721	100.000000	100.000000	99.829479
3.955763	100.000000	92.668690	100.000000	100.000000	99.910989
3.919350	100.000000	92.381843	100.000000	100.000000	99.834597
3.962019	100.000000	92.940105	100.000000	100.000000	99.867112
3.926722	99.894871	93.349890	100.000000	100.000000	99.951790
3.895446	100.000000	92.632554	100.000000	100.000000	100.000000
3.603668	99.907738	92.403937	99.946972	100.000000	99.663911
4.001038	100.000000	92.781553	99.982609	100.000000	99.654436
3.844158	99.853651	92.265190	100.000000	100.000000	99.959752
3.734528	99.922338	92.613482	99.962254	100.000000	99.975303
3.905073	100.000000	93.136016	99.952740	100.000000	99.741483
4.112719	99.879374	92.720414	100.000000	100.000000	100.000000
3.729213	99.930413	92.664018	100.000000	100.000000	99.848356
3.931639	100.000000	92.476775	99.870728	100.000000	99.979260
4.068977	99.982490	92.486653	99.948402	100.000000	100.000000
4.025371	99.927942	92.709113	99.872362	100.000000	100.000000
4.107118	100.000000	92.864334	100.000000	100.000000	100.000000
3.865293	99.964268	93.202998	99.970872	100.000000	100.000000
3.900215	100.000000	92.620357	99.889834	100.000000	99.986102
3.982268	100.000000	93.008589	99.945836	100.000000	100.000000
3.847393	99.920995	92.824712	99.987522	100.000000	100.000000
3.850269	100.000000	92.572061	100.000000	100.000000	99.964884
3.859219	99.937328	92.741723	99.984029	100.000000	99.895962
3.997693	100.000000	92.894386	100.000000	100.000000	100.000000
3.810301	99.910806	92.518146	100.000000	100.000000	99.938818
4.196132	100.000000	92.664493	100.000000	100.000000	99.970555
3.773023	99.906701	92.868316	100.000000	100.000000	99.776390
4.011450	100.000000	92.379611	100.000000	100.000000	99.859154
3.875254	99.878120	92.632024	100.000000	100.000000	100.000000
3.885574	100.000000	92.423839	100.000000	100.000000	99.603012
4.225373	100.000000	92.916790	99.787874	100.000000	100.000000
3.771299	100.000000	92.740316	99.935245	100.000000	99.858713
3.781800	100.000000	92.552579	99.909690	100.000000	99.892509
3.940834	99.910411	92.784597	100.000000	100.000000	99.985643
3.867170	99.930943	92.644449	100.000000	100.000000	99.878204
3.717548	99.969222	92.866228	99.903420	100.000000	100.000000
3.705461	100.000000	92.305765	99.881925	100.000000	99.942476
3.877400	99.852496	92.659195	100.000000	100.000000	99.763866
3.753881	100.000000	92.854914	99.976384	100.000000	100.000000
3.851340	99.995351	92.919964	99.869643	100.000000	99.819287
3.899408	100.000000	92.780244	99.863651	100.000000	99.663352
3.959926	100.000000	92.701642	100.000000	100.000000	99.951936
4.110892	100.000000	92.798702	99.933411	100.000000	100.000000
4.031756	100.000000	92.609879	100.000000	100.000000	100.000000
3.945218	100.000000	92.586749	99.994383	100.000000	100.000000
4.331231	99.976478	92.381832	99.910251	100.000000	99.994722
3.805768	99.945199	92.623000	100.000000	100.000000	99.762285
4.127756	100.000000	92.710755	99.951773	100.000000	100.000000
3.917764	99.930846	92.512830	100.000000	100.000000	99.983375
3.778852	100.000000	92.244174	99.989126	100.000000	99.565771
3.772808	100.000000	92.114784	99.994832	100.000000	99.828070
3.706610	99.945450	92.984033	100.000000	100.000000	99.938308
3.803366	100.000000	93.011525	100.000000	100.000000	99.895573
3.863795	99.977953	92.901653	100.000000	100.000000	99.966114
3.916285	99.966153	93.028977	99.977542	100.000000	99.855585
3.638388	100.000000	93.203533	100.000000	100.000000	100.000000
3.813005	100.000000	92.904503	100.000000	100.000000	100.000000
3.842390	99.874237	92.987910	99.955814	100.000000	100.000000
3.913498	100.000000	92.749068	100.000000	100.000000	99.859318
3.666485	99.924607	92.081374	100.000000	100.000000	100.000000
3.967856	100.000000	93.109120	100.000000	100.000000	99.958156
3.822323	99.878873	92.616477	99.902836	100.000000	99.760861
3.972345	99.846854	92.671393	99.717706	100.000000	99.868828
3.762043	100.000000	92.793755	100.000000	100.000000	99.944418
3.891885	99.919359	92.797570	99.910508	100.000000	99.902795
4.018167	100.000000	92.658487	100.000000	100.000000	99.708596
3.946225	99.818889	92.790322	100.000000	100.000000	99.926398
4.030294	99.886242	92.537915	99.838718	100.000000	99.744207
3.693383	99.980087	92.509722	99.883118	100.000000	99.994007
4.293076	100.000000	92.689631	100.000000	100.000000	100.000000
3.827273	100.000000	93.076689	100.000000	100.000000	99.769691
3.744357	100.000000	92.760154	99.864353	100.000000	100.000000
3.954587	99.888434	92.481782	99.977931	100.000000	99.859514
3.500503	99.972194	92.292241	100.000000	100.000000	99.492018
3.778279	100.000000	92.040749	99.802096	100.000000	99.990255
3.850308	100.000000	92.861059	100.000000	100.000000	100.000000
4.045170	99.996334	92.568430	99.936655	100.000000	99.759500
3.906090	100.000000	92.544272	100.000000	100.000000	99.885147
3.855048	100.000000	92.849716	100.000000	100.000000	99.729543
3.660952	100.000000	93.266972	99.915674	100.000000	99.704731
3.880221	99.852339	92.982689	99.842024	100.000000	100.000000
4.228490	99.779128	92.992401	99.968145	100.000000	99.922629
3.800642	99.897596	92.338795	99.821040	100.000000	99.719463
4.285659	99.761949	93.061266	99.919303	100.000000	100.000000
3.636003	99.912843	92.766296	100.000000	100.000000	99.912206
3.866067	100.000000	92.609699	99.940740	100.000000	99.789414
3.927072	100.000000	92.755879	100.000000	100.000000	99.701055
3.922044	99.948544	92.679937	100.000000	100.000000	99.710202
3.883222	99.954609	92.622529	100.000000	100.000000	99.856259
3.962260	99.958420	92.985060	99.971468	100.000000	99.926011
3.942355	99.863009	92.628596	100.000000	100.000000	99.955116
4.094224	100.000000	92.538044	99.972880	100.000000	99.818104
4.025403	99.744076	92.558696	99.889292	100.000000	99.731154
3.898814	99.984727	92.721637	100.000000	100.000000	100.000000
3.890580	99.868309	92.794463	100.000000	100.000000	99.868711
3.606751	100.000000	92.719085	99.959088	100.000000	100.000000
4.029848	99.986761	92.339400	100.000000	100.000000	99.917993
3.820277	100.000000	92.704188	100.000000	100.000000	99.962049
3.969866	100.000000	92.699325	99.916416	100.000000	99.957083
3.670824	100.000000	92.591544	100.000000	100.000000	100.000000
3.735914	99.989892	93.034156	100.000000	100.000000	99.893355
3.943646	100.000000	92.973308	100.000000	100.000000	99.886875
3.853400	100.000000	93.302180	99.929370	100.000000	99.744428
3.815566	99.888309	92.433928	100.000000	100.000000	99.939375
4.227157	100.000000	92.952494	99.908383	100.000000	99.998767
3.879323	99.851224	93.066458	99.902318	100.000000	99.916045
3.722614	99.876419	92.864390	100.000000	100.000000	99.909562
3.928432	99.978014	92.480940	99.985447	100.000000	100.000000
4.098867	99.900503	93.247420	100.000000	100.000000	99.681927
3.843958	100.000000	92.926746	99.908616	100.000000	99.761755
3.676225	100.000000	92.332747	99.971047	100.000000	99.597189
4.058943	99.818156	92.802538	99.931109	100.000000	100.000000
4.122288	100.000000	92.733200	99.886450	100.000000	99.890641
3.803658	99.903589	92.879691	99.893466	100.000000	99.950414
3.940600	100.000000	92.861329	100.000000	100.000000	99.941796
3.888178	100.000000	93.032327	99.901658	100.000000	99.909384
3.894270	99.925367	92.407329	99.948426	100.000000	100.000000
3.942750	99.906061	93.030142	99.867657	100.000000	99.752239
4.127870	99.897057	92.686632	99.893258	100.000000	99.922843
3.960665	99.915736	92.530652	99.837713	100.000000	99.983657
3.810401	100.000000	92.754280	100.000000	100.000000	99.960162
3.834277	99.744384	92.656142	99.888782	100.000000	99.913329
3.932096	100.000000	92.209677	99.998602	100.000000	100.000000
3.821434	100.000000	92.758246	99.933550	100.000000	99.954937
4.105029	99.985343	92.646870	99.880377	100.000000	99.916587
3.897597	99.899274	92.884809	100.000000	100.000000	100.000000
4.187520	99.931071	92.744809	99.988909	100.000000	99.836799
3.896627	99.917589	92.693827	99.827960	100.000000	99.821796
4.081720	99.946185	92.481312	100.000000	100.000000	99.858839
4.100627	99.950211	92.753953	99.886057	100.000000	99.567381
3.870007	100.000000	92.853587	100.000000	100.000000	100.000000
4.052305	99.921678	93.021100	100.000000	100.000000	99.822956
3.684655	100.000000	92.513777	99.997008	100.000000	99.918022
3.940800	100.000000	92.853695	100.000000	100.000000	100.000000
3.831491	100.000000	92.806087	100.000000	100.000000	99.897157
3.800797	99.968653	92.413183	100.000000	100.000000	99.651337
3.782831	100.000000	92.720194	99.948399	100.000000	100.000000
3.969486	99.998242	92.856354	99.861319	100.000000	99.790519
4.078736	100.000000	93.213920	99.953278	100.000000	100.000000
3.972087	100.000000	92.525763	99.959216	100.000000	99.973619
4.033681	99.836904	93.122477	99.910709	100.000000	100.000000
4.000464	100.000000	93.007407	99.979871	100.000000	99.791820
3.851848	100.000000	92.508656	99.976831	100.000000	99.814803
3.949622	99.909975	93.049995	100.000000	100.000000	100.000000
3.768421	100.000000	92.556389	100.000000	100.000000	100.000000
4.038608	99.985800	92.519659	99.696429	100.000000	100.000000
3.572248	99.912523	92.670821	100.000000	100.000000	99.819308
3.688055	100.000000	92.647517	99.842936	100.000000	99.878028
3.748278	100.000000	92.502811	100.000000	100.000000	99.975210
4.098010	100.000000	92.865978	100.000000	100.000000	99.824747
3.929414	99.900218	92.417289	100.000000	100.000000	99.833596
3.648586	99.821238	92.750083	100.000000	100.000000	99.573352
4.255881	99.923779	92.933536	100.000000	100.000000	100.000000
3.900544	100.000000	92.989058	99.987158	100.000000	100.000000
4.111949	100.000000	92.648128	99.844990	100.000000	99.740866
3.621655	100.000000	92.726045	100.000000	100.000000	99.919199
3.736770	100.000000	93.285833	99.809654	100.000000	99.806977
3.938316	99.968929	92.635716	99.992363	100.000000	99.954210
4.078678	99.931717	92.539766	99.957468	100.000000	99.803174
3.657519	100.000000	92.853387	100.000000	100.000000	100.000000
3.686491	99.911182	92.805893	99.808804	100.000000	99.807114
3.986454	100.000000	92.952314	100.000000	100.000000	99.647695
4.005066	99.873555	92.857811	100.000000	100.000000	99.920170
4.018174	100.000000	92.710382	99.842802	100.000000	100.000000
3.939503	100.000000	93.115010	99.845522	100.000000	99.880573
3.813183	99.894327	92.874751	99.974322	100.000000	99.871589
3.868641	100.000000	92.778713	100.000000	100.000000	100.000000
3.983330	100.000000	92.890836	99.953370	100.000000	99.503258
3.978694	100.000000	93.141496	99.989266	100.000000	100.000000
3.658001	100.000000	92.670689	100.000000	100.000000	99.906847
4.077935	100.000000	92.443275	99.883147	100.000000	99.975730
3.884918	99.982474	92.147464	99.913082	100.000000	100.000000
4.101934	100.000000	93.662026	99.907129	100.000000	100.000000
3.877055	99.997061	92.823437	99.789977	100.000000	100.000000
3.673653	99.909150	92.588779	99.936838	100.000000	99.755691
3.638256	100.000000	92.608183	99.986621	100.000000	99.872140
3.980717	100.000000	92.416008	100.000000	100.000000	100.000000
3.956072	99.909493	92.492849	100.000000	100.000000	99.767980
3.753338	100.000000	92.773619	100.000000	100.000000	100.000000
3.953051	100.000000	92.917126	99.994385	100.000000	99.829516
4.109656	100.000000	92.627527	99.890270	100.000000	99.852876
3.665128	100.000000	92.572187	99.997279	100.000000	100.000000
4.172163	100.000000	93.204285	99.863928	100.000000	99.965473
4.027069	99.997598	92.649569	99.935022	100.000000	99.607247
3.717699	99.974624	92.652428	99.937003	100.000000	100.000000
4.027102	99.947266	92.999714	99.971086	100.000000	100.000000
3.995440	99.973108	93.466146	99.931708	100.000000	99.907884
3.915145	100.000000	93.013974	99.791283	100.000000	99.922536
4.002644	100.000000	92.699588	99.932981	100.000000	100.000000
3.977211	99.936365	93.445990	100.000000	100.000000	99.863999
4.075074	100.000000	92.804716	100.000000	100.000000	100.000000
3.845917	99.886886	92.886751	100.000000	100.000000	99.897529
3.881343	100.000000	92.497722	99.993782	100.000000	99.816263
3.940383	99.966511	92.225190	100.000000	100.000000	99.951738
3.898576	100.000000	92.593530	99.976399	100.000000	99.979837
4.003246	99.924833	93.005088	100.000000	100.000000	99.978829
3.996906	100.000000	93.029139	99.898151	100.000000	100.000000
4.240829	100.000000	93.129861	99.922119	100.000000	99.986375
3.780822	99.984332	92.234972	99.808036	100.000000	99.910765
3.858884	99.854189	92.632192	99.975846	100.000000	99.922482
4.052283	99.875365	92.705091	100.000000	100.000000	99.806815
4.081619	100.000000	92.554474	100.000000	100.000000	100.000000
3.723285	100.000000	92.325694	100.000000	100.000000	99.679109
3.918956	99.960673	92.594210	100.000000	100.000000	99.501159
