21.468306	18.968999	-100.000000	100.000000	-100.000000	-33.469673
62.609878	-32.132332	-100.000000	100.000000	-99.971140	-31.792813
5.838238	-9.438025	-100.000000	97.174228	-98.055707	-8.589992
87.550588	15.640059	-100.000000	100.000000	-100.000000	-32.924900
31.434046	20.129091	99.671380	-100.000000	100.000000	43.336344
-31.981332	61.765486	100.000000	-100.000000	100.000000	35.800207
-24.204762	27.477032	99.836677	-100.000000	99.933518	32.804963
49.045811	-47.627523	-99.889482	100.000000	-100.000000	-12.044559
48.233291	41.453257	99.894851	-100.000000	99.986475	90.916953
41.250967	34.840165	-99.821728	100.000000	-100.000000	-19.881612
11.898843	17.996820	100.000000	-22.369772	100.000000	-7.743589
23.792488	52.743274	99.779956	-100.000000	100.000000	40.201550
-67.959796	18.305564	-100.000000	100.000000	-99.518343	-17.841171
32.930847	41.172310	99.947060	-100.000000	99.957835	39.344744
-13.010002	7.171866	100.000000	-100.000000	100.000000	75.215009
35.692350	25.208971	100.000000	-100.000000	99.894788	16.407155
-17.036244	16.262654	100.000000	-100.000000	99.871697	29.727290
-31.254628	21.718748	99.759076	-100.000000	99.822344	58.281940
-25.819454	-15.601535	100.000000	-100.000000	100.000000	22.633896
37.977070	33.550582	-100.000000	100.000000	-99.651759	-27.954419
-52.048229	-16.040719	-99.117884	100.000000	-99.715221	-28.176872
-28.902154	31.228514	-100.000000	100.000000	-99.966735	-57.628604
21.078657	19.116679	-100.000000	100.000000	-100.000000	-58.973283
96.146578	-26.459428	99.683745	-100.000000	100.000000	31.703749
97.741697	33.370606	-99.980763	100.000000	-100.000000	-46.491899
37.368941	31.824462	99.977005	-100.000000	100.000000	58.354468
29.539957	-69.799556	-99.860283	100.000000	-100.000000	-40.411315
68.654880	-32.308318	100.000000	-96.686753	98.628674	-4.719974
27.030135	-29.490717	99.638858	-100.000000	99.592021	19.071354
12.148080	19.631057	-100.000000	100.000000	-100.000000	-27.181249
-13.639475	-35.972818	99.993051	-100.000000	100.000000	45.635583
60.305645	-14.102763	-99.851795	100.000000	-100.000000	-38.401112
37.073867	36.048295	99.917910	-100.000000	99.864749	44.222974
-67.473030	80.983162	99.971435	-100.000000	99.893593	31.449462
29.566100	13.402145	-100.000000	100.000000	-100.000000	-42.043763
-27.940812	17.041713	99.707914	-100.000000	100.000000	45.334232
6.068227	-36.828300	-99.996255	100.000000	-99.916608	-73.852614
-15.511009	68.268180	-99.681477	100.000000	-99.726541	-19.605488
25.869249	-32.541742	-100.000000	100.000000	-100.000000	-44.569262
37.675052	22.449455	99.967430	-100.000000	100.000000	34.799012
57.558925	39.517953	-99.917630	100.000000	-100.000000	-69.880362
45.962797	-13.575772	-99.889354	100.000000	-100.000000	-48.494513
-55.992776	31.320883	100.000000	-100.000000	99.997004	30.232795
-48.557575	67.364705	99.769824	-100.000000	99.897895	28.825200
-20.635381	14.208213	100.000000	-100.000000	99.657964	22.026945
-42.926935	70.347075	99.877987	-100.000000	99.517062	24.284660
16.406741	90.297532	-99.789871	100.000000	-99.049962	-19.364874
38.861793	-51.864320	99.914684	-100.000000	100.000000	34.503513
-28.251275	-21.165633	-100.000000	100.000000	-99.947505	-64.148111
78.863531	26.559414	99.671007	-100.000000	99.940584	75.648617
-39.959011	-52.525575	-100.000000	100.000000	-99.788432	-26.299092
-35.752046	-34.437139	100.000000	-100.000000	100.000000	35.798630
-50.370989	46.212161	99.632816	-100.000000	99.659995	28.242542
55.203917	27.695350	99.577894	-100.000000	99.622806	26.433116
10.934460	69.153839	100.000000	-100.000000	100.000000	47.370745
-36.030603	-15.039937	99.821186	-100.000000	99.574122	57.692623
-20.086893	-35.699399	-99.952027	100.000000	-100.000000	-30.661856
-17.049874	62.277173	-99.300644	100.000000	-100.000000	-26.103632
9.736649	27.748713	-100.000000	100.000000	-99.650252	-22.355452
-19.292141	-26.126490	100.000000	-100.000000	100.000000	43.013845
-36.978873	-23.019769	99.909619	-100.000000	99.895471	93.779497
-55.461734	10.384912	-100.000000	100.000000	-100.000000	-34.332229
31.884070	26.581422	100.000000	-100.000000	99.313327	34.929871
-22.446794	-10.184088	99.933704	-100.000000	100.000000	26.767001
-8.103027	45.256509	99.710867	-100.000000	100.000000	32.857886
-10.361123	19.838790	99.760672	-100.000000	99.741461	57.801077
17.040626	62.245180	-100.000000	100.000000	-100.000000	-22.684307
-68.968754	27.297107	-100.000000	100.000000	-99.119119	-16.315422
51.731571	-21.424869	100.000000	-100.000000	100.000000	65.176819
70.750210	28.903223	5.702877	-57.592238	-46.346759	15.256553
-34.977196	55.033843	99.313695	-100.000000	98.641531	23.265617
49.030345	-42.169641	99.670966	-100.000000	99.710345	39.493832
13.677731	40.605066	-100.000000	100.000000	-99.729751	-64.090232
13.949617	-45.289895	-100.000000	64.806849	-99.984857	7.715385
11.170223	13.253923	100.000000	-100.000000	99.662576	13.144339
-34.063728	26.367608	99.444968	-100.000000	100.000000	19.761006
26.357974	25.900245	99.858645	-100.000000	99.549279	51.351508
41.140023	65.948873	99.935340	-100.000000	99.943657	59.915762
-41.719126	33.906868	-100.000000	100.000000	-99.531798	-15.889812
-58.811464	10.409152	-99.724692	100.000000	-99.856288	-52.775089
70.756994	-13.689469	-99.670625	100.000000	-100.000000	-49.588101
45.315044	-30.052207	100.000000	-100.000000	99.611200	49.315185
-29.542939	33.137235	99.704335	-100.000000	99.493625	49.696475
63.074283	26.530000	-99.986294	100.000000	-99.643183	-21.369813
-21.450411	53.741263	100.000000	-100.000000	99.899953	63.807869
-28.754615	45.673834	99.114381	-100.000000	99.533765	19.471098
23.703967	-42.225183	99.898479	-100.000000	99.893332	61.032256
41.677849	72.289040	-99.727198	100.000000	-99.779635	-50.963624
98.701094	-20.375521	100.000000	-100.000000	100.000000	62.553078
19.878980	25.597037	100.000000	-100.000000	99.847999	43.602386
63.933881	41.776128	-99.454819	100.000000	-99.546116	-22.689059
81.512651	14.289213	100.000000	-100.000000	99.341851	16.646738
20.114621	29.724265	99.689671	-100.000000	99.943918	53.492202
50.605756	-78.619409	-99.613760	100.000000	-98.471444	-13.120108
83.828840	-24.323728	-100.000000	100.000000	-100.000000	-39.534030
-27.070152	18.428476	-100.000000	100.000000	-100.000000	-50.728067
-53.981003	19.060397	-99.942953	100.000000	-100.000000	-67.762967
56.299962	-33.207452	-99.771478	100.000000	-100.000000	-25.661348
18.637841	50.181690	99.932984	-100.000000	99.858368	37.097820
-13.287932	-79.560013	-99.629174	100.000000	-100.000000	-19.095336
-26.478800	21.151136	-100.000000	100.000000	-100.000000	-19.812766
-17.535961	23.069756	100.000000	-100.000000	99.552454	42.895342
64.501577	30.840041	-99.746765	100.000000	-98.868378	-16.919463
-56.755555	-23.409844	100.000000	-100.000000	99.680543	26.684861
20.468485	45.199811	-99.665840	100.000000	-100.000000	-18.616935
63.458567	-17.660510	99.973139	-100.000000	99.869071	47.752251
53.195588	17.829410	-99.129980	100.000000	-99.907949	-21.885109
-10.064855	46.715939	100.000000	-100.000000	100.000000	59.386207
-28.836684	26.896274	99.704155	-100.000000	99.844667	62.519929
89.500678	-27.379042	100.000000	-100.000000	99.786457	19.492902
31.939043	-22.073225	100.000000	-100.000000	100.000000	36.955669
37.477243	27.084741	-91.155687	100.000000	-99.630505	-1.378961
81.130659	-32.497512	100.000000	-100.000000	99.760875	33.817394
-16.449152	24.005619	-99.559397	100.000000	-99.589398	-25.678765
-44.234543	-30.985825	-99.798783	100.000000	-100.000000	-75.358004
-23.843958	9.585282	100.000000	-100.000000	100.000000	29.650863
34.084431	34.818249	99.377397	-100.000000	99.835067	33.282566
-32.810674	-22.807977	99.406947	-100.000000	100.000000	21.939129
31.172353	26.038142	99.845041	-100.000000	99.194642	23.132924
96.417374	-46.954468	-98.653876	100.000000	-99.760348	-16.762768
36.220453	42.270010	99.430190	-100.000000	99.975948	22.208734
-22.217864	-42.341154	-98.641912	100.000000	-100.000000	-13.399316
-35.921018	25.626940	-99.801351	100.000000	-99.937431	-15.979030
-11.758299	23.049396	100.000000	-100.000000	99.480749	48.477838
18.794252	10.872712	-99.829081	100.000000	-99.847225	-26.858834
-23.119174	-12.208952	-99.730058	75.207225	-98.004104	10.633101
-41.251348	-50.534181	-100.000000	100.000000	-99.814963	-44.078493
26.756997	-13.602799	99.888301	-100.000000	100.000000	46.539722
-27.038198	-28.181429	-100.000000	100.000000	-100.000000	-46.021809
-38.499043	-26.662413	100.000000	-100.000000	100.000000	47.756771
-20.860013	-44.164019	99.907530	-100.000000	100.000000	64.606683
40.921548	-28.743675	100.000000	-100.000000	100.000000	57.791600
-25.950941	-11.152175	99.522947	-100.000000	100.000000	27.280916
-17.366936	-71.205278	99.901807	-100.000000	99.615590	72.171211
-29.360617	41.785719	100.000000	-100.000000	99.000894	8.642464
-55.146671	66.657796	99.854402	-100.000000	100.000000	16.281656
28.871185	-6.387583	-99.314006	100.000000	-100.000000	-14.473738
57.507040	19.008086	100.000000	-100.000000	99.762443	34.641358
77.009838	16.544467	100.000000	-100.000000	99.743672	6.837871
28.140773	45.075506	-100.000000	100.000000	-99.930184	-50.324097
-7.515778	64.629703	100.000000	-100.000000	99.189462	23.798179
14.411504	-18.329586	-97.528360	-1.589323	-90.808812	5.329179
65.546914	28.392988	99.987551	-100.000000	100.000000	48.480918
-30.821412	18.595284	-99.862215	100.000000	-100.000000	-21.722717
-43.174348	-74.046687	-99.845333	100.000000	-100.000000	-22.307232
39.677045	32.016059	100.000000	-100.000000	99.998518	19.509595
26.402480	-18.396075	99.987097	-100.000000	100.000000	46.139400
-17.673188	27.997231	98.099456	1.411729	98.368336	0.265498
77.021573	-8.594599	100.000000	-100.000000	99.878714	19.839360
-71.677212	18.025419	-99.099545	100.000000	-100.000000	-8.702491
-34.337079	25.140589	99.967458	-100.000000	99.900955	59.837598
49.853600	41.056203	100.000000	-100.000000	99.684043	34.533383
-39.856492	-32.775563	99.567115	-100.000000	99.548432	26.530923
25.716067	24.995815	99.978662	-100.000000	99.529806	40.075487
28.672774	62.612866	99.647202	-100.000000	99.664720	49.584413
57.488308	36.652937	99.496894	-100.000000	99.583581	28.277692
-13.092185	-60.416177	98.352902	-100.000000	99.382584	14.916689
26.242341	85.393205	100.000000	-100.000000	99.909301	53.128022
40.881989	20.462543	100.000000	-100.000000	99.879761	68.121916
-45.755972	27.340736	100.000000	-100.000000	99.395814	20.842505
-37.240568	37.811678	99.792565	-100.000000	100.000000	22.523330
18.234981	-24.507232	-100.000000	100.000000	-100.000000	-52.423142
-35.049400	7.825207	100.000000	-100.000000	100.000000	30.866507
34.801159	-9.910646	99.691603	-100.000000	100.000000	37.743405
58.620253	25.005337	100.000000	-100.000000	100.000000	52.375156
-28.916538	52.839935	99.724963	-100.000000	99.934443	48.581286
-44.686598	71.729885	99.989579	-100.000000	100.000000	29.429306
-64.000950	-11.151431	-99.770696	100.000000	-99.825952	-36.511658
0.939999	27.728514	-99.881102	100.000000	-100.000000	-38.840299
42.907926	-30.318714	-100.000000	100.000000	-100.000000	-41.699325
-58.891338	38.540548	-99.855028	100.000000	-99.991393	-28.667607
22.914115	-69.965246	99.921359	-100.000000	99.368309	36.935496
-29.056764	4.268002	99.653738	-100.000000	99.833995	36.633218
28.710820	32.999435	-99.948978	100.000000	-99.354158	-53.549062
40.964670	35.161454	-99.420652	100.000000	-100.000000	-33.815799
78.117693	52.774884	100.000000	-100.000000	100.000000	24.891863
-31.402194	7.861611	100.000000	-100.000000	100.000000	37.626867
21.775740	35.207693	99.902961	-100.000000	99.903400	63.258790
-5.138905	65.549951	99.969015	-100.000000	99.709754	25.666380
-87.353109	-44.789424	100.000000	-49.788812	100.000000	-1.559273
48.064944	-31.924076	100.000000	-100.000000	100.000000	46.994722
53.002089	17.219202	-99.826145	100.000000	-100.000000	-45.670263
33.435102	20.502235	-99.916068	100.000000	-99.546745	-50.604124
38.352467	41.044456	99.867937	-100.000000	100.000000	33.491984
19.102369	18.643408	99.898175	-100.000000	100.000000	48.261737
14.052823	34.794932	99.480657	-100.000000	99.792354	22.267944
50.141811	45.679595	-99.713191	78.768971	-100.000000	3.786615
-40.649198	-43.255583	-100.000000	100.000000	-99.552484	-14.392781
-8.708478	-5.804405	99.656291	-100.000000	99.763449	52.526658
-35.427458	16.055279	-99.793905	100.000000	-99.966469	-30.685055
-20.572893	-70.445456	-100.000000	100.000000	-99.281216	-50.621007
98.008286	-19.198160	-99.962358	100.000000	-100.000000	-42.417896
24.188587	43.604667	99.824196	-100.000000	99.649039	52.303515
54.921650	-13.309147	-100.000000	100.000000	-100.000000	-42.353439
49.832883	-13.553160	-99.809201	100.000000	-100.000000	-28.970474
40.346022	47.255509	-100.000000	100.000000	-100.000000	-12.481856
28.350607	56.719260	-99.725207	100.000000	-100.000000	-74.473589
24.660840	17.180883	100.000000	-100.000000	100.000000	13.369005
-14.426854	46.062414	99.824080	-100.000000	100.000000	32.979207
-18.161864	42.820947	100.000000	-100.000000	100.000000	53.014444
-34.251302	15.776326	99.526803	-100.000000	100.000000	35.740834
-10.226912	54.804867	99.826274	-100.000000	99.836753	38.558047
22.582158	35.872789	99.661591	-100.000000	100.000000	44.336174
-20.930354	-95.962606	-99.618272	100.000000	-99.586202	-32.982048
40.475091	15.742469	-99.703871	100.000000	-99.375906	-40.060210
45.893663	-13.371224	99.640998	-100.000000	100.000000	20.426148
-47.250272	33.284340	-99.609798	100.000000	-100.000000	-21.570708
25.106616	-27.785292	99.937439	-100.000000	99.785752	68.123561
-34.808005	53.478832	100.000000	-100.000000	100.000000	52.653419
29.717613	-31.515306	-99.802100	100.000000	-99.676734	-53.180342
33.013981	-22.716238	100.000000	-100.000000	99.754427	33.717190
20.979559	18.417273	100.000000	-100.000000	100.000000	50.893411
22.239558	64.959316	-99.320111	100.000000	-99.273223	-18.217388
-25.036257	-31.867330	99.891919	-100.000000	99.930974	55.467256
-38.118520	33.401877	99.985815	-100.000000	100.000000	25.954641
-13.200991	42.528450	-99.619203	100.000000	-99.741073	-53.295854
72.875172	89.501764	-99.631996	100.000000	-100.000000	-25.913806
47.680428	33.156504	-99.956708	100.000000	-100.000000	-47.262870
-44.185495	-29.092427	99.757694	-100.000000	99.897313	34.173998
63.052226	28.229571	99.954743	-100.000000	100.000000	32.433617
-11.172151	19.223076	-99.776437	100.000000	-100.000000	-27.745378
27.206705	-28.983138	-100.000000	100.000000	-99.780046	-48.182904
-5.504735	88.251006	100.000000	-100.000000	100.000000	6.811452
45.926573	14.896067	-99.968908	100.000000	-99.977242	-61.855891
37.464029	-31.716154	100.000000	-100.000000	99.284099	9.489946
-17.606823	25.389989	-97.846025	100.000000	-99.739020	-8.207037
64.391795	-14.758472	-100.000000	100.000000	-99.818306	-35.241120
-62.006482	54.701193	-100.000000	100.000000	-99.881707	-26.903184
76.962289	-17.246180	99.797088	-100.000000	100.000000	18.457622
44.708068	-39.523133	-100.000000	100.000000	-99.718511	-47.279984
44.303398	40.884457	100.000000	-100.000000	100.000000	39.749572
38.732810	-4.332819	99.879067	-100.000000	100.000000	45.307276
-27.806389	25.076476	99.554549	-100.000000	99.820637	61.639789
19.834110	43.994702	100.000000	-100.000000	99.916740	54.075268
-41.225527	-42.441266	100.000000	-100.000000	100.000000	45.596793
42.316162	-35.788292	-100.000000	100.000000	-99.462109	-16.262001
17.981060	38.799793	98.852167	-100.000000	100.000000	19.069601
-86.813715	-4.106081	99.666744	-100.000000	99.648074	36.907664
-26.087659	38.897101	-99.091313	100.000000	-99.776940	-7.281759
73.496443	-41.839037	-100.000000	100.000000	-100.000000	-24.526670
-49.037823	25.061338	99.507553	-100.000000	99.169858	26.100553
55.814189	25.340474	-99.598658	100.000000	-99.502350	-28.280231
26.344852	58.183030	-99.865861	100.000000	-100.000000	-23.416981
20.078970	16.748046	-100.000000	100.000000	-100.000000	-63.204114
-31.951366	-9.236903	100.000000	-100.000000	99.661384	26.807447
18.927519	39.878786	99.853728	-100.000000	99.799325	34.863051
93.023411	-49.014802	-100.000000	100.000000	-99.892865	-10.290845
28.303506	60.479034	-99.904686	100.000000	-100.000000	-61.123504
-85.430915	-6.020888	-99.278263	100.000000	-100.000000	-27.796659
-40.727421	33.722158	-100.000000	100.000000	-100.000000	-14.217168
-81.337333	-11.076300	100.000000	-100.000000	100.000000	-2.418316
-25.693395	-30.067526	99.798076	-100.000000	99.884067	22.372873
-20.767124	48.428492	-100.000000	100.000000	-98.938025	-12.111146
27.533840	-18.230924	-100.000000	100.000000	-99.855251	-48.612280
70.486323	30.732318	98.715805	-100.000000	100.000000	3.186386
-14.866044	-29.667155	99.832911	-100.000000	100.000000	27.249933
-35.493068	-33.720582	99.365069	-100.000000	99.734675	12.024765
-11.601395	5.684931	-99.770352	100.000000	-100.000000	-52.348557
93.534467	34.509383	100.000000	-100.000000	100.000000	24.410840
40.855701	25.837271	-99.118091	2.154591	-98.802130	11.459539
56.138204	40.391063	99.804634	-100.000000	99.779121	36.961033
13.017301	66.791594	-100.000000	100.000000	-99.673791	-25.615541
34.971628	-46.396963	99.957038	-100.000000	100.000000	19.079021
49.372210	-20.751893	-99.703945	100.000000	-99.836885	-64.516599
-36.819131	51.862437	-99.880066	100.000000	-99.866418	-27.361299
17.814348	27.492614	-99.637549	100.000000	-99.587573	-53.405923
-25.298382	19.466494	99.771249	-100.000000	100.000000	13.797065
31.907418	-16.034120	100.000000	-100.000000	99.855354	20.760261
55.746852	48.516461	99.643206	-100.000000	99.139365	17.411780
0.153677	9.521686	-99.993923	100.000000	-99.798019	-45.043168
94.734486	-15.003099	-13.757378	60.577391	25.864969	-15.762881
64.552385	28.124728	99.994078	-100.000000	99.720390	52.187526
-30.489318	18.072653	100.000000	-100.000000	100.000000	32.875059
25.023674	28.210874	100.000000	-100.000000	99.953172	60.113993
42.692971	26.030929	99.435915	-100.000000	100.000000	34.804525
51.546284	-13.312085	99.661436	-100.000000	100.000000	16.424212
52.500199	9.225034	100.000000	-100.000000	100.000000	47.867992
50.104648	-24.725380	99.217140	-100.000000	99.212599	23.277311
-20.320981	34.304988	-99.782798	100.000000	-99.972852	-14.033558
43.591386	34.022452	99.614861	-100.000000	99.922512	39.251960
18.267116	8.090866	100.000000	-100.000000	99.931779	24.998152
77.054712	61.067172	100.000000	-100.000000	99.849636	19.127686
24.088114	-43.935009	-99.823835	100.000000	-99.218233	-17.822177
-62.083443	24.721063	-100.000000	100.000000	-99.767704	-35.083008
65.790798	19.754137	100.000000	-100.000000	100.000000	41.686953
-52.602468	-40.693908	-99.579087	100.000000	-99.883110	-32.814253
34.502564	57.888026	98.454703	-100.000000	98.722712	8.080672
-26.083059	-40.197681	100.000000	-100.000000	100.000000	34.162482
31.686528	17.370027	-99.942949	35.824975	-100.000000	9.192327
12.263378	47.574610	99.980612	-100.000000	99.761643	13.328700
55.189871	58.379852	100.000000	-100.000000	99.563314	30.100783
17.036741	-70.644410	-100.000000	100.000000	-100.000000	-29.741056
24.380365	-36.824209	100.000000	-100.000000	99.484225	16.902514
54.863299	-13.145561	-100.000000	100.000000	-99.914653	-37.616972
-99.056028	-41.449347	100.000000	-100.000000	100.000000	14.074153
-89.329470	-27.545428	100.000000	-100.000000	99.786575	18.011327
-18.988841	55.161680	-99.362709	100.000000	-100.000000	-16.189650
-10.484277	99.205558	-99.840150	100.000000	-99.997117	-56.039260
14.781557	-17.601899	99.796366	-100.000000	99.643520	19.075888
11.621599	13.258171	99.102353	-100.000000	99.482309	13.020919
-64.404573	-54.038165	99.813796	-100.000000	99.958551	27.313457
18.598548	51.417650	-99.736098	100.000000	-100.000000	-36.210831
19.749057	-67.543900	100.000000	-100.000000	99.945995	50.142769
46.485823	-18.061922	100.000000	-100.000000	99.936351	24.802841
-25.258209	-94.767539	100.000000	-100.000000	100.000000	18.457009
28.117130	-46.960629	99.182345	-100.000000	100.000000	14.206707
36.038753	-28.824034	-99.316860	100.000000	-99.702190	-21.660831
-15.088609	-17.488595	99.741240	-100.000000	100.000000	42.358037
53.499567	54.372255	100.000000	-100.000000	100.000000	25.380563
-32.924324	35.138325	99.563238	-100.000000	100.000000	19.146815
-29.471705	-25.529458	-99.357379	100.000000	-100.000000	-14.740655
30.647057	47.295045	99.958352	-100.000000	99.741782	59.455648
-53.374505	-26.310032	-99.953439	100.000000	-99.643449	-27.887362
35.352611	-49.887399	99.589186	-100.000000	100.000000	16.884064
-48.961437	33.839415	99.856897	-100.000000	99.756621	42.194103
-44.855743	38.393099	99.281096	-100.000000	100.000000	18.314449
69.372730	26.370691	99.948301	-100.000000	99.968398	94.161576
-12.759309	-70.162746	99.737191	-100.000000	99.907814	65.466550
42.229581	13.328882	100.000000	-100.000000	100.000000	15.416034
-20.408556	-17.735917	100.000000	-100.000000	100.000000	35.856076
54.524826	23.660167	99.429433	-100.000000	99.805032	30.831041
39.284927	-24.121538	-99.825016	100.000000	-100.000000	-34.661556
85.062612	-43.060379	99.386174	-100.000000	100.000000	23.024082
-23.371777	-45.963914	-100.000000	100.000000	-99.588748	-24.151862
5.833929	76.022904	99.671285	-100.000000	99.540325	25.375912
-86.565302	-22.862182	100.000000	-100.000000	100.000000	45.540863
53.783616	-14.315844	-98.955214	100.000000	-100.000000	-16.551487
32.656286	-20.189405	99.467151	-100.000000	100.000000	30.916623
-12.503629	-44.102032	-99.794166	100.000000	-100.000000	-17.049520
-22.230121	-35.090318	99.953508	-100.000000	99.948312	38.592922
-17.096235	-31.534469	-100.000000	100.000000	-99.642393	-41.065743
21.253650	-51.421096	-99.500657	100.000000	-100.000000	-28.477205
-21.333700	19.609010	-99.896605	100.000000	-99.831872	-78.032395
46.629722	-49.954506	100.000000	-100.000000	99.927771	42.168138
55.090193	-37.901688	99.887124	-100.000000	99.773459	39.027654
-56.418592	-26.172448	99.641032	-100.000000	100.000000	44.826077
13.828651	73.199132	100.000000	-100.000000	99.984344	57.213887
37.868332	20.014908	99.660796	-100.000000	99.998902	54.327891
22.041613	-33.067679	-99.311154	100.000000	-100.000000	-20.002202
50.320595	15.092213	99.772812	-100.000000	100.000000	66.915796
33.385361	-43.414249	99.952492	-100.000000	100.000000	54.390830
-38.238853	51.434392	99.977187	-100.000000	99.672534	18.634403
-18.187783	21.321365	99.805302	-100.000000	99.530607	10.057715
25.656771	69.158093	-100.000000	100.000000	-99.891806	-19.934893
-17.598974	5.734963	99.719173	-100.000000	99.631988	45.545018
24.869129	59.118865	99.660135	-100.000000	99.169444	21.529649
57.823126	-39.051737	-99.933737	100.000000	-100.000000	-17.904302
-42.897720	46.993485	-99.593834	100.000000	-99.595095	-26.219356
-20.571030	-58.494398	-100.000000	100.000000	-100.000000	-21.807131
-20.674470	36.988217	100.000000	-100.000000	99.789976	69.060398
40.119077	23.547751	99.364070	-100.000000	99.177819	12.020421
13.491134	11.944956	100.000000	-31.568427	99.975026	-11.828405
24.752391	23.980659	99.902703	-100.000000	100.000000	37.535199
-29.656053	14.291498	100.000000	-100.000000	99.727637	13.111710
14.550618	-23.061751	-100.000000	100.000000	-100.000000	-26.782728
-98.088105	13.362143	-100.000000	100.000000	-99.788510	-33.079026
-37.631370	29.548695	99.975605	-100.000000	99.776984	83.688499
20.230536	-4.736824	99.931566	-100.000000	99.856419	59.426423
62.456396	-27.143738	99.914428	-100.000000	99.904902	44.106939
37.143241	-7.300063	-100.000000	100.000000	-99.803090	-39.953482
-41.833536	15.479383	100.000000	-100.000000	99.966025	54.288310
36.179753	-21.453887	99.891310	-100.000000	100.000000	51.735026
31.602151	35.863560	99.989804	-100.000000	99.920809	71.541663
3.985113	10.190236	100.000000	-100.000000	100.000000	22.109293
53.274585	16.046844	98.958870	-100.000000	98.576963	11.086769
82.886321	-25.384392	99.356189	-100.000000	100.000000	36.334433
25.671758	-19.978714	-99.975226	100.000000	-99.776036	-42.455129
43.764110	42.405124	-100.000000	100.000000	-100.000000	-19.402805
-42.214026	-43.028551	100.000000	-100.000000	100.000000	38.031683
31.662618	-22.503022	100.000000	-100.000000	99.154569	32.824428
23.839669	18.875846	100.000000	-100.000000	99.891681	38.954936
-34.786989	-39.504721	99.948129	-100.000000	99.969285	59.366343
-40.544947	47.084556	-100.000000	100.000000	-99.443143	-14.355679
60.534420	28.308358	99.641438	-100.000000	100.000000	47.186007
31.244627	-18.912971	99.611318	-100.000000	100.000000	56.731175
66.114159	32.871936	99.761567	-100.000000	100.000000	56.164069
32.581210	29.747276	-99.950141	100.000000	-100.000000	-50.516689
30.365692	64.389824	99.459705	-100.000000	99.829284	26.529821
55.243826	-19.374426	100.000000	-100.000000	99.671996	14.507715
10.726509	-6.248752	-99.857957	100.000000	-99.730146	-44.490046
33.340025	-34.684926	99.602728	-100.000000	99.825364	43.093503
-24.087945	49.713586	99.246955	-100.000000	99.855058	17.892349
34.837663	-25.268758	99.967020	-100.000000	100.000000	49.366854
-13.436540	48.394277	100.000000	-100.000000	99.961689	57.982245
-33.561495	56.815386	99.858951	-100.000000	100.000000	43.660406
-51.448194	-16.812337	100.000000	-100.000000	99.633477	48.110252
38.327347	99.995704	100.000000	-100.000000	99.308989	28.563181
35.087521	-35.667796	99.823970	-100.000000	99.767643	45.152121
41.049774	-29.847885	99.768368	-100.000000	99.801664	47.727888
38.129554	-7.527792	100.000000	-100.000000	100.000000	46.268869
44.261012	-12.801082	98.443456	-100.000000	100.000000	14.495633
15.372360	-32.637153	-100.000000	100.000000	-99.761378	-21.793913
47.862955	-24.628572	99.625052	-100.000000	99.950400	64.060995
-72.106966	60.777753	-99.916467	100.000000	-99.764864	-23.903532
69.929782	-16.318519	99.994416	-100.000000	100.000000	68.956511
34.368802	-44.287943	99.978230	-100.000000	99.998299	24.182421
-32.504840	-23.019107	99.706198	-100.000000	99.867043	78.657887
11.779733	-24.536487	98.961990	-100.000000	99.936797	38.640301
24.981752	68.747519	99.991984	-100.000000	99.691257	81.002378
9.298303	-5.923836	99.363297	-100.000000	99.563110	27.786174
-66.115730	32.694335	100.000000	-100.000000	99.963782	35.947216
-31.876927	-33.223169	99.781298	-100.000000	100.000000	61.238143
-13.271552	65.024387	99.970543	-100.000000	99.993024	39.130355
-27.377002	57.901892	-99.568704	100.000000	-100.000000	-40.185447
55.666559	27.057811	-99.483426	100.000000	-100.000000	-22.005455
74.883825	-46.169209	99.829161	-100.000000	100.000000	17.986040
-36.337352	50.244598	100.000000	-100.000000	99.690966	25.834151
-24.266576	46.338889	99.857764	-100.000000	99.776708	46.044174
19.680579	-57.810099	-100.000000	100.000000	-99.225074	-22.416020
20.375891	27.081104	99.612022	-100.000000	99.678970	49.375130
-27.585782	-14.128552	99.898235	-100.000000	99.971393	63.950469
48.735786	21.686696	98.977824	-11.360485	98.778062	-7.695982
41.834136	-44.726370	-100.000000	100.000000	-99.730847	-23.010982
30.793074	23.353265	90.909471	-97.435752	100.000000	1.754541
68.644021	22.351897	99.801837	-100.000000	100.000000	56.690500
13.369387	-24.717308	99.552554	-100.000000	99.521927	43.751107
-46.573728	61.500175	100.000000	-100.000000	100.000000	32.915152
-55.172565	-29.987793	-99.622752	100.000000	-100.000000	-35.894380
-36.693666	20.134554	99.972013	-100.000000	99.662255	79.183180
-28.681313	-28.368360	-100.000000	100.000000	-100.000000	-43.176341
23.554571	22.751385	-99.298397	100.000000	-100.000000	-15.267085
11.632416	-36.911212	100.000000	-100.000000	99.697185	39.121816
10.482909	59.431702	99.878866	-100.000000	99.847759	47.502436
-24.592388	14.979248	-99.630468	100.000000	-100.000000	-31.872841
41.998246	32.345737	-98.987359	100.000000	-100.000000	-20.660879
14.689034	96.809262	100.000000	-100.000000	99.901022	37.303837
28.084311	21.025551	100.000000	-100.000000	100.000000	47.066518
37.517450	70.696795	-100.000000	100.000000	-100.000000	-29.498217
-23.102022	-16.008031	100.000000	-100.000000	99.734475	21.963286
-18.447613	43.442245	100.000000	-100.000000	100.000000	64.264931
45.468582	-40.102118	100.000000	-100.000000	100.000000	43.102353
50.267792	28.920046	99.586994	-100.000000	99.837946	24.194716
80.121671	19.133708	99.991422	-100.000000	99.949918	86.009346
42.631632	20.452958	99.808533	-100.000000	99.813172	41.996812
41.211887	-27.360380	100.000000	-100.000000	99.810622	33.999342
27.260372	47.565505	100.000000	-100.000000	100.000000	48.806524
22.994304	45.203165	99.938381	-100.000000	99.680183	51.403067
-19.569892	-31.225250	-100.000000	100.000000	-100.000000	-93.164491
29.268361	26.761241	-100.000000	100.000000	-99.407908	-23.911421
-16.275469	-21.741160	100.000000	-100.000000	99.959862	47.483930
-19.200953	38.496926	-99.964896	100.000000	-100.000000	-53.819510
-45.822325	32.487391	-100.000000	100.000000	-100.000000	-16.765511
29.295955	52.719803	40.960631	-9.966037	-77.058355	-1.803545
31.980952	19.100207	-99.621640	100.000000	-99.104195	-14.799677
23.106105	26.694885	99.698068	-100.000000	100.000000	18.097116
27.814333	-16.450338	-99.258822	95.259375	-96.811968	2.238759
-30.606514	-34.441129	-100.000000	100.000000	-99.875793	-54.651878
-17.257766	22.312712	99.989155	-100.000000	99.916283	52.586392
22.621273	-38.829524	99.981617	-100.000000	99.882671	91.999549
23.277232	35.424240	99.588411	-100.000000	99.850186	29.924500
46.928677	30.637998	99.908744	-100.000000	99.508745	43.090522
40.649845	34.080862	99.530144	-100.000000	100.000000	38.836652
-26.818072	-34.342363	-100.000000	100.000000	-99.605724	-32.903439
-26.078375	-16.303949	-100.000000	100.000000	-99.968406	-36.306318
-16.685294	-16.962300	99.903069	-100.000000	100.000000	44.696525
-17.285194	20.419717	100.000000	-100.000000	100.000000	31.902291
20.275038	32.551878	99.639668	-100.000000	99.650307	49.370418
34.426260	-8.141020	-99.771070	100.000000	-99.410641	-24.199235
29.388404	-56.316951	100.000000	-100.000000	99.509427	24.327035
7.028704	49.698526	100.000000	-100.000000	100.000000	40.208088
55.967378	84.367807	99.843795	-100.000000	100.000000	25.454334
23.366044	50.979232	100.000000	-100.000000	99.818507	80.192518
-43.656348	16.192424	100.000000	-100.000000	99.440922	42.249464
39.838613	97.831731	-99.834472	100.000000	-99.366162	-31.759021
-47.783642	15.493906	100.000000	-100.000000	99.726800	48.075750
-46.763992	27.182957	-100.000000	100.000000	-99.669088	-33.683131
92.609651	-19.266157	-100.000000	100.000000	-99.443069	-23.297006
35.847439	21.632045	-98.709655	100.000000	-98.906557	-19.037939
25.861962	-27.840522	99.732539	-100.000000	100.000000	63.099273
1.524534	-35.140683	98.660989	-100.000000	99.240567	6.565623
-45.970220	-48.918160	-100.000000	100.000000	-98.815212	-20.292774
31.551380	-19.043344	-99.832210	100.000000	-100.000000	-36.596018
-11.632736	36.827496	-100.000000	100.000000	-100.000000	-16.292460
49.287326	28.602275	99.209304	-100.000000	99.000363	20.147883
69.169423	-20.258242	100.000000	-100.000000	100.000000	14.158626
15.607636	60.042196	100.000000	-100.000000	100.000000	44.980911
43.183742	74.290474	100.000000	-100.000000	99.420549	18.501253
-31.952804	31.638859	99.929685	-100.000000	99.797377	57.117358
-29.840861	9.413230	99.595034	-100.000000	99.792125	32.022026
25.324714	-34.519405	-99.984657	100.000000	-99.969750	-78.899903
16.076067	-40.473556	99.961966	-100.000000	99.569590	30.562828
11.643449	-11.096036	100.000000	-100.000000	100.000000	16.905858
28.717130	-8.910726	-99.976662	100.000000	-100.000000	-16.612953
9.509618	-42.479583	100.000000	-100.000000	99.841951	65.822079
-17.702036	37.406866	-99.651743	100.000000	-100.000000	-44.592315
-28.068101	26.958168	99.986814	-100.000000	100.000000	85.613897
-27.688100	-19.899103	100.000000	-100.000000	99.671482	43.171735
8.696461	-48.120455	-99.528805	100.000000	-99.585264	-19.676447
-29.129641	-36.333250	99.288559	-100.000000	100.000000	26.204485
26.502560	-12.469353	-100.000000	100.000000	-99.705125	-41.099858
31.072355	62.319441	99.291243	-100.000000	100.000000	23.262552
23.079477	-57.286567	100.000000	-100.000000	100.000000	49.016617
72.817753	44.701378	99.878935	-100.000000	99.535348	35.547168
-13.944179	47.726424	99.818314	-100.000000	99.498031	27.643435
53.210221	40.155329	99.357993	-100.000000	100.000000	22.902898
17.679334	-38.474149	100.000000	-100.000000	99.682017	39.494165
-62.729600	-31.794188	-100.000000	100.000000	-99.606810	-39.734180
76.125009	35.690363	-99.962698	100.000000	-100.000000	-38.058616
17.212605	28.963259	-99.813993	100.000000	-100.000000	-60.894828
25.078499	-21.461845	-100.000000	100.000000	-100.000000	-48.430864
20.787981	-20.655595	100.000000	-100.000000	100.000000	28.436699
-13.068437	-11.660405	100.000000	-100.000000	100.000000	29.978652
-30.018217	25.667154	99.982861	-100.000000	99.718411	30.634775
51.904000	-13.040899	-98.287332	100.000000	-100.000000	-15.649068
34.987024	-43.420441	100.000000	-100.000000	99.899425	40.184691
66.209475	-28.609412	100.000000	-100.000000	100.000000	17.607777
40.655329	76.345580	-99.951339	100.000000	-99.966661	-91.950714
-42.416400	60.324967	99.820364	-100.000000	100.000000	18.217803
-81.469219	60.714326	-98.761877	100.000000	-100.000000	-11.294039
-73.047433	27.316529	100.000000	-100.000000	98.986110	23.082359
-45.691269	61.054878	100.000000	-100.000000	99.806520	19.853203
11.816588	27.582909	-99.829216	100.000000	-100.000000	-15.010291
-34.560074	-30.336609	99.675740	-100.000000	99.911800	21.163383
-29.317989	42.483890	100.000000	-100.000000	99.969579	47.567766
64.554784	-31.201157	-99.916818	100.000000	-99.330858	-26.077379
55.399463	-23.057537	-99.906985	100.000000	-99.956804	-45.256518
22.916637	-22.378661	99.999348	-100.000000	99.694373	25.137797
25.862813	47.307306	99.680394	-100.000000	99.976856	55.541404
30.489239	-26.013049	-99.997576	100.000000	-100.000000	-62.895400
-21.558393	19.643303	100.000000	-100.000000	99.924759	71.073469
23.251059	17.211586	-99.191107	100.000000	-100.000000	-23.974616
16.847922	45.280051	-99.982678	100.000000	-99.633112	-36.850448
10.030141	19.401502	-99.992790	100.000000	-100.000000	-43.871966
-39.370204	25.002834	99.683381	-100.000000	99.618526	31.514884
48.951891	38.555730	100.000000	-100.000000	99.310650	34.711267
18.723468	-33.425124	99.494214	-100.000000	99.599950	31.259301
40.047284	47.657140	100.000000	-100.000000	99.787840	51.334042
36.468839	-42.869031	-100.000000	100.000000	-100.000000	-29.094737
16.505173	11.889653	100.000000	-100.000000	100.000000	54.465628
31.159852	44.651322	100.000000	-100.000000	100.000000	27.053868
29.895426	-41.718222	-100.000000	100.000000	-100.000000	-31.960707
15.004797	6.838064	-99.907644	100.000000	-100.000000	-45.921986
49.606430	16.054211	-100.000000	100.000000	-100.000000	-55.373320
16.857496	17.499361	99.995327	-100.000000	100.000000	52.619651
53.936229	11.140351	100.000000	-100.000000	100.000000	49.490678
17.013104	23.907061	-100.000000	100.000000	-99.868401	-34.531689
-12.742138	60.522826	-99.811766	100.000000	-100.000000	-49.685167
41.459367	44.046394	-100.000000	100.000000	-99.863848	-42.486899
49.223546	17.479929	-99.834511	100.000000	-100.000000	-31.502048
69.485494	7.681973	100.000000	-100.000000	99.722112	13.198740
-75.400202	51.401729	100.000000	-100.000000	100.000000	20.244968
-82.649611	77.749836	99.677318	-100.000000	100.000000	21.786448
39.261890	38.851418	-100.000000	100.000000	-100.000000	-23.227068
22.389055	-53.266259	100.000000	-100.000000	100.000000	19.343312
22.218532	-25.506139	-99.878692	100.000000	-99.870748	-20.955430
-34.274578	-88.132755	99.883802	-100.000000	100.000000	30.315776
47.145619	14.478472	99.829248	-100.000000	99.742355	24.785578
56.625029	28.582218	-100.000000	100.000000	-99.858790	-50.168379
40.263057	-8.467315	-100.000000	100.000000	-99.386048	-19.782044
-46.964183	48.975430	-99.647852	100.000000	-100.000000	-29.397916
45.273963	-11.198393	100.000000	-100.000000	99.917858	53.215243
-23.870327	33.481391	100.000000	-100.000000	100.000000	6.288192
-88.933412	20.806940	100.000000	-100.000000	99.584620	55.613560
-29.694052	15.901622	99.909512	-100.000000	100.000000	58.624466
39.438424	26.813057	-99.663451	100.000000	-99.090213	-17.587745
91.845385	51.275205	-100.000000	100.000000	-100.000000	-24.362065
22.833726	-32.865350	99.980179	-100.000000	99.789551	28.004964
-17.168993	27.786116	99.989043	-100.000000	99.965305	81.595432
43.808922	-24.743302	-100.000000	100.000000	-99.978495	-20.465391
-26.883424	24.975427	100.000000	-100.000000	100.000000	55.493363
-35.723897	24.967741	99.014251	-100.000000	100.000000	12.514053
47.964357	-38.455944	99.867324	-100.000000	99.964841	73.043936
45.866130	28.736421	99.565486	-100.000000	99.945128	36.926515
-20.905991	72.150091	98.497667	-100.000000	99.741976	14.469624
-24.020597	19.057300	99.715061	-100.000000	98.876981	17.498967
36.492705	69.826497	99.769420	-100.000000	100.000000	44.454581
-19.621274	8.145250	100.000000	-100.000000	99.880288	51.737388
20.762857	27.861857	99.894321	-100.000000	100.000000	28.076555
49.410560	13.635730	99.839646	-100.000000	99.593531	27.117767
35.998328	-16.891890	-99.813139	100.000000	-100.000000	-33.884189
-23.138782	42.838123	-100.000000	100.000000	-99.167728	-19.324482
-45.872989	45.237700	99.767484	-100.000000	99.819495	33.688071
-35.772532	-63.033497	99.915210	-100.000000	99.890341	17.285716
-71.831863	-24.050310	-99.967792	100.000000	-99.710495	-44.052076
67.841302	23.763824	100.000000	-100.000000	99.923615	64.960071
35.898274	20.439362	99.646032	-100.000000	99.950393	41.235034
27.268706	56.317255	100.000000	-100.000000	99.726918	58.836982
62.413251	37.733740	100.000000	-100.000000	100.000000	22.201878
12.961572	10.201175	-100.000000	100.000000	-99.539605	-13.368376
68.718868	38.856324	99.950613	-100.000000	99.753683	45.812486
14.396252	61.085987	-100.000000	100.000000	-99.835528	-23.123348
38.185305	-20.946220	100.000000	-100.000000	100.000000	37.612521
46.080916	21.960518	-99.648181	100.000000	-100.000000	-12.111107
-20.969448	-33.359896	99.758001	-100.000000	99.797861	57.332127
39.898757	-41.539521	99.722472	-100.000000	99.794208	36.199026
10.985584	-50.286338	-99.907351	100.000000	-99.722011	-45.379131
22.279999	28.508636	100.000000	-100.000000	99.916350	46.002781
30.263817	37.865350	-100.000000	100.000000	-99.695484	-43.038284
-67.060134	55.947402	99.636334	-100.000000	99.632525	25.268045
45.311202	15.090014	-100.000000	100.000000	-100.000000	-29.567911
-27.765128	-25.175357	-99.878640	100.000000	-100.000000	-20.601931
-9.884139	54.161544	99.827619	-100.000000	99.564217	18.843017
43.951257	37.121975	100.000000	-100.000000	99.812273	23.224508
81.375957	17.365533	99.901484	-100.000000	100.000000	47.913306
13.720938	-55.566462	100.000000	-100.000000	100.000000	47.454276
39.784026	20.129147	99.810800	-100.000000	100.000000	44.314934
-24.600567	54.716160	100.000000	-100.000000	99.880596	82.656853
24.488177	34.098962	99.015643	-100.000000	100.000000	10.711941
-47.083430	37.199150	-100.000000	100.000000	-99.505570	-52.660613
30.651675	57.975995	100.000000	-100.000000	100.000000	42.853308
24.717921	65.399953	100.000000	-100.000000	99.783549	22.852650
-68.989612	31.115082	99.501057	-100.000000	100.000000	35.922017
17.524372	8.790839	-100.000000	100.000000	-100.000000	-28.099724
17.381306	9.525321	100.000000	-100.000000	100.000000	11.009881
23.281618	-50.502170	99.865072	-100.000000	99.775282	40.299642
68.749882	19.330521	99.925515	-100.000000	99.644610	29.785020
64.586098	-44.658509	-100.000000	100.000000	-100.000000	-30.658692
55.606784	-42.755828	100.000000	-100.000000	99.561902	38.302600
38.194974	-65.941656	-100.000000	100.000000	-99.235729	-24.759625
25.571565	23.909283	-100.000000	100.000000	-99.903403	-70.502030
-33.465551	83.019579	-100.000000	100.000000	-100.000000	-25.615930
-55.250877	42.435241	99.962829	-100.000000	99.920815	23.170858
55.380460	-22.110761	99.982728	-100.000000	99.653681	74.351747
53.496564	31.578282	-99.922605	100.000000	-100.000000	-28.376554
26.555892	25.703280	99.804835	-100.000000	99.722332	40.100553
-6.943053	-18.751171	99.405985	-100.000000	100.000000	34.302292
18.423870	24.956381	-99.861800	100.000000	-99.826625	-24.202731
16.798655	27.741524	99.859005	-100.000000	99.987661	59.080122
28.632305	-17.574790	100.000000	-100.000000	100.000000	13.140797
-24.635165	-39.153513	100.000000	-100.000000	100.000000	57.203074
50.743579	-41.791785	99.653242	-100.000000	99.573171	32.766404
-25.574637	-27.806269	-100.000000	100.000000	-100.000000	-23.090949
53.219369	36.469930	99.204848	-100.000000	99.841358	17.013564
72.464621	-16.501715	-99.941420	100.000000	-99.763875	-57.864894
44.289153	30.433978	-100.000000	100.000000	-99.807875	-35.799949
31.721517	51.426717	-98.744548	100.000000	-100.000000	-14.446287
27.265261	64.425049	-99.994736	100.000000	-99.790661	-23.861824
-19.947499	-42.201695	-99.813222	100.000000	-99.771633	-26.916707
64.807498	8.512771	100.000000	-100.000000	99.821184	54.461278
5.838410	27.966171	-100.000000	100.000000	-100.000000	-7.513136
53.979504	15.896849	100.000000	-100.000000	100.000000	34.225601
13.636515	-21.603508	-100.000000	100.000000	-100.000000	-8.987922
-13.948879	29.534252	99.771028	-100.000000	99.839178	32.512490
60.435192	44.088051	99.973668	-100.000000	99.955700	30.325114
-21.083872	52.725330	-100.000000	100.000000	-100.000000	-18.272062
14.860899	-19.748095	99.873039	-100.000000	99.793665	42.896669
-39.343264	20.069507	100.000000	-100.000000	99.974908	54.417551
-29.351425	21.226906	100.000000	-100.000000	100.000000	17.455127
22.453767	7.221326	99.518908	-100.000000	100.000000	40.958230
34.276246	-99.871929	100.000000	-100.000000	100.000000	47.780034
-56.070525	-24.738546	98.912023	-100.000000	100.000000	17.689963
-48.776792	-31.346003	99.855202	-100.000000	99.612281	56.236623
-41.954488	-35.758143	-99.493467	100.000000	-99.761846	-24.220290
-23.301128	22.781408	100.000000	-100.000000	99.818437	21.217431
-26.748555	-63.192723	99.777207	-100.000000	99.935723	23.145087
-40.021083	17.719219	99.616082	-100.000000	100.000000	38.777683
39.521256	33.197472	-100.000000	100.000000	-100.000000	-21.517707
29.429197	43.753295	99.778518	-100.000000	100.000000	30.866182
-67.067429	23.791066	100.000000	-100.000000	99.937510	80.730295
-15.404110	42.523339	99.548686	-100.000000	99.656742	30.686372
29.926158	33.856567	99.541727	-100.000000	100.000000	32.305440
13.742846	-35.078139	-100.000000	100.000000	-99.950229	-41.186313
-20.571908	38.085973	98.783741	-100.000000	100.000000	25.900321
70.641390	-30.553724	-100.000000	100.000000	-100.000000	-31.578653
10.506619	46.360083	99.613906	-100.000000	99.843534	74.565536
33.148663	-28.775581	99.959702	-100.000000	99.927834	24.833309
39.046663	35.559235	-99.744627	100.000000	-100.000000	-20.910341
6.101100	-35.338546	-100.000000	100.000000	-100.000000	-26.557100
35.093832	62.851403	99.776360	-100.000000	99.869192	29.818379
-49.305800	7.343873	100.000000	-100.000000	100.000000	26.113350
-13.115237	53.424265	100.000000	-100.000000	100.000000	25.783198
-26.420916	68.319352	100.000000	-100.000000	99.579926	25.172409
43.109647	-53.998725	100.000000	-100.000000	100.000000	37.576205
38.610568	22.790655	-100.000000	100.000000	-100.000000	-29.919389
37.803005	71.893931	-99.744518	100.000000	-99.876574	-30.108497
22.743781	-19.260502	-100.000000	100.000000	-100.000000	-33.961944
28.985507	43.519762	-99.558896	100.000000	-100.000000	-18.942545
45.002121	-8.607566	99.960137	-100.000000	100.000000	52.730863
17.224403	-12.360908	-99.806877	100.000000	-100.000000	-42.621247
-34.225616	57.237885	-99.901773	100.000000	-100.000000	-29.291949
-38.679430	-63.011624	-99.936029	100.000000	-98.597406	-6.105303
-31.041429	44.892768	-99.761336	100.000000	-100.000000	-60.089563
67.499316	-15.843717	100.000000	-100.000000	99.923386	24.017980
-27.635578	63.449203	-100.000000	100.000000	-100.000000	-34.909006
43.529716	11.833825	-98.345250	100.000000	-98.320275	-7.603469
52.824825	44.852635	-99.487097	100.000000	-100.000000	-15.769898
74.098234	-34.716933	-100.000000	100.000000	-99.962062	-27.032481
-74.222528	-27.477417	99.480264	-100.000000	99.479088	19.102036
50.235277	27.833985	100.000000	-100.000000	99.677369	51.643790
13.955432	-36.307600	100.000000	-100.000000	99.899611	50.307170
-40.370224	31.605646	100.000000	-100.000000	99.786580	38.028273
29.911963	-22.327343	99.949488	-100.000000	99.980467	90.205908
-68.405145	22.773082	99.678508	-100.000000	100.000000	48.944768
-31.785359	26.331235	-100.000000	100.000000	-100.000000	-31.824815
-16.416455	47.704668	100.000000	-100.000000	99.668564	40.530521
28.948779	-40.635723	-100.000000	100.000000	-99.768093	-27.950254
51.887969	24.507132	100.000000	-100.000000	100.000000	8.088017
43.284814	28.622628	-100.000000	100.000000	-99.953531	-55.346856
-51.373089	32.288410	100.000000	-100.000000	99.990985	28.680679
-53.241015	-18.106123	100.000000	-100.000000	99.686761	21.445034
37.851636	-11.107870	99.681924	-100.000000	100.000000	48.037408
24.861364	23.813967	-99.692906	100.000000	-99.298223	-28.998610
-26.756555	76.954632	99.912690	-100.000000	100.000000	26.633318
-6.278915	-5.013512	100.000000	-100.000000	99.971666	36.307973
-24.686562	7.652936	100.000000	-100.000000	100.000000	23.015903
-35.575751	41.302846	99.727712	-100.000000	99.918166	47.145613
55.541170	73.587154	-99.508237	100.000000	-99.652473	-32.443246
-22.214816	-67.338926	99.863908	-100.000000	99.216186	18.808089
18.755197	23.929197	100.000000	-100.000000	100.000000	24.941720
-19.228071	-9.650209	100.000000	-100.000000	100.000000	12.912202
38.827969	-33.827546	-96.380559	25.699025	-69.466448	8.149228
71.594446	8.764215	100.000000	-100.000000	99.644171	28.247995
-58.197648	-45.827614	-100.000000	100.000000	-99.947223	-26.637246
32.759151	-34.831480	-99.828885	100.000000	-99.505874	-55.495765
13.920935	38.330425	100.000000	-100.000000	100.000000	32.397771
-26.740082	31.063936	99.748072	-100.000000	100.000000	28.619289
48.387605	-51.387147	-99.308219	100.000000	-99.988887	-35.175841
22.772142	81.915087	-99.521473	100.000000	-100.000000	-14.293764
25.717244	25.514799	99.895519	-100.000000	100.000000	71.637778
58.271257	-37.486511	-100.000000	100.000000	-99.557825	-15.407346
-35.080258	-21.211898	99.912300	-100.000000	100.000000	50.422729
34.508781	55.519610	99.268260	-100.000000	99.444841	33.355060
36.406774	46.083881	99.964517	-100.000000	100.000000	37.337636
21.460123	-40.912937	100.000000	-100.000000	99.894473	49.099982
-15.168757	-27.871481	100.000000	-100.000000	100.000000	35.999801
-30.077321	26.926019	100.000000	-100.000000	99.970830	42.711863
48.445644	20.573902	99.934293	-100.000000	100.000000	10.826410
-11.537063	32.056921	99.998510	-100.000000	99.913512	36.535406
-78.760694	-37.740145	100.000000	-100.000000	99.637817	29.995451
49.012500	-47.485229	99.864130	-100.000000	99.773756	68.176903
11.949051	39.353037	100.000000	-100.000000	100.000000	25.181668
36.866274	36.295684	-100.000000	100.000000	-99.718410	-26.042801
17.030897	36.542611	-100.000000	100.000000	-100.000000	-45.242354
-31.629402	-39.930800	99.853872	-100.000000	100.000000	49.429837
-18.094789	-35.156919	-100.000000	100.000000	-100.000000	-27.319218
-34.363674	-97.011261	-100.000000	100.000000	-100.000000	-8.985290
-39.259942	32.077194	99.631479	-100.000000	100.000000	38.609010
35.875430	18.548451	-99.980151	100.000000	-99.659864	-40.872602
30.303907	44.639223	99.388917	-100.000000	100.000000	45.535926
-15.542863	38.022389	100.000000	-100.000000	100.000000	32.315413
22.476343	34.360568	100.000000	-100.000000	99.792382	66.376383
91.179172	21.668948	99.487275	-100.000000	100.000000	36.529980
41.733417	30.147645	100.000000	-100.000000	100.000000	50.319617
-1.171693	-17.024704	97.545409	-97.194408	100.000000	1.037144
29.522328	53.341746	100.000000	-100.000000	100.000000	30.745194
37.140741	60.132449	99.465470	-100.000000	100.000000	19.773963
-40.470464	-22.460737	100.000000	-100.000000	99.855953	31.593239
13.145041	-19.115009	99.734008	-100.000000	99.860294	52.154846
70.626078	3.421795	100.000000	-100.000000	95.174040	3.070242
24.550493	32.662193	100.000000	-100.000000	100.000000	26.189920
-12.062018	33.999995	100.000000	-100.000000	99.718721	35.963341
-7.793758	-0.292047	-99.647022	100.000000	-99.827378	-16.097797
-44.423269	41.952070	-99.698453	100.000000	-100.000000	-15.943335
18.286757	-47.161192	99.834204	-100.000000	99.924586	47.709259
85.431187	-52.372056	-100.000000	100.000000	-100.000000	-33.483434
64.727139	-26.350220	-99.537706	100.000000	-100.000000	-25.603373
35.451328	52.605613	100.000000	-100.000000	100.000000	53.262352
-38.746735	-8.881371	99.895944	-100.000000	99.866338	85.468373
-30.192517	57.362313	-100.000000	100.000000	-100.000000	-30.199364
-96.939057	90.293443	100.000000	-100.000000	100.000000	18.860158
21.462089	22.738557	98.437637	-100.000000	100.000000	11.400015
24.706123	18.762417	-100.000000	100.000000	-99.702297	-48.113845
19.763420	-19.049434	100.000000	-100.000000	99.802800	58.998338
-16.276779	79.544266	-99.946231	100.000000	-100.000000	-22.642100
11.379506	-0.436392	99.575454	-100.000000	99.644699	37.421516
27.514647	26.675482	99.919787	-100.000000	100.000000	32.211100
36.563287	48.907774	100.000000	-100.000000	100.000000	22.397256
92.196552	-13.648948	99.905642	-100.000000	99.874992	43.874078
5.029338	9.146273	99.943460	-100.000000	99.868247	86.318411
-14.591275	26.194726	100.000000	-100.000000	100.000000	76.545528
-36.977998	-50.221369	100.000000	-100.000000	100.000000	28.974544
-20.027624	-54.042379	100.000000	-100.000000	100.000000	17.674747
21.075865	-49.863585	99.759279	-100.000000	99.460841	25.984685
20.589493	-70.713719	100.000000	-100.000000	100.000000	27.423666
-12.002331	63.200136	99.953665	-100.000000	99.839260	52.962160
-14.574607	73.512020	-99.821763	100.000000	-99.941701	-42.960342
16.049441	-39.393706	-99.923108	100.000000	-100.000000	-49.669125
87.786140	24.656833	-100.000000	100.000000	-99.636632	-44.544188
48.336321	-36.020039	100.000000	-100.000000	100.000000	39.574096
22.138793	-14.792505	-99.769494	100.000000	-99.782770	-26.884689
40.145271	51.670475	99.545157	-100.000000	100.000000	99.067246
14.642921	62.656545	99.924322	-100.000000	100.000000	49.105485
-17.993842	31.272004	-100.000000	100.000000	-99.555787	-18.856307
35.563372	-35.151283	100.000000	-100.000000	99.551410	49.434397
14.901680	9.006136	-100.000000	100.000000	-99.305266	-22.204073
-46.894773	35.611211	-100.000000	100.000000	-99.797292	-26.184341
42.595563	32.930348	99.483858	-100.000000	99.784726	27.034980
37.885090	40.538501	-99.855281	100.000000	-99.688882	-22.933056
-37.147080	68.330822	-100.000000	100.000000	-100.000000	-46.188700
90.917183	-39.143246	-98.902158	100.000000	-99.957228	-10.815021
38.245382	36.630505	-99.959361	100.000000	-99.936036	-33.343261
-29.367085	-52.643205	-99.562664	100.000000	-99.560261	-18.796757
36.155026	43.761771	100.000000	-100.000000	99.849507	28.433055
-18.049808	-6.001342	-99.770729	100.000000	-100.000000	-35.211513
6.618611	50.702015	100.000000	-100.000000	99.071721	7.722722
-21.698362	-66.897802	99.975918	-100.000000	100.000000	72.494557
-35.477461	20.132331	-100.000000	100.000000	-100.000000	-77.977529
34.416590	26.793001	-99.899895	100.000000	-100.000000	-50.206609
41.292902	58.945553	-99.967791	100.000000	-100.000000	-23.943191
-20.440094	-36.316704	99.988716	-100.000000	99.971566	82.872913
21.734032	-41.351941	-100.000000	100.000000	-100.000000	-15.465720
26.024930	-11.094562	100.000000	-100.000000	99.394973	36.203096
28.572062	-45.271080	100.000000	-100.000000	99.879618	27.524231
28.872266	29.449348	-99.857051	100.000000	-99.807753	-37.607477
-60.762384	16.410143	99.912241	-100.000000	100.000000	12.898499
36.374363	42.155792	100.000000	-100.000000	99.939184	19.287782
-34.082573	90.738710	-100.000000	100.000000	-100.000000	-34.211996
35.298407	25.811457	99.831383	-100.000000	99.656649	35.945472
11.491860	56.533278	-100.000000	100.000000	-99.965061	-57.714677
27.329643	-16.859642	100.000000	-100.000000	99.930662	36.572604
45.924658	36.324226	99.814426	-100.000000	100.000000	32.662230
61.613330	13.476611	99.812143	-100.000000	100.000000	36.838496
29.119132	0.289825	-99.474211	100.000000	-100.000000	-43.764952
-25.336713	63.656278	-100.000000	100.000000	-99.211492	-7.359580
55.282468	34.489640	100.000000	-100.000000	100.000000	33.988624
-67.485420	17.621286	-100.000000	100.000000	-100.000000	-22.759285
22.619976	33.002239	99.950935	-100.000000	100.000000	36.602159
3.289709	26.619581	-100.000000	100.000000	-99.514072	-31.636849
12.384320	-30.584294	-100.000000	100.000000	-100.000000	-40.004973
49.433949	-36.444554	99.493234	-100.000000	99.955741	28.665029
26.262488	-17.084516	99.916346	-100.000000	99.826204	65.269975
16.760515	51.977399	100.000000	-100.000000	100.000000	22.695017
-42.583558	-8.329389	100.000000	-100.000000	99.542578	15.012458
27.991287	48.201285	-99.980033	100.000000	-100.000000	-39.436380
-54.002630	33.633439	-99.621197	100.000000	-100.000000	-41.073383
-51.498361	23.998000	99.867539	-100.000000	100.000000	24.542909
-36.731227	-9.964871	100.000000	-100.000000	99.473768	15.226260
41.145111	-27.589078	-100.000000	100.000000	-98.659234	-14.999783
87.612697	-21.538309	99.841971	-100.000000	99.784306	33.558703
-23.595915	80.025127	-99.941790	100.000000	-100.000000	-20.741070
35.749143	57.562105	99.889815	-100.000000	100.000000	37.257394
31.662900	34.995837	99.915298	-100.000000	99.240377	12.738938
44.156793	-26.451025	99.956971	-100.000000	99.736204	42.792197
26.119448	21.775130	100.000000	-100.000000	100.000000	20.840859
-64.484941	84.511831	-100.000000	100.000000	-100.000000	-17.196500
35.522713	31.486539	100.000000	-100.000000	100.000000	34.458843
-16.368454	40.239333	100.000000	-100.000000	99.614007	27.778912
30.943884	-67.609449	99.210304	-100.000000	98.559437	7.843995
27.366542	50.492792	99.845566	-100.000000	100.000000	28.570961
-14.035697	80.184968	100.000000	-100.000000	100.000000	22.796638
-53.475108	30.114802	100.000000	-100.000000	99.923579	59.236048
39.467596	46.604932	99.468479	-100.000000	100.000000	20.996408
-14.696060	74.810496	-100.000000	100.000000	-100.000000	-64.459668
37.891609	-40.904824	-99.272826	100.000000	-99.655766	-28.730120
-51.870659	26.684021	100.000000	-100.000000	99.921912	87.891932
-14.227940	22.306478	98.986679	-100.000000	100.000000	11.821277
11.325960	13.640305	99.323819	-100.000000	100.000000	19.462133
-28.904945	52.679811	99.478069	-100.000000	99.624105	61.031985
17.356901	-12.881776	-99.931324	100.000000	-99.950657	-11.484516
-55.890010	-17.037571	100.000000	-100.000000	100.000000	27.351689
-26.694885	24.303269	-100.000000	100.000000	-99.768641	-41.674420
27.174415	40.590887	99.975685	-100.000000	99.734961	47.107837
18.734892	-36.686339	100.000000	-100.000000	100.000000	69.168152
-34.286886	47.353234	-99.397247	100.000000	-100.000000	-16.904803
-26.217787	28.926768	100.000000	-100.000000	99.966468	27.280288
4.671816	51.733412	98.720415	-100.000000	99.675050	15.555557
-6.132885	30.532260	-99.775342	100.000000	-99.789909	-48.720424
32.030324	46.084700	99.781038	-100.000000	100.000000	32.018439
35.547555	-11.949669	99.927069	-100.000000	99.946476	55.185452
-19.086066	-8.263761	100.000000	-100.000000	100.000000	45.695345
-46.918044	26.943485	99.953260	-100.000000	100.000000	18.853215
72.220001	56.592577	-100.000000	100.000000	-99.581406	-11.467818
-23.671912	22.864704	99.887165	-100.000000	99.945414	32.525597
-21.166471	35.693477	-100.000000	100.000000	-99.133207	-23.060932
28.982097	45.576588	-99.860232	100.000000	-100.000000	-52.370295
-32.105337	27.590389	100.000000	-100.000000	100.000000	34.866010
39.934086	27.477470	-100.000000	100.000000	-99.882439	-52.046014
30.964039	-34.448310	-100.000000	100.000000	-100.000000	-13.328536
36.873842	-12.775251	-99.413987	100.000000	-99.619276	-32.106682
-3.960234	-50.731972	100.000000	-100.000000	99.055465	21.273623
47.092469	17.805428	-99.625556	100.000000	-99.840828	-42.821993
-20.022908	74.182483	99.343007	-100.000000	100.000000	12.363765
23.646772	15.591607	-100.000000	100.000000	-99.653137	-58.643475
32.711976	-26.140587	99.320638	-100.000000	100.000000	10.040184
28.224418	24.076727	-99.840493	100.000000	-100.000000	-37.101135
-20.774112	41.846547	-99.251821	100.000000	-100.000000	-27.189229
-77.552576	12.586278	-100.000000	2.403581	-99.418940	10.294716
-7.260636	-22.345371	-100.000000	100.000000	-99.725938	-23.530334
28.837571	-39.346308	99.768999	-100.000000	99.697163	44.109700
14.744540	89.818322	-100.000000	100.000000	-100.000000	-10.898612
-77.316302	-27.699280	99.681958	-100.000000	99.933681	33.167216
-48.438395	16.826995	100.000000	-100.000000	100.000000	23.147224
39.342035	48.922640	-100.000000	100.000000	-100.000000	-31.867770
58.131953	43.417718	-100.000000	100.000000	-99.954598	-36.119047
-30.454747	-36.082819	100.000000	-100.000000	99.807925	22.451242
29.745650	33.832028	100.000000	-100.000000	99.750216	53.345823
-26.820585	32.413071	100.000000	-100.000000	100.000000	45.335973
-27.457291	-43.262315	99.390490	-100.000000	100.000000	25.948931
-28.007455	63.963948	-99.163927	100.000000	-99.412884	-22.349317
18.181895	11.777949	99.840672	-100.000000	99.855718	51.273276
-16.474571	96.096209	100.000000	-100.000000	99.121811	24.972756
33.180921	51.625449	100.000000	-100.000000	99.913545	51.823255
40.641304	36.852016	99.952292	-100.000000	99.883157	76.019822
-42.619579	26.644162	99.679436	-100.000000	100.000000	64.620257
-26.899161	7.418390	100.000000	-100.000000	100.000000	6.332088
-20.400748	54.221267	99.907545	-100.000000	100.000000	36.641534
23.610112	-22.571603	100.000000	-100.000000	100.000000	18.876818
-48.861860	-8.814194	99.859133	-100.000000	99.656810	15.614484
59.275163	-23.242849	-100.000000	100.000000	-99.668447	-30.323512
20.560754	39.392636	100.000000	-100.000000	100.000000	34.039227
55.447853	-34.175684	100.000000	-100.000000	100.000000	50.369364
-43.094648	-39.051366	99.863821	-100.000000	99.975543	35.639736
2.112539	39.549398	-99.796810	100.000000	-100.000000	-25.196832
-90.185570	-46.668296	-99.884283	100.000000	-99.427997	-14.060453
-30.618072	33.611024	99.718426	-100.000000	99.379452	22.267800
-18.494822	78.128528	99.774975	-100.000000	100.000000	98.720012
-67.448929	-19.752511	100.000000	-100.000000	99.954853	76.557077
54.070481	33.033810	-100.000000	100.000000	-99.684546	-27.975236
-55.531412	-15.982413	99.721805	-100.000000	100.000000	30.192414
25.165135	27.975022	100.000000	-100.000000	99.713924	34.760703
-11.979716	-95.366543	99.532526	-100.000000	100.000000	44.067294
16.873144	95.582747	98.440927	-100.000000	98.147050	12.202587
23.445207	-12.854167	-99.965847	100.000000	-100.000000	-38.977481
75.410572	85.093396	99.689398	-100.000000	99.405526	24.556583
-38.171154	55.126909	-99.958929	100.000000	-99.966709	-42.091043
40.324410	88.194414	100.000000	-100.000000	100.000000	50.437749
32.114352	-27.835817	-100.000000	100.000000	-100.000000	-76.006954
22.682220	32.358162	-99.302423	100.000000	-100.000000	-17.036681
-16.294947	40.306441	-100.000000	100.000000	-100.000000	-52.099078
24.037958	39.024891	99.492839	-100.000000	99.494632	25.019372
-37.382314	42.565889	99.797639	-100.000000	100.000000	28.706186
11.990112	91.782145	100.000000	-100.000000	100.000000	46.920017
-16.017692	58.843132	-99.312324	100.000000	-99.602426	-20.680340
19.162060	-56.911533	99.720598	-100.000000	100.000000	40.607647
21.211192	16.976611	100.000000	-100.000000	99.712437	53.864067
-21.332019	95.684358	-99.942799	100.000000	-99.941099	-28.273155
60.907933	29.175471	99.501862	-100.000000	99.879203	45.840566
15.011110	46.861562	99.973715	-100.000000	99.609192	43.601773
55.352373	-24.913568	99.798447	-100.000000	99.846803	48.046138
32.587592	-19.990020	-100.000000	100.000000	-100.000000	-15.037064
30.633636	55.412989	-100.000000	100.000000	-100.000000	-46.232397
-75.396543	16.266791	99.378364	-100.000000	100.000000	15.852978
44.339339	67.937590	100.000000	-100.000000	100.000000	63.282382
27.863818	-19.442013	100.000000	-100.000000	100.000000	33.360955
28.231688	56.419214	-99.843409	100.000000	-100.000000	-48.543248
-30.788251	39.000821	99.897312	-100.000000	100.000000	49.408882
70.943942	-12.451974	99.923662	-100.000000	99.841569	61.938066
-21.836903	-51.621074	-99.769295	100.000000	-100.000000	-54.301578
71.978610	27.780512	99.726588	-100.000000	99.882252	24.433963
-57.217203	27.532352	99.924339	-100.000000	99.903339	62.579385
17.472950	-61.343461	99.180174	-100.000000	100.000000	23.177509
82.201906	16.606527	100.000000	-100.000000	99.799738	69.221063
34.734745	26.815536	-100.000000	100.000000	-99.468896	-30.949772
7.720752	92.424946	100.000000	-100.000000	100.000000	76.241521
19.004441	39.909691	100.000000	-100.000000	99.930273	13.555929
42.869687	-36.208424	99.682317	-100.000000	100.000000	40.137470
31.747430	69.366389	-100.000000	100.000000	-100.000000	-22.417072
-18.709312	-43.356279	100.000000	-100.000000	100.000000	59.148006
96.883150	83.704500	-100.000000	100.000000	-99.637853	-11.252782
61.192500	44.791783	-100.000000	100.000000	-100.000000	-46.439390
-15.547591	-17.125297	-99.923940	100.000000	-99.975022	-45.472659
57.200600	-28.781639	100.000000	-100.000000	99.627254	18.634092
-23.146551	58.676050	-100.000000	100.000000	-100.000000	-27.408316
-15.514627	-26.925229	100.000000	-100.000000	100.000000	84.918954
73.829147	-8.693515	-98.547625	100.000000	-99.804430	-14.117963
44.630189	-25.533099	-100.000000	100.000000	-100.000000	-19.589762
11.885906	28.166500	99.844344	-100.000000	99.900336	74.749693
88.220155	-49.204371	99.894725	-100.000000	100.000000	10.386539
-11.861424	29.173477	-99.653620	100.000000	-100.000000	-42.159655
-29.330255	33.861389	-99.907610	100.000000	-100.000000	-40.111193
-18.953849	27.351169	-99.813230	100.000000	-99.850091	-51.076076
47.687598	-38.247328	99.451752	-100.000000	100.000000	34.557896
20.945333	-93.682059	99.795554	-100.000000	100.000000	32.461385
41.502220	-25.439020	-100.000000	100.000000	-100.000000	-42.277977
52.956400	38.299468	100.000000	-100.000000	100.000000	9.365494
-42.271319	82.232241	-100.000000	100.000000	-99.805323	-41.160993
-92.613038	39.835421	-100.000000	100.000000	-99.868236	-42.702509
63.734904	36.021016	99.925811	-100.000000	100.000000	33.111922
-46.779573	27.053340	100.000000	-100.000000	99.981429	27.829629
16.943747	-24.385161	100.000000	-100.000000	99.864927	47.568534
53.084350	27.235117	100.000000	-100.000000	100.000000	34.906860
53.672637	23.632067	99.787923	-100.000000	99.896475	27.529074
21.987886	-24.126136	99.796325	-100.000000	100.000000	23.619986
39.998211	38.755820	-100.000000	100.000000	-100.000000	-65.296191
-57.046796	41.706493	-100.000000	100.000000	-99.855842	-24.970734
-61.140226	54.101395	100.000000	-100.000000	100.000000	30.569357
18.786944	34.273300	-99.474487	100.000000	-100.000000	-39.726026
-53.409950	23.185584	-99.683832	100.000000	-100.000000	-89.806014
-30.929444	-65.529718	99.654960	-100.000000	99.905460	35.853126
49.903303	27.661383	100.000000	-100.000000	99.578766	36.702034
-33.351691	46.120313	-100.000000	100.000000	-100.000000	-20.120627
44.887432	27.981095	100.000000	-100.000000	99.735872	39.112356
45.776426	-16.903177	99.039943	-100.000000	100.000000	28.432741
-30.040125	22.241095	-100.000000	100.000000	-100.000000	-43.676352
-27.816799	68.735509	-99.807262	100.000000	-99.939541	-46.732605
-26.089536	84.857902	99.168071	-100.000000	99.835472	19.348723
65.860135	35.998560	100.000000	-100.000000	99.711680	48.419196
41.849905	58.898511	-100.000000	100.000000	-99.750165	-41.704963
18.271960	10.328879	100.000000	-100.000000	99.426956	17.625882
54.604016	28.101739	100.000000	-100.000000	99.987721	37.341928
32.760842	43.986493	100.000000	-100.000000	99.368018	41.120219
-59.168177	32.980048	100.000000	-100.000000	100.000000	18.351706
16.371832	59.301825	-99.735805	100.000000	-99.666390	-17.066668
97.227257	-12.033888	-99.929062	100.000000	-100.000000	-12.523517
34.102656	-60.999171	100.000000	-100.000000	99.794578	70.443500
38.473955	30.068059	-99.795743	100.000000	-100.000000	-24.861296
22.883967	52.881187	100.000000	-100.000000	99.514480	36.923897
15.974575	41.834392	100.000000	-100.000000	99.229926	8.128968
53.101853	54.664243	100.000000	-100.000000	100.000000	15.827956
20.718694	44.407252	99.240740	-100.000000	100.000000	26.558396
23.755634	-46.868746	-99.881398	100.000000	-99.237462	-16.601360
-35.997278	-19.213029	-100.000000	100.000000	-99.610993	-30.652967
51.060631	-37.207912	99.758597	-100.000000	99.965513	50.824292
-44.381587	-32.607372	99.307896	-100.000000	98.483307	17.110956
8.922034	-31.230185	-98.659543	100.000000	-99.477551	-10.761956
17.880775	25.729078	-100.000000	100.000000	-100.000000	-40.325386
60.248484	-17.244725	100.000000	-100.000000	99.876774	67.284601
-34.368271	63.265501	-99.056748	100.000000	-100.000000	-15.703168
57.664353	29.709262	100.000000	-100.000000	100.000000	34.452059
11.173007	22.931779	99.845444	-100.000000	100.000000	73.745112
