10.000000	10.000000	10.000000	10.000000	10.000000	10.000000
0.000000	4.426660	12.284597	18.014427	0.000000	2.627905
0.000000	0.000000	9.726301	13.134588	0.000000	0.000000
0.000000	0.000000	6.779990	6.223666	0.000000	0.000000
0.000000	0.000000	8.266409	4.093830	0.000000	0.000000
0.000000	0.000000	9.194913	0.000000	0.000000	0.000000
0.000000	0.000000	9.104216	0.000000	0.000000	0.000000
0.000000	0.000000	10.225041	0.000000	0.000000	0.000000
0.000000	0.000000	8.679229	0.000000	0.000000	0.000000
0.000000	0.000000	7.867658	0.000000	0.000000	0.000000
0.000000	0.000000	6.491102	0.000000	0.000000	0.000000
0.000000	0.000000	7.967927	0.000000	0.000000	0.000000
0.000000	0.000000	6.880805	0.000000	0.000000	0.000000
0.000000	0.000000	6.017669	0.000000	0.000000	0.000000
0.000000	0.000000	4.612476	0.000000	0.000000	0.000000
0.000000	0.000000	6.107648	0.000000	0.000000	0.000000
0.000000	0.000000	4.199787	0.000000	0.000000	0.000000
0.000000	0.000000	2.201424	0.000000	0.000000	0.000000
0.000000	0.000000	0.261633	0.000000	0.000000	0.000000
0.000000	0.000000	1.624016	0.000000	0.000000	0.000000
0.000000	0.000000	10.055956	0.000000	0.000000	0.000000
0.000000	0.000000	11.590961	0.000000	0.000000	0.000000
0.000000	0.000000	12.968638	0.000000	0.000000	0.000000
0.000000	0.000000	13.147257	0.000000	0.000000	0.000000
0.000000	0.000000	13.422251	0.000000	0.000000	0.000000
0.000000	0.000000	13.498125	0.000000	0.000000	0.000000
0.000000	0.000000	14.394968	0.000000	0.000000	0.000000
0.000000	0.000000	15.243430	0.000000	0.000000	0.000000
0.000000	0.000000	15.692929	0.000000	0.000000	0.000000
0.000000	0.000000	16.116072	0.000000	0.000000	0.000000
0.000000	0.000000	15.372842	0.000000	0.000000	0.000000
0.000000	0.000000	15.054416	0.000000	0.000000	0.000000
0.000000	0.000000	14.623398	0.000000	0.000000	0.000000
0.000000	0.000000	15.280925	0.000000	0.000000	0.000000
0.000000	0.000000	15.876480	0.000000	0.000000	0.000000
0.000000	0.000000	15.390544	0.000000	0.000000	0.000000
0.000000	0.000000	16.060425	0.000000	0.000000	0.000000
0.000000	0.000000	16.787883	0.000000	0.000000	0.000000
0.000000	0.000000	17.471163	0.000000	0.000000	0.000000
0.000000	0.000000	17.642186	0.000000	0.000000	0.000000
0.000000	0.000000	17.363334	0.000000	0.000000	0.000000
0.000000	0.000000	17.879510	0.000000	0.000000	0.000000
0.000000	0.000000	18.465154	0.000000	0.000000	0.000000
0.000000	0.000000	18.575313	0.000000	0.000000	0.000000
0.000000	0.000000	18.761137	0.000000	0.000000	0.000000
0.000000	0.000000	18.081583	0.000000	0.000000	0.000000
0.000000	0.000000	17.969302	0.000000	0.000000	0.000000
0.000000	0.000000	17.620104	0.000000	0.000000	0.000000
0.000000	0.000000	17.883137	0.000000	0.000000	0.000000
0.000000	0.000000	17.804451	0.000000	0.000000	0.000000
0.000000	0.000000	17.902209	0.000000	0.000000	0.000000
0.000000	0.000000	17.864833	0.000000	0.000000	0.000000
0.000000	0.000000	17.703870	0.000000	0.000000	0.000000
0.000000	0.000000	16.529947	0.000000	0.000000	0.000000
0.000000	0.000000	17.009824	0.000000	0.000000	0.000000
0.000000	0.000000	16.850669	0.000000	0.000000	0.000000
0.000000	0.000000	16.976716	0.000000	0.000000	0.000000
0.000000	0.000000	16.637867	0.000000	0.000000	0.000000
0.000000	0.000000	15.521407	0.000000	0.000000	0.000000
0.000000	0.000000	13.810307	0.000000	0.000000	0.000000
0.000000	0.000000	14.912959	0.000000	0.000000	0.000000
0.000000	0.000000	14.616960	0.000000	0.000000	0.000000
0.000000	0.000000	13.748844	0.000000	0.000000	0.000000
0.000000	0.000000	13.573405	0.000000	0.000000	0.000000
0.000000	0.000000	14.234580	0.000000	0.000000	0.000000
0.000000	0.000000	15.160739	0.000000	0.000000	0.000000
0.000000	0.000000	15.090782	0.000000	0.000000	0.000000
0.000000	0.000000	15.581480	0.000000	0.000000	0.000000
0.000000	0.000000	15.795503	0.000000	0.000000	0.000000
0.000000	0.000000	16.346957	0.000000	0.000000	0.000000
0.000000	0.000000	16.472507	0.000000	0.000000	0.000000
0.000000	0.000000	17.032649	0.000000	0.000000	0.000000
0.000000	0.000000	16.889194	0.000000	0.000000	0.000000
0.000000	0.000000	16.281747	0.000000	0.000000	0.000000
0.000000	0.000000	15.842281	0.000000	0.000000	0.000000
0.000000	0.000000	16.530808	0.000000	0.000000	0.000000
0.000000	0.000000	16.416552	0.000000	0.000000	0.000000
0.000000	0.000000	16.612920	0.000000	0.000000	0.000000
0.000000	0.000000	16.276747	0.000000	0.000000	0.000000
0.000000	0.000000	17.555092	0.000000	0.000000	0.000000
0.000000	0.000000	18.048275	0.000000	0.000000	0.000000
0.000000	0.000000	18.006737	0.000000	0.000000	0.000000
0.000000	0.000000	18.508926	0.000000	0.000000	0.000000
0.000000	0.000000	18.944959	0.000000	0.000000	0.000000
0.000000	0.000000	19.500092	0.000000	0.000000	0.000000
0.000000	0.000000	19.292573	0.000000	0.000000	0.000000
0.000000	0.000000	19.057971	0.000000	0.000000	0.000000
0.000000	0.000000	19.499428	0.000000	0.000000	0.000000
0.000000	0.000000	19.436290	0.000000	0.000000	0.000000
0.000000	0.000000	19.731242	0.000000	0.000000	0.000000
0.000000	0.000000	19.109432	0.000000	0.000000	0.000000
0.000000	0.000000	19.635214	0.000000	0.000000	0.000000
0.000000	0.000000	19.288271	0.000000	0.000000	0.000000
0.000000	0.000000	18.831565	0.000000	0.000000	0.000000
0.000000	0.000000	18.554197	0.000000	0.000000	0.000000
0.000000	0.000000	18.172956	0.000000	0.000000	0.000000
0.000000	0.000000	18.665684	0.000000	0.000000	0.000000
0.000000	0.000000	18.315888	0.000000	0.000000	0.000000
0.000000	0.000000	18.565818	0.000000	0.000000	0.000000
0.000000	0.000000	19.057020	0.000000	0.000000	0.000000
0.000000	0.000000	19.283557	0.000000	0.000000	0.000000
0.000000	0.000000	19.625802	0.000000	0.000000	0.000000
0.000000	0.000000	19.537348	0.000000	0.000000	0.000000
0.000000	0.000000	20.263049	0.000000	0.000000	0.000000
0.000000	0.000000	19.876005	0.000000	0.000000	0.000000
0.000000	0.000000	19.738249	0.000000	0.000000	0.000000
0.000000	0.000000	20.142217	0.000000	0.000000	0.000000
0.000000	0.000000	20.540182	0.000000	0.000000	0.000000
0.000000	0.000000	20.757450	0.000000	0.000000	0.000000
0.000000	0.000000	21.347141	0.000000	0.000000	0.000000
0.000000	0.000000	21.689195	0.000000	0.000000	0.000000
0.000000	0.000000	21.238875	0.000000	0.000000	0.000000
0.000000	0.000000	21.932820	0.000000	0.000000	0.000000
0.000000	0.000000	21.826647	0.000000	0.000000	0.000000
0.000000	0.000000	21.572564	0.000000	0.000000	0.000000
0.000000	0.000000	22.022694	0.000000	0.000000	0.000000
0.000000	0.000000	22.193067	0.000000	0.000000	0.000000
0.000000	0.000000	22.879841	0.000000	0.000000	0.000000
0.000000	0.000000	22.362565	0.000000	0.000000	0.000000
0.000000	0.000000	21.870265	0.000000	0.000000	0.000000
0.000000	0.000000	20.699616	0.000000	0.000000	0.000000
0.000000	0.000000	20.891688	0.000000	0.000000	0.000000
0.000000	0.000000	21.427234	0.000000	0.000000	0.000000
0.000000	0.000000	22.071551	0.000000	0.000000	0.000000
0.000000	0.000000	22.542629	0.000000	0.000000	0.000000
0.000000	0.000000	22.025204	0.000000	0.000000	0.000000
0.000000	0.000000	22.403363	0.000000	0.000000	0.000000
0.000000	0.000000	22.580601	0.000000	0.000000	0.000000
0.000000	0.000000	22.475750	0.000000	0.000000	0.000000
0.000000	0.000000	22.162837	0.000000	0.000000	0.000000
0.000000	0.000000	22.274225	0.000000	0.000000	0.000000
0.000000	0.000000	22.031233	0.000000	0.000000	0.000000
0.000000	0.000000	21.937954	0.000000	0.000000	0.000000
0.000000	0.000000	21.776878	0.000000	0.000000	0.000000
0.000000	0.000000	21.883981	0.000000	0.000000	0.000000
0.000000	0.000000	21.671486	0.000000	0.000000	0.000000
0.000000	0.000000	22.040038	0.000000	0.000000	0.000000
0.000000	0.000000	22.398941	0.000000	0.000000	0.000000
0.000000	0.000000	22.758720	0.000000	0.000000	0.000000
0.000000	0.000000	22.642260	0.000000	0.000000	0.000000
0.000000	0.000000	23.391145	0.000000	0.000000	0.000000
0.000000	0.000000	23.379783	0.000000	0.000000	0.000000
0.000000	0.000000	23.388303	0.000000	0.000000	0.000000
0.000000	0.000000	22.982553	0.000000	0.000000	0.000000
0.000000	0.000000	22.762663	0.000000	0.000000	0.000000
0.000000	0.000000	22.551618	0.000000	0.000000	0.000000
0.000000	0.000000	22.338507	0.000000	0.000000	0.000000
0.000000	0.000000	22.837158	0.000000	0.000000	0.000000
0.000000	0.000000	21.776219	0.000000	0.000000	0.000000
0.000000	0.000000	21.508744	0.000000	0.000000	0.000000
0.000000	0.000000	20.500593	0.000000	0.000000	0.000000
0.000000	0.000000	20.821337	0.000000	0.000000	0.000000
0.000000	0.000000	20.146864	0.000000	0.000000	0.000000
0.000000	0.000000	20.873843	0.000000	0.000000	0.000000
0.000000	0.000000	20.838378	0.000000	0.000000	0.000000
0.000000	0.000000	21.192682	0.000000	0.000000	0.000000
0.000000	0.000000	21.111018	0.000000	0.000000	0.000000
0.000000	0.000000	20.700805	0.000000	0.000000	0.000000
0.000000	0.000000	20.499855	0.000000	0.000000	0.000000
0.000000	0.000000	20.383409	0.000000	0.000000	0.000000
0.000000	0.000000	20.314866	0.000000	0.000000	0.000000
0.000000	0.000000	20.748249	0.000000	0.000000	0.000000
0.000000	0.000000	20.775091	0.000000	0.000000	0.000000
0.000000	0.000000	20.582826	0.000000	0.000000	0.000000
0.000000	0.000000	20.434584	0.000000	0.000000	0.000000
0.000000	0.000000	21.731780	0.000000	0.000000	0.000000
0.000000	0.000000	21.347207	0.000000	0.000000	0.000000
0.000000	0.000000	21.510829	0.000000	0.000000	0.000000
0.000000	0.000000	21.747427	0.000000	0.000000	0.000000
0.000000	0.000000	21.573734	0.000000	0.000000	0.000000
0.000000	0.000000	21.973185	0.000000	0.000000	0.000000
0.000000	0.000000	22.037738	0.000000	0.000000	0.000000
0.000000	0.000000	21.342840	0.000000	0.000000	0.000000
0.000000	0.000000	21.837337	0.000000	0.000000	0.000000
0.000000	0.000000	22.010983	0.000000	0.000000	0.000000
0.000000	0.000000	21.910783	0.000000	0.000000	0.000000
0.000000	0.000000	21.990203	0.000000	0.000000	0.000000
0.000000	0.000000	21.968543	0.000000	0.000000	0.000000
0.000000	0.000000	21.880908	0.000000	0.000000	0.000000
0.000000	0.000000	21.969838	0.000000	0.000000	0.000000
0.000000	0.000000	21.820243	0.000000	0.000000	0.000000
0.000000	0.000000	22.323429	0.000000	0.000000	0.000000
0.000000	0.000000	22.529691	0.000000	0.000000	0.000000
0.000000	0.000000	21.980030	0.000000	0.000000	0.000000
0.000000	0.000000	22.678826	0.000000	0.000000	0.000000
0.000000	0.000000	22.518452	0.000000	0.000000	0.000000
0.000000	0.000000	22.224015	0.000000	0.000000	0.000000
0.000000	0.000000	22.324103	0.000000	0.000000	0.000000
0.000000	0.000000	22.483288	0.000000	0.000000	0.000000
0.000000	0.000000	22.385749	0.000000	0.000000	0.000000
0.000000	0.000000	23.065709	0.000000	0.000000	0.000000
0.000000	0.000000	23.737139	0.000000	0.000000	0.000000
0.000000	0.000000	23.922317	0.000000	0.000000	0.000000
0.000000	0.000000	24.571175	0.000000	0.000000	0.000000
0.000000	0.000000	24.205156	0.000000	0.000000	0.000000
0.000000	0.000000	23.669525	0.000000	0.000000	0.000000
0.000000	0.000000	23.291150	0.000000	0.000000	0.000000
0.000000	0.000000	23.189492	0.000000	0.000000	0.000000
0.000000	0.000000	22.839914	0.000000	0.000000	0.000000
0.000000	0.000000	22.388496	0.000000	0.000000	0.000000
0.000000	0.000000	22.075766	0.000000	0.000000	0.000000
0.000000	0.000000	22.312362	0.000000	0.000000	0.000000
0.000000	0.000000	21.572321	0.000000	0.000000	0.000000
0.000000	0.000000	21.703964	0.000000	0.000000	0.000000
0.000000	0.000000	21.285953	0.000000	0.000000	0.000000
0.000000	0.000000	20.886618	0.000000	0.000000	0.000000
0.000000	0.000000	20.703560	0.000000	0.000000	0.000000
0.000000	0.000000	20.419455	0.000000	0.000000	0.000000
0.000000	0.000000	20.756062	0.000000	0.000000	0.000000
0.000000	0.000000	21.346085	0.000000	0.000000	0.000000
0.000000	0.000000	20.945708	0.000000	0.000000	0.000000
0.000000	0.000000	21.643687	0.000000	0.000000	0.000000
0.000000	0.000000	21.568739	0.000000	0.000000	0.000000
0.000000	0.000000	20.963138	0.000000	0.000000	0.000000
0.000000	0.000000	20.527147	0.000000	0.000000	0.000000
0.000000	0.000000	20.559755	0.000000	0.000000	0.000000
0.000000	0.000000	21.002892	0.000000	0.000000	0.000000
0.000000	0.000000	21.539858	0.000000	0.000000	0.000000
0.000000	0.000000	22.643212	0.000000	0.000000	0.000000
0.000000	0.000000	21.887252	0.000000	0.000000	0.000000
0.000000	0.000000	22.323723	0.000000	0.000000	0.000000
0.000000	0.000000	22.574590	0.000000	0.000000	0.000000
0.000000	0.000000	21.985930	0.000000	0.000000	0.000000
0.000000	0.000000	21.801475	0.000000	0.000000	0.000000
0.000000	0.000000	22.119290	0.000000	0.000000	0.000000
0.000000	0.000000	22.597561	0.000000	0.000000	0.000000
0.000000	0.000000	22.604787	0.000000	0.000000	0.000000
0.000000	0.000000	22.973553	0.000000	0.000000	0.000000
0.000000	0.000000	23.279198	0.000000	0.000000	0.000000
0.000000	0.000000	23.641697	0.000000	0.000000	0.000000
0.000000	0.000000	23.407924	0.000000	0.000000	0.000000
0.000000	0.000000	23.162295	0.000000	0.000000	0.000000
0.000000	0.000000	22.623646	0.000000	0.000000	0.000000
0.000000	0.000000	22.681634	0.000000	0.000000	0.000000
0.000000	0.000000	22.423328	0.000000	0.000000	0.000000
0.000000	0.000000	22.564069	0.000000	0.000000	0.000000
0.000000	0.000000	22.236646	0.000000	0.000000	0.000000
0.000000	0.000000	21.980015	0.000000	0.000000	0.000000
0.000000	0.000000	21.205230	0.000000	0.000000	0.000000
0.000000	0.000000	21.196723	0.000000	0.000000	0.000000
0.000000	0.000000	22.440299	0.000000	0.000000	0.000000
0.000000	0.000000	22.393620	0.000000	0.000000	0.000000
0.000000	0.000000	22.519931	0.000000	0.000000	0.000000
0.000000	0.000000	22.255979	0.000000	0.000000	0.000000
0.000000	0.000000	22.388434	0.000000	0.000000	0.000000
0.000000	0.000000	22.793702	0.000000	0.000000	0.000000
0.000000	0.000000	23.137176	0.000000	0.000000	0.000000
0.000000	0.000000	23.407376	0.000000	0.000000	0.000000
0.000000	0.000000	23.594704	0.000000	0.000000	0.000000
0.000000	0.000000	23.661694	0.000000	0.000000	0.000000
0.000000	0.000000	24.388419	0.000000	0.000000	0.000000
0.000000	0.000000	24.572932	0.000000	0.000000	0.000000
0.000000	0.000000	24.934748	0.000000	0.000000	0.000000
0.000000	0.000000	25.074574	0.000000	0.000000	0.000000
0.000000	0.000000	24.433940	0.000000	0.000000	0.000000
0.000000	0.000000	25.116983	0.000000	0.000000	0.000000
0.000000	0.000000	24.191102	0.000000	0.000000	0.000000
0.000000	0.000000	24.663691	0.000000	0.000000	0.000000
0.000000	0.000000	24.569993	0.000000	0.000000	0.000000
0.000000	0.000000	24.806541	0.000000	0.000000	0.000000
0.000000	0.000000	25.459285	0.000000	0.000000	0.000000
0.000000	0.000000	25.246978	0.000000	0.000000	0.000000
0.000000	0.000000	25.262376	0.000000	0.000000	0.000000
0.000000	0.000000	24.619227	0.000000	0.000000	0.000000
0.000000	0.000000	24.209899	0.000000	0.000000	0.000000
0.000000	0.000000	25.032932	0.000000	0.000000	0.000000
0.000000	0.000000	25.188930	0.000000	0.000000	0.000000
0.000000	0.000000	25.702851	0.000000	0.000000	0.000000
0.000000	0.000000	25.468568	0.000000	0.000000	0.000000
0.000000	0.000000	25.169284	0.000000	0.000000	0.000000
0.000000	0.000000	25.175019	0.000000	0.000000	0.000000
0.000000	0.000000	25.767279	0.000000	0.000000	0.000000
0.000000	0.000000	25.611813	0.000000	0.000000	0.000000
0.000000	0.000000	25.240662	0.000000	0.000000	0.000000
0.000000	0.000000	25.366686	0.000000	0.000000	0.000000
0.000000	0.000000	24.961466	0.000000	0.000000	0.000000
0.000000	0.000000	23.885209	0.000000	0.000000	0.000000
0.000000	0.000000	24.287029	0.000000	0.000000	0.000000
0.000000	0.000000	25.177644	0.000000	0.000000	0.000000
0.000000	0.000000	25.125965	0.000000	0.000000	0.000000
0.000000	0.000000	24.577130	0.000000	0.000000	0.000000
0.000000	0.000000	24.592206	0.000000	0.000000	0.000000
0.000000	0.000000	23.896654	0.000000	0.000000	0.000000
0.000000	0.000000	22.953405	0.000000	0.000000	0.000000
0.000000	0.000000	22.779142	0.000000	0.000000	0.000000
0.000000	0.000000	23.045290	0.000000	0.000000	0.000000
0.000000	0.000000	23.338007	0.000000	0.000000	0.000000
0.000000	0.000000	22.922299	0.000000	0.000000	0.000000
0.000000	0.000000	22.971433	0.000000	0.000000	0.000000
0.000000	0.000000	23.146486	0.000000	0.000000	0.000000
0.000000	0.000000	23.799852	0.000000	0.000000	0.000000
0.000000	0.000000	23.425203	0.000000	0.000000	0.000000
0.000000	0.000000	23.170497	0.000000	0.000000	0.000000
0.000000	0.000000	23.768010	0.000000	0.000000	0.000000
0.000000	0.000000	24.725312	0.000000	0.000000	0.000000
0.000000	0.000000	25.090806	0.000000	0.000000	0.000000
0.000000	0.000000	25.242049	0.000000	0.000000	0.000000
0.000000	0.000000	25.068952	0.000000	0.000000	0.000000
0.000000	0.000000	25.113780	0.000000	0.000000	0.000000
0.000000	0.000000	24.902193	0.000000	0.000000	0.000000
0.000000	0.000000	24.768326	0.000000	0.000000	0.000000
0.000000	0.000000	25.062324	0.000000	0.000000	0.000000
0.000000	0.000000	25.141472	0.000000	0.000000	0.000000
0.000000	0.000000	25.384070	0.000000	0.000000	0.000000
0.000000	0.000000	25.282432	0.000000	0.000000	0.000000
0.000000	0.000000	25.803875	0.000000	0.000000	0.000000
0.000000	0.000000	25.534910	0.000000	0.000000	0.000000
0.000000	0.000000	25.390504	0.000000	0.000000	0.000000
0.000000	0.000000	25.670341	0.000000	0.000000	0.000000
0.000000	0.000000	25.940230	0.000000	0.000000	0.000000
0.000000	0.000000	26.258171	0.000000	0.000000	0.000000
0.000000	0.000000	25.439687	0.000000	0.000000	0.000000
0.000000	0.000000	24.756306	0.000000	0.000000	0.000000
0.000000	0.000000	24.033384	0.000000	0.000000	0.000000
0.000000	0.000000	23.708299	0.000000	0.000000	0.000000
0.000000	0.000000	23.453587	0.000000	0.000000	0.000000
0.000000	0.000000	23.445195	0.000000	0.000000	0.000000
0.000000	0.000000	23.094971	0.000000	0.000000	0.000000
0.000000	0.000000	22.953300	0.000000	0.000000	0.000000
0.000000	0.000000	22.892052	0.000000	0.000000	0.000000
0.000000	0.000000	23.198813	0.000000	0.000000	0.000000
0.000000	0.000000	23.416208	0.000000	0.000000	0.000000
0.000000	0.000000	23.801095	0.000000	0.000000	0.000000
0.000000	0.000000	23.850572	0.000000	0.000000	0.000000
0.000000	0.000000	24.289472	0.000000	0.000000	0.000000
0.000000	0.000000	24.178853	0.000000	0.000000	0.000000
0.000000	0.000000	24.430369	0.000000	0.000000	0.000000
0.000000	0.000000	24.640887	0.000000	0.000000	0.000000
0.000000	0.000000	24.653623	0.000000	0.000000	0.000000
0.000000	0.000000	24.317429	0.000000	0.000000	0.000000
0.000000	0.000000	24.195934	0.000000	0.000000	0.000000
0.000000	0.000000	23.765172	0.000000	0.000000	0.000000
0.000000	0.000000	23.690158	0.000000	0.000000	0.000000
0.000000	0.000000	23.199213	0.000000	0.000000	0.000000
0.000000	0.000000	23.448552	0.000000	0.000000	0.000000
0.000000	0.000000	24.125303	0.000000	0.000000	0.000000
0.000000	0.000000	24.185379	0.000000	0.000000	0.000000
0.000000	0.000000	24.443536	0.000000	0.000000	0.000000
0.000000	0.000000	24.263914	0.000000	0.000000	0.000000
0.000000	0.000000	24.377361	0.000000	0.000000	0.000000
0.000000	0.000000	24.847548	0.000000	0.000000	0.000000
0.000000	0.000000	24.601173	0.000000	0.000000	0.000000
0.000000	0.000000	25.296678	0.000000	0.000000	0.000000
0.000000	0.000000	25.165951	0.000000	0.000000	0.000000
0.000000	0.000000	25.079369	0.000000	0.000000	0.000000
0.000000	0.000000	25.415241	0.000000	0.000000	0.000000
0.000000	0.000000	24.902844	0.000000	0.000000	0.000000
0.000000	0.000000	24.626270	0.000000	0.000000	0.000000
0.000000	0.000000	24.645518	0.000000	0.000000	0.000000
0.000000	0.000000	23.576323	0.000000	0.000000	0.000000
0.000000	0.000000	23.488523	0.000000	0.000000	0.000000
0.000000	0.000000	23.080313	0.000000	0.000000	0.000000
0.000000	0.000000	22.695168	0.000000	0.000000	0.000000
0.000000	0.000000	23.302643	0.000000	0.000000	0.000000
0.000000	0.000000	24.010677	0.000000	0.000000	0.000000
0.000000	0.000000	23.955163	0.000000	0.000000	0.000000
0.000000	0.000000	23.892224	0.000000	0.000000	0.000000
0.000000	0.000000	23.516734	0.000000	0.000000	0.000000
0.000000	0.000000	22.549843	0.000000	0.000000	0.000000
0.000000	0.000000	22.417408	0.000000	0.000000	0.000000
0.000000	0.000000	22.493258	0.000000	0.000000	0.000000
0.000000	0.000000	22.264349	0.000000	0.000000	0.000000
0.000000	0.000000	22.403373	0.000000	0.000000	0.000000
0.000000	0.000000	22.855988	0.000000	0.000000	0.000000
0.000000	0.000000	22.463027	0.000000	0.000000	0.000000
0.000000	0.000000	22.157575	0.000000	0.000000	0.000000
0.000000	0.000000	22.055670	0.000000	0.000000	0.000000
0.000000	0.000000	22.489272	0.000000	0.000000	0.000000
0.000000	0.000000	23.386924	0.000000	0.000000	0.000000
0.000000	0.000000	22.987952	0.000000	0.000000	0.000000
0.000000	0.000000	23.055849	0.000000	0.000000	0.000000
0.000000	0.000000	22.687031	0.000000	0.000000	0.000000
0.000000	0.000000	22.542514	0.000000	0.000000	0.000000
0.000000	0.000000	22.903989	0.000000	0.000000	0.000000
0.000000	0.000000	23.599665	0.000000	0.000000	0.000000
0.000000	0.000000	23.525903	0.000000	0.000000	0.000000
0.000000	0.000000	23.804754	0.000000	0.000000	0.000000
0.000000	0.000000	23.502029	0.000000	0.000000	0.000000
0.000000	0.000000	23.335388	0.000000	0.000000	0.000000
0.000000	0.000000	22.769410	0.000000	0.000000	0.000000
0.000000	0.000000	22.936045	0.000000	0.000000	0.000000
0.000000	0.000000	22.157886	0.000000	0.000000	0.000000
0.000000	0.000000	22.126306	0.000000	0.000000	0.000000
0.000000	0.000000	22.918894	0.000000	0.000000	0.000000
0.000000	0.000000	22.832588	0.000000	0.000000	0.000000
0.000000	0.000000	23.372569	0.000000	0.000000	0.000000
0.000000	0.000000	23.212278	0.000000	0.000000	0.000000
0.000000	0.000000	23.397714	0.000000	0.000000	0.000000
0.000000	0.000000	23.413772	0.000000	0.000000	0.000000
0.000000	0.000000	23.870815	0.000000	0.000000	0.000000
0.000000	0.000000	24.138049	0.000000	0.000000	0.000000
0.000000	0.000000	23.908680	0.000000	0.000000	0.000000
0.000000	0.000000	24.117844	0.000000	0.000000	0.000000
0.000000	0.000000	22.974056	0.000000	0.000000	0.000000
0.000000	0.000000	23.964850	0.000000	0.000000	0.000000
0.000000	0.000000	23.729347	0.000000	0.000000	0.000000
0.000000	0.000000	23.729444	0.000000	0.000000	0.000000
0.000000	0.000000	24.340906	0.000000	0.000000	0.000000
0.000000	0.000000	23.878341	0.000000	0.000000	0.000000
0.000000	0.000000	24.005812	0.000000	0.000000	0.000000
0.000000	0.000000	23.585311	0.000000	0.000000	0.000000
0.000000	0.000000	23.683739	0.000000	0.000000	0.000000
0.000000	0.000000	24.049141	0.000000	0.000000	0.000000
0.000000	0.000000	24.107052	0.000000	0.000000	0.000000
0.000000	0.000000	23.813193	0.000000	0.000000	0.000000
0.000000	0.000000	24.426125	0.000000	0.000000	0.000000
0.000000	0.000000	25.189200	0.000000	0.000000	0.000000
0.000000	0.000000	25.166244	0.000000	0.000000	0.000000
0.000000	0.000000	25.042695	0.000000	0.000000	0.000000
0.000000	0.000000	25.661764	0.000000	0.000000	0.000000
0.000000	0.000000	25.576164	0.000000	0.000000	0.000000
0.000000	0.000000	25.997688	0.000000	0.000000	0.000000
0.000000	0.000000	25.546115	0.000000	0.000000	0.000000
0.000000	0.000000	25.318873	0.000000	0.000000	0.000000
0.000000	0.000000	24.880965	0.000000	0.000000	0.000000
0.000000	0.000000	24.725622	0.000000	0.000000	0.000000
0.000000	0.000000	24.432948	0.000000	0.000000	0.000000
0.000000	0.000000	24.727968	0.000000	0.000000	0.000000
0.000000	0.000000	24.488422	0.000000	0.000000	0.000000
0.000000	0.000000	24.650248	0.000000	0.000000	0.000000
0.000000	0.000000	24.545544	0.000000	0.000000	0.000000
0.000000	0.000000	24.725341	0.000000	0.000000	0.000000
0.000000	0.000000	25.270879	0.000000	0.000000	0.000000
0.000000	0.000000	25.227755	0.000000	0.000000	0.000000
0.000000	0.000000	25.357563	0.000000	0.000000	0.000000
0.000000	0.000000	25.652339	0.000000	0.000000	0.000000
0.000000	0.000000	25.479893	0.000000	0.000000	0.000000
0.000000	0.000000	24.783627	0.000000	0.000000	0.000000
0.000000	0.000000	24.033110	0.000000	0.000000	0.000000
0.000000	0.000000	23.934631	0.000000	0.000000	0.000000
0.000000	0.000000	23.107153	0.000000	0.000000	0.000000
0.000000	0.000000	23.622740	0.000000	0.000000	0.000000
0.000000	0.000000	23.363468	0.000000	0.000000	0.000000
0.000000	0.000000	23.517925	0.000000	0.000000	0.000000
0.000000	0.000000	23.772627	0.000000	0.000000	0.000000
0.000000	0.000000	24.168362	0.000000	0.000000	0.000000
0.000000	0.000000	23.811703	0.000000	0.000000	0.000000
0.000000	0.000000	23.567956	0.000000	0.000000	0.000000
0.000000	0.000000	23.801322	0.000000	0.000000	0.000000
0.000000	0.000000	23.433189	0.000000	0.000000	0.000000
0.000000	0.000000	23.624468	0.000000	0.000000	0.000000
0.000000	0.000000	22.783479	0.000000	0.000000	0.000000
0.000000	0.000000	23.423112	0.000000	0.000000	0.000000
0.000000	0.000000	23.949450	0.000000	0.000000	0.000000
0.000000	0.000000	23.699346	0.000000	0.000000	0.000000
0.000000	0.000000	23.233245	0.000000	0.000000	0.000000
0.000000	0.000000	22.880700	0.000000	0.000000	0.000000
0.000000	0.000000	22.462027	0.000000	0.000000	0.000000
0.000000	0.000000	22.462180	0.000000	0.000000	0.000000
0.000000	0.000000	21.969544	0.000000	0.000000	0.000000
0.000000	0.000000	21.795273	0.000000	0.000000	0.000000
0.000000	0.000000	21.979652	0.000000	0.000000	0.000000
0.000000	0.000000	21.423886	0.000000	0.000000	0.000000
0.000000	0.000000	21.653150	0.000000	0.000000	0.000000
0.000000	0.000000	21.777239	0.000000	0.000000	0.000000
0.000000	0.000000	21.545996	0.000000	0.000000	0.000000
0.000000	0.000000	21.460972	0.000000	0.000000	0.000000
0.000000	0.000000	22.168005	0.000000	0.000000	0.000000
0.000000	0.000000	21.574191	0.000000	0.000000	0.000000
0.000000	0.000000	21.543873	0.000000	0.000000	0.000000
0.000000	0.000000	21.074967	0.000000	0.000000	0.000000
0.000000	0.000000	20.938518	0.000000	0.000000	0.000000
0.000000	0.000000	20.856542	0.000000	0.000000	0.000000
0.000000	0.000000	20.302575	0.000000	0.000000	0.000000
0.000000	0.000000	20.379606	0.000000	0.000000	0.000000
0.000000	0.000000	19.808584	0.000000	0.000000	0.000000
0.000000	0.000000	20.326857	0.000000	0.000000	0.000000
0.000000	0.000000	20.450213	0.000000	0.000000	0.000000
0.000000	0.000000	21.137169	0.000000	0.000000	0.000000
0.000000	0.000000	20.693163	0.000000	0.000000	0.000000
0.000000	0.000000	21.592261	0.000000	0.000000	0.000000
0.000000	0.000000	22.458929	0.000000	0.000000	0.000000
0.000000	0.000000	22.466584	0.000000	0.000000	0.000000
0.000000	0.000000	22.638362	0.000000	0.000000	0.000000
0.000000	0.000000	22.466927	0.000000	0.000000	0.000000
0.000000	0.000000	22.676853	0.000000	0.000000	0.000000
0.000000	0.000000	22.694918	0.000000	0.000000	0.000000
0.000000	0.000000	22.181957	0.000000	0.000000	0.000000
0.000000	0.000000	21.902571	0.000000	0.000000	0.000000
0.000000	0.000000	21.960848	0.000000	0.000000	0.000000
0.000000	0.000000	21.011063	0.000000	0.000000	0.000000
0.000000	0.000000	20.615210	0.000000	0.000000	0.000000
0.000000	0.000000	20.849562	0.000000	0.000000	0.000000
0.000000	0.000000	20.634987	0.000000	0.000000	0.000000
0.000000	0.000000	19.893103	0.000000	0.000000	0.000000
0.000000	0.000000	20.530944	0.000000	0.000000	0.000000
0.000000	0.000000	20.833682	0.000000	0.000000	0.000000
0.000000	0.000000	20.967107	0.000000	0.000000	0.000000
0.000000	0.000000	21.575243	0.000000	0.000000	0.000000
0.000000	0.000000	20.824682	0.000000	0.000000	0.000000
0.000000	0.000000	21.533320	0.000000	0.000000	0.000000
0.000000	0.000000	21.368582	0.000000	0.000000	0.000000
0.000000	0.000000	21.702825	0.000000	0.000000	0.000000
0.000000	0.000000	22.783511	0.000000	0.000000	0.000000
0.000000	0.000000	22.185757	0.000000	0.000000	0.000000
0.000000	0.000000	22.093565	0.000000	0.000000	0.000000
0.000000	0.000000	21.182580	0.000000	0.000000	0.000000
0.000000	0.000000	20.690295	0.000000	0.000000	0.000000
0.000000	0.000000	20.506023	0.000000	0.000000	0.000000
0.000000	0.000000	20.263038	0.000000	0.000000	0.000000
0.000000	0.000000	20.458152	0.000000	0.000000	0.000000
0.000000	0.000000	20.362717	0.000000	0.000000	0.000000
0.000000	0.000000	20.305553	0.000000	0.000000	0.000000
0.000000	0.000000	20.224956	0.000000	0.000000	0.000000
0.000000	0.000000	20.780789	0.000000	0.000000	0.000000
0.000000	0.000000	21.222386	0.000000	0.000000	0.000000
0.000000	0.000000	21.431128	0.000000	0.000000	0.000000
0.000000	0.000000	21.564797	0.000000	0.000000	0.000000
0.000000	0.000000	21.851524	0.000000	0.000000	0.000000
0.000000	0.000000	21.472373	0.000000	0.000000	0.000000
0.000000	0.000000	21.590511	0.000000	0.000000	0.000000
0.000000	0.000000	22.424375	0.000000	0.000000	0.000000
0.000000	0.000000	22.505086	0.000000	0.000000	0.000000
0.000000	0.000000	22.076467	0.000000	0.000000	0.000000
0.000000	0.000000	22.560905	0.000000	0.000000	0.000000
0.000000	0.000000	21.981259	0.000000	0.000000	0.000000
0.000000	0.000000	22.189947	0.000000	0.000000	0.000000
0.000000	0.000000	22.212209	0.000000	0.000000	0.000000
0.000000	0.000000	22.018698	0.000000	0.000000	0.000000
0.000000	0.000000	22.486640	0.000000	0.000000	0.000000
0.000000	0.000000	22.338461	0.000000	0.000000	0.000000
0.000000	0.000000	22.341854	0.000000	0.000000	0.000000
0.000000	0.000000	22.725591	0.000000	0.000000	0.000000
0.000000	0.000000	23.255227	0.000000	0.000000	0.000000
0.000000	0.000000	24.122799	0.000000	0.000000	0.000000
0.000000	0.000000	23.486201	0.000000	0.000000	0.000000
0.000000	0.000000	23.294306	0.000000	0.000000	0.000000
0.000000	0.000000	23.652104	0.000000	0.000000	0.000000
0.000000	0.000000	23.346524	0.000000	0.000000	0.000000
0.000000	0.000000	23.127681	0.000000	0.000000	0.000000
0.000000	0.000000	23.510770	0.000000	0.000000	0.000000
0.000000	0.000000	23.698433	0.000000	0.000000	0.000000
0.000000	0.000000	24.108360	0.000000	0.000000	0.000000
0.000000	0.000000	24.125295	0.000000	0.000000	0.000000
0.000000	0.000000	24.348077	0.000000	0.000000	0.000000
0.000000	0.000000	24.791390	0.000000	0.000000	0.000000
0.000000	0.000000	24.770456	0.000000	0.000000	0.000000
0.000000	0.000000	24.683081	0.000000	0.000000	0.000000
0.000000	0.000000	24.517796	0.000000	0.000000	0.000000
0.000000	0.000000	24.418684	0.000000	0.000000	0.000000
0.000000	0.000000	24.733248	0.000000	0.000000	0.000000
0.000000	0.000000	24.742237	0.000000	0.000000	0.000000
0.000000	0.000000	24.628621	0.000000	0.000000	0.000000
0.000000	0.000000	24.934340	0.000000	0.000000	0.000000
0.000000	0.000000	24.467501	0.000000	0.000000	0.000000
0.000000	0.000000	24.241788	0.000000	0.000000	0.000000
0.000000	0.000000	24.747884	0.000000	0.000000	0.000000
0.000000	0.000000	25.504219	0.000000	0.000000	0.000000
0.000000	0.000000	25.271135	0.000000	0.000000	0.000000
0.000000	0.000000	25.273686	0.000000	0.000000	0.000000
0.000000	0.000000	25.989964	0.000000	0.000000	0.000000
0.000000	0.000000	26.026980	0.000000	0.000000	0.000000
0.000000	0.000000	25.440195	0.000000	0.000000	0.000000
0.000000	0.000000	25.159148	0.000000	0.000000	0.000000
0.000000	0.000000	24.545529	0.000000	0.000000	0.000000
0.000000	0.000000	24.253008	0.000000	0.000000	0.000000
0.000000	0.000000	23.466423	0.000000	0.000000	0.000000
0.000000	0.000000	23.782227	0.000000	0.000000	0.000000
0.000000	0.000000	23.608997	0.000000	0.000000	0.000000
0.000000	0.000000	23.940043	0.000000	0.000000	0.000000
0.000000	0.000000	23.389531	0.000000	0.000000	0.000000
0.000000	0.000000	22.890306	0.000000	0.000000	0.000000
0.000000	0.000000	22.558449	0.000000	0.000000	0.000000
0.000000	0.000000	22.431817	0.000000	0.000000	0.000000
0.000000	0.000000	22.669534	0.000000	0.000000	0.000000
0.000000	0.000000	22.818356	0.000000	0.000000	0.000000
0.000000	0.000000	22.674670	0.000000	0.000000	0.000000
0.000000	0.000000	22.008389	0.000000	0.000000	0.000000
0.000000	0.000000	21.921545	0.000000	0.000000	0.000000
0.000000	0.000000	21.872313	0.000000	0.000000	0.000000
0.000000	0.000000	22.090325	0.000000	0.000000	0.000000
0.000000	0.000000	22.318606	0.000000	0.000000	0.000000
0.000000	0.000000	21.443495	0.000000	0.000000	0.000000
0.000000	0.000000	21.739411	0.000000	0.000000	0.000000
0.000000	0.000000	21.655218	0.000000	0.000000	0.000000
0.000000	0.000000	21.352986	0.000000	0.000000	0.000000
0.000000	0.000000	21.385327	0.000000	0.000000	0.000000
0.000000	0.000000	21.152051	0.000000	0.000000	0.000000
0.000000	0.000000	21.216302	0.000000	0.000000	0.000000
0.000000	0.000000	21.270882	0.000000	0.000000	0.000000
0.000000	0.000000	21.756492	0.000000	0.000000	0.000000
0.000000	0.000000	22.404655	0.000000	0.000000	0.000000
0.000000	0.000000	22.248164	0.000000	0.000000	0.000000
0.000000	0.000000	22.495143	0.000000	0.000000	0.000000
0.000000	0.000000	22.061399	0.000000	0.000000	0.000000
0.000000	0.000000	22.274422	0.000000	0.000000	0.000000
0.000000	0.000000	22.585071	0.000000	0.000000	0.000000
0.000000	0.000000	23.193458	0.000000	0.000000	0.000000
0.000000	0.000000	22.771996	0.000000	0.000000	0.000000
0.000000	0.000000	23.162879	0.000000	0.000000	0.000000
0.000000	0.000000	22.754838	0.000000	0.000000	0.000000
0.000000	0.000000	22.752670	0.000000	0.000000	0.000000
0.000000	0.000000	23.566528	0.000000	0.000000	0.000000
0.000000	0.000000	23.851708	0.000000	0.000000	0.000000
0.000000	0.000000	23.570471	0.000000	0.000000	0.000000
0.000000	0.000000	23.343509	0.000000	0.000000	0.000000
0.000000	0.000000	23.193108	0.000000	0.000000	0.000000
0.000000	0.000000	23.370852	0.000000	0.000000	0.000000
0.000000	0.000000	23.153743	0.000000	0.000000	0.000000
0.000000	0.000000	22.824627	0.000000	0.000000	0.000000
0.000000	0.000000	21.755607	0.000000	0.000000	0.000000
0.000000	0.000000	20.827856	0.000000	0.000000	0.000000
0.000000	0.000000	21.358446	0.000000	0.000000	0.000000
0.000000	0.000000	20.909268	0.000000	0.000000	0.000000
0.000000	0.000000	20.438528	0.000000	0.000000	0.000000
0.000000	0.000000	20.497197	0.000000	0.000000	0.000000
0.000000	0.000000	20.253204	0.000000	0.000000	0.000000
0.000000	0.000000	19.590297	0.000000	0.000000	0.000000
0.000000	0.000000	19.109076	0.000000	0.000000	0.000000
0.000000	0.000000	19.947108	0.000000	0.000000	0.000000
0.000000	0.000000	19.659507	0.000000	0.000000	0.000000
0.000000	0.000000	19.340217	0.000000	0.000000	0.000000
0.000000	0.000000	19.443567	0.000000	0.000000	0.000000
0.000000	0.000000	19.913324	0.000000	0.000000	0.000000
0.000000	0.000000	19.704138	0.000000	0.000000	0.000000
0.000000	0.000000	18.950317	0.000000	0.000000	0.000000
0.000000	0.000000	19.290483	0.000000	0.000000	0.000000
0.000000	0.000000	19.112541	0.000000	0.000000	0.000000
0.000000	0.000000	18.689530	0.000000	0.000000	0.000000
0.000000	0.000000	19.077412	0.000000	0.000000	0.000000
0.000000	0.000000	18.855437	0.000000	0.000000	0.000000
0.000000	0.000000	19.107751	0.000000	0.000000	0.000000
0.000000	0.000000	19.071012	0.000000	0.000000	0.000000
0.000000	0.000000	19.070667	0.000000	0.000000	0.000000
0.000000	0.000000	17.606991	0.000000	0.000000	0.000000
0.000000	0.000000	17.362165	0.000000	0.000000	0.000000
0.000000	0.000000	17.156299	0.000000	0.000000	0.000000
0.000000	0.000000	17.181387	0.000000	0.000000	0.000000
0.000000	0.000000	16.808510	0.000000	0.000000	0.000000
0.000000	0.000000	16.827969	0.000000	0.000000	0.000000
0.000000	0.000000	17.740704	0.000000	0.000000	0.000000
0.000000	0.000000	17.569502	0.000000	0.000000	0.000000
0.000000	0.000000	17.633764	0.000000	0.000000	0.000000
0.000000	0.000000	17.366904	0.000000	0.000000	0.000000
0.000000	0.000000	17.622850	0.000000	0.000000	0.000000
0.000000	0.000000	17.311404	0.000000	0.000000	0.000000
0.000000	0.000000	17.622514	0.000000	0.000000	0.000000
0.000000	0.000000	17.405624	0.000000	0.000000	0.000000
0.000000	0.000000	16.817330	0.000000	0.000000	0.000000
0.000000	0.000000	17.585310	0.000000	0.000000	0.000000
0.000000	0.000000	18.017539	0.000000	0.000000	0.000000
0.000000	0.000000	18.306008	0.000000	0.000000	0.000000
0.000000	0.000000	18.568927	0.000000	0.000000	0.000000
0.000000	0.000000	18.669623	0.000000	0.000000	0.000000
0.000000	0.000000	18.752271	0.000000	0.000000	0.000000
0.000000	0.000000	20.011847	0.000000	0.000000	0.000000
0.000000	0.000000	20.796689	0.000000	0.000000	0.000000
0.000000	0.000000	21.072048	0.000000	0.000000	0.000000
0.000000	0.000000	21.675730	0.000000	0.000000	0.000000
0.000000	0.000000	21.947914	0.000000	0.000000	0.000000
0.000000	0.000000	21.342051	0.000000	0.000000	0.000000
0.000000	0.000000	21.528082	0.000000	0.000000	0.000000
0.000000	0.000000	20.967238	0.000000	0.000000	0.000000
0.000000	0.000000	21.368947	0.000000	0.000000	0.000000
0.000000	0.000000	21.350142	0.000000	0.000000	0.000000
0.000000	0.000000	21.971211	0.000000	0.000000	0.000000
0.000000	0.000000	21.762761	0.000000	0.000000	0.000000
0.000000	0.000000	21.652132	0.000000	0.000000	0.000000
0.000000	0.000000	21.947921	0.000000	0.000000	0.000000
0.000000	0.000000	21.792979	0.000000	0.000000	0.000000
0.000000	0.000000	21.637303	0.000000	0.000000	0.000000
0.000000	0.000000	22.286794	0.000000	0.000000	0.000000
0.000000	0.000000	21.459688	0.000000	0.000000	0.000000
0.000000	0.000000	21.398734	0.000000	0.000000	0.000000
0.000000	0.000000	20.764584	0.000000	0.000000	0.000000
0.000000	0.000000	20.253152	0.000000	0.000000	0.000000
0.000000	0.000000	20.930761	0.000000	0.000000	0.000000
0.000000	0.000000	20.805651	0.000000	0.000000	0.000000
0.000000	0.000000	21.561557	0.000000	0.000000	0.000000
0.000000	0.000000	21.875889	0.000000	0.000000	0.000000
0.000000	0.000000	22.659893	0.000000	0.000000	0.000000
0.000000	0.000000	22.175522	0.000000	0.000000	0.000000
0.000000	0.000000	22.788925	0.000000	0.000000	0.000000
0.000000	0.000000	22.595268	0.000000	0.000000	0.000000
0.000000	0.000000	22.787463	0.000000	0.000000	0.000000
0.000000	0.000000	22.973763	0.000000	0.000000	0.000000
0.000000	0.000000	22.346420	0.000000	0.000000	0.000000
0.000000	0.000000	21.855629	0.000000	0.000000	0.000000
0.000000	0.000000	21.987178	0.000000	0.000000	0.000000
0.000000	0.000000	22.010838	0.000000	0.000000	0.000000
0.000000	0.000000	21.458168	0.000000	0.000000	0.000000
0.000000	0.000000	21.602730	0.000000	0.000000	0.000000
0.000000	0.000000	21.048767	0.000000	0.000000	0.000000
0.000000	0.000000	21.057026	0.000000	0.000000	0.000000
0.000000	0.000000	21.676001	0.000000	0.000000	0.000000
0.000000	0.000000	21.415926	0.000000	0.000000	0.000000
0.000000	0.000000	21.302660	0.000000	0.000000	0.000000
0.000000	0.000000	20.952929	0.000000	0.000000	0.000000
0.000000	0.000000	20.839715	0.000000	0.000000	0.000000
0.000000	0.000000	21.247043	0.000000	0.000000	0.000000
0.000000	0.000000	20.988986	0.000000	0.000000	0.000000
0.000000	0.000000	20.675052	0.000000	0.000000	0.000000
0.000000	0.000000	21.094306	0.000000	0.000000	0.000000
0.000000	0.000000	20.994460	0.000000	0.000000	0.000000
0.000000	0.000000	20.599421	0.000000	0.000000	0.000000
0.000000	0.000000	20.848450	0.000000	0.000000	0.000000
0.000000	0.000000	21.489845	0.000000	0.000000	0.000000
0.000000	0.000000	21.402555	0.000000	0.000000	0.000000
0.000000	0.000000	21.202608	0.000000	0.000000	0.000000
0.000000	0.000000	20.927625	0.000000	0.000000	0.000000
0.000000	0.000000	20.554076	0.000000	0.000000	0.000000
0.000000	0.000000	20.501943	0.000000	0.000000	0.000000
0.000000	0.000000	20.504501	0.000000	0.000000	0.000000
0.000000	0.000000	20.099025	0.000000	0.000000	0.000000
0.000000	0.000000	20.008951	0.000000	0.000000	0.000000
0.000000	0.000000	19.986229	0.000000	0.000000	0.000000
0.000000	0.000000	19.843616	0.000000	0.000000	0.000000
0.000000	0.000000	20.614264	0.000000	0.000000	0.000000
0.000000	0.000000	21.588158	0.000000	0.000000	0.000000
0.000000	0.000000	21.921637	0.000000	0.000000	0.000000
0.000000	0.000000	22.139683	0.000000	0.000000	0.000000
0.000000	0.000000	22.038156	0.000000	0.000000	0.000000
0.000000	0.000000	21.858116	0.000000	0.000000	0.000000
0.000000	0.000000	21.650483	0.000000	0.000000	0.000000
0.000000	0.000000	21.745460	0.000000	0.000000	0.000000
0.000000	0.000000	21.444971	0.000000	0.000000	0.000000
0.000000	0.000000	21.277340	0.000000	0.000000	0.000000
0.000000	0.000000	21.153188	0.000000	0.000000	0.000000
0.000000	0.000000	21.545549	0.000000	0.000000	0.000000
0.000000	0.000000	20.691674	0.000000	0.000000	0.000000
0.000000	0.000000	20.268811	0.000000	0.000000	0.000000
0.000000	0.000000	20.272174	0.000000	0.000000	0.000000
0.000000	0.000000	19.439247	0.000000	0.000000	0.000000
0.000000	0.000000	18.798386	0.000000	0.000000	0.000000
0.000000	0.000000	18.660190	0.000000	0.000000	0.000000
0.000000	0.000000	17.944701	0.000000	0.000000	0.000000
0.000000	0.000000	18.089563	0.000000	0.000000	0.000000
0.000000	0.000000	18.778974	0.000000	0.000000	0.000000
0.000000	0.000000	19.042228	0.000000	0.000000	0.000000
0.000000	0.000000	18.497179	0.000000	0.000000	0.000000
0.000000	0.000000	18.510379	0.000000	0.000000	0.000000
0.000000	0.000000	18.439121	0.000000	0.000000	0.000000
0.000000	0.000000	18.130006	0.000000	0.000000	0.000000
0.000000	0.000000	18.011078	0.000000	0.000000	0.000000
0.000000	0.000000	17.753624	0.000000	0.000000	0.000000
0.000000	0.000000	17.300274	0.000000	0.000000	0.000000
0.000000	0.000000	17.319075	0.000000	0.000000	0.000000
0.000000	0.000000	18.221489	0.000000	0.000000	0.000000
0.000000	0.000000	18.191721	0.000000	0.000000	0.000000
0.000000	0.000000	18.400479	0.000000	0.000000	0.000000
0.000000	0.000000	18.184380	0.000000	0.000000	0.000000
0.000000	0.000000	17.505638	0.000000	0.000000	0.000000
0.000000	0.000000	17.580252	0.000000	0.000000	0.000000
0.000000	0.000000	18.089408	0.000000	0.000000	0.000000
0.000000	0.000000	17.924001	0.000000	0.000000	0.000000
0.000000	0.000000	18.085805	0.000000	0.000000	0.000000
0.000000	0.000000	18.016661	0.000000	0.000000	0.000000
0.000000	0.000000	17.443515	0.000000	0.000000	0.000000
0.000000	0.000000	17.815877	0.000000	0.000000	0.000000
0.000000	0.000000	16.634541	0.000000	0.000000	0.000000
0.000000	0.000000	16.872142	0.000000	0.000000	0.000000
0.000000	0.000000	16.949039	0.000000	0.000000	0.000000
0.000000	0.000000	16.793327	0.000000	0.000000	0.000000
0.000000	0.000000	18.183798	0.000000	0.000000	0.000000
0.000000	0.000000	17.551026	0.000000	0.000000	0.000000
0.000000	0.000000	16.969063	0.000000	0.000000	0.000000
0.000000	0.000000	17.814684	0.000000	0.000000	0.000000
0.000000	0.000000	17.064305	0.000000	0.000000	0.000000
0.000000	0.000000	18.067670	0.000000	0.000000	0.000000
0.000000	0.000000	17.874368	0.000000	0.000000	0.000000
0.000000	0.000000	16.958303	0.000000	0.000000	0.000000
0.000000	0.000000	16.614125	0.000000	0.000000	0.000000
0.000000	0.000000	17.232417	0.000000	0.000000	0.000000
0.000000	0.000000	16.831491	0.000000	0.000000	0.000000
0.000000	0.000000	16.167063	0.000000	0.000000	0.000000
0.000000	0.000000	16.222510	0.000000	0.000000	0.000000
0.000000	0.000000	16.025714	0.000000	0.000000	0.000000
0.000000	0.000000	16.002137	0.000000	0.000000	0.000000
0.000000	0.000000	16.167403	0.000000	0.000000	0.000000
0.000000	0.000000	15.698812	0.000000	0.000000	0.000000
0.000000	0.000000	15.312581	0.000000	0.000000	0.000000
0.000000	0.000000	15.806185	0.000000	0.000000	0.000000
0.000000	0.000000	15.927266	0.000000	0.000000	0.000000
0.000000	0.000000	15.252884	0.000000	0.000000	0.000000
0.000000	0.000000	15.238183	0.000000	0.000000	0.000000
0.000000	0.000000	14.088116	0.000000	0.000000	0.000000
0.000000	0.000000	13.560656	0.000000	0.000000	0.000000
0.000000	0.000000	14.202362	0.000000	0.000000	0.000000
0.000000	0.000000	14.706726	0.000000	0.000000	0.000000
0.000000	0.000000	13.923736	0.000000	0.000000	0.000000
0.000000	0.000000	13.637954	0.000000	0.000000	0.000000
0.000000	0.000000	14.270563	0.000000	0.000000	0.000000
0.000000	0.000000	13.978855	0.000000	0.000000	0.000000
0.000000	0.000000	14.306827	0.000000	0.000000	0.000000
0.000000	0.000000	15.182139	0.000000	0.000000	0.000000
0.000000	0.000000	15.439658	0.000000	0.000000	0.000000
0.000000	0.000000	14.281981	0.000000	0.000000	0.000000
0.000000	0.000000	14.539171	0.000000	0.000000	0.000000
0.000000	0.000000	14.451088	0.000000	0.000000	0.000000
0.000000	0.000000	14.692686	0.000000	0.000000	0.000000
0.000000	0.000000	13.904362	0.000000	0.000000	0.000000
0.000000	0.000000	13.667325	0.000000	0.000000	0.000000
0.000000	0.000000	14.409049	0.000000	0.000000	0.000000
0.000000	0.000000	13.531472	0.000000	0.000000	0.000000
0.000000	0.000000	12.319631	0.000000	0.000000	0.000000
0.000000	0.000000	12.741808	0.000000	0.000000	0.000000
0.000000	0.000000	12.445774	0.000000	0.000000	0.000000
0.000000	0.000000	12.059970	0.000000	0.000000	0.000000
0.000000	0.000000	12.133674	0.000000	0.000000	0.000000
0.000000	0.000000	11.155200	0.000000	0.000000	0.000000
0.000000	0.000000	11.510078	0.000000	0.000000	0.000000
0.000000	0.000000	10.189884	0.000000	0.000000	0.000000
0.000000	0.000000	9.875519	0.000000	0.000000	0.000000
0.000000	0.000000	10.360453	0.000000	0.000000	0.000000
0.000000	0.000000	9.553929	0.000000	0.000000	0.000000
0.000000	0.000000	8.565701	0.000000	0.000000	0.000000
0.000000	0.000000	8.833912	0.000000	0.000000	0.000000
0.000000	0.000000	8.276152	0.000000	0.000000	0.000000
0.000000	0.000000	6.779239	0.000000	0.000000	0.000000
0.000000	0.000000	6.302679	0.000000	0.000000	0.000000
0.000000	0.000000	6.624808	0.000000	0.000000	0.000000
0.000000	0.000000	4.946590	0.000000	0.000000	0.000000
0.000000	0.000000	5.955425	0.000000	0.000000	0.000000
0.000000	0.000000	3.932370	0.000000	0.000000	0.000000
0.000000	0.000000	3.082798	0.000000	0.000000	0.000000
0.000000	0.000000	2.492687	0.000000	0.000000	0.000000
0.000000	0.000000	0.000000	0.000000	0.000000	0.000000
0.000000	0.000000	0.000000	0.000000	0.000000	0.000000
0.000000	0.000000	0.000000	0.000000	0.000000	0.000000
0.000000	0.000000	0.000000	0.000000	0.000000	0.000000
0.000000	0.000000	0.000000	0.000000	0.000000	0.000000
0.000000	0.000000	0.000000	0.000000	0.000000	0.000000
0.000000	0.000000	0.000000	0.000000	0.000000	0.000000
0.000000	0.000000	0.000000	0.000000	0.000000	0.000000
0.000000	0.000000	0.000000	0.000000	0.000000	0.000000
0.000000	0.000000	0.000000	0.000000	0.000000	0.000000
0.000000	0.000000	0.000000	0.000000	0.000000	0.000000
0.000000	0.000000	0.000000	0.000000	0.000000	0.000000
0.000000	0.000000	0.000000	0.000000	0.000000	0.000000
0.000000	0.000000	0.000000	0.000000	0.000000	0.000000
0.000000	0.000000	0.000000	0.000000	0.000000	0.000000
0.000000	0.000000	0.000000	0.000000	0.000000	0.000000
0.000000	0.000000	0.000000	0.000000	0.000000	0.000000
0.000000	0.000000	0.000000	0.000000	0.000000	0.000000
0.000000	0.000000	0.000000	0.000000	0.000000	0.000000
0.000000	0.000000	0.000000	0.000000	0.000000	0.000000
0.000000	0.000000	0.000000	0.000000	0.000000	0.000000
0.000000	0.000000	0.000000	0.000000	0.000000	0.000000
0.000000	0.000000	0.000000	0.000000	0.000000	0.000000
0.000000	0.000000	0.000000	0.000000	0.000000	0.000000
0.000000	0.000000	0.000000	0.000000	0.000000	0.000000
0.000000	0.000000	0.000000	0.000000	0.000000	0.000000
0.000000	0.000000	0.000000	0.000000	0.000000	0.000000
0.000000	0.000000	0.000000	0.000000	0.000000	0.000000
0.000000	0.000000	0.000000	0.000000	0.000000	0.000000
0.000000	0.000000	0.000000	0.000000	0.000000	0.000000
0.000000	0.000000	0.000000	0.000000	0.000000	0.000000
0.000000	0.000000	0.000000	0.000000	0.000000	0.000000
0.000000	0.000000	0.000000	0.000000	0.000000	0.000000
0.000000	0.000000	0.000000	0.000000	0.000000	0.000000
0.000000	0.000000	0.000000	0.000000	0.000000	0.000000
0.000000	0.000000	0.000000	0.000000	0.000000	0.000000
0.000000	0.000000	0.000000	0.000000	0.000000	0.000000
0.000000	0.000000	0.000000	0.000000	0.000000	0.000000
0.000000	0.000000	0.000000	0.000000	0.000000	0.000000
0.000000	0.000000	0.000000	0.000000	0.000000	0.000000
0.000000	0.000000	0.000000	0.000000	0.000000	0.000000
0.000000	0.000000	0.000000	0.000000	0.000000	0.000000
0.000000	0.000000	0.000000	0.000000	0.000000	0.000000
0.000000	0.000000	0.000000	0.000000	0.000000	0.000000
0.000000	0.000000	0.000000	0.000000	0.000000	0.000000
0.000000	0.000000	0.000000	0.000000	0.000000	0.000000
0.000000	0.000000	0.000000	0.000000	0.000000	0.000000
0.000000	0.000000	0.000000	0.000000	0.000000	0.000000
0.000000	0.000000	0.000000	0.000000	0.000000	0.000000
0.000000	0.000000	0.000000	0.000000	0.000000	0.000000
0.000000	0.000000	0.000000	0.000000	0.000000	0.000000
0.000000	0.000000	0.000000	0.000000	0.000000	0.000000
0.000000	0.000000	0.000000	0.000000	0.000000	0.000000
0.000000	0.000000	0.000000	0.000000	0.000000	0.000000
0.000000	0.000000	0.000000	0.000000	0.000000	0.000000
0.000000	0.000000	0.000000	0.000000	0.000000	0.000000
0.000000	0.000000	0.000000	0.000000	0.000000	0.000000
0.000000	0.000000	0.000000	0.000000	0.000000	0.000000
0.000000	0.000000	0.000000	0.000000	0.000000	0.000000
0.000000	0.000000	0.000000	0.000000	0.000000	0.000000
0.000000	0.000000	0.000000	0.000000	0.000000	0.000000
0.000000	0.000000	0.000000	0.000000	0.000000	0.000000
0.000000	0.000000	0.000000	0.000000	0.000000	0.000000
0.000000	0.000000	0.000000	0.000000	0.000000	0.000000
0.000000	0.000000	0.000000	0.000000	0.000000	0.000000
0.000000	0.000000	0.000000	0.000000	0.000000	0.000000
0.000000	0.000000	0.000000	0.000000	0.000000	0.000000
0.000000	0.000000	0.000000	0.000000	0.000000	0.000000
0.000000	0.000000	0.000000	0.000000	0.000000	0.000000
0.000000	0.000000	0.000000	0.000000	0.000000	0.000000
0.000000	0.000000	0.000000	0.000000	0.000000	0.000000
0.000000	0.000000	0.000000	0.000000	0.000000	0.000000
0.000000	0.000000	0.000000	0.000000	0.000000	0.000000
0.000000	0.000000	0.000000	0.000000	0.000000	0.000000
0.000000	0.000000	0.000000	0.000000	0.000000	0.000000
0.000000	0.000000	0.000000	0.000000	0.000000	0.000000
0.000000	0.000000	0.000000	0.000000	0.000000	0.000000
0.000000	0.000000	0.000000	0.000000	0.000000	0.000000
0.000000	0.000000	0.000000	0.000000	0.000000	0.000000
0.000000	0.000000	0.000000	0.000000	0.000000	0.000000
0.000000	0.000000	0.000000	0.000000	0.000000	0.000000
0.000000	0.000000	0.000000	0.000000	0.000000	0.000000
0.000000	0.000000	0.000000	0.000000	0.000000	0.000000
0.000000	0.000000	0.000000	0.000000	0.000000	0.000000
0.000000	0.000000	0.000000	0.000000	0.000000	0.000000
0.000000	0.000000	0.000000	0.000000	0.000000	0.000000
0.000000	0.000000	0.000000	0.000000	0.000000	0.000000
0.000000	0.000000	0.000000	0.000000	0.000000	0.000000
0.000000	0.000000	0.000000	0.000000	0.000000	0.000000
0.000000	0.000000	0.000000	0.000000	0.000000	0.000000
0.000000	0.000000	0.000000	0.000000	0.000000	0.000000
0.000000	0.000000	0.000000	0.000000	0.000000	0.000000
0.000000	0.000000	0.000000	0.000000	0.000000	0.000000
0.000000	0.000000	0.000000	0.000000	0.000000	0.000000
0.000000	0.000000	0.000000	0.000000	0.000000	0.000000
0.000000	0.000000	0.000000	0.000000	0.000000	0.000000
0.000000	0.000000	0.000000	0.000000	0.000000	0.000000
0.000000	0.000000	0.000000	0.000000	0.000000	0.000000
0.000000	0.000000	0.000000	0.000000	0.000000	0.000000
0.000000	0.000000	0.000000	0.000000	0.000000	0.000000
0.000000	0.000000	0.000000	0.000000	0.000000	0.000000
0.000000	0.000000	0.000000	0.000000	0.000000	0.000000
0.000000	0.000000	0.000000	0.000000	0.000000	0.000000
0.000000	0.000000	0.000000	0.000000	0.000000	0.000000
0.000000	0.000000	0.000000	0.000000	0.000000	0.000000
0.000000	0.000000	0.000000	0.000000	0.000000	0.000000
0.000000	0.000000	0.000000	0.000000	0.000000	0.000000
0.000000	0.000000	0.000000	0.000000	0.000000	0.000000
0.000000	0.000000	0.000000	0.000000	0.000000	0.000000
0.000000	0.000000	0.000000	0.000000	0.000000	0.000000
0.000000	0.000000	0.000000	0.000000	0.000000	0.000000
0.000000	0.000000	0.000000	0.000000	0.000000	0.000000
0.000000	0.000000	0.000000	0.000000	0.000000	0.000000
0.000000	0.000000	0.000000	0.000000	0.000000	0.000000
0.000000	0.000000	0.000000	0.000000	0.000000	0.000000
0.000000	0.000000	0.000000	0.000000	0.000000	0.000000
0.000000	0.000000	0.000000	0.000000	0.000000	0.000000
0.000000	0.000000	0.000000	0.000000	0.000000	0.000000
0.000000	0.000000	0.000000	0.000000	0.000000	0.000000
0.000000	0.000000	0.000000	0.000000	0.000000	0.000000
0.000000	0.000000	0.000000	0.000000	0.000000	0.000000
0.000000	0.000000	0.000000	0.000000	0.000000	0.000000
0.000000	0.000000	0.000000	0.000000	0.000000	0.000000
0.000000	0.000000	0.000000	0.000000	0.000000	0.000000
0.000000	0.000000	0.000000	0.000000	0.000000	0.000000
0.000000	0.000000	0.000000	0.000000	0.000000	0.000000
0.000000	0.000000	0.000000	0.000000	0.000000	0.000000
0.000000	0.000000	0.000000	0.000000	0.000000	0.000000
0.000000	0.000000	0.000000	0.000000	0.000000	0.000000
0.000000	0.000000	0.000000	0.000000	0.000000	0.000000
0.000000	0.000000	0.000000	0.000000	0.000000	0.000000
0.000000	0.000000	0.000000	0.000000	0.000000	0.000000
0.000000	0.000000	0.000000	0.000000	0.000000	0.000000
0.000000	0.000000	0.000000	0.000000	0.000000	0.000000
0.000000	0.000000	0.000000	0.000000	0.000000	0.000000
0.000000	0.000000	0.000000	0.000000	0.000000	0.000000
0.000000	0.000000	0.000000	0.000000	0.000000	0.000000
0.000000	0.000000	0.000000	0.000000	0.000000	0.000000
0.000000	0.000000	0.000000	0.000000	0.000000	0.000000
0.000000	0.000000	0.000000	0.000000	0.000000	0.000000
0.000000	0.000000	0.000000	0.000000	0.000000	0.000000
0.000000	0.000000	0.000000	0.000000	0.000000	0.000000
0.000000	0.000000	0.000000	0.000000	0.000000	0.000000
0.000000	0.000000	0.000000	0.000000	0.000000	0.000000
0.000000	0.000000	0.000000	0.000000	0.000000	0.000000
0.000000	0.000000	0.000000	0.000000	0.000000	0.000000
0.000000	0.000000	0.000000	0.000000	0.000000	0.000000
0.000000	0.000000	0.000000	0.000000	0.000000	0.000000
0.000000	0.000000	0.000000	0.000000	0.000000	0.000000
0.000000	0.000000	0.000000	0.000000	0.000000	0.000000
0.000000	0.000000	0.000000	0.000000	0.000000	0.000000
0.000000	0.000000	0.000000	0.000000	0.000000	0.000000
0.000000	0.000000	0.000000	0.000000	0.000000	0.000000
0.000000	0.000000	0.000000	0.000000	0.000000	0.000000
0.000000	0.000000	0.000000	0.000000	0.000000	0.000000
0.000000	0.000000	0.000000	0.000000	0.000000	0.000000
0.000000	0.000000	0.000000	0.000000	0.000000	0.000000
0.000000	0.000000	0.000000	0.000000	0.000000	0.000000
0.000000	0.000000	0.000000	0.000000	0.000000	0.000000
0.000000	0.000000	0.000000	0.000000	0.000000	0.000000
0.000000	0.000000	0.000000	0.000000	0.000000	0.000000
0.000000	0.000000	0.000000	0.000000	0.000000	0.000000
0.000000	0.000000	0.000000	0.000000	0.000000	0.000000
0.000000	0.000000	0.000000	0.000000	0.000000	0.000000
0.000000	0.000000	0.000000	0.000000	0.000000	0.000000
0.000000	0.000000	0.000000	0.000000	0.000000	0.000000
0.000000	0.000000	0.000000	0.000000	0.000000	0.000000
0.000000	0.000000	0.000000	0.000000	0.000000	0.000000
0.000000	0.000000	0.000000	0.000000	0.000000	0.000000
0.000000	0.000000	0.000000	0.000000	0.000000	0.000000
0.000000	0.000000	0.000000	0.000000	0.000000	0.000000
0.000000	0.000000	0.000000	0.000000	0.000000	0.000000
0.000000	0.000000	0.000000	0.000000	0.000000	0.000000
0.000000	0.000000	0.000000	0.000000	0.000000	0.000000
0.000000	0.000000	0.000000	0.000000	0.000000	0.000000
0.000000	0.000000	0.000000	0.000000	0.000000	0.000000
0.000000	0.000000	0.000000	0.000000	0.000000	0.000000
0.000000	0.000000	0.000000	0.000000	0.000000	0.000000
0.000000	0.000000	0.000000	0.000000	0.000000	0.000000
0.000000	0.000000	0.000000	0.000000	0.000000	0.000000
0.000000	0.000000	0.000000	0.000000	0.000000	0.000000
0.000000	0.000000	0.000000	0.000000	0.000000	0.000000
0.000000	0.000000	0.000000	0.000000	0.000000	0.000000
0.000000	0.000000	0.000000	0.000000	0.000000	0.000000
