10.000000	10.000000	10.000000	10.000000	10.000000	10.000000
23.386778	10.014258	4.607622	0.000000	7.827846	14.040304
28.422055	10.163384	8.948804	0.000000	6.783608	16.942688
34.988705	11.123414	9.547493	0.000000	11.033133	22.652337
38.742707	14.744112	8.882900	0.000000	12.855053	27.966760
47.245756	16.326213	6.334862	0.000000	15.673538	32.229670
55.454591	20.662325	6.306110	0.000000	18.728696	37.007515
65.147145	22.173662	8.534330	0.000000	23.617041	35.991905
79.455095	21.005857	11.196211	0.000000	30.742354	37.801503
90.097207	14.693663	14.946223	0.000000	44.791772	42.484233
94.966862	3.640809	25.728632	0.000000	58.820730	53.454842
94.844160	0.000000	44.133169	0.000000	70.665094	73.400598
94.438201	0.000000	68.836074	0.000000	74.951366	100.000000
94.443301	0.000000	95.022697	0.000000	68.264715	100.000000
94.847831	0.000000	100.000000	0.000000	61.177438	100.000000
94.500643	0.000000	100.000000	0.000000	54.780052	100.000000
94.242241	0.000000	100.000000	0.000000	48.332483	100.000000
93.747331	0.000000	100.000000	0.000000	41.619636	100.000000
94.062478	0.000000	100.000000	0.000000	34.733168	100.000000
94.323936	0.000000	100.000000	0.000000	27.802339	100.000000
94.249059	0.000000	100.000000	0.000000	21.176933	100.000000
94.516537	0.000000	100.000000	0.000000	14.941623	100.000000
94.364440	0.000000	100.000000	0.000000	8.006210	100.000000
94.721258	0.000000	100.000000	0.000000	1.908975	100.000000
96.659541	0.000000	100.000000	0.000000	0.277840	100.000000
96.683328	0.000000	100.000000	0.000000	1.956145	100.000000
100.000000	0.000000	100.000000	0.000000	0.000000	100.000000
100.000000	0.000000	100.000000	0.000000	0.000000	100.000000
100.000000	0.000000	100.000000	0.000000	0.000000	100.000000
100.000000	0.000000	100.000000	0.000000	0.000000	100.000000
100.000000	0.000000	99.996078	0.000000	0.000000	100.000000
99.958251	0.000000	100.000000	0.000000	0.000000	100.000000
99.954113	0.000000	99.951157	0.000000	0.000000	100.000000
100.000000	0.000000	100.000000	0.000000	0.000000	100.000000
99.936424	0.000000	99.864161	0.000000	0.000000	100.000000
99.616314	0.000000	99.719388	0.000000	0.000000	100.000000
99.634300	0.000000	99.617381	0.000000	0.000000	100.000000
99.588111	0.000000	99.611640	0.000000	0.000000	100.000000
99.798949	0.000000	99.294043	0.000000	0.000000	100.000000
99.641569	0.000000	98.993882	0.000000	0.000000	100.000000
99.690520	0.000000	99.061818	0.000000	0.000000	100.000000
99.674626	0.000000	98.873706	0.000000	0.000000	100.000000
100.000000	0.000000	98.862763	0.000000	0.000000	100.000000
100.000000	0.000000	98.937284	0.000000	0.000000	100.000000
100.000000	0.000000	98.929924	0.000000	0.000000	100.000000
99.955165	0.000000	98.893408	0.000000	0.000000	100.000000
100.000000	0.000000	98.670482	0.000000	0.000000	100.000000
99.875751	0.000000	98.536590	0.000000	0.000000	100.000000
99.910719	0.000000	98.647262	0.000000	0.000000	100.000000
99.751901	0.000000	98.622131	0.000000	0.000000	100.000000
99.696518	0.000000	98.520471	0.000000	0.000000	100.000000
99.307815	0.000000	98.713213	0.000000	0.000000	100.000000
99.665491	0.000000	98.935131	0.000000	0.000000	100.000000
99.571721	0.000000	98.987861	0.000000	0.000000	100.000000
99.543148	0.000000	99.067517	0.000000	0.000000	100.000000
99.578539	0.000000	99.091126	0.000000	0.000000	100.000000
99.687878	0.000000	98.841185	0.000000	0.000000	100.000000
99.690708	0.000000	98.363418	0.000000	0.000000	100.000000
99.827019	0.000000	98.377525	0.000000	0.000000	100.000000
99.898464	0.000000	98.248848	0.000000	0.000000	100.000000
100.000000	0.000000	98.479608	0.000000	0.000000	100.000000
99.919819	0.000000	98.271233	0.000000	0.000000	100.000000
100.000000	0.000000	98.016180	0.000000	0.000000	100.000000
99.742527	0.000000	98.091529	0.000000	0.000000	100.000000
100.000000	0.000000	98.106663	0.000000	0.000000	100.000000
99.952084	0.000000	98.198990	0.000000	0.000000	100.000000
100.000000	0.000000	98.071715	0.000000	0.000000	100.000000
99.827764	0.000000	98.032003	0.000000	0.000000	100.000000
100.000000	0.000000	98.157639	0.000000	0.000000	100.000000
100.000000	0.000000	98.078248	0.000000	0.000000	100.000000
99.765874	0.000000	98.192515	0.000000	0.000000	100.000000
99.508109	0.000000	98.365689	0.000000	0.000000	100.000000
99.350481	0.000000	98.381471	0.000000	0.000000	100.000000
99.169906	0.000000	98.015923	0.000000	0.000000	100.000000
99.340100	0.000000	98.411034	0.000000	0.000000	100.000000
99.403175	0.000000	98.379111	0.000000	0.000000	100.000000
99.407280	0.000000	98.415373	0.000000	0.000000	100.000000
99.391167	0.000000	98.520494	0.000000	0.000000	100.000000
99.427303	0.000000	98.507489	0.000000	0.000000	100.000000
99.785114	0.000000	98.488231	0.000000	0.000000	100.000000
99.597856	0.000000	98.700999	0.000000	0.000000	100.000000
99.656122	0.000000	98.904782	0.000000	0.000000	100.000000
99.471456	0.000000	98.923331	0.000000	0.000000	100.000000
99.336041	0.000000	99.209190	0.000000	0.000000	100.000000
99.261788	0.000000	99.031056	0.000000	0.000000	100.000000
98.995726	0.000000	99.274976	0.000000	0.000000	100.000000
98.968137	0.000000	99.217634	0.000000	0.000000	100.000000
99.040519	0.000000	99.207646	0.000000	0.000000	100.000000
99.171278	0.000000	99.259887	0.000000	0.000000	100.000000
99.086686	0.000000	99.210040	0.000000	0.000000	100.000000
99.118187	0.000000	99.212409	0.000000	0.000000	100.000000
99.061968	0.000000	99.415019	0.000000	0.000000	100.000000
99.258295	0.000000	99.489381	0.000000	0.000000	100.000000
99.477684	0.000000	99.433645	0.000000	0.000000	100.000000
99.376954	0.000000	99.258008	0.000000	0.000000	100.000000
99.181981	0.000000	99.178223	0.000000	0.000000	100.000000
99.471809	0.000000	99.059571	0.000000	0.000000	100.000000
99.453926	0.000000	99.101674	0.000000	0.000000	100.000000
99.317252	0.000000	98.692526	0.000000	0.000000	100.000000
99.489982	0.000000	98.415207	0.000000	0.000000	100.000000
99.706789	0.000000	98.617599	0.000000	0.000000	100.000000
99.856060	0.000000	98.546912	0.000000	0.000000	100.000000
99.734892	0.000000	98.499635	0.000000	0.000000	100.000000
99.751768	0.000000	98.120982	0.000000	0.000000	100.000000
99.840512	0.000000	97.929146	0.000000	0.000000	100.000000
99.807632	0.000000	97.470079	0.000000	0.000000	100.000000
99.917751	0.000000	97.366668	0.000000	0.000000	100.000000
99.861311	0.000000	97.510234	0.000000	0.000000	100.000000
99.768541	0.000000	97.308752	0.000000	0.000000	100.000000
99.838410	0.000000	97.704949	0.000000	0.000000	100.000000
99.535008	0.000000	97.700843	0.000000	0.000000	100.000000
99.441711	0.000000	97.685236	0.000000	0.000000	100.000000
99.586512	0.000000	97.595105	0.000000	0.000000	100.000000
100.000000	0.000000	97.627274	0.000000	0.000000	100.000000
99.916072	0.000000	97.893954	0.000000	0.000000	100.000000
99.793288	0.000000	97.786875	0.000000	0.000000	100.000000
99.479707	0.000000	97.850390	0.000000	0.000000	100.000000
99.605985	0.000000	97.919584	0.000000	0.000000	100.000000
99.827277	0.000000	98.293394	0.000000	0.000000	100.000000
99.887367	0.000000	98.515923	0.000000	0.000000	100.000000
99.793898	0.000000	98.615303	0.000000	0.000000	100.000000
99.864312	0.000000	98.638324	0.000000	0.000000	100.000000
99.770678	0.000000	98.875988	0.000000	0.000000	100.000000
99.775583	0.000000	99.022401	0.000000	0.000000	100.000000
99.824147	0.000000	98.649444	0.000000	0.000000	100.000000
99.582683	0.000000	98.865209	0.000000	0.000000	100.000000
99.874223	0.000000	98.678659	0.000000	0.000000	100.000000
99.878774	0.000000	98.591630	0.000000	0.000000	100.000000
99.859506	0.000000	98.940559	0.000000	0.000000	100.000000
100.000000	0.000000	98.818289	0.000000	0.000000	100.000000
99.972508	0.000000	98.734361	0.000000	0.000000	100.000000
100.000000	0.000000	98.806447	0.000000	0.000000	100.000000
99.986132	0.000000	98.684913	0.000000	0.000000	100.000000
99.855483	0.000000	98.550850	0.000000	0.000000	100.000000
99.845261	0.000000	98.415032	0.000000	0.000000	100.000000
99.775402	0.000000	98.523742	0.000000	0.000000	100.000000
99.852404	0.000000	98.377237	0.000000	0.000000	100.000000
99.588560	0.000000	98.491351	0.000000	0.000000	100.000000
99.713868	0.000000	98.569593	0.000000	0.000000	100.000000
99.667558	0.000000	98.214651	0.000000	0.000000	100.000000
99.444466	0.000000	98.198935	0.000000	0.000000	100.000000
99.357879	0.000000	98.282154	0.000000	0.000000	100.000000
99.347595	0.000000	98.463916	0.000000	0.000000	100.000000
99.459619	0.000000	98.150071	0.000000	0.000000	100.000000
99.197917	0.000000	98.208527	0.000000	0.000000	100.000000
99.607954	0.000000	98.045195	0.000000	0.000000	100.000000
99.810576	0.000000	98.253383	0.000000	0.000000	100.000000
99.908231	0.000000	98.414873	0.000000	0.000000	100.000000
99.872793	0.000000	98.264342	0.000000	0.000000	100.000000
99.973653	0.000000	98.408658	0.000000	0.000000	100.000000
99.844184	0.000000	98.609942	0.000000	0.000000	100.000000
99.684790	0.000000	98.531791	0.000000	0.000000	100.000000
99.644094	0.000000	98.744338	0.000000	0.000000	100.000000
99.629055	0.000000	98.583217	0.000000	0.000000	100.000000
99.348056	0.000000	98.533567	0.000000	0.000000	100.000000
99.332510	0.000000	98.499796	0.000000	0.000000	100.000000
99.255929	0.000000	98.677524	0.000000	0.000000	100.000000
99.334851	0.000000	98.536044	0.000000	0.000000	100.000000
99.428878	0.000000	98.324876	0.000000	0.000000	100.000000
99.503603	0.000000	98.093036	0.000000	0.000000	100.000000
99.445158	0.000000	98.121145	0.000000	0.000000	100.000000
99.292554	0.000000	98.070228	0.000000	0.000000	100.000000
99.085657	0.000000	97.867977	0.000000	0.000000	100.000000
98.905495	0.000000	97.835352	0.000000	0.000000	100.000000
98.834104	0.000000	97.599613	0.000000	0.000000	100.000000
99.037798	0.000000	97.569748	0.000000	0.000000	100.000000
98.887049	0.000000	97.246752	0.000000	0.000000	100.000000
98.807846	0.000000	96.931263	0.000000	0.000000	100.000000
98.326732	0.000000	97.224519	0.000000	0.000000	100.000000
98.569477	0.000000	97.242705	0.000000	0.000000	100.000000
98.569656	0.000000	97.320272	0.000000	0.000000	100.000000
98.628843	0.000000	97.093709	0.000000	0.000000	100.000000
98.532115	0.000000	97.260477	0.000000	0.000000	100.000000
98.048058	0.000000	97.150762	0.000000	0.000000	100.000000
97.913548	0.000000	97.252399	0.000000	0.000000	100.000000
97.969347	0.000000	97.437904	0.000000	0.000000	100.000000
97.787617	0.000000	97.990379	0.000000	0.000000	100.000000
97.687511	0.000000	97.757646	0.000000	0.000000	100.000000
97.403188	0.000000	97.881471	0.000000	0.000000	100.000000
97.405526	0.000000	97.809525	0.000000	0.000000	100.000000
97.448679	0.000000	97.890520	0.000000	0.000000	100.000000
97.495822	0.000000	97.830897	0.000000	0.000000	100.000000
97.545094	0.000000	97.894496	0.000000	0.000000	100.000000
97.422641	0.000000	97.930725	0.000000	0.000000	100.000000
97.101308	0.000000	98.000253	0.000000	0.000000	100.000000
97.179070	0.000000	97.928088	0.000000	0.000000	100.000000
97.420683	0.000000	97.603086	0.000000	0.000000	100.000000
97.319290	0.000000	97.580707	0.000000	0.000000	100.000000
97.275647	0.000000	97.236110	0.000000	0.000000	100.000000
97.468463	0.000000	97.254127	0.000000	0.000000	100.000000
97.585597	0.000000	97.215636	0.000000	0.000000	100.000000
97.596157	0.000000	97.409208	0.000000	0.000000	100.000000
97.483900	0.000000	97.378388	0.000000	0.000000	100.000000
97.172301	0.000000	97.030725	0.000000	0.000000	100.000000
97.213728	0.000000	97.120247	0.000000	0.000000	100.000000
97.624495	0.000000	97.321237	0.000000	0.000000	100.000000
97.888292	0.000000	97.295943	0.000000	0.000000	100.000000
98.001142	0.000000	97.427989	0.000000	0.000000	100.000000
97.967809	0.000000	97.529932	0.000000	0.000000	100.000000
97.881522	0.000000	97.208653	0.000000	0.000000	100.000000
97.966431	0.000000	97.023834	0.000000	0.000000	100.000000
98.054931	0.000000	97.068554	0.000000	0.000000	100.000000
97.963880	0.000000	97.012288	0.000000	0.000000	100.000000
97.889219	0.000000	97.133822	0.000000	0.000000	100.000000
97.570880	0.000000	97.078885	0.000000	0.000000	100.000000
97.519695	0.000000	97.493398	0.000000	0.000000	100.000000
97.775558	0.000000	97.607173	0.000000	0.000000	100.000000
97.529323	0.000000	97.645121	0.000000	0.000000	100.000000
97.311262	0.000000	97.643497	0.000000	0.000000	100.000000
97.167546	0.000000	97.945627	0.000000	0.000000	100.000000
97.178220	0.000000	97.794508	0.000000	0.000000	100.000000
97.074468	0.000000	97.711327	0.000000	0.000000	100.000000
96.913494	0.000000	97.455279	0.000000	0.000000	100.000000
96.822103	0.000000	97.593679	0.000000	0.000000	100.000000
96.971851	0.000000	97.539830	0.000000	0.000000	100.000000
96.901738	0.000000	97.556282	0.000000	0.000000	100.000000
96.580032	0.000000	97.406691	0.000000	0.000000	100.000000
96.071483	0.000000	97.489770	0.000000	0.000000	100.000000
96.134209	0.000000	97.377909	0.000000	0.000000	100.000000
96.369178	0.000000	97.616621	0.000000	0.000000	100.000000
96.434009	0.000000	97.887322	0.000000	0.000000	100.000000
96.631544	0.000000	97.559740	0.000000	0.000000	100.000000
96.780155	0.000000	97.702142	0.000000	0.000000	100.000000
97.050486	0.000000	97.994833	0.000000	0.000000	100.000000
97.078713	0.000000	97.760525	0.000000	0.000000	100.000000
97.147630	0.000000	97.630540	0.000000	0.000000	100.000000
97.244964	0.000000	97.796493	0.000000	0.000000	100.000000
97.439273	0.000000	97.841254	0.000000	0.000000	100.000000
97.397518	0.000000	97.911177	0.000000	0.000000	100.000000
97.534740	0.000000	98.164018	0.000000	0.000000	100.000000
97.325947	0.000000	98.478885	0.000000	0.000000	100.000000
97.348660	0.000000	98.427357	0.000000	0.000000	100.000000
97.228380	0.000000	98.383692	0.000000	0.000000	100.000000
97.236806	0.000000	98.372323	0.000000	0.000000	100.000000
97.473130	0.000000	98.592275	0.000000	0.000000	100.000000
97.324447	0.000000	98.552340	0.000000	0.000000	100.000000
97.270632	0.000000	98.453364	0.000000	0.000000	100.000000
97.491967	0.000000	98.408977	0.000000	0.000000	100.000000
97.511298	0.000000	98.009251	0.000000	0.000000	100.000000
97.657480	0.000000	97.969444	0.000000	0.000000	100.000000
97.586525	0.000000	98.005242	0.000000	0.000000	100.000000
97.384804	0.000000	98.068648	0.000000	0.000000	100.000000
97.060543	0.000000	98.180058	0.000000	0.000000	100.000000
97.133085	0.000000	98.301780	0.000000	0.000000	100.000000
97.204117	0.000000	98.543937	0.000000	0.000000	100.000000
97.380863	0.000000	98.532891	0.000000	0.000000	100.000000
97.570479	0.000000	98.684492	0.000000	0.000000	100.000000
97.682990	0.000000	98.752642	0.000000	0.000000	100.000000
97.607582	0.000000	98.838363	0.000000	0.000000	100.000000
97.840082	0.000000	98.797460	0.000000	0.000000	100.000000
97.819574	0.000000	98.711791	0.000000	0.000000	100.000000
97.960433	0.000000	98.740858	0.000000	0.000000	100.000000
97.762794	0.000000	99.059079	0.000000	0.000000	100.000000
97.751438	0.000000	99.360368	0.000000	0.000000	100.000000
97.902703	0.000000	99.397780	0.000000	0.000000	100.000000
97.956353	0.000000	99.246919	0.000000	0.000000	100.000000
97.742093	0.000000	99.235458	0.000000	0.000000	100.000000
97.899698	0.000000	99.102779	0.000000	0.000000	100.000000
97.969769	0.000000	98.993207	0.000000	0.000000	100.000000
98.265845	0.000000	98.932421	0.000000	0.000000	100.000000
98.240781	0.000000	98.956236	0.000000	0.000000	100.000000
98.073158	0.000000	98.993804	0.000000	0.000000	100.000000
98.068696	0.000000	99.104908	0.000000	0.000000	100.000000
97.751169	0.000000	99.011200	0.000000	0.000000	100.000000
97.804490	0.000000	99.186658	0.000000	0.000000	100.000000
97.844910	0.000000	99.084959	0.000000	0.000000	100.000000
97.896233	0.000000	99.053110	0.000000	0.000000	100.000000
97.721842	0.000000	99.008763	0.000000	0.000000	100.000000
97.710761	0.000000	99.129793	0.000000	0.000000	100.000000
97.725043	0.000000	99.075621	0.000000	0.000000	100.000000
97.722863	0.000000	99.078248	0.000000	0.000000	100.000000
97.637287	0.000000	98.993811	0.000000	0.000000	100.000000
97.727202	0.000000	98.943030	0.000000	0.000000	100.000000
97.636920	0.000000	99.063205	0.000000	0.000000	100.000000
97.880999	0.000000	99.133486	0.000000	0.000000	100.000000
97.760163	0.000000	99.081253	0.000000	0.000000	100.000000
97.854049	0.000000	98.983805	0.000000	0.000000	100.000000
97.522923	0.000000	99.058869	0.000000	0.000000	100.000000
97.558792	0.000000	99.235212	0.000000	0.000000	100.000000
97.611959	0.000000	99.439663	0.000000	0.000000	100.000000
97.633955	0.000000	99.751084	0.000000	0.000000	100.000000
97.861616	0.000000	99.746125	0.000000	0.000000	100.000000
97.974773	0.000000	99.582187	0.000000	0.000000	100.000000
97.698062	0.000000	99.885280	0.000000	0.000000	100.000000
97.793583	0.000000	100.000000	0.000000	0.000000	100.000000
97.956078	0.000000	100.000000	0.000000	0.000000	100.000000
97.791160	0.000000	100.000000	0.000000	0.000000	100.000000
97.913409	0.000000	100.000000	0.000000	0.000000	100.000000
97.789379	0.000000	100.000000	0.000000	0.000000	100.000000
97.969811	0.000000	99.972270	0.000000	0.000000	100.000000
97.799352	0.000000	99.854224	0.000000	0.000000	100.000000
98.177471	0.000000	99.940761	0.000000	0.000000	100.000000
98.454327	0.000000	99.970756	0.000000	0.000000	100.000000
98.218755	0.000000	99.546683	0.000000	0.000000	100.000000
97.944704	0.000000	99.560562	0.000000	0.000000	100.000000
98.268823	0.000000	99.351455	0.000000	0.000000	100.000000
98.270293	0.000000	99.035037	0.000000	0.000000	100.000000
98.274691	0.000000	99.001345	0.000000	0.000000	100.000000
98.413447	0.000000	98.973350	0.000000	0.000000	100.000000
98.608575	0.000000	99.030302	0.000000	0.000000	100.000000
98.713517	0.000000	98.823832	0.000000	0.000000	100.000000
98.268249	0.000000	98.738167	0.000000	0.000000	100.000000
98.101810	0.000000	98.905055	0.000000	0.000000	100.000000
98.129604	0.000000	99.059161	0.000000	0.000000	100.000000
98.655896	0.000000	99.106678	0.000000	0.000000	100.000000
98.527542	0.000000	99.501041	0.000000	0.000000	100.000000
98.725887	0.000000	99.615970	0.000000	0.000000	100.000000
98.789937	0.000000	99.618994	0.000000	0.000000	100.000000
98.716759	0.000000	99.665335	0.000000	0.000000	100.000000
99.167940	0.000000	99.513334	0.000000	0.000000	100.000000
99.071485	0.000000	99.498861	0.000000	0.000000	100.000000
99.072997	0.000000	99.435125	0.000000	0.000000	100.000000
99.194870	0.000000	99.609535	0.000000	0.000000	100.000000
99.074902	0.000000	99.845175	0.000000	0.000000	100.000000
98.876181	0.000000	99.987925	0.000000	0.000000	100.000000
99.011059	0.000000	100.000000	0.000000	0.000000	100.000000
99.084765	0.000000	99.931991	0.000000	0.000000	100.000000
99.363846	0.000000	100.000000	0.000000	0.000000	100.000000
99.341561	0.000000	100.000000	0.000000	0.000000	100.000000
99.127353	0.000000	100.000000	0.000000	0.000000	100.000000
98.955573	0.000000	100.000000	0.000000	0.000000	100.000000
98.927098	0.000000	100.000000	0.000000	0.000000	100.000000
98.726564	0.000000	100.000000	0.000000	0.000000	100.000000
98.770299	0.000000	99.874427	0.000000	0.000000	100.000000
98.396204	0.000000	100.000000	0.000000	0.000000	100.000000
98.442070	0.000000	99.820256	0.000000	0.000000	100.000000
98.445636	0.000000	99.782409	0.000000	0.000000	100.000000
98.627717	0.000000	99.875850	0.000000	0.000000	100.000000
98.458035	0.000000	99.911181	0.000000	0.000000	100.000000
98.457034	0.000000	100.000000	0.000000	0.000000	100.000000
98.669153	0.000000	100.000000	0.000000	0.000000	100.000000
98.565852	0.000000	99.808267	0.000000	0.000000	100.000000
98.744244	0.000000	99.606791	0.000000	0.000000	100.000000
98.786898	0.000000	99.719165	0.000000	0.000000	100.000000
99.042554	0.000000	99.796289	0.000000	0.000000	100.000000
98.908051	0.000000	100.000000	0.000000	0.000000	100.000000
98.914562	0.000000	99.939273	0.000000	0.000000	100.000000
99.017092	0.000000	99.629719	0.000000	0.000000	100.000000
99.006721	0.000000	99.673958	0.000000	0.000000	100.000000
99.067704	0.000000	99.566805	0.000000	0.000000	100.000000
99.210677	0.000000	99.539805	0.000000	0.000000	100.000000
99.270906	0.000000	99.571300	0.000000	0.000000	100.000000
99.568253	0.000000	99.810046	0.000000	0.000000	100.000000
99.652263	0.000000	100.000000	0.000000	0.000000	100.000000
99.719278	0.000000	99.960252	0.000000	0.000000	100.000000
99.691144	0.000000	100.000000	0.000000	0.000000	100.000000
99.763268	0.000000	100.000000	0.000000	0.000000	100.000000
99.290587	0.000000	100.000000	0.000000	0.000000	100.000000
99.335622	0.000000	100.000000	0.000000	0.000000	100.000000
99.704810	0.000000	99.973152	0.000000	0.000000	100.000000
99.921240	0.000000	100.000000	0.000000	0.000000	100.000000
99.965338	0.000000	100.000000	0.000000	0.000000	100.000000
100.000000	0.000000	99.798281	0.000000	0.000000	100.000000
99.781019	0.000000	99.965740	0.000000	0.000000	100.000000
99.684730	0.000000	99.831221	0.000000	0.000000	100.000000
99.948592	0.000000	99.696994	0.000000	0.000000	100.000000
99.701576	0.000000	99.571403	0.000000	0.000000	100.000000
99.866923	0.000000	99.660893	0.000000	0.000000	100.000000
99.820687	0.000000	99.908914	0.000000	0.000000	100.000000
99.741347	0.000000	99.781532	0.000000	0.000000	100.000000
99.429224	0.000000	99.552809	0.000000	0.000000	100.000000
99.488459	0.000000	99.531811	0.000000	0.000000	100.000000
99.463554	0.000000	99.255020	0.000000	0.000000	100.000000
99.276479	0.000000	99.106814	0.000000	0.000000	100.000000
99.292268	0.000000	99.138282	0.000000	0.000000	100.000000
99.014407	0.000000	99.111521	0.000000	0.000000	100.000000
98.986924	0.000000	98.890741	0.000000	0.000000	100.000000
98.992180	0.000000	98.798263	0.000000	0.000000	100.000000
99.021307	0.000000	98.875985	0.000000	0.000000	100.000000
98.961362	0.000000	98.861801	0.000000	0.000000	100.000000
99.057587	0.000000	98.898716	0.000000	0.000000	100.000000
98.923558	0.000000	99.011614	0.000000	0.000000	100.000000
98.930975	0.000000	99.083978	0.000000	0.000000	100.000000
98.911078	0.000000	99.355225	0.000000	0.000000	100.000000
99.012125	0.000000	99.542765	0.000000	0.000000	100.000000
98.803786	0.000000	99.846816	0.000000	0.000000	100.000000
98.924098	0.000000	99.632236	0.000000	0.000000	100.000000
98.488290	0.000000	99.278015	0.000000	0.000000	100.000000
98.172713	0.000000	99.189436	0.000000	0.000000	100.000000
97.761595	0.000000	99.085173	0.000000	0.000000	100.000000
97.993034	0.000000	99.113775	0.000000	0.000000	100.000000
98.125155	0.000000	98.965986	0.000000	0.000000	100.000000
97.937736	0.000000	99.312827	0.000000	0.000000	100.000000
97.825111	0.000000	99.439888	0.000000	0.000000	100.000000
98.057170	0.000000	99.269267	0.000000	0.000000	100.000000
98.432766	0.000000	99.332295	0.000000	0.000000	100.000000
98.104111	0.000000	99.183820	0.000000	0.000000	100.000000
98.151098	0.000000	99.385909	0.000000	0.000000	100.000000
98.496922	0.000000	99.302396	0.000000	0.000000	100.000000
98.629494	0.000000	99.497550	0.000000	0.000000	100.000000
98.821082	0.000000	99.228976	0.000000	0.000000	100.000000
98.849097	0.000000	99.310102	0.000000	0.000000	100.000000
98.875073	0.000000	99.288705	0.000000	0.000000	100.000000
98.816441	0.000000	99.397197	0.000000	0.000000	100.000000
99.163527	0.000000	99.203681	0.000000	0.000000	100.000000
99.002986	0.000000	99.128955	0.000000	0.000000	100.000000
99.054086	0.000000	98.930433	0.000000	0.000000	100.000000
98.879486	0.000000	98.915032	0.000000	0.000000	100.000000
98.826164	0.000000	98.788473	0.000000	0.000000	100.000000
98.832360	0.000000	98.910161	0.000000	0.000000	100.000000
98.869031	0.000000	99.009673	0.000000	0.000000	100.000000
98.691142	0.000000	99.018482	0.000000	0.000000	100.000000
98.695334	0.000000	98.965861	0.000000	0.000000	100.000000
98.463172	0.000000	99.132842	0.000000	0.000000	100.000000
98.393416	0.000000	99.436436	0.000000	0.000000	100.000000
98.494732	0.000000	99.768731	0.000000	0.000000	100.000000
98.504496	0.000000	99.921982	0.000000	0.000000	100.000000
98.530628	0.000000	100.000000	0.000000	0.000000	100.000000
98.282459	0.000000	100.000000	0.000000	0.000000	100.000000
98.404104	0.000000	99.821407	0.000000	0.000000	100.000000
98.295032	0.000000	100.000000	0.000000	0.000000	100.000000
98.442386	0.000000	99.922239	0.000000	0.000000	100.000000
98.234480	0.000000	99.920320	0.000000	0.000000	100.000000
98.285153	0.000000	100.000000	0.000000	0.000000	100.000000
98.028238	0.000000	99.802473	0.000000	0.000000	100.000000
98.232585	0.000000	99.799213	0.000000	0.000000	100.000000
98.423132	0.000000	99.815120	0.000000	0.000000	100.000000
98.629577	0.000000	99.894272	0.000000	0.000000	100.000000
98.386325	0.000000	100.000000	0.000000	0.000000	100.000000
98.278619	0.000000	100.000000	0.000000	0.000000	100.000000
98.227086	0.000000	100.000000	0.000000	0.000000	100.000000
98.053991	0.000000	99.788845	0.000000	0.000000	100.000000
98.177496	0.000000	99.402733	0.000000	0.000000	100.000000
98.351936	0.000000	99.279577	0.000000	0.000000	100.000000
98.101342	0.000000	99.167892	0.000000	0.000000	100.000000
98.256299	0.000000	99.517069	0.000000	0.000000	100.000000
98.338304	0.000000	99.589748	0.000000	0.000000	100.000000
98.422134	0.000000	99.643591	0.000000	0.000000	100.000000
98.297273	0.000000	99.739904	0.000000	0.000000	100.000000
98.160960	0.000000	99.828445	0.000000	0.000000	100.000000
98.373967	0.000000	99.488660	0.000000	0.000000	100.000000
98.477263	0.000000	99.581656	0.000000	0.000000	100.000000
98.366355	0.000000	99.606500	0.000000	0.000000	100.000000
98.782576	0.000000	99.313181	0.000000	0.000000	100.000000
98.895298	0.000000	99.515200	0.000000	0.000000	100.000000
99.092461	0.000000	99.340390	0.000000	0.000000	100.000000
98.794226	0.000000	99.244124	0.000000	0.000000	100.000000
98.658130	0.000000	99.103969	0.000000	0.000000	100.000000
98.451439	0.000000	99.070686	0.000000	0.000000	100.000000
98.471503	0.000000	99.082982	0.000000	0.000000	100.000000
98.873293	0.000000	99.095485	0.000000	0.000000	100.000000
99.011771	0.000000	98.862512	0.000000	0.000000	100.000000
98.973596	0.000000	98.836084	0.000000	0.000000	100.000000
99.137842	0.000000	98.589140	0.000000	0.000000	100.000000
99.439833	0.000000	98.808852	0.000000	0.000000	100.000000
99.913605	0.000000	98.924657	0.000000	0.000000	100.000000
99.809108	0.000000	98.736222	0.000000	0.000000	100.000000
99.841062	0.000000	98.660885	0.000000	0.000000	100.000000
99.609609	0.000000	98.796528	0.000000	0.000000	100.000000
99.583914	0.000000	98.689048	0.000000	0.000000	100.000000
99.452942	0.000000	98.968296	0.000000	0.000000	100.000000
99.350913	0.000000	99.021857	0.000000	0.000000	100.000000
99.417059	0.000000	99.164556	0.000000	0.000000	100.000000
99.452224	0.000000	99.080876	0.000000	0.000000	100.000000
99.318008	0.000000	99.311490	0.000000	0.000000	100.000000
98.998705	0.000000	99.230884	0.000000	0.000000	100.000000
98.990491	0.000000	99.256039	0.000000	0.000000	100.000000
98.928465	0.000000	99.291450	0.000000	0.000000	100.000000
98.842828	0.000000	99.156342	0.000000	0.000000	100.000000
98.753993	0.000000	99.505596	0.000000	0.000000	100.000000
98.240538	0.000000	99.509269	0.000000	0.000000	100.000000
98.282507	0.000000	99.424309	0.000000	0.000000	100.000000
98.213561	0.000000	99.304867	0.000000	0.000000	100.000000
98.064525	0.000000	99.373803	0.000000	0.000000	100.000000
98.197116	0.000000	99.530443	0.000000	0.000000	100.000000
98.057934	0.000000	99.350653	0.000000	0.000000	100.000000
97.862570	0.000000	99.268168	0.000000	0.000000	100.000000
97.832502	0.000000	99.114301	0.000000	0.000000	100.000000
97.841123	0.000000	99.052021	0.000000	0.000000	100.000000
97.749389	0.000000	99.032363	0.000000	0.000000	100.000000
97.737548	0.000000	98.918831	0.000000	0.000000	100.000000
97.976967	0.000000	99.108322	0.000000	0.000000	100.000000
98.032446	0.000000	99.360053	0.000000	0.000000	100.000000
97.953036	0.000000	99.249877	0.000000	0.000000	100.000000
97.905426	0.000000	99.034393	0.000000	0.000000	100.000000
97.836949	0.000000	99.297921	0.000000	0.000000	100.000000
97.934082	0.000000	99.540522	0.000000	0.000000	100.000000
97.811272	0.000000	99.393349	0.000000	0.000000	100.000000
97.588295	0.000000	99.677681	0.000000	0.000000	100.000000
97.443138	0.000000	99.522905	0.000000	0.000000	100.000000
97.458519	0.000000	99.531242	0.000000	0.000000	100.000000
97.143483	0.000000	99.758060	0.000000	0.000000	100.000000
97.249746	0.000000	99.422676	0.000000	0.000000	100.000000
97.311224	0.000000	99.566469	0.000000	0.000000	100.000000
97.263060	0.000000	99.651759	0.000000	0.000000	100.000000
97.224544	0.000000	99.650437	0.000000	0.000000	100.000000
97.165748	0.000000	99.571572	0.000000	0.000000	100.000000
97.368004	0.000000	99.611799	0.000000	0.000000	100.000000
97.191081	0.000000	99.480417	0.000000	0.000000	100.000000
97.111726	0.000000	99.430537	0.000000	0.000000	100.000000
96.888593	0.000000	99.643718	0.000000	0.000000	100.000000
96.785996	0.000000	99.518948	0.000000	0.000000	100.000000
97.125015	0.000000	99.535070	0.000000	0.000000	100.000000
97.111000	0.000000	99.968137	0.000000	0.000000	100.000000
97.019554	0.000000	99.648979	0.000000	0.000000	100.000000
97.359534	0.000000	99.570852	0.000000	0.000000	100.000000
97.424188	0.000000	99.470845	0.000000	0.000000	100.000000
97.177365	0.000000	99.805868	0.000000	0.000000	100.000000
97.358559	0.000000	99.935500	0.000000	0.000000	100.000000
97.439472	0.000000	100.000000	0.000000	0.000000	100.000000
97.575402	0.000000	100.000000	0.000000	0.000000	100.000000
97.393022	0.000000	100.000000	0.000000	0.000000	100.000000
97.589124	0.000000	99.990557	0.000000	0.000000	100.000000
97.701150	0.000000	99.778870	0.000000	0.000000	100.000000
97.600079	0.000000	99.902057	0.000000	0.000000	100.000000
97.604619	0.000000	99.926222	0.000000	0.000000	100.000000
97.710864	0.000000	100.000000	0.000000	0.000000	100.000000
97.961544	0.000000	100.000000	0.000000	0.000000	100.000000
97.845885	0.000000	99.839854	0.000000	0.000000	100.000000
97.988630	0.000000	99.643175	0.000000	0.000000	100.000000
98.172096	0.000000	99.617956	0.000000	0.000000	100.000000
98.070510	0.000000	99.496638	0.000000	0.000000	100.000000
98.049620	0.000000	99.488188	0.000000	0.000000	100.000000
97.900559	0.000000	99.592172	0.000000	0.000000	100.000000
97.997963	0.000000	99.315330	0.000000	0.000000	100.000000
97.913280	0.000000	99.267438	0.000000	0.000000	100.000000
97.690377	0.000000	99.056417	0.000000	0.000000	100.000000
97.560008	0.000000	98.885390	0.000000	0.000000	100.000000
97.518562	0.000000	98.858494	0.000000	0.000000	100.000000
97.720632	0.000000	98.929375	0.000000	0.000000	100.000000
97.668551	0.000000	98.662521	0.000000	0.000000	100.000000
97.517529	0.000000	98.662517	0.000000	0.000000	100.000000
97.616565	0.000000	98.558788	0.000000	0.000000	100.000000
97.162791	0.000000	98.716757	0.000000	0.000000	100.000000
97.149693	0.000000	98.584522	0.000000	0.000000	100.000000
97.133630	0.000000	98.481073	0.000000	0.000000	100.000000
97.117498	0.000000	98.601424	0.000000	0.000000	100.000000
97.070543	0.000000	98.776002	0.000000	0.000000	100.000000
97.042551	0.000000	99.026482	0.000000	0.000000	100.000000
97.320420	0.000000	98.916145	0.000000	0.000000	100.000000
97.242982	0.000000	99.083560	0.000000	0.000000	100.000000
96.924484	0.000000	99.156175	0.000000	0.000000	100.000000
96.985803	0.000000	99.207543	0.000000	0.000000	100.000000
97.041237	0.000000	99.176834	0.000000	0.000000	100.000000
97.165122	0.000000	99.298351	0.000000	0.000000	100.000000
97.413588	0.000000	99.513430	0.000000	0.000000	100.000000
97.708315	0.000000	98.984100	0.000000	0.000000	100.000000
97.819473	0.000000	99.042076	0.000000	0.000000	100.000000
98.109677	0.000000	98.685436	0.000000	0.000000	100.000000
97.893333	0.000000	98.137316	0.000000	0.000000	100.000000
97.719956	0.000000	97.902485	0.000000	0.000000	100.000000
97.939314	0.000000	97.802620	0.000000	0.000000	100.000000
97.856058	0.000000	97.719922	0.000000	0.000000	100.000000
97.779401	0.000000	97.805623	0.000000	0.000000	100.000000
98.203902	0.000000	98.125775	0.000000	0.000000	100.000000
97.992633	0.000000	97.920519	0.000000	0.000000	100.000000
97.778139	0.000000	97.695790	0.000000	0.000000	100.000000
98.013813	0.000000	97.832611	0.000000	0.000000	100.000000
98.078467	0.000000	97.480693	0.000000	0.000000	100.000000
98.024221	0.000000	97.380926	0.000000	0.000000	100.000000
98.134248	0.000000	97.366412	0.000000	0.000000	100.000000
98.266228	0.000000	97.409327	0.000000	0.000000	100.000000
98.561108	0.000000	96.751528	0.000000	0.000000	100.000000
98.665209	0.000000	96.761972	0.000000	0.000000	100.000000
98.820938	0.000000	96.664893	0.000000	0.000000	100.000000
98.728583	0.000000	96.643085	0.000000	0.000000	100.000000
98.741011	0.000000	96.313988	0.000000	0.000000	100.000000
98.686628	0.000000	96.326212	0.000000	0.000000	100.000000
98.781346	0.000000	96.402572	0.000000	0.000000	100.000000
99.084607	0.000000	96.500548	0.000000	0.000000	100.000000
98.822208	0.000000	96.769199	0.000000	0.000000	100.000000
98.902033	0.000000	96.437226	0.000000	0.000000	100.000000
98.838338	0.000000	96.483524	0.000000	0.000000	100.000000
98.853079	0.000000	96.587808	0.000000	0.000000	100.000000
99.027760	0.000000	96.330589	0.000000	0.000000	100.000000
99.174368	0.000000	96.328304	0.000000	0.000000	100.000000
99.070214	0.000000	96.222346	0.000000	0.000000	100.000000
99.106855	0.000000	96.242244	0.000000	0.000000	100.000000
99.259231	0.000000	96.094202	0.000000	0.000000	100.000000
99.608083	0.000000	96.293296	0.000000	0.000000	100.000000
99.563265	0.000000	96.250643	0.000000	0.000000	100.000000
99.493996	0.000000	96.414015	0.000000	0.000000	100.000000
99.651124	0.000000	96.255982	0.000000	0.000000	100.000000
99.689087	0.000000	96.440992	0.000000	0.000000	100.000000
99.947604	0.000000	96.349775	0.000000	0.000000	100.000000
100.000000	0.000000	96.428255	0.000000	0.000000	100.000000
99.953900	0.000000	96.489771	0.000000	0.000000	100.000000
100.000000	0.000000	96.409726	0.000000	0.000000	100.000000
99.802436	0.000000	96.489893	0.000000	0.000000	100.000000
100.000000	0.000000	96.548524	0.000000	0.000000	100.000000
100.000000	0.000000	96.836499	0.000000	0.000000	100.000000
99.886089	0.000000	96.780255	0.000000	0.000000	100.000000
99.749287	0.000000	96.678057	0.000000	0.000000	100.000000
99.848501	0.000000	96.676273	0.000000	0.000000	100.000000
99.754899	0.000000	96.523345	0.000000	0.000000	100.000000
99.759339	0.000000	96.182078	0.000000	0.000000	100.000000
99.566925	0.000000	96.191260	0.000000	0.000000	100.000000
99.600724	0.000000	96.212173	0.000000	0.000000	100.000000
99.551994	0.000000	96.080047	0.000000	0.000000	100.000000
99.898656	0.000000	96.119812	0.000000	0.000000	100.000000
100.000000	0.000000	96.159915	0.000000	0.000000	100.000000
100.000000	0.000000	96.104892	0.000000	0.000000	100.000000
99.905926	0.000000	96.508251	0.000000	0.000000	100.000000
100.000000	0.000000	96.394069	0.000000	0.000000	100.000000
100.000000	0.000000	96.214132	0.000000	0.000000	100.000000
100.000000	0.000000	96.708624	0.000000	0.000000	100.000000
99.786359	0.000000	96.913455	0.000000	0.000000	100.000000
99.861081	0.000000	96.821276	0.000000	0.000000	100.000000
99.730647	0.000000	96.592315	0.000000	0.000000	100.000000
99.786307	0.000000	96.628064	0.000000	0.000000	100.000000
99.867460	0.000000	96.641452	0.000000	0.000000	100.000000
100.000000	0.000000	96.476969	0.000000	0.000000	100.000000
100.000000	0.000000	96.285291	0.000000	0.000000	100.000000
99.911425	0.000000	96.270266	0.000000	0.000000	100.000000
100.000000	0.000000	96.377351	0.000000	0.000000	100.000000
100.000000	0.000000	96.183096	0.000000	0.000000	100.000000
100.000000	0.000000	95.925123	0.000000	0.000000	100.000000
99.879481	0.000000	95.926763	0.000000	0.000000	100.000000
99.916412	0.000000	95.991926	0.000000	0.000000	100.000000
100.000000	0.000000	96.084413	0.000000	0.000000	100.000000
99.861174	0.000000	96.477544	0.000000	0.000000	100.000000
99.550240	0.000000	96.550982	0.000000	0.000000	100.000000
99.518041	0.000000	96.429335	0.000000	0.000000	100.000000
99.551031	0.000000	96.324806	0.000000	0.000000	100.000000
99.417730	0.000000	96.213104	0.000000	0.000000	100.000000
99.400036	0.000000	96.143747	0.000000	0.000000	100.000000
99.713101	0.000000	95.853779	0.000000	0.000000	100.000000
99.907383	0.000000	95.675233	0.000000	0.000000	100.000000
99.826025	0.000000	95.440361	0.000000	0.000000	100.000000
99.879026	0.000000	95.363073	0.000000	0.000000	100.000000
100.000000	0.000000	95.153797	0.000000	0.000000	100.000000
100.000000	0.000000	94.825500	0.000000	0.000000	100.000000
99.931453	0.000000	94.844997	0.000000	0.000000	100.000000
99.856751	0.000000	94.838645	0.000000	0.000000	100.000000
100.000000	0.000000	94.674041	0.000000	0.000000	100.000000
100.000000	0.000000	94.476596	0.000000	0.000000	100.000000
100.000000	0.000000	94.367399	0.000000	0.000000	100.000000
99.872589	0.000000	94.486636	0.000000	0.000000	100.000000
99.493511	0.000000	94.162000	0.000000	0.000000	100.000000
99.430302	0.000000	94.035177	0.000000	0.000000	100.000000
99.202907	0.000000	94.047485	0.000000	0.000000	100.000000
98.855185	0.000000	94.260732	0.000000	0.000000	100.000000
99.016429	0.000000	94.111410	0.000000	0.000000	100.000000
99.296169	0.000000	94.045205	0.000000	0.000000	100.000000
99.325557	0.000000	94.391874	0.000000	0.000000	100.000000
99.516953	0.000000	94.141648	0.000000	0.000000	100.000000
99.352424	0.000000	94.253586	0.000000	0.000000	100.000000
99.544242	0.000000	94.365589	0.000000	0.000000	100.000000
99.307766	0.000000	94.069768	0.000000	0.000000	100.000000
99.154039	0.000000	94.168877	0.000000	0.000000	100.000000
99.091710	0.000000	94.138396	0.000000	0.000000	100.000000
99.045719	0.000000	94.642454	0.000000	0.000000	100.000000
99.325497	0.000000	94.448764	0.000000	0.000000	100.000000
99.750158	0.000000	94.481367	0.000000	0.000000	100.000000
99.726172	0.000000	94.380671	0.000000	0.000000	100.000000
99.544754	0.000000	94.777267	0.000000	0.000000	100.000000
99.832754	0.000000	94.899564	0.000000	0.000000	100.000000
99.501968	0.000000	94.992942	0.000000	0.000000	100.000000
99.824886	0.000000	94.700785	0.000000	0.000000	100.000000
99.601277	0.000000	94.654776	0.000000	0.000000	100.000000
99.614847	0.000000	94.426888	0.000000	0.000000	100.000000
99.646448	0.000000	94.349694	0.000000	0.000000	100.000000
99.682677	0.000000	94.698092	0.000000	0.000000	100.000000
99.938196	0.000000	94.564992	0.000000	0.000000	100.000000
100.000000	0.000000	94.532598	0.000000	0.000000	100.000000
100.000000	0.000000	94.424008	0.000000	0.000000	100.000000
99.886672	0.000000	94.489589	0.000000	0.000000	100.000000
99.699714	0.000000	94.408548	0.000000	0.000000	100.000000
99.398696	0.000000	94.443190	0.000000	0.000000	100.000000
99.161155	0.000000	94.337228	0.000000	0.000000	100.000000
99.276930	0.000000	94.385140	0.000000	0.000000	100.000000
99.357789	0.000000	94.620043	0.000000	0.000000	100.000000
99.217200	0.000000	94.457255	0.000000	0.000000	100.000000
98.999748	0.000000	94.702914	0.000000	0.000000	100.000000
99.030800	0.000000	94.756454	0.000000	0.000000	100.000000
98.872298	0.000000	94.809142	0.000000	0.000000	100.000000
98.969668	0.000000	94.758586	0.000000	0.000000	100.000000
99.327724	0.000000	94.778980	0.000000	0.000000	100.000000
99.120196	0.000000	94.946665	0.000000	0.000000	100.000000
99.227742	0.000000	94.611585	0.000000	0.000000	100.000000
99.205431	0.000000	94.585886	0.000000	0.000000	100.000000
99.071297	0.000000	94.367002	0.000000	0.000000	100.000000
98.876094	0.000000	94.285159	0.000000	0.000000	100.000000
98.599257	0.000000	94.254304	0.000000	0.000000	100.000000
98.871221	0.000000	93.967508	0.000000	0.000000	100.000000
98.953039	0.000000	93.819034	0.000000	0.000000	100.000000
98.997939	0.000000	93.755864	0.000000	0.000000	100.000000
99.222432	0.000000	93.667798	0.000000	0.000000	100.000000
99.304463	0.000000	93.622978	0.000000	0.000000	100.000000
98.961725	0.000000	93.738004	0.000000	0.000000	100.000000
99.063126	0.000000	93.787067	0.000000	0.000000	100.000000
99.036746	0.000000	93.618877	0.000000	0.000000	100.000000
98.924216	0.000000	93.623788	0.000000	0.000000	100.000000
98.887273	0.000000	93.572434	0.000000	0.000000	100.000000
98.844296	0.000000	93.579471	0.000000	0.000000	100.000000
98.462254	0.000000	93.395209	0.000000	0.000000	100.000000
98.480291	0.000000	93.527462	0.000000	0.000000	100.000000
98.420198	0.000000	93.360413	0.000000	0.000000	100.000000
98.528649	0.000000	93.014492	0.000000	0.000000	100.000000
98.137064	0.000000	92.900649	0.000000	0.000000	100.000000
98.098747	0.000000	92.826578	0.000000	0.000000	100.000000
98.028714	0.000000	92.999133	0.000000	0.000000	100.000000
98.292260	0.000000	93.210542	0.000000	0.000000	100.000000
98.404981	0.000000	93.353185	0.000000	0.000000	100.000000
98.628595	0.000000	93.451286	0.000000	0.000000	100.000000
98.739131	0.000000	93.396583	0.000000	0.000000	100.000000
98.589191	0.000000	93.444256	0.000000	0.000000	100.000000
98.811069	0.000000	93.461993	0.000000	0.000000	100.000000
98.682379	0.000000	93.506443	0.000000	0.000000	100.000000
98.850118	0.000000	93.632466	0.000000	0.000000	100.000000
99.044047	0.000000	93.122871	0.000000	0.000000	100.000000
98.738476	0.000000	92.981582	0.000000	0.000000	100.000000
98.939335	0.000000	92.875635	0.000000	0.000000	100.000000
98.775925	0.000000	92.959074	0.000000	0.000000	100.000000
98.829639	0.000000	92.858654	0.000000	0.000000	100.000000
98.302188	0.000000	92.669817	0.000000	0.000000	100.000000
98.362450	0.000000	92.621161	0.000000	0.000000	100.000000
98.518385	0.000000	92.495531	0.000000	0.000000	100.000000
98.196059	0.000000	92.772376	0.000000	0.000000	100.000000
98.244790	0.000000	92.876997	0.000000	0.000000	100.000000
98.286092	0.000000	92.598484	0.000000	0.000000	100.000000
97.792227	0.000000	92.402030	0.000000	0.000000	100.000000
98.054270	0.000000	92.630762	0.000000	0.000000	100.000000
98.234131	0.000000	92.742936	0.000000	0.000000	100.000000
98.333824	0.000000	92.491838	0.000000	0.000000	100.000000
98.459369	0.000000	92.438785	0.000000	0.000000	100.000000
98.459257	0.000000	92.435159	0.000000	0.000000	100.000000
98.349095	0.000000	92.362983	0.000000	0.000000	100.000000
98.193539	0.000000	92.645170	0.000000	0.000000	100.000000
98.137300	0.000000	92.734789	0.000000	0.000000	100.000000
98.228394	0.000000	92.922089	0.000000	0.000000	100.000000
98.298371	0.000000	93.084663	0.000000	0.000000	100.000000
98.102624	0.000000	93.047780	0.000000	0.000000	100.000000
97.990788	0.000000	93.115147	0.000000	0.000000	100.000000
98.296012	0.000000	93.021201	0.000000	0.000000	100.000000
98.429914	0.000000	93.099301	0.000000	0.000000	100.000000
98.405996	0.000000	92.960218	0.000000	0.000000	100.000000
98.566502	0.000000	92.926388	0.000000	0.000000	100.000000
98.268314	0.000000	92.813649	0.000000	0.000000	100.000000
98.289205	0.000000	92.747625	0.000000	0.000000	100.000000
98.205163	0.000000	92.869104	0.000000	0.000000	100.000000
98.253207	0.000000	92.954606	0.000000	0.000000	100.000000
98.270436	0.000000	92.858080	0.000000	0.000000	100.000000
98.431613	0.000000	93.070052	0.000000	0.000000	100.000000
98.109876	0.000000	93.222331	0.000000	0.000000	100.000000
98.383435	0.000000	93.070531	0.000000	0.000000	100.000000
98.379506	0.000000	93.199424	0.000000	0.000000	100.000000
98.326889	0.000000	93.334569	0.000000	0.000000	100.000000
98.109612	0.000000	93.092283	0.000000	0.000000	100.000000
98.099500	0.000000	93.062593	0.000000	0.000000	100.000000
98.045080	0.000000	92.842670	0.000000	0.000000	100.000000
98.173541	0.000000	92.719395	0.000000	0.000000	100.000000
98.498751	0.000000	92.913524	0.000000	0.000000	100.000000
98.357099	0.000000	92.797405	0.000000	0.000000	100.000000
98.155327	0.000000	93.058258	0.000000	0.000000	100.000000
98.204467	0.000000	93.121133	0.000000	0.000000	100.000000
98.260666	0.000000	93.171938	0.000000	0.000000	100.000000
98.443132	0.000000	93.440888	0.000000	0.000000	100.000000
98.653457	0.000000	93.504717	0.000000	0.000000	100.000000
98.562505	0.000000	93.301670	0.000000	0.000000	100.000000
98.566905	0.000000	93.399433	0.000000	0.000000	100.000000
98.628606	0.000000	93.356379	0.000000	0.000000	100.000000
98.579646	0.000000	93.273142	0.000000	0.000000	100.000000
98.671856	0.000000	93.329946	0.000000	0.000000	100.000000
98.708453	0.000000	93.115567	0.000000	0.000000	100.000000
98.969680	0.000000	93.315369	0.000000	0.000000	100.000000
98.571685	0.000000	93.557834	0.000000	0.000000	100.000000
98.527089	0.000000	93.881672	0.000000	0.000000	100.000000
98.703931	0.000000	94.100454	0.000000	0.000000	100.000000
98.414525	0.000000	93.999092	0.000000	0.000000	100.000000
98.385197	0.000000	93.926549	0.000000	0.000000	100.000000
98.334317	0.000000	93.809131	0.000000	0.000000	100.000000
98.170385	0.000000	93.684610	0.000000	0.000000	100.000000
98.200350	0.000000	93.772501	0.000000	0.000000	100.000000
98.335168	0.000000	93.763791	0.000000	0.000000	100.000000
98.608948	0.000000	93.781013	0.000000	0.000000	100.000000
98.416022	0.000000	94.025224	0.000000	0.000000	100.000000
98.207146	0.000000	94.207837	0.000000	0.000000	100.000000
98.486511	0.000000	94.123301	0.000000	0.000000	100.000000
98.510168	0.000000	94.270232	0.000000	0.000000	100.000000
98.475373	0.000000	94.153045	0.000000	0.000000	100.000000
98.390134	0.000000	94.434009	0.000000	0.000000	100.000000
98.335870	0.000000	94.364054	0.000000	0.000000	100.000000
98.107500	0.000000	94.405732	0.000000	0.000000	100.000000
98.208706	0.000000	94.591580	0.000000	0.000000	100.000000
97.973109	0.000000	94.433450	0.000000	0.000000	100.000000
98.134990	0.000000	94.525159	0.000000	0.000000	100.000000
98.252142	0.000000	94.665718	0.000000	0.000000	100.000000
98.339112	0.000000	94.554476	0.000000	0.000000	100.000000
98.540049	0.000000	94.856650	0.000000	0.000000	100.000000
98.734026	0.000000	94.764057	0.000000	0.000000	100.000000
99.050331	0.000000	94.971719	0.000000	0.000000	100.000000
98.827365	0.000000	94.971212	0.000000	0.000000	100.000000
98.875884	0.000000	95.099033	0.000000	0.000000	100.000000
98.892294	0.000000	95.053287	0.000000	0.000000	100.000000
98.889710	0.000000	95.222459	0.000000	0.000000	100.000000
99.084238	0.000000	94.872632	0.000000	0.000000	100.000000
99.085745	0.000000	94.923468	0.000000	0.000000	100.000000
98.971554	0.000000	95.103788	0.000000	0.000000	100.000000
98.931196	0.000000	94.967630	0.000000	0.000000	100.000000
98.971849	0.000000	95.107183	0.000000	0.000000	100.000000
99.008304	0.000000	95.021756	0.000000	0.000000	100.000000
99.032491	0.000000	95.331479	0.000000	0.000000	100.000000
98.964198	0.000000	95.559973	0.000000	0.000000	100.000000
98.882733	0.000000	95.580387	0.000000	0.000000	100.000000
98.974493	0.000000	95.640380	0.000000	0.000000	100.000000
98.583616	0.000000	95.535371	0.000000	0.000000	100.000000
98.676305	0.000000	95.569409	0.000000	0.000000	100.000000
98.657960	0.000000	95.193421	0.000000	0.000000	100.000000
98.497514	0.000000	95.469010	0.000000	0.000000	100.000000
98.449701	0.000000	95.388844	0.000000	0.000000	100.000000
98.115210	0.000000	95.669057	0.000000	0.000000	100.000000
98.347628	0.000000	95.586822	0.000000	0.000000	100.000000
98.447649	0.000000	95.393483	0.000000	0.000000	100.000000
98.341066	0.000000	95.603813	0.000000	0.000000	100.000000
98.595819	0.000000	95.344944	0.000000	0.000000	100.000000
98.395835	0.000000	95.299134	0.000000	0.000000	100.000000
98.411209	0.000000	95.343913	0.000000	0.000000	100.000000
98.356074	0.000000	95.498625	0.000000	0.000000	100.000000
98.335377	0.000000	95.453969	0.000000	0.000000	100.000000
98.453715	0.000000	95.684721	0.000000	0.000000	100.000000
98.555059	0.000000	96.035231	0.000000	0.000000	100.000000
98.335297	0.000000	95.998444	0.000000	0.000000	100.000000
98.199014	0.000000	96.328345	0.000000	0.000000	100.000000
98.214212	0.000000	96.543802	0.000000	0.000000	100.000000
98.533161	0.000000	96.132595	0.000000	0.000000	100.000000
98.297835	0.000000	96.421452	0.000000	0.000000	100.000000
98.376815	0.000000	96.512620	0.000000	0.000000	100.000000
98.528814	0.000000	96.530901	0.000000	0.000000	100.000000
98.535352	0.000000	96.654948	0.000000	0.000000	100.000000
98.653263	0.000000	96.508992	0.000000	0.000000	100.000000
98.625370	0.000000	96.470527	0.000000	0.000000	100.000000
98.573137	0.000000	96.515362	0.000000	0.000000	100.000000
98.567624	0.000000	96.637959	0.000000	0.000000	100.000000
98.281653	0.000000	96.611320	0.000000	0.000000	100.000000
98.407334	0.000000	96.566028	0.000000	0.000000	100.000000
98.203162	0.000000	96.496911	0.000000	0.000000	100.000000
98.186547	0.000000	96.585296	0.000000	0.000000	100.000000
98.162477	0.000000	96.794376	0.000000	0.000000	100.000000
97.885292	0.000000	96.967656	0.000000	0.000000	100.000000
97.791905	0.000000	96.818599	0.000000	0.000000	100.000000
97.891353	0.000000	96.928143	0.000000	0.000000	100.000000
97.908394	0.000000	97.014865	0.000000	0.000000	100.000000
98.020741	0.000000	97.202494	0.000000	0.000000	100.000000
97.890763	0.000000	97.411430	0.000000	0.000000	100.000000
97.768033	0.000000	97.486821	0.000000	0.000000	100.000000
97.807857	0.000000	97.402391	0.000000	0.000000	100.000000
97.883036	0.000000	97.357633	0.000000	0.000000	100.000000
97.793181	0.000000	97.596932	0.000000	0.000000	100.000000
97.766044	0.000000	97.418192	0.000000	0.000000	100.000000
98.125306	0.000000	97.206881	0.000000	0.000000	100.000000
98.068423	0.000000	97.147902	0.000000	0.000000	100.000000
98.025229	0.000000	97.179692	0.000000	0.000000	100.000000
98.202093	0.000000	96.910651	0.000000	0.000000	100.000000
98.373592	0.000000	96.930899	0.000000	0.000000	100.000000
98.469165	0.000000	96.646511	0.000000	0.000000	100.000000
98.536951	0.000000	96.770961	0.000000	0.000000	100.000000
98.413246	0.000000	96.750119	0.000000	0.000000	100.000000
98.942771	0.000000	96.885822	0.000000	0.000000	100.000000
98.815327	0.000000	97.155792	0.000000	0.000000	100.000000
98.644449	0.000000	97.155515	0.000000	0.000000	100.000000
98.719172	0.000000	97.292831	0.000000	0.000000	100.000000
98.629650	0.000000	97.298109	0.000000	0.000000	100.000000
98.559968	0.000000	97.231447	0.000000	0.000000	100.000000
98.529638	0.000000	97.222257	0.000000	0.000000	100.000000
98.497168	0.000000	97.393897	0.000000	0.000000	100.000000
98.700002	0.000000	97.308045	0.000000	0.000000	100.000000
98.892042	0.000000	97.441231	0.000000	0.000000	100.000000
99.203944	0.000000	97.501801	0.000000	0.000000	100.000000
99.314511	0.000000	97.363791	0.000000	0.000000	100.000000
99.291792	0.000000	97.315390	0.000000	0.000000	100.000000
99.228468	0.000000	97.516785	0.000000	0.000000	100.000000
99.365920	0.000000	97.401009	0.000000	0.000000	100.000000
99.319086	0.000000	97.831336	0.000000	0.000000	100.000000
99.506588	0.000000	97.910192	0.000000	0.000000	100.000000
99.534901	0.000000	98.077275	0.000000	0.000000	100.000000
99.806134	0.000000	98.237581	0.000000	0.000000	100.000000
99.723636	0.000000	98.294382	0.000000	0.000000	100.000000
99.829940	0.000000	98.394657	0.000000	0.000000	100.000000
99.858868	0.000000	98.436996	0.000000	0.000000	100.000000
100.000000	0.000000	98.499196	0.000000	0.000000	100.000000
99.942467	0.000000	98.622422	0.000000	0.000000	100.000000
100.000000	0.000000	98.519602	0.000000	0.000000	100.000000
100.000000	0.000000	98.378729	0.000000	0.000000	100.000000
99.493880	0.000000	98.329637	0.000000	0.000000	100.000000
99.377464	0.000000	98.095691	0.000000	0.000000	100.000000
99.273643	0.000000	98.421598	0.000000	0.000000	100.000000
99.281454	0.000000	98.298799	0.000000	0.000000	100.000000
99.250840	0.000000	98.579098	0.000000	0.000000	100.000000
99.043908	0.000000	99.045607	0.000000	0.000000	100.000000
98.875709	0.000000	99.119509	0.000000	0.000000	100.000000
98.768739	0.000000	99.037898	0.000000	0.000000	100.000000
98.527400	0.000000	99.078222	0.000000	0.000000	100.000000
98.597288	0.000000	99.021173	0.000000	0.000000	100.000000
98.365758	0.000000	99.047305	0.000000	0.000000	100.000000
98.111090	0.000000	98.674169	0.000000	0.000000	100.000000
97.889983	0.000000	98.761733	0.000000	0.000000	100.000000
97.894857	0.000000	98.620934	0.000000	0.000000	100.000000
97.882979	0.000000	98.690588	0.000000	0.000000	100.000000
98.067774	0.000000	98.543609	0.000000	0.000000	100.000000
98.237984	0.000000	98.662909	0.000000	0.000000	100.000000
98.373572	0.000000	98.983344	0.000000	0.000000	100.000000
98.367624	0.000000	99.231807	0.000000	0.000000	100.000000
98.430319	0.000000	99.310309	0.000000	0.000000	100.000000
98.431537	0.000000	99.344008	0.000000	0.000000	100.000000
98.262855	0.000000	99.503639	0.000000	0.000000	100.000000
98.212299	0.000000	99.377544	0.000000	0.000000	100.000000
98.024678	0.000000	99.752120	0.000000	0.000000	100.000000
98.116742	0.000000	99.629587	0.000000	0.000000	100.000000
97.984912	0.000000	100.000000	0.000000	0.000000	100.000000
97.858414	0.000000	99.841658	0.000000	0.000000	100.000000
97.699667	0.000000	99.613980	0.000000	0.000000	100.000000
97.537487	0.000000	99.710883	0.000000	0.000000	100.000000
97.602643	0.000000	99.739995	0.000000	0.000000	100.000000
97.800858	0.000000	99.861140	0.000000	0.000000	100.000000
97.868805	0.000000	99.802410	0.000000	0.000000	100.000000
97.604268	0.000000	99.969848	0.000000	0.000000	100.000000
97.425990	0.000000	100.000000	0.000000	0.000000	100.000000
97.233817	0.000000	99.659734	0.000000	0.000000	100.000000
97.121649	0.000000	99.801384	0.000000	0.000000	100.000000
97.306451	0.000000	99.937451	0.000000	0.000000	100.000000
97.195000	0.000000	99.833769	0.000000	0.000000	100.000000
97.376205	0.000000	99.636353	0.000000	0.000000	100.000000
97.227273	0.000000	99.679772	0.000000	0.000000	100.000000
97.299308	0.000000	99.702962	0.000000	0.000000	100.000000
97.437299	0.000000	99.707458	0.000000	0.000000	100.000000
97.602746	0.000000	100.000000	0.000000	0.000000	100.000000
97.617814	0.000000	99.768379	0.000000	0.000000	100.000000
97.656787	0.000000	99.572457	0.000000	0.000000	100.000000
97.527544	0.000000	99.788278	0.000000	0.000000	100.000000
97.436694	0.000000	100.000000	0.000000	0.000000	100.000000
97.219371	0.000000	99.991175	0.000000	0.000000	100.000000
97.106534	0.000000	99.907392	0.000000	0.000000	100.000000
97.625574	0.000000	99.889732	0.000000	0.000000	100.000000
97.431300	0.000000	99.616944	0.000000	0.000000	100.000000
97.634888	0.000000	99.347011	0.000000	0.000000	100.000000
97.752744	0.000000	99.283416	0.000000	0.000000	100.000000
97.919865	0.000000	99.142089	0.000000	0.000000	100.000000
97.979469	0.000000	98.918246	0.000000	0.000000	100.000000
98.120850	0.000000	99.121994	0.000000	0.000000	100.000000
98.213055	0.000000	98.666007	0.000000	0.000000	100.000000
98.143873	0.000000	98.375209	0.000000	0.000000	100.000000
98.413336	0.000000	98.321957	0.000000	0.000000	100.000000
98.496208	0.000000	98.361215	0.000000	0.000000	100.000000
98.460835	0.000000	98.259663	0.000000	0.000000	100.000000
98.472606	0.000000	98.154454	0.000000	0.000000	100.000000
98.367841	0.000000	97.875481	0.000000	0.000000	100.000000
98.200026	0.000000	97.916249	0.000000	0.000000	100.000000
98.264345	0.000000	98.152630	0.000000	0.000000	100.000000
98.434510	0.000000	98.033909	0.000000	0.000000	100.000000
99.070827	0.000000	98.015611	0.000000	0.000000	100.000000
98.890995	0.000000	98.034359	0.000000	0.000000	100.000000
98.746013	0.000000	98.062593	0.000000	0.000000	100.000000
98.548958	0.000000	97.947913	0.000000	0.000000	100.000000
98.833609	0.000000	98.171476	0.000000	0.000000	100.000000
99.069004	0.000000	98.315491	0.000000	0.000000	100.000000
98.955389	0.000000	98.280070	0.000000	0.000000	100.000000
98.739434	0.000000	97.946656	0.000000	0.000000	100.000000
98.770080	0.000000	97.893932	0.000000	0.000000	100.000000
98.672582	0.000000	98.075341	0.000000	0.000000	100.000000
98.823801	0.000000	98.145150	0.000000	0.000000	100.000000
98.676387	0.000000	97.858707	0.000000	0.000000	100.000000
98.619522	0.000000	97.795782	0.000000	0.000000	100.000000
98.426298	0.000000	97.907814	0.000000	0.000000	100.000000
98.347535	0.000000	97.947821	0.000000	0.000000	100.000000
98.459335	0.000000	97.838919	0.000000	0.000000	100.000000
98.622789	0.000000	98.013925	0.000000	0.000000	100.000000
98.486263	0.000000	97.810674	0.000000	0.000000	100.000000
98.482205	0.000000	97.769873	0.000000	0.000000	100.000000
98.762335	0.000000	97.787891	0.000000	0.000000	100.000000
98.819174	0.000000	97.571941	0.000000	0.000000	100.000000
98.726911	0.000000	97.701946	0.000000	0.000000	100.000000
98.722482	0.000000	97.526225	0.000000	0.000000	100.000000
98.827916	0.000000	97.685416	0.000000	0.000000	100.000000
99.253905	0.000000	97.398177	0.000000	0.000000	100.000000
99.049193	0.000000	97.425173	0.000000	0.000000	100.000000
99.046653	0.000000	97.277274	0.000000	0.000000	100.000000
99.047205	0.000000	97.367391	0.000000	0.000000	100.000000
99.342480	0.000000	97.820130	0.000000	0.000000	100.000000
99.343554	0.000000	97.842731	0.000000	0.000000	100.000000
99.019743	0.000000	97.953325	0.000000	0.000000	100.000000
98.934842	0.000000	97.835913	0.000000	0.000000	100.000000
98.873057	0.000000	97.728973	0.000000	0.000000	100.000000
98.673849	0.000000	97.906287	0.000000	0.000000	100.000000
98.863025	0.000000	97.990304	0.000000	0.000000	100.000000
98.711737	0.000000	98.077480	0.000000	0.000000	100.000000
99.120093	0.000000	97.940484	0.000000	0.000000	100.000000
99.042649	0.000000	97.928315	0.000000	0.000000	100.000000
98.644508	0.000000	97.684973	0.000000	0.000000	100.000000
98.863093	0.000000	97.967251	0.000000	0.000000	100.000000
98.926987	0.000000	98.001165	0.000000	0.000000	100.000000
98.980564	0.000000	98.125952	0.000000	0.000000	100.000000
98.938301	0.000000	98.349603	0.000000	0.000000	100.000000
99.122871	0.000000	98.190116	0.000000	0.000000	100.000000
99.238150	0.000000	98.357767	0.000000	0.000000	100.000000
99.332984	0.000000	98.530135	0.000000	0.000000	100.000000
99.091830	0.000000	98.549695	0.000000	0.000000	100.000000
99.055832	0.000000	98.587531	0.000000	0.000000	100.000000
99.196433	0.000000	98.851554	0.000000	0.000000	100.000000
98.888987	0.000000	98.847375	0.000000	0.000000	100.000000
98.691369	0.000000	99.313252	0.000000	0.000000	100.000000
98.603540	0.000000	99.365422	0.000000	0.000000	100.000000
98.544914	0.000000	99.363691	0.000000	0.000000	100.000000
98.731732	0.000000	99.271588	0.000000	0.000000	100.000000
98.816525	0.000000	99.362319	0.000000	0.000000	100.000000
98.762843	0.000000	98.836360	0.000000	0.000000	100.000000
98.871897	0.000000	98.529147	0.000000	0.000000	100.000000
98.634017	0.000000	98.264695	0.000000	0.000000	100.000000
98.470105	0.000000	98.430712	0.000000	0.000000	100.000000
98.343189	0.000000	98.435419	0.000000	0.000000	100.000000
