100.000000	100.000000	-42.353710	-19.303986	99.992193	100.000000
99.983416	99.874283	-45.105476	-30.694114	99.952567	100.000000
-100.000000	-100.000000	9.799675	21.331566	-100.000000	-99.854576
-100.000000	-99.859244	-37.517267	65.900615	-99.952603	-99.258624
-100.000000	-99.981363	46.992222	17.669239	-100.000000	-99.948448
99.986943	99.987518	-13.605416	-49.793150	100.000000	99.991134
-100.000000	-100.000000	22.788963	13.822286	-100.000000	-100.000000
-99.866086	-99.804239	16.135546	32.369502	-99.944472	-99.833814
99.985690	99.968110	57.345489	-32.086450	99.856769	99.700548
100.000000	99.816841	-22.503839	-16.241423	100.000000	99.226629
-100.000000	-99.883941	28.131487	25.250975	-99.850526	-99.790139
-99.947043	-100.000000	17.165405	39.514192	-99.925827	-99.887222
-99.914385	-99.856627	38.947198	23.158612	-99.893405	-99.974386
100.000000	99.790121	-35.642070	-24.772946	99.988332	100.000000
99.899691	100.000000	-17.842224	-18.190131	100.000000	99.905069
100.000000	99.999424	35.302833	-25.120935	100.000000	99.371559
-100.000000	-100.000000	30.478479	29.300761	-100.000000	-99.620797
-100.000000	-100.000000	45.549439	27.693328	-99.907585	-100.000000
-99.976689	-62.145758	-16.447491	-6.783481	-71.061952	-99.951454
99.944031	99.826651	52.546054	-18.319696	100.000000	99.558831
-100.000000	-100.000000	42.432590	30.815301	-99.935582	-99.857425
-100.000000	-100.000000	-40.926543	16.717929	-99.908201	-100.000000
99.951308	99.995487	20.896298	-21.199123	100.000000	100.000000
100.000000	99.779682	18.706296	-19.485160	99.978235	99.717588
-100.000000	-99.824489	36.056301	55.599523	-99.873600	-99.774626
-99.924653	-99.929485	41.732963	20.850311	-99.976839	-99.807644
100.000000	99.970708	33.018716	-31.324528	99.985045	99.735682
-100.000000	-100.000000	41.391630	45.605124	-99.856159	-99.970491
-99.989250	-99.899540	9.944644	60.705991	-99.925205	-99.986381
-100.000000	-99.807914	-12.878565	37.355318	-99.971637	-99.594365
-100.000000	-99.822139	49.881257	19.634710	-99.808701	-99.590455
99.860551	100.000000	25.900777	-45.292815	99.867015	99.820834
-99.965737	-99.823911	-32.445021	36.047677	-99.907005	-100.000000
100.000000	99.611365	45.727058	-24.800099	100.000000	99.758937
100.000000	99.904483	31.283362	-17.354824	99.822620	99.888253
-100.000000	-100.000000	-24.858830	43.937871	-99.826384	-99.767305
99.910530	99.823928	37.536858	-13.731046	99.877947	99.863722
-99.912027	-100.000000	-23.463820	11.755686	-99.992717	-99.945401
99.853774	99.911425	65.934167	-28.661257	99.994454	100.000000
-100.000000	-99.914150	35.324995	41.636218	-99.991706	-99.730082
-99.982112	-100.000000	98.367797	29.439810	-99.966146	-99.913970
-100.000000	-100.000000	-40.879198	36.254684	-100.000000	-100.000000
-99.926515	-100.000000	95.566388	11.005253	-100.000000	-100.000000
-99.915596	-99.897956	32.633544	20.745432	-99.986060	-100.000000
-99.843815	-100.000000	29.330672	21.337269	-99.861859	-98.668399
-100.000000	-99.847958	23.993866	14.455272	-99.872925	-99.284336
-99.742375	-99.884679	-39.731475	18.019974	-100.000000	-100.000000
99.908543	99.860098	14.611815	-24.937610	99.882234	99.726947
99.991641	99.773288	22.956368	-91.930138	99.976624	99.396847
-100.000000	-99.942700	29.814830	20.885412	-99.986382	-99.320465
-100.000000	-99.913932	-29.869116	47.265566	-99.756818	-99.851471
-99.988783	-100.000000	29.936821	19.591676	-99.915655	-99.587290
-100.000000	-99.941650	29.740097	20.324420	-99.953944	-99.740809
99.969723	99.927871	29.214780	-12.770798	99.933479	99.943687
99.982291	99.955225	44.415102	-45.736731	100.000000	99.874557
100.000000	99.944895	31.531192	-34.700271	99.999169	98.924675
-99.980924	-99.953040	41.013255	41.928001	-99.809112	-99.851181
99.985314	99.842609	-37.777261	-17.985166	99.751350	99.281148
-99.998637	-100.000000	34.017262	46.483558	-100.000000	-100.000000
99.955707	99.865364	-33.020700	-34.539883	100.000000	100.000000
-100.000000	-100.000000	51.259870	1.645650	-100.000000	-99.955349
-100.000000	-100.000000	58.185782	25.597335	-100.000000	-99.088179
-100.000000	-99.962007	-54.159684	24.774255	-99.839138	-99.990427
-100.000000	-99.770277	5.545463	10.908345	-99.983291	-98.809940
100.000000	100.000000	35.785915	-31.137197	99.875907	99.033016
-99.972124	-99.853796	-68.645946	19.183072	-100.000000	-99.944670
-100.000000	-99.909797	-33.746437	16.821779	-100.000000	-99.738665
-100.000000	-100.000000	29.359758	26.026209	-99.888790	-100.000000
99.952044	99.810984	-34.843505	-33.734908	100.000000	99.948071
-100.000000	-99.991842	9.202895	42.812512	-99.986328	-97.551512
100.000000	100.000000	24.049491	-48.666930	99.899479	99.310795
99.935342	100.000000	12.295594	-56.327011	99.899245	99.918479
-100.000000	-100.000000	27.264656	27.952741	-99.821222	-100.000000
100.000000	99.863903	-20.776898	-39.733456	100.000000	99.249066
-99.811851	-99.814394	18.321141	54.891415	-99.986390	-99.496890
99.993033	100.000000	37.798982	-54.270371	100.000000	99.839405
99.989383	99.992963	29.386644	-38.555947	99.869380	100.000000
-100.000000	-99.932189	37.837163	37.093867	-99.827353	-100.000000
-99.917428	-99.765879	26.918529	48.548770	-100.000000	-100.000000
99.959860	99.952858	-20.726961	-18.294637	99.794878	99.748860
-100.000000	-99.862500	-18.474863	45.528018	-100.000000	-100.000000
-100.000000	-100.000000	33.064854	20.978506	-100.000000	-100.000000
99.906691	100.000000	-47.948960	-14.634796	100.000000	99.674328
100.000000	99.853863	14.225000	-29.078616	100.000000	99.260305
-99.932011	-100.000000	-46.868810	32.380754	-99.918158	-99.654595
-99.864876	-99.923553	33.310276	49.701983	-100.000000	-99.948642
-99.993956	-99.926160	-27.573705	44.514158	-100.000000	-99.856088
-99.915890	-99.975825	-9.371933	30.910079	-99.893649	-100.000000
99.841454	100.000000	-25.332200	-64.395757	99.825625	99.574245
99.885526	100.000000	-40.854821	-56.122790	99.981360	99.688822
-100.000000	-99.877509	42.210026	71.248856	-100.000000	-100.000000
99.922581	99.989391	-43.432443	-17.536682	99.955720	99.869137
99.970782	99.894974	23.309158	-19.609569	100.000000	99.077487
-99.890514	-99.862427	31.643067	19.462496	-99.747622	-100.000000
99.934940	99.949721	46.461383	-41.763060	100.000000	99.769580
-99.987360	-99.957245	74.266994	25.762439	-99.945153	-100.000000
-100.000000	-99.851502	-24.118018	45.930815	-100.000000	-99.711274
99.990276	100.000000	-1.806969	-39.066173	99.810293	98.136232
100.000000	99.990490	19.400763	-58.132779	99.871966	99.506403
100.000000	99.956646	28.987332	-30.134909	99.954349	99.966411
99.986715	100.000000	98.900101	-12.894641	99.801903	99.781657
-99.997803	-99.828180	-15.044309	56.424242	-99.960550	-99.995515
100.000000	99.861691	34.209841	-31.778497	99.971159	99.892070
99.868008	99.642252	52.200963	-13.370307	99.958297	100.000000
-99.900422	-100.000000	18.877709	34.240491	-99.995536	-99.831569
99.907327	100.000000	16.977098	-40.889591	100.000000	99.463106
100.000000	99.929025	-12.692566	-31.394677	99.829275	100.000000
-99.954042	-78.538310	20.748645	-6.192660	-63.731370	-99.756370
-100.000000	-100.000000	25.725877	49.227348	-99.939091	-99.862610
99.910956	99.937224	18.575092	-42.124833	99.835965	99.705393
-99.929795	-100.000000	14.606637	43.662831	-99.826112	-99.408022
-100.000000	-99.967731	-17.483262	37.737573	-99.979537	-99.873248
99.880259	99.920282	-34.785889	-45.383541	100.000000	99.661387
99.914980	99.930692	13.482375	-46.198013	100.000000	98.265633
99.988731	99.819418	-17.228408	-29.196561	100.000000	99.724244
-100.000000	-99.856576	18.093254	19.686132	-100.000000	-99.638576
-99.905829	-100.000000	-31.034347	8.637843	-100.000000	-98.857823
99.990066	99.909658	-9.031785	-24.109039	100.000000	99.504340
-100.000000	-100.000000	67.656012	24.936055	-99.960454	-99.790564
-99.984971	-100.000000	-7.339666	72.154757	-100.000000	-98.246220
-100.000000	-100.000000	26.448056	33.985158	-100.000000	-99.641522
-99.926390	-100.000000	25.256346	24.002887	-99.882424	-99.854697
-100.000000	-99.860006	14.469322	64.048617	-100.000000	-100.000000
-100.000000	-100.000000	-28.765089	15.312525	-99.917946	-99.345274
-99.800637	-99.704785	58.008585	15.155667	-99.872627	-99.903621
-100.000000	-99.891478	13.060973	16.202684	-99.933491	-100.000000
-100.000000	-99.776481	16.526595	32.953193	-100.000000	-99.712600
-99.941636	-100.000000	17.478501	26.387878	-99.924853	-100.000000
-99.901507	-99.979433	28.656554	23.373740	-99.809488	-99.901109
99.860007	99.849776	-76.311140	-6.690162	100.000000	99.829209
-99.964369	-98.509100	41.283383	5.186905	-99.979303	-100.000000
100.000000	99.860929	19.482700	-29.056694	99.926182	99.854626
-99.925976	-100.000000	27.477405	72.460333	-99.791784	-99.969893
-99.973345	-100.000000	32.407580	50.540148	-99.753709	-100.000000
100.000000	16.034964	30.901872	-5.605407	36.580131	96.917894
-99.805399	-100.000000	19.172513	62.573512	-99.907128	-99.671600
-100.000000	-99.909724	-27.087322	15.992983	-100.000000	-99.315474
99.948261	100.000000	32.222109	-19.840640	99.905115	99.898210
-100.000000	-99.851474	34.860328	55.147850	-99.929663	-99.271514
100.000000	99.781690	35.418618	-9.129562	99.945067	99.004984
-100.000000	-100.000000	34.718487	37.371477	-100.000000	-99.400690
-100.000000	-99.839867	17.685522	42.595445	-99.999594	-99.901434
100.000000	100.000000	24.876721	-33.474206	99.908491	99.999711
99.991424	100.000000	22.643548	-40.314321	99.964992	100.000000
-100.000000	-99.995668	19.780855	54.361301	-99.960767	-99.329636
-100.000000	-100.000000	-32.694578	48.550885	-99.661003	-99.996412
99.891096	100.000000	-27.471235	-68.368855	100.000000	99.552230
-99.938399	-100.000000	-62.162647	15.557438	-99.906341	-99.759935
-99.912616	-100.000000	23.363760	36.448719	-99.962425	-99.579962
-100.000000	-99.945588	7.149480	22.640310	-100.000000	-99.749833
-100.000000	-99.909588	-33.789314	22.444417	-99.836414	-99.106938
-100.000000	-99.847528	-13.924739	53.991489	-99.991372	-98.870935
-99.995654	-99.955296	27.569014	40.789737	-99.931684	-99.173755
-100.000000	-100.000000	34.630377	56.409560	-99.770145	-99.651880
-99.917204	-99.995113	21.223149	29.427238	-100.000000	-99.227114
-100.000000	-99.917652	-41.193171	27.253593	-99.996055	-99.426196
-99.911104	-100.000000	21.833491	35.935939	-99.846646	-99.586128
100.000000	99.884581	-35.089267	-41.650646	99.799032	99.728600
99.993468	99.935655	31.679080	-20.493153	100.000000	99.318450
-99.856873	-99.870533	35.597592	51.655145	-99.755347	-100.000000
100.000000	99.842363	-22.368352	-30.754246	100.000000	100.000000
-100.000000	-99.981936	-33.005774	37.512323	-99.987744	-99.577229
100.000000	100.000000	-23.360231	-70.060580	99.781523	99.782389
-100.000000	-99.792461	14.240656	25.350602	-100.000000	-99.517128
-99.878050	-99.964367	33.036213	51.196210	-99.988596	-99.956656
-100.000000	-100.000000	35.957120	26.091045	-100.000000	-99.435990
-100.000000	-99.921351	26.910898	36.210447	-99.979329	-99.891733
-100.000000	-100.000000	-12.071799	23.180500	-99.876963	-98.560083
99.969984	99.998695	43.444759	-12.871487	100.000000	99.029799
99.892692	99.967500	-45.144871	-28.483760	99.734865	99.960187
-99.963064	-99.987481	-38.654285	47.236213	-99.833219	-99.808311
100.000000	100.000000	16.714612	-31.383626	99.977570	99.873182
100.000000	99.887463	31.480284	-29.948440	99.893576	99.306733
-100.000000	-99.991753	53.800570	23.571474	-99.985847	-99.888819
-99.897548	-100.000000	-48.406303	30.259996	-99.773331	-99.675470
99.943802	34.981162	-36.739887	8.120027	3.235078	99.954867
-100.000000	-99.927782	10.594567	20.685325	-99.922531	-99.963855
-99.898502	-99.937863	52.864961	24.826808	-99.958009	-99.829145
-100.000000	-100.000000	-16.429883	22.548112	-100.000000	-99.842428
-100.000000	-99.840425	-23.566916	25.090982	-99.905240	-99.985298
72.852796	-0.367018	-14.661647	-7.888423	55.015954	-56.651167
-99.911646	-99.961182	31.298869	35.365067	-100.000000	-100.000000
100.000000	99.816634	41.948763	-24.777904	99.952090	99.608984
99.896089	99.946168	-22.227582	-44.296002	99.987304	99.744795
-100.000000	-100.000000	47.970887	36.836560	-99.988763	-99.614283
-99.922313	-100.000000	34.875841	29.471575	-100.000000	-99.529031
-99.919836	-99.951011	33.027033	23.045420	-99.890700	-99.572914
-99.937563	-99.938904	-27.614659	35.983550	-99.863447	-99.749487
-99.913608	-100.000000	24.799236	28.608223	-100.000000	-99.510909
99.964448	100.000000	21.236171	-32.963693	100.000000	99.497049
99.870627	100.000000	-30.908815	-28.187261	100.000000	99.924611
-99.852059	-99.799320	-25.089609	42.415054	-100.000000	-99.809265
100.000000	100.000000	32.655413	-38.551656	99.935179	99.893727
-100.000000	-99.849974	40.502260	16.866504	-99.956735	-99.678822
100.000000	99.702788	-14.433003	-27.255041	99.949268	99.526040
99.909990	100.000000	28.129786	-14.213515	99.982603	98.446372
-100.000000	-99.967029	18.390138	20.931402	-100.000000	-99.326641
-99.895492	-99.646228	47.952668	35.478406	-99.996029	-99.879356
-100.000000	-100.000000	39.496500	25.302937	-100.000000	-99.095556
-99.837270	-100.000000	36.752696	22.065112	-99.871981	-99.749516
-100.000000	-99.933199	-47.841302	35.904167	-99.790256	-99.707736
100.000000	99.953326	30.366677	-44.629932	100.000000	100.000000
-99.955625	-99.892172	20.974408	15.529551	-100.000000	-99.949721
-99.891062	-100.000000	34.643414	23.830478	-99.927868	-99.589988
-99.922206	-100.000000	36.854437	26.172595	-99.923435	-100.000000
100.000000	99.902201	-15.788377	-68.566922	99.773832	99.739542
-99.948214	-99.934067	31.927887	25.201201	-99.978609	-99.667074
100.000000	99.959356	61.251659	-35.583735	99.893890	99.880031
100.000000	100.000000	31.020495	-34.661967	99.979012	99.685986
99.897519	99.981494	-28.882557	-36.189089	99.967982	99.987292
-99.991278	-44.260341	17.213570	17.223221	-71.561286	39.387540
100.000000	99.947162	33.638654	-16.485560	100.000000	99.392151
-100.000000	-100.000000	14.094409	18.066432	-99.826497	-99.276729
99.900109	100.000000	-40.435985	-9.546855	100.000000	99.717713
99.960986	100.000000	-4.398930	-37.210288	99.835339	99.707138
100.000000	99.932289	25.542452	-15.864104	100.000000	99.949039
100.000000	100.000000	28.183554	-15.813094	100.000000	99.928985
-99.891865	-100.000000	11.855639	88.986783	-100.000000	-99.766962
-100.000000	-100.000000	19.612679	30.771869	-100.000000	-99.665690
-99.991460	-100.000000	-23.229156	26.350326	-100.000000	-99.782958
-100.000000	-99.896930	-14.863958	36.721788	-99.935807	-99.380430
-99.972045	-99.807210	35.452654	22.391572	-99.969913	-100.000000
-99.902140	-99.916675	14.972199	17.458340	-99.997891	-98.743761
-99.940469	-99.970269	-39.767367	25.910343	-99.989998	-99.817551
-99.861661	-99.814435	58.008786	29.627922	-99.969819	-99.563132
-100.000000	-99.985488	-32.583300	47.128520	-100.000000	-100.000000
100.000000	100.000000	-19.646004	-20.261736	99.986290	99.803825
100.000000	99.871961	22.002581	-28.568729	99.895224	99.812104
-99.852583	-100.000000	-59.071725	20.484466	-100.000000	-100.000000
99.881646	100.000000	-51.327460	-34.015992	99.895331	99.997316
100.000000	99.635130	59.351168	-16.944161	99.573840	100.000000
-99.915250	-99.913061	-16.194816	7.989825	-99.878253	-99.862115
-99.841217	-99.790415	35.990114	48.351386	-99.957920	-99.598443
-99.898298	-99.990852	-49.187045	27.677181	-99.971902	-100.000000
-99.912524	-100.000000	-23.462475	21.408240	-100.000000	-99.075572
100.000000	99.828493	-32.771904	-20.479916	99.900587	99.972984
-100.000000	-99.980239	20.290845	39.095130	-99.894666	-98.868095
99.957603	99.989854	63.530486	-26.752969	100.000000	99.841008
100.000000	99.925829	49.633832	-15.178090	100.000000	99.710092
-99.850809	-100.000000	-99.648323	35.743801	-100.000000	-100.000000
100.000000	100.000000	-42.740753	-39.257527	99.898983	99.349004
-100.000000	-99.788053	-23.395353	37.234893	-100.000000	-99.921942
-99.921017	-99.940211	94.048441	24.130057	-100.000000	-99.262680
-100.000000	-100.000000	31.316136	20.790727	-99.912172	-99.707946
100.000000	99.935215	29.946421	-18.378668	99.865303	100.000000
-100.000000	-99.863153	48.917319	48.590428	-100.000000	-99.491769
-100.000000	-100.000000	73.002521	27.182261	-99.697703	-99.705584
-99.852917	-99.876873	19.362795	41.835191	-100.000000	-99.809034
-100.000000	-100.000000	10.383832	81.132677	-99.965978	-98.105578
99.895263	100.000000	11.717226	-52.355618	100.000000	100.000000
-100.000000	-99.842004	20.904113	67.881471	-99.857708	-100.000000
-100.000000	-99.924516	32.838790	39.670874	-100.000000	-98.893641
-100.000000	-99.953106	-25.175892	42.655691	-99.926353	-99.496478
99.886341	99.955462	9.870945	-24.750208	99.953572	99.923255
-100.000000	-100.000000	37.415448	25.449942	-99.936515	-99.158917
100.000000	99.992841	52.777254	-12.010426	100.000000	99.777421
99.920136	99.734545	-61.888209	-27.306560	99.988623	98.944234
-100.000000	-99.885467	44.996897	27.008607	-99.866437	-100.000000
-99.991758	-100.000000	8.329588	48.226244	-99.961811	-99.098871
-100.000000	-99.976873	-22.396526	55.719730	-99.932695	-100.000000
-99.906886	-99.904449	40.354653	30.677476	-99.878496	-99.961156
-100.000000	-99.981190	-21.414395	28.072582	-99.838249	-100.000000
-100.000000	-100.000000	35.577867	60.719570	-100.000000	-99.929909
-99.933209	-99.881989	28.140172	23.575374	-99.926406	-100.000000
-100.000000	-99.806161	27.009511	8.789791	-100.000000	-100.000000
-99.797906	-100.000000	-21.233475	25.369147	-99.924624	-100.000000
-99.978723	-99.859279	26.986508	13.026917	-99.900006	-99.838471
-99.892039	-100.000000	-24.318117	29.556641	-100.000000	-100.000000
-99.816226	-99.825325	27.838209	30.333760	-99.835445	-99.900733
99.959068	99.984633	-15.629546	-26.320153	99.901377	97.565197
100.000000	100.000000	-41.558070	-47.706209	100.000000	99.947607
-100.000000	-99.780590	19.755464	36.552239	-100.000000	-99.775339
100.000000	100.000000	23.964632	-29.468384	99.962403	99.196311
-99.950099	-100.000000	28.332375	41.985678	-100.000000	-99.528941
99.955173	99.880271	-78.225245	-20.825083	100.000000	99.876109
-100.000000	-99.887747	21.704892	18.825703	-100.000000	-99.791225
-99.914957	-99.974858	-23.478584	29.765487	-99.777644	-99.392314
-99.923022	-100.000000	22.201747	67.619191	-99.856970	-99.995902
-99.853944	-99.964427	-9.780669	28.478194	-100.000000	-99.378276
99.831831	99.707546	34.223020	-19.973713	100.000000	100.000000
-99.825835	-100.000000	-49.011155	40.110306	-100.000000	-99.829208
-100.000000	-99.896905	-37.390200	35.872971	-99.943014	-99.411018
99.927719	100.000000	43.980503	-20.002594	99.965205	98.877430
-100.000000	-99.681550	23.450173	48.016080	-100.000000	-99.901400
-100.000000	-100.000000	-24.104644	59.133085	-100.000000	-99.949047
-100.000000	-99.770716	24.618098	65.271623	-99.919873	-99.932976
99.945916	99.990590	-13.951358	-30.118397	100.000000	99.575547
100.000000	99.961834	-21.143746	-6.510935	99.770560	99.717558
-99.851127	-100.000000	10.437897	26.531262	-100.000000	-99.334850
-99.930941	-100.000000	18.765992	35.611445	-99.956108	-99.838843
-100.000000	-99.788601	68.483657	31.918964	-99.944314	-99.751324
100.000000	99.917758	-25.271059	-60.049280	100.000000	99.779214
100.000000	100.000000	44.347416	-28.219896	100.000000	100.000000
99.999992	99.982903	-10.302139	-67.488356	100.000000	99.183151
-99.913282	-99.894868	16.271457	13.309639	-99.910464	-99.896505
-99.920543	-99.885264	37.055198	47.163480	-99.979784	-100.000000
99.960466	99.991907	6.558803	-33.142938	100.000000	99.824311
100.000000	99.980110	62.472038	-26.158907	99.976798	100.000000
-99.987646	-100.000000	51.823691	22.369652	-99.858858	-99.415786
-100.000000	-100.000000	50.634979	30.291220	-99.936349	-100.000000
-100.000000	-99.827809	40.318051	30.050365	-99.883365	-99.442831
-100.000000	-99.981648	60.049418	26.514200	-99.975340	-100.000000
-99.855968	-100.000000	28.006449	14.387193	-99.716145	-99.131729
-100.000000	-99.983694	-23.198980	28.754781	-99.888875	-100.000000
-100.000000	-100.000000	-36.552811	57.533210	-99.904264	-99.494576
-100.000000	-99.922875	16.204044	56.906921	-99.873451	-100.000000
99.991996	99.941868	25.175464	-42.409424	100.000000	99.221416
99.890885	100.000000	-45.095726	-29.849986	99.993199	99.917866
99.857572	99.734936	33.640315	-41.286220	100.000000	99.911586
100.000000	99.887660	26.429068	-54.526969	99.992931	99.741999
100.000000	99.925972	-25.486912	-26.301798	100.000000	99.537110
-100.000000	-100.000000	26.794467	32.002390	-99.733737	-99.333917
-99.901979	-100.000000	20.150132	21.881332	-100.000000	-99.841321
100.000000	99.916891	15.512125	-13.940701	100.000000	99.686632
-100.000000	-99.798407	-35.453039	20.812901	-100.000000	-99.880461
100.000000	100.000000	-24.865709	-41.834911	99.863106	100.000000
-99.878388	-100.000000	-25.788226	26.985852	-100.000000	-100.000000
-100.000000	-100.000000	30.671702	52.866587	-99.897598	-99.791778
-99.872565	-99.993184	21.254299	47.216573	-99.833258	-99.975777
-99.851357	-99.953572	69.506337	30.857882	-99.862825	-99.451267
100.000000	100.000000	24.802558	-24.821228	99.835546	100.000000
100.000000	99.917240	-43.805825	-35.107392	99.886834	100.000000
100.000000	99.993688	26.497962	-25.563043	100.000000	99.645330
99.978564	99.786915	32.616525	-7.854324	79.483150	99.805890
-100.000000	-100.000000	-29.155411	45.672950	-99.929306	-100.000000
99.940264	100.000000	-28.663717	-21.248416	100.000000	99.650288
-100.000000	-99.676985	-17.045763	84.571586	-99.941156	-99.917533
-99.963481	-99.991791	-8.413833	52.372993	-100.000000	-99.855801
100.000000	100.000000	31.752406	-52.149624	99.813522	99.113820
-100.000000	-99.804264	21.647166	66.076152	-99.949064	-99.766530
-100.000000	-99.942485	15.119248	33.434904	-99.976385	-99.576234
-100.000000	-99.940630	36.279433	33.873287	-99.970588	-99.885575
100.000000	99.990830	61.946017	-18.474341	99.874718	99.804072
99.953971	99.835040	-2.921557	-43.075852	100.000000	99.864392
100.000000	100.000000	-28.588092	-34.705614	100.000000	99.633206
100.000000	97.936321	26.416778	-6.733778	93.261448	99.127142
99.988954	100.000000	29.699022	-20.818197	99.955935	99.695828
-100.000000	-99.958668	-21.139175	27.429834	-99.946574	-100.000000
-100.000000	-99.849183	22.689437	44.812860	-100.000000	-100.000000
99.853079	99.766655	40.045044	-27.071536	100.000000	98.844981
-99.819263	-99.923435	-30.092594	28.773800	-100.000000	-99.504964
100.000000	99.987131	-65.674883	-17.519410	99.724315	99.792695
-99.964668	-99.974626	43.674822	75.787700	-99.846831	-99.943655
99.931823	99.999937	20.357022	-51.662671	99.971665	99.990695
-100.000000	-100.000000	27.097988	18.441189	-99.946403	-99.854693
-99.995191	-99.969625	8.508661	52.949548	-99.979488	-99.777435
99.895870	100.000000	35.526378	-8.954652	99.901250	99.970955
-99.870588	-100.000000	-26.587907	19.062705	-99.760719	-99.971909
100.000000	99.999284	-26.025355	-22.702773	99.893768	99.779380
99.897023	100.000000	21.629951	-35.819063	99.824154	99.787865
-99.365264	-100.000000	-6.609136	14.025432	-70.967990	-31.187476
-100.000000	-100.000000	-22.025183	69.767335	-99.854333	-99.414180
-100.000000	-99.891612	48.497995	22.850760	-99.971902	-99.977168
-99.911953	-100.000000	40.079744	12.081324	-99.762372	-98.728907
-100.000000	-99.865850	13.207294	74.480607	-100.000000	-99.775188
99.948565	99.929156	-56.772463	-34.223693	99.886991	99.798908
-100.000000	-99.846649	44.212266	25.754273	-99.857552	-99.782598
-100.000000	-100.000000	99.375531	17.761175	-99.947497	-99.833220
100.000000	100.000000	39.412216	-8.822146	100.000000	99.993569
99.950170	100.000000	53.539188	-29.180113	99.886765	99.751236
-99.981542	-99.776335	39.527616	22.242822	-100.000000	-99.724433
-100.000000	-100.000000	-23.778230	20.431259	-99.851301	-99.794416
-100.000000	-99.924361	39.611687	47.079575	-100.000000	-99.858160
100.000000	99.995256	-24.100659	-43.191825	99.961946	99.689922
99.738157	99.943491	61.433745	-30.751518	99.974998	99.874963
-99.946614	-100.000000	28.624871	36.790068	-99.930837	-100.000000
99.966050	99.807398	-39.434727	-23.139526	100.000000	100.000000
-99.991296	-100.000000	32.286966	38.966070	-99.749622	-99.556305
100.000000	100.000000	29.151098	-24.315195	100.000000	99.979430
99.856988	99.807071	22.314102	-33.413875	99.867157	99.729206
99.951747	100.000000	-12.442389	-15.031888	100.000000	100.000000
100.000000	99.844903	27.523546	-8.610633	99.950030	98.797182
100.000000	99.916318	46.130932	-14.800071	99.972534	99.925490
-99.997314	-99.967817	24.672554	34.398906	-100.000000	-99.567030
99.873682	99.884375	36.112830	-34.212095	99.857326	99.896713
-100.000000	-99.817444	33.019547	53.255213	-99.964495	-99.961413
-100.000000	-99.968114	19.245497	9.074322	-99.745853	-99.904403
99.875636	99.877414	-28.851088	-19.577700	100.000000	100.000000
100.000000	99.739770	23.182532	-20.003469	99.611611	100.000000
99.955005	99.839564	-81.492778	-15.090988	100.000000	100.000000
-100.000000	-100.000000	40.966345	45.988097	-100.000000	-99.729723
-100.000000	-100.000000	24.801698	27.395912	-99.915601	-100.000000
-99.967850	-99.932027	-28.913918	39.645427	-100.000000	-99.944203
-99.830765	-100.000000	24.609635	32.714353	-100.000000	-100.000000
-99.931284	-100.000000	20.082009	29.307637	-99.798281	-99.234585
-100.000000	-99.939151	-49.876592	30.250716	-99.868565	-99.794927
-99.941850	-99.963457	-20.447254	33.334809	-99.771328	-99.140153
-100.000000	-100.000000	-28.686877	58.365469	-100.000000	-100.000000
99.956395	100.000000	36.568384	-19.251046	99.860552	100.000000
-99.994903	-100.000000	22.390766	31.862028	-99.921819	-99.532571
99.989208	99.964752	39.153623	-61.480881	99.971289	99.987969
100.000000	99.737065	-18.850678	-13.349036	100.000000	99.356603
99.973718	99.831940	-20.291738	-10.501473	100.000000	99.227448
-99.978812	-99.959353	36.675340	26.188216	-100.000000	-99.950199
-99.918123	-99.917762	42.296914	33.471290	-100.000000	-100.000000
-99.949741	-99.996116	44.141296	57.963392	-99.954441	-99.904261
99.924331	99.623531	-30.877796	-13.032555	99.786544	98.949119
-99.881325	-99.937980	8.721538	95.334710	-99.887783	-99.046659
-100.000000	-99.808541	23.479967	57.504112	-100.000000	-99.854639
-100.000000	-100.000000	-23.657059	23.169244	-100.000000	-99.876712
-99.989331	-99.688637	33.112734	45.118731	-99.942460	-99.265524
-99.975391	-99.868184	42.802643	22.339973	-100.000000	-99.559285
-100.000000	-99.946636	60.659517	24.285056	-100.000000	-99.607352
99.994898	99.975839	25.711286	-60.107639	99.721943	99.595254
-100.000000	-99.685747	-10.496255	32.874609	-99.918853	-99.941020
-99.864676	-99.952135	-18.856074	49.807441	-99.976508	-98.854411
100.000000	99.987738	23.067240	-16.043316	99.915921	99.927736
-99.903505	-99.904126	32.736574	34.318816	-100.000000	-99.922179
-99.913120	-99.873868	-27.966272	45.292033	-100.000000	-99.956358
100.000000	100.000000	16.093422	-22.909338	100.000000	99.753518
-100.000000	-99.848767	-72.219464	29.014998	-99.971482	-99.863685
-100.000000	-100.000000	41.077272	15.179243	-99.922223	-99.967757
-100.000000	-99.765106	32.434015	49.209302	-100.000000	-99.988302
-99.914969	-100.000000	29.029016	34.293793	-99.859212	-99.808198
100.000000	99.806797	63.345601	-38.576561	99.895152	99.944136
-99.883543	-99.922016	66.022041	16.586375	-99.972663	-99.484533
-99.834462	-99.948297	-27.038537	84.323742	-100.000000	-99.966205
99.952955	99.875014	-13.273205	-14.066106	100.000000	99.930330
99.935072	99.624720	-62.088617	-34.415330	99.984221	98.937127
-99.955513	-100.000000	-32.189370	24.307246	-99.957324	-99.729464
100.000000	99.901381	-27.022433	-22.545332	99.867537	99.883129
-99.803273	-99.890125	-53.831443	29.348623	-99.830831	-100.000000
99.871290	99.912963	-22.536528	-9.851605	99.910646	100.000000
100.000000	100.000000	-54.625024	-23.444556	100.000000	99.927035
-100.000000	-99.836949	33.964494	35.678350	-99.924234	-100.000000
-99.886444	-100.000000	-48.750909	14.207962	-99.937741	-99.724176
-99.820074	-100.000000	14.902135	40.565098	-100.000000	-99.609641
99.932114	99.950914	49.400246	-21.898956	99.782432	100.000000
-99.840199	-100.000000	-37.050312	47.068804	-100.000000	-100.000000
-100.000000	-100.000000	-42.080257	40.333763	-100.000000	-99.760714
100.000000	99.875745	-32.686184	-23.049113	100.000000	99.286177
100.000000	99.878295	23.191769	-60.800273	99.824811	99.820572
-100.000000	-99.985720	-48.151475	27.030344	-99.812875	-99.701443
-99.883369	-99.964732	-34.158930	8.075743	-99.987132	-100.000000
100.000000	99.978319	27.993704	-46.682785	99.862670	99.184338
-100.000000	-100.000000	16.849500	85.507795	-100.000000	-99.247073
100.000000	100.000000	21.666121	-55.044838	100.000000	100.000000
100.000000	100.000000	-34.216353	-17.326169	99.854663	100.000000
-100.000000	-100.000000	19.521421	51.511136	-99.819641	-99.669292
99.975402	99.832822	-50.003210	-23.214356	99.829439	99.986562
99.852947	100.000000	-29.699439	-32.137751	100.000000	99.945853
-100.000000	-99.991443	22.949924	34.529340	-99.860734	-99.388736
-100.000000	-99.903693	37.409793	14.285491	-99.955193	-100.000000
-100.000000	-100.000000	43.239570	17.062325	-100.000000	-99.949975
99.804609	99.843819	41.985543	-37.516862	99.925817	100.000000
100.000000	100.000000	30.752699	-47.804125	99.948251	99.669011
-100.000000	-99.919832	20.141814	26.854214	-100.000000	-99.545038
-100.000000	-100.000000	-34.539325	15.997697	-100.000000	-100.000000
-99.933807	-99.956598	-44.548472	21.330137	-99.959303	-99.869023
99.685373	99.988775	22.704327	-54.201401	100.000000	98.969624
-99.993410	-74.934096	-20.230504	-10.457760	-80.421553	-99.399012
-99.954649	-100.000000	28.891201	49.708200	-99.919646	-100.000000
99.852360	100.000000	22.206744	-15.930626	100.000000	99.527539
100.000000	100.000000	95.310323	-18.969592	99.694324	99.389445
-99.973155	-99.910022	26.146822	37.790341	-100.000000	-99.978724
-99.942446	-99.997854	43.657283	22.959655	-99.892216	-100.000000
-99.872623	-100.000000	-38.506832	20.907561	-99.813820	-99.638906
99.934707	100.000000	-26.254180	-46.396835	99.923759	99.437436
-100.000000	-99.797561	7.888020	18.554871	-100.000000	-100.000000
99.934769	99.798333	34.913953	-26.545758	99.865048	100.000000
100.000000	99.984226	33.294721	-28.492409	100.000000	99.711894
-100.000000	-99.994064	13.592121	31.836517	-99.959923	-99.988060
-100.000000	-100.000000	30.215494	21.909125	-99.946004	-99.790325
-100.000000	-99.925758	54.313989	29.788788	-99.968595	-99.825229
-99.886166	-100.000000	61.004954	31.551004	-100.000000	-99.836019
-100.000000	-100.000000	26.289134	50.777681	-100.000000	-99.697534
99.926178	99.954481	-27.724285	-29.077837	99.878661	100.000000
-99.911741	-100.000000	40.803358	33.443872	-99.883761	-99.578477
-99.936348	-99.960145	-34.499700	54.360399	-99.876684	-100.000000
-100.000000	-99.997656	-30.596453	14.618469	-99.772692	-99.665242
99.919391	99.782093	-14.123912	-21.975097	99.940195	99.400486
99.955894	99.942460	-14.489946	-35.118749	99.755313	99.942341
-99.984662	-99.925133	37.358821	51.143644	-99.920787	-99.736114
99.834069	99.772422	43.068544	-26.426274	99.854717	99.469780
100.000000	100.000000	62.912048	-19.510270	100.000000	99.570995
99.908008	100.000000	34.822775	-39.331585	100.000000	100.000000
-100.000000	-100.000000	74.547611	27.624617	-100.000000	-100.000000
-100.000000	-99.971164	-27.271637	43.161875	-99.936917	-99.320094
-100.000000	-99.933406	-20.006884	17.898316	-99.870260	-99.378860
-100.000000	-100.000000	45.941634	15.301462	-100.000000	-100.000000
-99.999430	-99.935104	34.835611	19.416870	-100.000000	-99.797555
-100.000000	-76.825029	6.894424	-4.081801	-51.443485	-99.924800
-99.999429	-99.957517	-45.969171	19.596404	-99.940380	-100.000000
99.796128	99.966693	43.698085	-12.421693	100.000000	99.690468
100.000000	99.756452	50.227215	-35.983803	100.000000	99.798127
-100.000000	-99.911815	-34.966822	21.166452	-99.976367	-100.000000
99.919309	99.873324	18.039135	-34.794835	99.935103	99.646432
-100.000000	-100.000000	-28.620877	65.183736	-99.903927	-99.862657
-99.886193	-100.000000	47.259500	42.421704	-99.808630	-100.000000
-100.000000	-99.918420	-50.303642	30.468614	-99.790350	-99.483150
-100.000000	-100.000000	33.916279	37.973159	-99.800018	-99.688898
99.862744	99.824299	27.043950	-27.497246	99.707090	99.947460
-100.000000	-100.000000	-33.679831	28.769208	-99.767852	-99.900554
-99.947611	-99.903167	-43.462295	40.783444	-100.000000	-100.000000
99.807637	99.819709	22.470741	-57.850637	100.000000	99.414805
100.000000	100.000000	7.601295	-53.691758	99.853414	99.001345
-100.000000	-99.899733	60.414205	37.781292	-100.000000	-98.913776
100.000000	99.993275	-15.386204	-5.741476	100.000000	99.891485
100.000000	99.925168	-48.395800	-30.935927	99.703278	99.210425
-99.975989	-99.888904	30.775960	55.948446	-100.000000	-99.117204
99.911303	100.000000	19.571905	-21.738641	99.884897	99.453324
-100.000000	-99.869575	27.057336	71.152236	-99.892402	-99.466953
-100.000000	-99.759853	38.235351	14.318212	-99.896859	-99.605623
100.000000	99.824312	10.779776	-21.436090	99.942615	98.817568
-99.884087	-100.000000	39.836316	26.558293	-100.000000	-100.000000
-99.930947	-99.887852	-35.319567	27.500201	-99.835832	-99.636341
-99.751676	-99.781654	16.507116	39.866484	-99.930251	-99.475609
-99.926520	-99.973491	-19.792877	43.595727	-100.000000	-99.531668
-100.000000	-99.960245	43.526856	36.840717	-100.000000	-99.881639
99.873895	100.000000	27.298454	-36.895452	100.000000	100.000000
-100.000000	-100.000000	17.093859	32.071753	-99.971249	-98.874887
-100.000000	-99.805672	36.560542	36.664808	-99.778006	-99.889217
-99.917539	-99.867848	36.215071	24.418596	-99.960587	-99.672005
-99.938072	-99.827871	26.971148	34.178252	-99.935280	-99.972744
99.878370	99.773084	-19.826569	-26.862397	100.000000	99.768727
-100.000000	-99.874037	-60.879989	20.026264	-100.000000	-99.613211
-100.000000	-100.000000	37.258700	31.407238	-99.891216	-99.949618
-99.906988	-100.000000	65.485349	25.352684	-99.872376	-99.531557
-99.979595	-100.000000	20.865016	30.351099	-99.927765	-99.602673
-100.000000	-99.954559	-19.219214	50.162436	-99.922971	-99.888931
99.964193	99.939628	-10.253264	-55.293354	99.981935	98.559985
99.928911	99.964371	12.710200	-35.796784	99.878559	97.901154
-100.000000	-99.941635	14.812372	16.410443	-99.871647	-99.649535
100.000000	100.000000	-62.095208	-17.254866	99.830972	99.797777
-99.952030	-100.000000	-28.643872	39.185470	-100.000000	-100.000000
100.000000	100.000000	33.852664	-28.199154	100.000000	99.899547
100.000000	99.933959	-29.520922	-12.155471	100.000000	99.237100
7.359348	-38.400360	-29.513431	16.830364	-48.262866	100.000000
99.883465	100.000000	49.754489	-34.510527	100.000000	100.000000
-99.913579	-99.643231	28.572650	31.357672	-99.830060	-99.870466
99.949123	100.000000	35.896586	-21.881697	99.896251	99.981486
99.959114	100.000000	34.815850	-47.252880	100.000000	99.836089
-99.962695	-99.916506	32.419115	11.088757	-100.000000	-99.983390
99.891654	99.939301	33.706847	-37.938825	100.000000	99.327214
-100.000000	-99.843489	-14.227756	24.653584	-100.000000	-99.897574
100.000000	99.999227	82.266300	-25.947558	99.878811	99.651507
99.965307	99.880905	37.168909	-32.047688	99.829498	100.000000
-99.985930	-99.697724	-16.094289	65.992465	-99.841168	-99.175701
-100.000000	-100.000000	-29.127801	22.603519	-99.966852	-99.922582
-100.000000	-99.956423	-16.091347	28.312841	-100.000000	-99.125431
-99.890872	-99.838701	46.727702	47.479327	-99.922166	-99.848575
99.927417	99.883827	50.797158	-16.384410	100.000000	99.896479
99.865844	99.979168	-24.113611	-47.445578	99.969387	100.000000
-99.896034	-26.502832	23.730331	-15.559666	-7.348851	-99.971419
99.895473	99.957254	13.508596	-65.149398	99.947714	99.788815
100.000000	99.806479	18.028921	-27.864411	99.675067	100.000000
99.895439	99.957304	45.633904	-24.962904	99.945296	99.812954
-100.000000	-100.000000	32.268578	36.692287	-99.961201	-99.766127
99.938044	99.867577	-16.686243	-17.553218	99.764042	100.000000
-100.000000	-99.952435	18.359444	18.492392	-100.000000	-100.000000
-100.000000	-99.955888	30.284977	11.259772	-100.000000	-99.975238
-100.000000	-99.911999	28.215802	26.719130	-100.000000	-99.713639
-100.000000	-99.996504	-12.407646	64.504891	-99.946840	-100.000000
99.840197	99.750441	31.790297	-41.561702	99.892636	99.877781
-99.939798	-100.000000	24.233093	36.152492	-100.000000	-100.000000
-99.875821	-100.000000	62.701033	40.549000	-100.000000	-99.752700
100.000000	99.890724	29.483731	-17.600907	100.000000	98.983767
-100.000000	-99.953112	-18.981545	22.918628	-100.000000	-99.946695
-100.000000	-100.000000	32.505270	20.635610	-99.967611	-100.000000
-99.984043	-99.978897	-50.932592	18.682397	-100.000000	-99.612687
-100.000000	-100.000000	-29.980227	18.162985	-100.000000	-99.932791
100.000000	99.993069	-33.149292	-32.593023	99.784377	99.046313
99.877718	99.895068	-41.773064	-20.043571	100.000000	99.534330
-100.000000	-99.904715	-17.180371	22.750358	-99.910728	-99.637632
100.000000	99.998914	-46.769366	-16.195487	99.886717	100.000000
-100.000000	-100.000000	17.165627	97.529349	-100.000000	-99.815843
100.000000	100.000000	49.491104	-43.231640	99.923828	99.979011
99.914384	99.938914	-59.981936	-33.477801	100.000000	99.651775
-100.000000	-100.000000	51.323830	24.439168	-99.925616	-99.338275
99.846523	76.677060	-34.434181	-8.124576	97.988002	98.095419
-99.905871	-100.000000	-17.892850	53.236200	-100.000000	-99.864488
99.883081	99.876329	34.603427	-34.895106	99.858769	99.720081
-99.872547	-100.000000	54.176877	19.744526	-100.000000	-100.000000
100.000000	99.953319	-30.443009	-17.903851	100.000000	99.805717
100.000000	100.000000	35.774044	-13.169537	99.807016	98.594073
-100.000000	-99.780743	36.913071	58.580178	-99.900043	-99.557803
-100.000000	-99.874668	17.014024	37.016031	-100.000000	-98.998743
-100.000000	-99.937829	22.519831	30.373023	-99.960803	-99.934999
-99.958564	-100.000000	41.984374	8.972915	-100.000000	-100.000000
100.000000	100.000000	56.237612	-10.749885	99.926828	99.581772
99.947917	99.773655	54.310877	-18.014731	100.000000	99.997787
-99.950161	-99.885636	23.132741	60.561939	-99.958674	-99.814488
-100.000000	-95.371091	23.519733	3.781818	-100.000000	-99.604188
-99.879885	-99.738891	-29.583813	32.213748	-99.978883	-99.692553
-99.944403	-100.000000	-18.384817	32.479735	-100.000000	-99.930188
-99.780616	-99.898343	52.885245	15.592347	-100.000000	-99.619735
-100.000000	-100.000000	40.056288	25.741274	-99.746554	-99.573689
-99.875251	-100.000000	15.177097	21.972327	-99.930726	-99.931913
-100.000000	-100.000000	-18.968590	23.111048	-99.942093	-99.771812
99.972606	100.000000	45.244283	-18.201672	99.752753	99.356750
-99.971224	-99.901375	-22.982222	21.939425	-99.974294	-99.713646
-99.802613	-99.819463	-45.819351	20.419084	-99.877994	-99.779863
-99.999714	-99.894897	15.273900	79.683583	-99.949736	-99.574367
-99.806101	-99.904181	21.641548	30.216845	-100.000000	-99.818972
-100.000000	-99.757977	27.958125	91.013803	-99.914522	-100.000000
-99.853624	-99.844215	26.102659	23.778441	-99.809686	-99.925953
-100.000000	-99.978260	49.836648	36.044801	-99.919638	-99.727557
-99.954269	-100.000000	30.252823	26.440629	-99.770361	-99.865579
-99.938125	-99.828762	51.799846	19.454077	-99.981799	-99.297173
99.998904	100.000000	45.822160	-15.014394	99.874089	99.470094
99.995377	99.873790	-15.767352	-63.017091	99.998390	99.867880
-99.898721	-99.948671	25.116930	35.224775	-99.810273	-100.000000
-100.000000	-100.000000	-18.835009	87.112125	-99.941135	-99.804875
100.000000	100.000000	-21.743079	-31.683932	100.000000	99.349079
100.000000	99.973113	36.060982	-34.183612	99.874001	99.514088
99.896468	99.828670	-16.498685	-11.489943	99.841641	99.417050
-100.000000	-100.000000	-10.602860	23.119945	-99.794595	-97.312676
100.000000	99.997385	32.029324	-61.318767	99.875286	99.559592
100.000000	100.000000	-13.034122	-67.107000	99.985691	99.713971
100.000000	99.945042	-23.949723	-14.637564	99.917935	99.714443
-100.000000	-99.894708	-44.868360	37.332649	-99.708637	-99.614928
99.897888	99.973280	-67.229640	-22.587492	99.929871	99.648752
-99.939998	-99.938996	19.053204	61.428607	-100.000000	-99.568825
-100.000000	-99.864298	46.278298	26.609691	-100.000000	-99.696152
99.972471	99.875143	97.119937	-21.048986	99.926024	99.763010
99.906641	99.937532	25.173679	-18.081431	100.000000	99.902914
99.899683	99.851805	70.621856	-25.212281	99.843553	99.639643
-99.932150	-99.930566	-35.667304	35.661629	-100.000000	-100.000000
-99.824886	-99.873604	-73.815494	23.092401	-100.000000	-99.819327
-99.939373	-100.000000	69.929039	19.721495	-100.000000	-100.000000
-100.000000	-99.969032	-37.929018	26.125915	-99.962142	-99.806764
100.000000	99.784422	-89.005710	-26.226419	99.873920	100.000000
99.989498	99.828176	-16.946166	-58.158947	99.863297	99.832734
-99.999055	-99.941587	11.746211	35.817984	-100.000000	-100.000000
100.000000	100.000000	20.871621	-34.049219	99.946763	99.006979
-100.000000	-100.000000	12.522924	45.227283	-99.870358	-100.000000
-100.000000	-100.000000	24.851457	14.041417	-100.000000	-99.658141
-99.917651	-99.651972	19.742237	33.276501	-100.000000	-99.438337
-100.000000	-99.995364	37.903150	35.032353	-99.861288	-99.752937
-100.000000	-100.000000	-18.590554	26.927528	-100.000000	-99.975250
-100.000000	-99.892060	41.362639	38.140082	-99.847565	-99.636325
100.000000	100.000000	-27.161306	-50.789565	99.923735	100.000000
-100.000000	-100.000000	14.394101	38.722491	-100.000000	-99.391887
99.974223	100.000000	27.474465	-26.847250	99.753935	99.936265
-99.970492	-99.931574	46.870172	41.796412	-99.857053	-99.834209
-99.985353	-99.684959	-36.596442	42.879944	-100.000000	-100.000000
-100.000000	-99.914058	36.765288	50.331008	-99.995771	-99.844242
99.981693	100.000000	25.892405	-40.955180	100.000000	99.810294
100.000000	99.952840	38.909363	-42.571774	100.000000	99.752832
-99.978144	-100.000000	-17.494293	20.644091	-99.767447	-99.617942
-100.000000	-99.951173	36.320266	12.917730	-99.776173	-99.932992
-99.929099	-99.871140	39.024912	36.976424	-100.000000	-99.901383
-100.000000	-100.000000	9.969548	31.797868	-100.000000	-98.637885
-99.986143	-99.946390	-13.567775	48.139422	-99.832643	-99.910297
-99.861465	-99.970269	-38.439207	26.949947	-99.736298	-99.932618
-100.000000	-99.861829	32.280534	28.550360	-99.809866	-99.942101
99.810832	99.864461	8.024912	-20.736633	99.662283	98.880284
-100.000000	-99.816937	-48.261481	22.609114	-99.998229	-99.797060
-100.000000	-99.890777	-44.425135	19.995671	-99.842146	-99.878812
100.000000	99.982798	-15.306358	-10.533573	99.988590	99.994462
-99.822856	-100.000000	-33.300272	32.079271	-99.987746	-99.927398
-99.873830	-100.000000	17.927308	71.541654	-99.863400	-99.879075
-99.868852	-100.000000	48.944261	19.660511	-99.993156	-100.000000
-100.000000	-96.722341	3.083273	3.227406	-99.833788	-100.000000
-99.929178	-99.779126	-9.662314	19.358451	-100.000000	-99.212313
100.000000	99.910293	-12.132008	-31.291841	99.935407	99.650729
-100.000000	-99.925083	-21.443259	42.774636	-99.956866	-99.989517
99.855216	99.966428	28.809479	-37.069295	99.986366	99.458421
100.000000	99.975995	24.318077	-22.657316	99.768253	99.674376
-100.000000	-99.906844	-23.472450	25.667266	-99.939145	-100.000000
-99.928465	-30.737439	51.505153	-9.404005	-13.548317	-99.711071
-99.933640	-99.986938	-15.568378	32.350252	-99.916966	-99.864254
99.859393	99.958550	11.688047	-40.620511	99.857303	98.549128
99.923995	99.888414	32.765606	-60.963545	100.000000	99.961534
-100.000000	-99.916350	25.293694	28.862237	-100.000000	-99.836827
99.959105	99.989920	43.182638	-26.880179	99.639399	100.000000
-99.992154	-99.765123	57.042820	47.305179	-100.000000	-99.949584
-99.971067	-99.714964	-38.037864	34.418729	-100.000000	-100.000000
100.000000	100.000000	31.925354	-17.137015	99.951586	99.400194
-100.000000	-99.860766	-21.944607	45.100974	-99.715304	-100.000000
99.901692	99.907363	34.114418	-26.780298	100.000000	99.397097
-99.973025	-99.975477	45.645594	27.316634	-100.000000	-99.942293
-100.000000	-100.000000	-27.152902	33.327169	-99.895573	-99.367756
-100.000000	-100.000000	-37.711457	34.219812	-100.000000	-99.872613
-100.000000	-99.989157	-20.561013	75.002972	-100.000000	-99.951051
99.972694	100.000000	32.696299	-25.888215	99.926459	100.000000
-99.945754	-99.871876	17.171173	38.608009	-100.000000	-99.906012
-99.918165	-99.943214	23.269660	30.607739	-99.913312	-99.585386
-100.000000	-99.715956	-40.891421	39.198682	-99.863536	-100.000000
-100.000000	-100.000000	-30.249972	7.850931	-100.000000	-99.109947
-100.000000	-100.000000	37.619734	31.922336	-100.000000	-99.891698
-100.000000	-99.971910	-26.935789	36.577855	-99.988292	-100.000000
-99.960028	-99.943062	-16.457213	43.761635	-100.000000	-99.799280
100.000000	100.000000	50.358644	-23.552961	100.000000	99.529163
-100.000000	-99.905791	-25.568389	93.217734	-99.934963	-99.721714
-99.959269	-100.000000	-6.295538	36.239400	-99.965104	-96.979787
-99.993542	-100.000000	32.331311	27.083510	-99.981380	-99.804993
-100.000000	-99.804909	35.377097	14.542427	-99.785564	-99.769558
100.000000	100.000000	-23.742252	-41.395476	99.904804	99.673971
99.941366	100.000000	21.721429	-21.443125	99.935844	99.396139
100.000000	100.000000	-29.624479	-63.991545	100.000000	99.657728
-37.627911	7.242453	-1.128607	6.293838	7.068924	-98.376798
100.000000	100.000000	60.196146	-10.363981	99.968256	100.000000
99.978613	99.914873	34.971765	-16.756866	99.978514	99.508499
-99.944425	-100.000000	42.341264	25.044449	-99.787106	-99.206241
-100.000000	-99.865147	22.996797	43.171503	-99.998880	-98.581269
100.000000	99.829984	18.936703	-25.842829	100.000000	99.873386
-100.000000	-100.000000	-8.710681	20.957180	-99.996106	-99.689313
99.961486	100.000000	-29.337114	-39.672402	99.963819	99.378538
99.976850	99.782710	49.460012	-9.459694	99.944308	99.532726
-99.940857	-99.965521	-32.398816	13.647649	-100.000000	-100.000000
100.000000	99.856042	-32.060732	-26.451611	99.978758	100.000000
100.000000	100.000000	24.549729	-19.905615	99.966274	99.920800
-100.000000	-100.000000	-39.873445	26.284205	-99.988918	-100.000000
99.991472	100.000000	38.380664	-19.138805	100.000000	100.000000
100.000000	100.000000	36.938347	-42.076974	99.959726	99.873456
99.921357	100.000000	27.382491	-20.499818	99.898977	99.054010
-99.816057	-100.000000	10.997363	47.838425	-99.971377	-99.878300
-99.987069	-99.925758	2.270937	79.017919	-99.998934	-100.000000
-100.000000	-100.000000	-13.269805	67.475059	-99.903389	-100.000000
-99.777007	-99.944125	-45.128572	75.923631	-99.971587	-99.545664
-100.000000	-99.837439	31.947604	22.468825	-100.000000	-99.966886
-100.000000	-99.594540	-28.039773	70.703553	-99.811105	-99.771496
99.924672	99.914617	-17.804902	-32.469668	99.893560	99.489894
-99.995059	-100.000000	-59.033721	29.495244	-99.835032	-99.915835
99.953981	99.917466	25.169945	-33.194974	99.924770	99.477561
-99.966528	-99.827840	-15.607425	24.738046	-99.945873	-99.373085
99.889458	99.771351	-24.344930	-8.650580	100.000000	100.000000
100.000000	99.972013	25.394485	-16.906779	99.955515	99.729623
100.000000	99.636841	-21.576899	-25.789633	100.000000	99.245100
99.689915	100.000000	-31.673365	-18.284863	100.000000	99.821607
100.000000	99.762312	-45.609508	-15.768943	99.902192	99.739131
-99.947937	-100.000000	43.259467	59.918495	-100.000000	-99.761903
99.983878	100.000000	14.457893	-83.144544	99.895731	99.909928
-100.000000	-99.812642	54.481638	33.363138	-99.903419	-99.912724
100.000000	100.000000	43.427759	-19.960324	99.862802	99.696960
-99.925316	-100.000000	23.190256	43.068256	-99.842568	-99.878577
-100.000000	-100.000000	-21.516251	37.711288	-99.988275	-99.941219
-99.929874	-100.000000	-27.025906	44.442313	-100.000000	-99.846947
-99.822361	-99.986093	-36.206283	42.493944	-99.919388	-99.851596
100.000000	100.000000	-53.095680	-19.004019	99.719351	99.957641
-100.000000	-100.000000	31.200576	32.936848	-99.922658	-99.768588
-99.988931	-99.973990	-21.389710	66.627796	-100.000000	-99.754726
-99.986642	-100.000000	50.796134	29.744226	-99.846466	-100.000000
100.000000	99.930402	18.430297	-39.535218	100.000000	100.000000
-99.958394	-100.000000	56.365109	26.808732	-99.943987	-99.689113
-99.954602	-100.000000	18.486184	16.013179	-100.000000	-99.725774
-99.777383	-99.912575	64.027724	32.605792	-100.000000	-99.565066
-100.000000	-99.920178	38.480371	24.271999	-100.000000	-99.820654
99.978519	100.000000	-35.034403	-20.353722	99.954997	100.000000
-100.000000	-100.000000	-43.384192	18.929845	-99.950447	-99.746028
-100.000000	-100.000000	26.384616	28.708744	-99.934365	-99.685435
99.959201	99.986316	52.710196	-15.133568	99.909150	99.668517
-100.000000	-99.847144	-20.713215	48.743300	-100.000000	-99.399993
-99.893628	-100.000000	20.069861	14.886681	-99.821395	-100.000000
100.000000	99.918886	-25.832165	-28.560878	99.930259	99.856287
-99.827564	-99.810586	40.041308	59.848263	-100.000000	-99.650873
100.000000	99.780524	45.491486	-23.296581	99.908511	99.339160
100.000000	99.518851	-80.658313	-19.362107	99.972741	99.751961
-100.000000	-99.795966	29.380194	53.694797	-100.000000	-100.000000
99.974133	100.000000	3.826710	-64.130896	100.000000	99.976389
99.977410	100.000000	-50.323267	-35.626323	99.819639	99.673868
-100.000000	-99.865896	-37.599411	20.598318	-100.000000	-99.673356
99.810904	99.961502	35.381385	-33.604853	100.000000	99.594055
-100.000000	-99.859077	-11.308118	51.541690	-99.847110	-99.890474
-100.000000	-100.000000	27.758373	20.072917	-99.754694	-99.839658
-99.879164	-99.968256	-17.085327	46.298242	-99.994877	-100.000000
-99.951305	-99.974706	53.543647	33.561821	-99.802360	-99.965415
-100.000000	-99.999570	21.915961	33.676650	-100.000000	-99.872805
-100.000000	-99.789181	37.989547	39.809661	-99.878675	-100.000000
-99.973112	-99.903401	-26.353522	32.835483	-100.000000	-99.820660
-100.000000	-99.948670	11.883036	12.215344	-99.893885	-100.000000
-100.000000	-100.000000	66.579814	20.055524	-99.988423	-99.215496
100.000000	99.894067	35.426927	-53.420697	100.000000	100.000000
-100.000000	-99.808887	45.923945	29.262002	-99.866253	-99.728198
-100.000000	-100.000000	16.949529	44.992172	-99.933139	-99.840892
-99.939938	-99.870717	38.458133	16.757218	-100.000000	-99.392872
-99.980438	-100.000000	23.448807	44.481178	-100.000000	-99.767370
-100.000000	-99.985223	32.108749	38.037225	-100.000000	-99.661078
-100.000000	-99.899422	70.709448	11.013185	-94.771945	-98.924654
-100.000000	-99.777477	63.669870	14.495225	-99.939114	-98.647883
-99.999801	-99.880207	-31.031616	63.863862	-100.000000	-100.000000
99.991348	100.000000	34.628383	-34.470825	99.836353	99.677352
100.000000	99.975658	29.973218	-15.973873	99.698756	99.088849
-99.953052	-99.901955	-12.931103	18.834608	-99.841822	-99.505805
-99.783751	-92.353889	6.390562	0.843069	-84.999424	-99.681122
100.000000	99.848115	28.305467	-34.404364	100.000000	99.156447
-100.000000	-99.984933	62.909622	31.694469	-100.000000	-99.831347
99.897530	99.848735	58.210703	-41.389854	100.000000	99.755018
100.000000	99.451270	-53.938550	-47.959057	99.859340	99.446253
-100.000000	-99.878018	34.058343	44.741459	-100.000000	-99.923907
100.000000	100.000000	14.412470	-52.593332	100.000000	99.775202
-99.964631	-99.662668	-45.609919	13.772694	-99.818225	-100.000000
-100.000000	-100.000000	44.411194	30.243935	-100.000000	-100.000000
-100.000000	-99.637184	-12.657545	72.307470	-100.000000	-98.629112
-99.883092	-100.000000	22.576601	62.487355	-100.000000	-99.885996
-100.000000	-100.000000	-41.135233	34.916828	-99.973174	-99.959734
-99.899418	-99.911693	-27.029535	13.147893	-99.832903	-99.877415
-100.000000	-99.961982	-69.330467	28.053559	-99.890238	-99.438377
-99.906449	-99.961215	-15.093262	37.061418	-100.000000	-99.894106
99.944572	100.000000	21.796446	-85.527485	100.000000	99.912283
99.881587	100.000000	35.365733	-23.683592	100.000000	99.866397
-99.872397	-99.977394	-7.801842	52.538378	-99.676501	-99.648857
-99.927924	-99.879313	-25.429186	31.844401	-99.903039	-99.713370
99.928695	99.887989	-25.683076	-67.722544	100.000000	99.872923
-99.980415	-99.926445	-9.195685	13.800498	-100.000000	-99.416461
-99.902867	-100.000000	28.687907	26.535677	-100.000000	-99.733875
-100.000000	-100.000000	-18.308941	43.081885	-99.974277	-100.000000
-100.000000	-99.868949	41.384993	26.612102	-100.000000	-99.812749
99.918850	99.985579	37.168493	-19.659078	99.894359	99.948664
99.970477	99.831857	-26.534268	-19.879681	99.663430	99.985305
-100.000000	-100.000000	29.492919	8.637814	-97.385730	-99.791109
-100.000000	-99.955705	14.607600	22.667344	-99.847117	-100.000000
100.000000	100.000000	23.233590	-44.732551	99.988646	99.635841
-99.948869	-100.000000	12.023362	27.757840	-99.991152	-99.036610
-99.917125	-99.971062	13.873315	26.590763	-100.000000	-100.000000
99.860880	100.000000	-20.786878	-28.603737	100.000000	99.446914
100.000000	100.000000	-37.811601	-14.373024	99.999712	100.000000
-100.000000	-100.000000	18.885611	24.716261	-99.918829	-98.990742
-100.000000	-100.000000	12.624306	49.203517	-99.887616	-97.834078
-100.000000	-99.925232	60.613850	31.338979	-99.915887	-100.000000
-100.000000	-100.000000	17.589814	40.519358	-99.786350	-100.000000
-100.000000	-100.000000	-36.430883	27.121793	-99.994913	-99.771056
-100.000000	-100.000000	-53.793476	29.753002	-100.000000	-100.000000
-100.000000	-99.951970	-34.221432	68.312594	-99.927845	-100.000000
-100.000000	-99.925999	-16.648871	17.212171	-100.000000	-99.568829
-99.931401	-100.000000	-19.291093	39.191232	-100.000000	-99.916409
-100.000000	-99.978985	38.862621	29.262421	-99.891135	-99.336268
100.000000	100.000000	-34.501031	-32.506911	99.884472	99.540850
-100.000000	-99.998957	43.989353	54.110057	-99.934655	-100.000000
-100.000000	-99.948955	69.604841	19.326672	-100.000000	-100.000000
99.923767	100.000000	9.937024	-50.579208	100.000000	98.173247
-99.974705	-99.889955	34.563741	50.193992	-99.946274	-99.854194
-99.957737	-99.944342	-33.085511	41.652395	-99.886583	-99.729094
-99.995222	-99.996423	52.421724	19.628813	-99.924690	-99.919044
-100.000000	-100.000000	-39.599283	28.743836	-99.933029	-100.000000
-100.000000	-99.923696	-33.975946	40.180442	-99.907184	-100.000000
-100.000000	-99.987255	22.545323	45.919686	-99.990265	-99.844796
-100.000000	-100.000000	-30.118403	53.201198	-99.909792	-100.000000
-100.000000	-100.000000	-35.793871	30.978253	-99.856968	-99.633628
-99.869647	-100.000000	-35.647027	43.776522	-100.000000	-99.263449
-100.000000	-100.000000	52.963776	24.282085	-99.912267	-99.877883
-99.819567	-100.000000	41.131211	31.482815	-99.926910	-99.385717
-100.000000	-99.917098	14.075140	14.617888	-99.766669	-99.947101
100.000000	99.973083	-23.707848	-56.138804	100.000000	100.000000
-99.732875	-100.000000	30.030771	6.480275	-100.000000	-97.219695
100.000000	99.961631	-11.949551	-44.768019	100.000000	99.842905
-99.991986	-100.000000	-45.466935	20.845369	-99.993623	-99.719243
-99.956063	-100.000000	28.593886	44.199456	-99.943542	-99.581376
99.836081	99.761115	81.636061	-27.369812	100.000000	99.870769
-99.850224	-99.907211	40.318470	21.173110	-99.812526	-99.956724
-99.885244	-99.917738	38.274851	30.657877	-100.000000	-99.910093
100.000000	99.967253	34.185341	-15.919538	99.880013	98.725843
100.000000	100.000000	44.917275	-36.405406	99.894372	99.769155
-99.974702	-100.000000	45.714046	32.524120	-99.931493	-99.985392
-100.000000	-100.000000	27.722818	19.590562	-100.000000	-99.829935
-99.895983	-99.971526	-16.750919	48.011545	-99.877355	-99.762589
-100.000000	-100.000000	18.384170	14.991341	-100.000000	-99.687723
-99.902387	-99.856364	52.226336	38.160174	-99.991614	-99.702129
-99.912894	-100.000000	22.871570	38.397619	-100.000000	-99.463714
-99.947407	-100.000000	-7.074041	8.875368	-99.968619	-99.899378
-100.000000	-99.945409	15.184361	33.858335	-99.918049	-99.873558
100.000000	100.000000	37.843551	-37.139946	100.000000	99.602443
100.000000	99.952111	-55.546500	-18.670099	100.000000	99.713704
100.000000	99.927140	23.611315	-27.667469	100.000000	99.345327
-99.988767	-100.000000	-30.778859	68.183708	-99.799061	-100.000000
-99.782909	-99.802699	17.411645	34.800213	-99.908894	-99.611472
-100.000000	-100.000000	39.079764	27.980864	-100.000000	-100.000000
99.809859	99.925288	31.654337	-18.605985	99.990445	99.804069
-99.944256	-99.942038	16.896125	47.228650	-100.000000	-99.997427
99.857624	100.000000	64.052333	-13.316021	99.930806	99.960772
100.000000	99.934785	52.610401	-30.175444	100.000000	100.000000
99.930872	99.975267	37.715458	-34.407031	100.000000	99.514996
-100.000000	-99.781673	27.420589	17.288201	-100.000000	-99.984987
99.846650	100.000000	-45.279911	-28.261839	100.000000	100.000000
-100.000000	-100.000000	-68.980688	25.160046	-99.708834	-99.545687
-100.000000	-99.917040	-43.475651	23.825256	-99.874582	-99.674330
-99.980951	-99.831490	32.111475	14.076996	-99.974707	-99.607671
-99.980039	-100.000000	-29.111265	29.597597	-99.977992	-100.000000
100.000000	100.000000	88.078775	-18.848350	99.988795	98.399704
100.000000	99.832779	35.675411	-38.508698	100.000000	99.337410
-99.955073	-100.000000	-38.401931	23.007010	-99.962906	-99.755297
99.966564	99.743672	43.144120	-18.422163	99.911050	99.884144
-100.000000	-99.816987	15.458681	17.357840	-100.000000	-98.884794
99.847898	99.928886	91.288055	-36.641529	100.000000	99.787794
100.000000	99.769263	40.825376	-12.466347	99.910264	99.537917
-99.839451	-100.000000	24.782748	42.529235	-99.925312	-99.917039
100.000000	100.000000	37.835621	-60.588214	100.000000	100.000000
-99.845771	-99.884862	52.642001	23.941480	-100.000000	-100.000000
-99.992874	-99.957248	-25.095753	9.486484	-99.811252	-98.150837
99.859397	100.000000	-22.469595	-25.353318	99.889385	99.783862
-100.000000	-100.000000	33.872434	47.545771	-100.000000	-99.572561
-99.870342	-100.000000	34.247135	17.062863	-99.706951	-99.911037
-100.000000	-99.600327	33.215056	34.078726	-99.699750	-99.823538
100.000000	99.949125	-43.328979	-33.699727	99.869965	99.524325
-100.000000	-99.896059	-23.043831	53.928156	-99.953128	-100.000000
-99.986195	-99.922780	22.029139	9.238019	-99.994493	-99.154704
-100.000000	-99.930640	-16.688354	66.997288	-99.867664	-100.000000
-99.915204	-100.000000	-60.172603	14.433869	-100.000000	-99.852834
99.938398	100.000000	99.163415	-19.442202	99.818960	99.912036
100.000000	100.000000	79.127532	-11.515295	99.984978	99.836511
-100.000000	-100.000000	-15.677088	42.712459	-100.000000	-99.311561
-100.000000	-100.000000	40.602945	30.122831	-100.000000	-99.698119
100.000000	100.000000	41.739895	-15.992802	100.000000	99.964830
-100.000000	-99.991897	10.156871	24.369849	-100.000000	-99.671550
100.000000	100.000000	-54.911404	-5.039876	99.970230	99.072527
-100.000000	-100.000000	-28.440458	36.953009	-100.000000	-99.962034
99.948439	99.873957	31.491204	-26.429999	99.846294	99.973340
-100.000000	-100.000000	-14.108939	17.214099	-99.719968	-98.436768
100.000000	100.000000	42.061964	-27.499802	99.974193	100.000000
99.859753	100.000000	-32.228744	-40.863558	99.841046	99.328213
-100.000000	-99.973948	-26.968863	76.871205	-99.678327	-99.899937
-99.854089	-99.887931	-20.091301	43.616330	-100.000000	-99.293030
-99.997045	-100.000000	-37.851812	28.121392	-99.688578	-99.812238
99.976902	100.000000	58.195401	-26.399492	100.000000	99.586696
-99.900527	-99.911665	-57.752639	10.352894	-99.934982	-100.000000
-100.000000	-100.000000	81.553820	19.000022	-100.000000	-99.806377
-99.932170	-99.986843	30.526402	42.549198	-99.915716	-99.778031
-100.000000	-100.000000	25.464060	53.791753	-99.982716	-99.812861
-100.000000	-99.858256	-41.948554	45.708725	-99.982878	-99.764395
-99.994462	-100.000000	13.456061	26.591196	-99.788524	-99.564963
-100.000000	-100.000000	50.932971	26.134117	-100.000000	-100.000000
100.000000	99.943195	-28.178883	-30.027223	99.931132	99.624619
-100.000000	-99.934264	-23.507263	38.227016	-100.000000	-99.128015
-99.802032	-99.867116	35.676093	30.475859	-99.768158	-99.389044
100.000000	99.788768	-12.614207	-83.961067	99.778036	99.864478
99.961121	99.935728	-10.091263	-12.181575	100.000000	98.786134
-99.914008	-100.000000	26.506488	31.720457	-99.831987	-99.997277
99.856648	100.000000	33.989295	-46.425388	99.800268	99.875300
-100.000000	-100.000000	10.734193	30.899898	-99.976577	-99.976295
99.762521	100.000000	-8.421535	-38.854987	99.881068	99.104412
100.000000	100.000000	34.384803	-52.653553	99.992626	100.000000
-100.000000	-99.847200	26.402173	52.968824	-99.903709	-99.747780
99.881521	99.919781	-44.982030	-24.192695	99.966891	100.000000
-99.848352	-99.998567	-52.337231	23.819954	-100.000000	-99.918381
-99.971336	-100.000000	-18.910599	78.853783	-100.000000	-100.000000
100.000000	99.939413	26.747335	-21.279920	99.927670	99.609046
-100.000000	-100.000000	20.764732	30.386995	-99.942275	-100.000000
99.896459	99.741756	15.980357	-20.426572	99.999318	100.000000
-99.923216	-99.816933	-43.837436	13.751138	-100.000000	-98.588402
-100.000000	-100.000000	43.868957	21.650535	-99.891841	-99.677607
-100.000000	-99.885392	-28.610324	18.349461	-100.000000	-99.933135
-100.000000	-99.934896	10.196154	21.845431	-100.000000	-98.124037
99.965563	99.808211	-10.909269	-18.871509	99.859663	99.910856
-100.000000	-100.000000	-26.149770	20.759932	-99.461735	-99.647710
-100.000000	-99.834785	-11.500269	67.496281	-99.855908	-99.802267
-100.000000	-99.770326	-28.248418	79.605506	-100.000000	-99.940842
100.000000	99.908798	-69.297518	-27.954582	99.950326	99.740897
-100.000000	-99.839064	38.786958	22.501456	-99.838917	-99.601613
100.000000	99.696595	-27.179684	-20.842413	100.000000	100.000000
100.000000	100.000000	14.996247	-17.320818	99.936030	99.424501
99.985340	99.928068	19.760890	-25.564230	99.960757	99.549709
99.921794	100.000000	-47.886816	-29.736496	99.840258	99.406031
100.000000	100.000000	50.272772	-18.464072	99.825224	99.932758
100.000000	99.926747	27.590251	-17.841676	99.991435	100.000000
100.000000	100.000000	-38.089198	-34.331477	99.854309	100.000000
-100.000000	-100.000000	-51.604893	14.913922	-99.884804	-99.844003
100.000000	99.886413	-20.711092	-20.010086	99.823643	99.733855
99.943301	100.000000	14.257906	-60.639221	100.000000	100.000000
-100.000000	-99.616010	-18.318141	67.126239	-100.000000	-99.557553
100.000000	100.000000	27.764727	-51.033484	99.820680	99.938279
100.000000	99.711653	28.442198	-32.388699	100.000000	99.586250
100.000000	100.000000	-27.393030	-68.465368	99.492368	100.000000
100.000000	99.925239	-26.830863	-32.430747	100.000000	100.000000
100.000000	100.000000	-33.151786	-27.859004	99.945669	99.949090
99.775397	100.000000	-22.086259	-28.666783	99.951857	99.374259
-99.999163	-99.887735	-21.542436	18.979577	-99.949805	-99.523051
99.878991	100.000000	46.983314	-44.225373	99.907241	99.822751
-99.961286	-99.922130	59.904763	31.707271	-100.000000	-100.000000
100.000000	100.000000	-18.762572	-29.428006	100.000000	98.984641
-100.000000	-99.902689	53.028068	17.407839	-100.000000	-100.000000
99.972459	99.706352	36.296658	-24.163353	99.835534	99.562073
-100.000000	-99.914936	28.927154	26.389338	-100.000000	-99.917559
99.939940	99.878748	-26.116014	-35.058617	99.925170	100.000000
-100.000000	-99.925692	-59.608241	21.577216	-100.000000	-99.848429
-100.000000	-99.940473	24.013802	41.630893	-99.827252	-99.230674
-99.803624	-100.000000	-37.373450	19.890807	-99.985567	-100.000000
99.871606	99.769026	17.426574	-33.399717	100.000000	99.512842
-100.000000	-99.900871	61.393891	20.821418	-99.889195	-99.885201
-99.980284	-100.000000	-21.468122	62.058292	-99.827096	-100.000000
100.000000	99.776840	69.204790	-13.324013	99.958877	99.814766
-99.866356	-99.986046	-55.837274	21.472114	-100.000000	-99.854387
-100.000000	-100.000000	22.225343	21.234104	-99.932049	-100.000000
-100.000000	-99.909544	55.892312	30.199068	-100.000000	-99.713937
99.812586	100.000000	28.032172	-52.897695	100.000000	99.961318
-99.911568	-99.974649	25.746993	23.203566	-99.671400	-99.883553
-99.799961	-100.000000	-28.885965	32.716634	-99.869587	-99.154313
-100.000000	-99.801370	-34.268972	16.013539	-99.924584	-99.865014
-100.000000	-99.781659	30.064032	38.845456	-100.000000	-99.272998
-99.983527	-99.947667	56.082235	28.000575	-99.975472	-99.771378
100.000000	99.750637	39.707321	-2.987223	99.942186	96.366759
-100.000000	-100.000000	13.712610	50.438917	-99.903606	-99.207926
100.000000	99.797522	56.995533	-23.522016	99.890514	99.784628
-99.866161	-100.000000	31.080182	26.622365	-100.000000	-99.455715
-100.000000	-100.000000	13.383958	40.559955	-99.995507	-100.000000
100.000000	100.000000	-49.738970	-17.355076	99.889298	99.238570
-100.000000	-100.000000	49.336282	22.445485	-100.000000	-100.000000
99.964715	99.987059	75.262489	-14.460060	100.000000	99.981570
-100.000000	-99.764933	-36.169394	12.124406	-100.000000	-99.810481
-100.000000	-100.000000	-13.611898	40.503191	-99.978743	-100.000000
-99.906773	-100.000000	45.117828	34.420004	-99.846743	-99.766286
-100.000000	-99.934304	-10.711626	21.324921	-99.932160	-99.856079
-99.918613	-100.000000	37.626736	17.361944	-100.000000	-100.000000
-100.000000	-99.877421	-16.607846	52.418381	-100.000000	-100.000000
-100.000000	-100.000000	44.709077	31.036706	-99.984559	-99.988687
-100.000000	-100.000000	7.210826	33.704883	-99.800330	-97.988908
-99.977598	-100.000000	-36.672512	23.559521	-100.000000	-99.775782
-100.000000	-100.000000	-33.842333	39.045961	-99.789147	-99.579736
100.000000	100.000000	14.584443	-54.117102	99.985577	99.916056
99.919586	99.897364	35.704659	-7.631876	99.981401	100.000000
