100.000000	100.000000	-35.528577	-38.515519	99.946289	99.894871
-99.862220	-99.998099	8.893242	55.579084	-99.909060	-99.423447
99.982703	99.814821	-22.439347	-36.842140	99.952343	99.235118
-99.941648	-100.000000	53.439387	19.589214	-100.000000	-99.224832
100.000000	99.649571	41.894034	-29.617847	99.939409	99.847968
-100.000000	-100.000000	-21.650965	49.154497	-100.000000	-99.697353
100.000000	99.886054	21.870788	-20.623387	99.848042	100.000000
99.899267	99.876384	32.094805	-34.341589	100.000000	99.328180
-99.844842	-99.699590	40.577058	21.289066	-99.955859	-99.939759
-99.995344	-99.979064	-31.338478	29.628916	-99.991086	-99.937877
-100.000000	-100.000000	-15.387045	33.292608	-100.000000	-99.704940
-99.842700	-100.000000	-24.256581	57.688697	-99.886880	-99.840006
-99.859597	-99.933811	26.161555	22.231834	-99.959265	-99.904084
100.000000	62.200054	-25.606860	-12.548616	81.488038	49.832874
99.993356	99.894049	58.498396	-16.189437	99.913735	99.995364
-100.000000	-99.881691	-12.440379	54.026913	-100.000000	-99.904806
-99.950244	-100.000000	-47.997020	27.480680	-100.000000	-99.844259
-100.000000	-99.937700	40.015582	37.468296	-100.000000	-99.845248
-100.000000	-100.000000	-18.799629	54.695724	-100.000000	-98.737412
-99.876488	-99.871083	45.406026	29.601502	-99.976249	-99.848284
-99.957974	-100.000000	46.092277	31.576542	-100.000000	-100.000000
-100.000000	-100.000000	69.175317	19.209575	-100.000000	-99.863071
99.921971	99.906378	21.482584	-25.789629	99.895877	99.761691
-100.000000	-99.953772	22.865978	11.046350	-99.999824	-99.570882
100.000000	99.924839	26.975493	-43.401470	99.913838	99.545406
-99.971587	-99.988730	42.771433	33.894963	-100.000000	-99.826720
-100.000000	-99.920717	43.392976	39.818213	-100.000000	-99.420047
-99.996627	-99.795996	-33.101241	26.939845	-99.875566	-99.780662
99.982889	99.958675	-26.387926	-15.064879	100.000000	98.866326
-99.865280	-13.364650	42.534059	-5.648616	-12.405737	-99.375554
99.834447	99.877561	30.340655	-23.884343	100.000000	100.000000
99.914904	99.783771	21.701619	-43.431558	99.760909	99.661436
-99.911799	-99.995072	22.929513	48.499512	-99.994294	-99.436712
-100.000000	-99.858535	-19.750197	39.660633	-99.905492	-99.547748
100.000000	46.509949	50.984289	7.715112	30.306583	99.904112
-100.000000	-99.698198	-29.693396	17.894292	-99.738558	-99.800692
-99.866101	-99.965488	-62.667484	17.652379	-99.987440	-99.640072
-100.000000	-99.884401	21.755915	15.929948	-100.000000	-100.000000
-100.000000	-99.783547	36.420165	22.825739	-99.802414	-99.635695
-100.000000	-99.977171	35.201374	46.078791	-100.000000	-100.000000
-100.000000	-100.000000	47.645759	18.675096	-99.954505	-99.961409
100.000000	99.879620	-18.222362	-20.270549	100.000000	98.983948
-99.835178	-100.000000	16.101719	31.888436	-99.926458	-98.931587
-99.941378	-99.946974	-22.575854	35.591915	-100.000000	-99.827337
99.843723	100.000000	-18.152568	-55.834944	100.000000	98.988304
-100.000000	-100.000000	37.019579	22.033581	-100.000000	-100.000000
99.912624	99.998916	39.787168	-25.245587	100.000000	100.000000
-100.000000	-99.978223	-20.574417	8.234488	-99.847569	-97.643174
100.000000	99.887381	30.722529	-38.299886	99.924804	99.969550
-99.802839	-99.957529	-36.047609	24.099718	-100.000000	-99.398937
-99.981265	-100.000000	35.455098	36.065033	-99.860417	-99.503664
-100.000000	-99.972917	25.701938	18.101620	-100.000000	-100.000000
-99.968996	-99.933310	31.945497	38.183394	-99.966365	-99.579364
100.000000	99.969490	23.521613	-43.275788	100.000000	99.929680
-100.000000	-99.968345	33.095457	20.328041	-100.000000	-99.680451
100.000000	100.000000	-23.718317	-37.075637	99.952668	99.579630
-99.889472	-99.985959	-18.860099	66.569796	-99.937008	-98.852512
-99.883159	-99.980496	10.412929	42.926954	-99.926396	-99.747956
99.923186	99.972275	-55.767714	-17.416398	100.000000	99.925320
-99.846932	-100.000000	8.694196	36.834333	-99.976920	-97.743502
-99.930555	-100.000000	-24.478766	43.420365	-100.000000	-99.945742
100.000000	99.863890	-30.517054	-18.114286	99.928606	99.858719
-99.893480	-99.802931	15.334371	14.844837	-99.871991	-99.053502
100.000000	99.927060	-4.903090	-39.081948	99.914828	99.376542
-100.000000	-99.964574	-23.643755	24.697641	-100.000000	-99.529316
100.000000	100.000000	-38.283135	-30.454186	100.000000	99.961510
-99.878661	-99.838769	-53.795145	20.466136	-99.984059	-99.374531
-100.000000	-99.730856	18.415380	64.972644	-100.000000	-99.884871
-100.000000	-99.926744	19.217327	32.839918	-99.719297	-99.536661
-100.000000	-100.000000	14.300912	36.970946	-99.894770	-99.946670
100.000000	100.000000	38.696319	-25.605720	99.901946	99.321569
100.000000	99.960929	28.534472	-49.094529	100.000000	99.643283
100.000000	99.956682	28.093677	-39.496032	100.000000	100.000000
-100.000000	-100.000000	35.037300	59.053179	-99.967531	-100.000000
-99.998598	-99.985227	38.171575	27.660542	-99.971317	-99.844515
-100.000000	-99.737753	-30.247248	14.852418	-100.000000	-100.000000
-99.934594	-99.927160	-43.282564	43.573685	-100.000000	-100.000000
-100.000000	-99.858920	-37.118173	34.141053	-100.000000	-99.880227
100.000000	99.912006	30.839074	-19.015367	100.000000	99.453660
100.000000	100.000000	23.571441	-32.581362	99.937026	100.000000
-99.886437	-99.896347	-43.773648	34.085362	-100.000000	-99.951072
100.000000	99.900662	30.043588	-42.355215	99.909842	100.000000
-99.954092	-99.863082	33.883845	22.672753	-99.913407	-100.000000
-100.000000	-100.000000	44.257478	16.912951	-100.000000	-99.719588
-100.000000	-99.988373	70.300516	22.093621	-100.000000	-99.842120
100.000000	100.000000	-35.886982	-17.505897	99.948100	99.851966
-99.875829	-99.947300	37.013380	36.284329	-99.929475	-99.384992
-100.000000	-99.793792	15.237603	32.048261	-99.786466	-99.572315
-100.000000	-99.885560	41.783446	18.374960	-100.000000	-99.949833
-99.941527	-100.000000	-22.883740	28.906516	-100.000000	-99.068331
-99.943222	-99.883262	-31.250905	27.717780	-100.000000	-99.932158
-100.000000	-100.000000	-25.841277	23.308752	-99.909047	-99.700870
-99.842094	-100.000000	-39.059469	26.712496	-99.915428	-99.324286
-99.976050	-100.000000	21.489922	16.259814	-99.872989	-99.954565
-99.979054	-99.960587	-27.126270	60.671264	-99.992501	-100.000000
-99.996149	-100.000000	49.638265	18.063968	-99.892073	-99.177832
99.930287	99.976360	46.096635	-17.327927	99.993647	99.855965
100.000000	99.858518	9.638274	-29.996996	99.698118	99.978653
-100.000000	-100.000000	15.844028	32.990992	-100.000000	-99.499876
-99.962697	-99.517216	9.016165	50.628606	-99.861902	-99.516528
99.956441	100.000000	48.451637	-32.624698	99.921130	98.965002
-99.919735	-100.000000	34.661493	11.944753	-99.947906	-99.294548
-100.000000	-99.805678	34.186547	8.555401	-100.000000	-99.896945
-99.945456	-100.000000	51.158116	24.566325	-99.896038	-99.825042
-100.000000	-100.000000	-98.081693	26.820444	-99.965004	-100.000000
-100.000000	-99.899292	94.422112	17.952663	-100.000000	-99.428283
-100.000000	-99.933667	-43.396292	20.921588	-99.916409	-99.721244
-100.000000	-99.883180	19.539881	18.404856	-99.977705	-99.503251
-99.955246	-100.000000	26.251672	27.029368	-99.953144	-100.000000
-99.944103	-99.896669	78.516771	25.723924	-99.888173	-99.451342
-100.000000	-99.930033	30.977451	24.494883	-99.677785	-99.803845
100.000000	100.000000	8.751284	-33.315126	100.000000	99.874281
-99.963380	-100.000000	49.938960	31.221721	-99.958831	-100.000000
-100.000000	-100.000000	17.829688	36.576148	-99.710665	-100.000000
100.000000	99.993606	18.597755	-26.308683	99.874350	99.623165
100.000000	100.000000	29.756512	-27.008142	99.892973	99.930769
100.000000	99.921627	34.263978	-38.034943	99.954052	100.000000
-100.000000	-100.000000	42.172124	19.371695	-100.000000	-99.976953
-99.976160	-100.000000	22.832618	45.987466	-99.981012	-99.049979
-100.000000	-99.878253	70.957627	12.997594	-99.753722	-99.995179
-99.992782	-99.766350	-43.850432	33.394528	-100.000000	-100.000000
-99.922590	-99.994730	46.483616	46.728582	-99.928985	-99.701179
100.000000	99.931091	-50.675726	-44.675395	99.976822	99.996732
-100.000000	-99.897904	-40.727163	33.845644	-99.862468	-100.000000
-100.000000	-99.816527	54.945964	24.028327	-99.907537	-99.857811
99.859829	99.999614	91.308002	-29.398327	100.000000	99.949746
-100.000000	-66.627230	39.312875	7.472229	-82.034074	-99.987497
-99.972224	-100.000000	-54.248521	22.771148	-99.917551	-99.977256
99.945944	99.839264	32.526806	-46.155256	99.910608	99.868778
-100.000000	-99.919185	-61.899069	47.293367	-99.760543	-99.735924
100.000000	100.000000	26.932695	-40.364711	100.000000	99.084718
100.000000	99.917599	-25.223325	-31.010456	99.948838	99.838143
-100.000000	-100.000000	21.736881	41.203548	-100.000000	-99.101533
100.000000	99.932569	47.947284	-22.033413	100.000000	99.950880
100.000000	100.000000	-58.227193	-23.103412	99.907530	99.942723
-100.000000	-99.955579	-5.889326	18.950231	-99.810164	-99.066016
-100.000000	-99.875038	-16.047003	38.717169	-100.000000	-99.168954
-100.000000	-99.844582	32.897541	28.781427	-99.948218	-99.870957
99.985057	99.965371	15.421100	-14.906864	99.963907	99.948486
-99.862919	-99.996567	-31.994093	46.447894	-99.940270	-99.556780
-99.920445	-100.000000	-9.857864	14.765129	-99.911106	-99.828590
-100.000000	-99.988053	16.321220	27.559050	-99.865075	-99.368997
99.937430	99.657138	25.558364	-37.994445	100.000000	99.955045
99.998475	99.917596	35.406138	-33.842407	99.781547	100.000000
100.000000	99.900548	-22.314513	-64.891406	100.000000	98.556337
-99.915981	-99.831553	12.990808	79.825755	-100.000000	-99.596875
-100.000000	-100.000000	30.025096	82.420671	-99.857683	-100.000000
100.000000	100.000000	-35.124841	-32.501581	100.000000	99.850029
-100.000000	-100.000000	29.640603	34.114541	-99.967350	-99.770572
-100.000000	-100.000000	-14.500301	28.875031	-99.906562	-98.601530
-99.970306	-99.975539	-19.560580	44.136613	-100.000000	-100.000000
-100.000000	-99.935387	52.773113	28.297389	-99.929986	-99.528215
-99.974714	-99.869122	-44.847254	28.633663	-100.000000	-99.811251
99.994856	100.000000	12.533504	-38.885071	100.000000	99.822840
-100.000000	-99.998492	23.242557	30.638494	-100.000000	-99.080585
-99.925259	-99.841489	-52.409318	27.833610	-100.000000	-100.000000
-100.000000	-100.000000	99.465065	24.062926	-100.000000	-99.738384
-99.797549	-99.831321	-52.202391	12.456698	-100.000000	-99.871617
-99.997042	-99.937633	-70.767344	27.751387	-100.000000	-99.311464
-99.938725	-99.932177	-39.922124	11.759515	-100.000000	-99.924012
-100.000000	-99.856427	26.658056	38.172865	-100.000000	-99.553773
-100.000000	-100.000000	-20.998835	20.244370	-99.796063	-100.000000
-100.000000	-100.000000	38.074373	17.066532	-99.899758	-99.820272
99.930135	99.951238	10.104393	-18.194543	99.914352	99.966937
-100.000000	-99.990191	24.267943	51.174449	-99.996594	-99.022423
-100.000000	-99.888750	59.445242	36.390021	-99.994547	-99.736848
100.000000	99.694833	-36.936191	-22.621974	100.000000	99.935710
-100.000000	-100.000000	-24.434862	11.150447	-99.877617	-99.866883
-100.000000	-99.985472	30.365989	42.022829	-100.000000	-99.416268
-100.000000	-100.000000	-30.043797	64.730512	-99.881689	-99.944910
100.000000	100.000000	24.264583	-26.581463	100.000000	99.700805
100.000000	99.988623	-16.790453	-13.799491	99.995221	99.914639
-100.000000	-99.951084	26.063918	43.227457	-99.737874	-99.311818
-100.000000	-100.000000	30.098519	37.607284	-100.000000	-99.558584
100.000000	100.000000	-17.015061	-19.889343	99.891455	99.928518
99.927685	99.796070	17.388236	-48.491711	100.000000	99.755821
99.939497	99.712848	-27.458860	-6.280453	100.000000	99.266318
99.990673	100.000000	36.329975	-31.900861	100.000000	99.753395
-99.927043	-100.000000	-27.459982	76.995115	-99.941385	-99.959903
-100.000000	-100.000000	-43.207782	45.506086	-100.000000	-100.000000
-100.000000	-99.945405	-8.832830	55.937747	-100.000000	-99.912255
-100.000000	-100.000000	33.710423	26.585577	-99.881680	-99.142976
-99.983052	-100.000000	-44.915068	35.225710	-99.988013	-99.670571
-100.000000	-99.920202	43.967453	29.355260	-100.000000	-98.981282
100.000000	100.000000	-60.917019	-25.719057	99.913996	100.000000
-99.996937	-100.000000	-27.867952	19.632402	-99.976779	-99.973608
-100.000000	-100.000000	51.623943	16.946814	-100.000000	-100.000000
-100.000000	-99.851192	35.127537	38.157048	-99.945341	-99.926541
-100.000000	-99.953157	23.816967	27.029551	-100.000000	-99.614508
-100.000000	-99.823689	-57.004341	30.041501	-99.883118	-99.952000
-100.000000	-100.000000	-38.904284	29.979815	-99.956323	-99.725485
-99.974488	-99.903106	-17.827056	56.273204	-99.999021	-99.585670
-100.000000	-98.428837	-7.581221	5.168266	-100.000000	-99.793518
99.877659	99.813335	22.514264	-10.168051	99.866431	97.789658
100.000000	99.854368	20.466918	-17.231241	99.739452	100.000000
100.000000	99.815977	46.726197	-19.160503	99.677713	99.749327
-100.000000	-100.000000	28.599626	54.905490	-99.867201	-99.544439
-99.860426	-100.000000	25.339531	26.745092	-100.000000	-100.000000
99.977497	100.000000	18.371771	-40.938689	100.000000	98.935137
99.946968	100.000000	22.247694	-26.732188	99.803546	100.000000
100.000000	100.000000	25.831447	-25.615691	99.902084	99.146631
-100.000000	-99.853977	40.710229	19.817044	-100.000000	-99.614060
-99.932378	-99.861178	26.923757	63.010593	-100.000000	-98.929850
-100.000000	-100.000000	26.782070	39.468323	-99.872813	-99.979977
-99.839053	-99.820345	-25.745673	33.325542	-99.856837	-99.885467
99.945476	100.000000	34.139738	-39.646714	99.811424	99.961540
-100.000000	-99.896599	45.963058	36.087328	-100.000000	-99.669730
-100.000000	-100.000000	36.830059	17.901649	-99.993698	-99.791616
99.785174	99.842427	-21.727971	-31.096001	99.821738	99.424424
-99.834346	-99.822806	10.392795	13.651352	-99.915458	-100.000000
-99.921863	-100.000000	26.038771	34.293303	-99.966113	-99.515065
-99.926419	-100.000000	8.051426	15.322506	-100.000000	-100.000000
-100.000000	-99.919596	-28.198734	50.212828	-99.922113	-100.000000
100.000000	100.000000	-20.233060	-59.495692	100.000000	99.887107
-100.000000	-99.950841	-25.216927	44.483325	-100.000000	-99.696471
-100.000000	-99.816511	-43.176658	22.244689	-100.000000	-99.677178
100.000000	99.806059	-25.424718	-23.484180	99.924290	99.432041
-99.998400	-99.951922	63.598879	25.652322	-99.849886	-100.000000
99.994224	100.000000	-22.974495	-9.019631	100.000000	99.541979
-99.879746	-99.763015	18.944672	12.938756	-99.882090	-100.000000
100.000000	99.755274	51.323576	-13.278278	100.000000	99.934500
-100.000000	-99.819589	13.673364	26.327956	-100.000000	-100.000000
100.000000	99.727144	-36.823271	-23.411391	99.826836	100.000000
-99.859758	-99.957606	29.988066	32.893856	-100.000000	-100.000000
-99.771839	-99.887515	11.409107	39.233697	-100.000000	-99.498450
-99.893095	-100.000000	7.906781	16.896551	-100.000000	-98.258300
-99.931856	-100.000000	45.825693	21.805173	-100.000000	-99.615383
-100.000000	-99.959585	36.659976	41.931228	-100.000000	-99.927444
-99.923083	-100.000000	-25.826003	35.731405	-100.000000	-99.854427
100.000000	100.000000	42.088512	-8.081955	100.000000	99.969032
99.983739	99.993193	37.122362	-37.210446	100.000000	100.000000
-100.000000	-99.952690	47.328628	20.404471	-99.944631	-99.310231
100.000000	99.981088	77.550039	-37.130988	99.993226	99.718186
-100.000000	-99.952650	17.553951	21.520638	-99.866343	-99.025479
-100.000000	-99.958296	49.306478	23.340150	-100.000000	-99.935987
99.952445	99.843052	-31.919486	-18.127637	99.849691	99.533783
-100.000000	-99.915512	21.024733	39.661427	-100.000000	-99.871725
-99.879372	-100.000000	28.133758	41.229439	-99.983554	-99.535113
-100.000000	-99.942474	-19.069816	13.623813	-99.982740	-99.917620
-99.909009	-99.855386	36.499597	20.862194	-99.925353	-100.000000
-100.000000	-99.810694	18.182821	33.329378	-99.992877	-99.877948
-99.953210	-99.925209	27.814731	42.844735	-100.000000	-99.559482
-100.000000	-100.000000	6.809680	31.995723	-99.895520	-97.913961
-100.000000	-100.000000	38.924677	29.292188	-99.948916	-99.569385
-99.977292	-99.959630	11.646382	28.821465	-100.000000	-100.000000
-99.993420	-100.000000	47.489302	8.716628	-100.000000	-99.468825
99.999789	99.908885	22.654178	-38.194777	99.858168	100.000000
-99.987187	-100.000000	-11.069271	23.381784	-99.998605	-100.000000
-99.980266	-100.000000	-18.973565	50.042468	-100.000000	-99.929842
-99.922223	-99.971677	-33.526350	36.284963	-100.000000	-100.000000
-99.940936	-100.000000	20.474775	16.098111	-100.000000	-99.620040
-99.806458	-99.624587	27.697856	23.710991	-99.760739	-99.405657
99.894459	99.947512	-27.654880	-18.733732	99.949561	99.903675
100.000000	100.000000	-21.445334	-29.356744	99.835975	99.814863
-99.867975	-99.927941	14.214662	29.170665	-100.000000	-99.901205
-99.957358	-99.918840	20.614176	10.292847	-99.818452	-100.000000
-99.967844	-99.882160	31.308670	23.980608	-99.995057	-100.000000
100.000000	99.933653	-17.040506	-15.037577	99.936218	99.980414
99.809986	100.000000	-28.902058	-9.229195	99.858612	100.000000
100.000000	99.796830	38.925420	-22.588146	99.940188	99.945528
-100.000000	-99.935596	-29.166763	50.611938	-99.799133	-99.547646
-99.969190	-99.971206	-10.482884	47.515049	-99.980654	-98.506339
99.962104	99.963480	-15.677736	-46.453502	99.880609	99.549579
-99.979270	-99.960061	20.976939	6.315624	-99.985655	-98.811443
99.768460	99.718053	38.557181	-52.062476	99.998037	100.000000
100.000000	99.901697	24.542371	-21.197878	99.974948	99.095492
-99.802585	-99.828532	-27.102193	47.274204	-99.870793	-99.967056
-100.000000	-99.945262	23.042291	48.005759	-99.986697	-99.599470
-99.894095	-100.000000	22.594531	20.650499	-99.864246	-98.446958
100.000000	100.000000	-33.347436	-35.397335	99.791179	99.920243
99.985863	100.000000	-18.951721	-78.809176	100.000000	99.508895
100.000000	99.983316	36.201827	-40.997551	100.000000	99.560977
-99.950553	-99.835736	-44.664847	15.003173	-99.987630	-98.916289
-99.952700	-99.811359	20.007208	42.135013	-99.936657	-99.961666
-100.000000	-100.000000	-22.098644	16.925995	-99.874437	-98.560874
99.983639	99.613856	9.919773	-16.546536	100.000000	100.000000
99.893577	99.954772	16.008405	-54.019210	100.000000	99.928766
-100.000000	-99.911319	47.246657	20.723490	-99.998270	-98.859844
-99.973753	-100.000000	20.658139	43.434317	-100.000000	-99.736082
-100.000000	-100.000000	12.729568	8.036236	-100.000000	-98.190475
100.000000	99.809531	29.373397	-24.940284	99.937925	100.000000
-100.000000	-100.000000	54.536920	18.483959	-100.000000	-100.000000
99.835114	100.000000	46.473605	-40.385335	99.978095	99.964323
100.000000	99.889207	-22.512283	-62.289547	100.000000	99.799434
-99.947227	-99.839750	-23.939019	57.063490	-99.836434	-99.772967
99.853384	100.000000	-21.530530	-20.390720	100.000000	99.629560
99.903037	99.909118	28.593932	-31.406693	99.766941	99.481451
-100.000000	-99.854892	35.306548	37.668200	-99.715935	-99.822227
100.000000	100.000000	46.157115	-36.747081	99.927324	99.861449
-99.917955	-100.000000	13.900488	40.508242	-100.000000	-99.836333
99.703220	100.000000	80.632039	-21.830627	99.955894	99.913989
-99.829687	-99.994879	-21.021518	16.927574	-100.000000	-99.569717
99.962849	100.000000	38.815753	-7.320730	100.000000	99.983011
-99.865637	-99.875768	-34.936368	82.283127	-100.000000	-99.750778
100.000000	99.973812	77.133986	-11.617665	100.000000	99.141193
-100.000000	-100.000000	-25.057587	26.126436	-99.961444	-100.000000
-99.967561	-100.000000	25.074763	37.001173	-99.920205	-99.656631
-99.971913	-99.965544	41.459041	29.994623	-100.000000	-99.851822
-100.000000	-100.000000	26.819594	35.436110	-100.000000	-99.829848
99.827549	100.000000	22.554557	-40.416281	99.938265	100.000000
100.000000	100.000000	-12.641272	-12.947362	99.872683	97.753932
-99.875893	-99.982846	62.316646	24.536419	-99.970269	-99.793539
-100.000000	-99.886403	21.186194	42.889592	-100.000000	-99.709540
99.954574	99.900962	-33.967474	-33.320521	99.864331	99.841508
100.000000	99.943728	33.175527	-25.268016	99.651596	99.481305
-99.918552	-100.000000	34.007038	25.026017	-99.935232	-100.000000
-99.902013	-99.882517	52.220121	20.521256	-99.929053	-100.000000
-100.000000	-99.932451	-29.580647	46.822843	-99.924831	-100.000000
-99.889399	-99.915760	-26.870702	24.088087	-99.920172	-99.755901
-99.869293	-100.000000	22.175963	20.427507	-100.000000	-99.846339
-100.000000	-99.934836	61.928518	10.476347	-99.754483	-99.706658
-100.000000	-99.985974	11.155399	32.162532	-100.000000	-99.582133
-100.000000	-100.000000	30.467251	35.135357	-99.769476	-100.000000
-99.857541	-99.967642	43.132958	36.576209	-99.968734	-100.000000
-100.000000	-99.866773	28.225308	44.221607	-99.924460	-99.685506
99.927142	99.783174	13.049894	-31.809802	99.964889	99.169854
99.863210	99.909937	35.359314	-15.624672	100.000000	99.956902
-100.000000	-100.000000	51.677871	48.583860	-99.785605	-99.556231
-99.825025	-99.959134	65.331302	10.148917	-100.000000	-99.134636
100.000000	99.997509	-32.312857	-29.580330	100.000000	100.000000
-99.989934	-99.783085	37.165705	37.469516	-99.941350	-99.944035
-99.941855	-100.000000	-45.587305	25.092331	-99.858055	-99.779511
-100.000000	-100.000000	-29.494158	12.620329	-100.000000	-99.939999
100.000000	99.909190	-91.774993	-25.518079	99.606149	99.280127
-99.901294	-99.945072	-22.308929	10.950092	-100.000000	-99.199313
100.000000	99.943589	39.727540	-39.525948	99.984442	99.356032
-99.963166	-100.000000	-12.336417	25.115077	-99.810217	-99.921711
99.888587	99.988889	32.989421	-48.857803	100.000000	99.543025
-100.000000	-99.925941	-16.987724	18.018676	-100.000000	-99.612898
100.000000	99.961340	31.394648	-30.819259	99.986934	100.000000
100.000000	99.903555	18.550773	-29.031624	99.971492	100.000000
-100.000000	-99.871700	10.973261	59.584070	-99.978925	-99.772032
-100.000000	-99.873030	-34.295371	15.885367	-99.792921	-99.835852
100.000000	99.912334	33.245722	-48.006346	99.983634	99.817398
-99.991210	-99.852168	-20.646548	33.688393	-100.000000	-100.000000
-99.964239	-99.865975	-35.306298	47.742258	-100.000000	-99.911741
100.000000	99.982804	12.214357	-14.355770	99.915220	98.904968
99.963093	99.994623	25.675920	-52.320283	99.785491	99.836043
100.000000	100.000000	-22.164768	-26.269363	99.727563	99.630160
-100.000000	-100.000000	32.110783	49.532432	-100.000000	-99.886497
-100.000000	-99.909683	-44.164441	29.346297	-99.725814	-99.529801
-100.000000	-99.878137	32.822015	43.813282	-100.000000	-99.655910
99.984383	100.000000	-29.483041	-31.636821	100.000000	99.378940
-99.881826	-100.000000	-38.272090	24.705981	-99.968333	-100.000000
-100.000000	-99.774414	41.721984	26.265712	-99.960205	-99.964933
-99.958000	-100.000000	38.851235	28.412772	-99.948662	-99.625158
-99.896391	-99.963192	20.685078	38.686581	-100.000000	-99.862118
99.883470	99.905079	-23.485704	-31.463445	99.883204	99.834518
100.000000	99.996984	-38.979302	-8.726863	100.000000	98.781894
-99.921690	-99.750945	29.742760	49.520006	-99.840499	-99.351996
-100.000000	-99.944650	19.861981	50.621641	-99.951481	-100.000000
100.000000	100.000000	50.775233	-22.294853	99.783136	100.000000
100.000000	99.837555	7.955990	-23.273947	100.000000	98.556357
-100.000000	-100.000000	39.304812	39.995497	-99.943875	-99.999784
100.000000	99.876822	-23.452474	-17.615853	100.000000	99.292621
-100.000000	-99.955964	-36.893338	26.904984	-100.000000	-99.895484
100.000000	99.971694	-39.224139	-44.848937	99.924175	99.571980
99.881747	100.000000	-37.743332	-28.889570	100.000000	99.569262
-100.000000	-100.000000	28.828784	32.316144	-99.935258	-99.830505
99.888397	100.000000	25.466573	-23.380143	99.854794	99.705221
100.000000	99.932515	61.049369	-28.954049	99.939221	99.613576
-99.993090	-100.000000	20.172859	26.712515	-100.000000	-99.953074
-99.962536	-99.764620	30.265218	28.950228	-99.983339	-99.415277
100.000000	99.885080	72.961007	-21.518291	99.950028	100.000000
-100.000000	-100.000000	20.497163	35.627275	-99.833542	-99.953369
-100.000000	-99.995614	40.259046	31.160283	-99.937558	-99.978151
-99.899731	-99.878691	-61.697933	34.411740	-99.905391	-99.263182
-99.987123	-99.853508	63.070050	33.389880	-100.000000	-99.985705
100.000000	99.989062	15.138675	-47.111022	100.000000	99.169002
-99.961884	-99.880350	-19.354114	46.028338	-99.926716	-99.680521
-99.936061	-100.000000	24.005929	22.216623	-99.924632	-99.316626
99.971585	100.000000	26.290043	-51.916561	99.755505	99.987289
100.000000	100.000000	70.812736	-26.731200	99.746932	100.000000
100.000000	99.869477	26.014875	-20.597758	100.000000	99.621182
-100.000000	-99.766794	13.020465	79.702121	-99.807371	-99.930778
99.888520	99.948046	24.072615	-34.751065	100.000000	99.961310
-99.935215	-99.888415	-27.730870	57.967046	-99.902873	-99.729409
-100.000000	-100.000000	26.700480	23.741980	-99.956710	-99.656551
-99.986993	-99.981987	26.958146	30.696588	-99.974218	-99.926032
99.851248	100.000000	40.932264	-23.217357	100.000000	99.674026
99.859162	100.000000	55.384570	-28.434353	99.832433	99.572751
99.928292	99.943837	67.416179	-14.051703	100.000000	99.776192
100.000000	99.980993	36.488391	-30.912778	99.797919	100.000000
100.000000	100.000000	60.700516	-19.021376	99.927082	99.896165
-100.000000	-99.959771	13.319948	24.228858	-99.994570	-100.000000
-99.879642	-99.878361	33.438140	53.197519	-99.832208	-99.351628
99.961508	100.000000	15.906185	-3.003871	92.481785	100.000000
-100.000000	-99.811286	33.841013	47.868880	-99.990211	-100.000000
-99.935510	-100.000000	22.506625	28.042958	-99.970835	-99.168894
-99.948641	-99.854850	-40.579908	52.372789	-99.763570	-99.805975
99.942500	99.873284	-43.230774	-30.520180	99.965606	99.261647
99.845627	99.895191	44.760423	-27.445654	100.000000	99.424180
-100.000000	-99.943746	26.773179	31.062814	-99.876524	-99.642609
-99.932159	-100.000000	19.623867	42.896837	-100.000000	-100.000000
100.000000	100.000000	45.946411	-21.671307	99.945154	99.853416
-99.955759	-100.000000	-21.670418	45.507378	-99.880714	-99.744732
-99.790651	-100.000000	-33.258904	39.954551	-100.000000	-99.595824
-99.860793	-100.000000	34.219224	33.711413	-99.979093	-99.938168
100.000000	99.876847	11.758057	-24.954103	100.000000	99.880161
-100.000000	-99.947125	37.395875	49.966350	-100.000000	-99.937429
100.000000	100.000000	30.704225	-15.452056	99.682540	99.736815
-100.000000	-100.000000	22.379177	32.353425	-100.000000	-99.866574
-96.227407	20.725884	-20.064024	-5.188953	-26.491352	-40.579590
-100.000000	-99.899630	24.178534	45.121617	-100.000000	-99.157364
-100.000000	-99.938909	28.871325	59.281783	-99.710471	-100.000000
99.965144	99.783499	44.148496	-44.234765	100.000000	99.971495
100.000000	99.883726	39.202284	-36.164984	99.876827	99.939197
99.900246	99.893913	15.372328	-33.568373	100.000000	99.126124
-100.000000	-100.000000	-44.399082	43.190175	-99.853903	-99.956275
-99.838017	-99.884027	28.140473	59.599954	-100.000000	-99.760115
100.000000	100.000000	87.615819	-15.489426	99.844339	99.446634
100.000000	99.760253	-35.975470	-39.152341	100.000000	99.794317
100.000000	100.000000	-52.857659	-23.730989	100.000000	99.120621
100.000000	99.881017	24.929556	-29.644765	100.000000	100.000000
-100.000000	-99.570896	-23.083103	33.763576	-99.959297	-99.571638
99.885718	99.970662	-27.961073	-13.758062	99.767872	100.000000
-100.000000	-100.000000	33.578134	26.929025	-99.921915	-99.989513
-100.000000	-99.769106	38.613303	28.687699	-99.859669	-99.728988
100.000000	100.000000	43.844437	-18.081668	100.000000	99.912452
-99.895291	-99.972975	27.430955	38.872440	-99.871816	-99.694292
100.000000	99.890933	-26.088525	-64.814120	99.881582	100.000000
-100.000000	-100.000000	-45.336760	27.542853	-99.991562	-99.895465
-99.833018	-100.000000	39.492184	29.022428	-100.000000	-100.000000
100.000000	99.845563	59.220218	-22.041405	100.000000	99.830680
-99.992683	-99.933731	-20.283968	28.785372	-99.937508	-99.101558
-100.000000	-99.829906	41.378913	45.751833	-99.977934	-100.000000
-100.000000	-99.785205	-14.237034	58.900822	-99.751882	-99.380147
-99.983487	-99.982166	-41.796222	24.229749	-100.000000	-99.928039
-99.846856	-70.780088	-41.475840	11.109651	-100.000000	-99.669335
-99.783533	-100.000000	-38.836060	38.273091	-100.000000	-98.722569
-99.890946	-100.000000	38.936519	40.789897	-99.791429	-99.413375
-100.000000	-99.989528	-14.274937	10.039288	-99.921440	-97.978233
99.958547	99.676708	-44.751209	-15.844874	99.896000	99.825608
-100.000000	-100.000000	8.739023	38.373313	-99.815806	-99.582892
100.000000	99.930043	-15.834131	-68.540594	100.000000	99.879690
-100.000000	-99.848884	-41.766438	41.726213	-99.883504	-100.000000
100.000000	100.000000	20.686730	-16.846486	99.909238	99.653098
-100.000000	-99.726006	7.309295	40.452292	-100.000000	-98.760195
100.000000	100.000000	26.317354	-32.789959	99.853175	100.000000
-99.850916	-99.971841	26.898508	23.646613	-99.947331	-99.789440
45.209034	80.551830	52.906405	-10.748682	55.540138	-80.670093
-100.000000	-99.820090	31.281364	21.796607	-99.943240	-99.858423
-100.000000	-99.941626	-10.335521	11.408090	-99.850949	-99.942190
-100.000000	-99.792361	40.691822	25.136814	-99.987157	-99.874435
-100.000000	-99.917126	-62.929278	13.601777	-99.942949	-100.000000
99.990295	99.955137	32.454089	-37.354275	99.970009	100.000000
99.943694	99.906280	20.461266	-23.770364	99.729134	99.432225
-99.831535	-99.984702	22.363514	37.596473	-100.000000	-100.000000
-100.000000	-99.929679	-19.169015	40.261995	-99.951769	-99.743197
-99.928222	-100.000000	51.733809	24.386635	-99.618584	-100.000000
99.954386	100.000000	-53.407283	-42.259587	100.000000	99.937504
-99.962676	-99.840005	-31.379175	42.538280	-99.927967	-100.000000
-99.896776	-99.863901	35.568008	18.101216	-99.800913	-99.922760
100.000000	100.000000	7.617869	-53.085513	100.000000	99.460175
52.524281	6.259471	39.593141	19.112093	-34.472702	98.040865
-99.920580	-100.000000	-16.082510	37.396289	-99.960982	-100.000000
-100.000000	-100.000000	36.963069	32.566854	-100.000000	-99.648968
-99.990906	-100.000000	38.671260	48.392174	-99.862802	-100.000000
99.905138	99.833684	-41.143475	-60.609539	99.805680	99.815940
100.000000	100.000000	11.633964	-37.947483	99.997164	100.000000
-99.919024	-100.000000	-13.462156	29.578028	-99.881864	-99.741019
100.000000	99.956691	9.774274	-29.069275	100.000000	99.815366
-99.912241	-99.984897	36.052936	19.639318	-99.815551	-99.961725
99.977936	99.751816	-7.985773	-33.373286	99.826322	100.000000
100.000000	99.844815	37.565595	-28.857591	100.000000	99.278334
100.000000	99.909404	-9.323605	-25.898317	100.000000	99.509008
-100.000000	-100.000000	20.776398	30.670466	-99.928147	-99.626521
-100.000000	-99.826234	-28.804207	19.796937	-99.954224	-99.899697
-100.000000	-99.702770	25.396382	18.303760	-99.989074	-99.927286
99.865210	99.731024	40.031512	-39.153988	99.698027	100.000000
99.835141	99.960727	15.226910	-29.228141	99.877517	99.125010
-100.000000	-99.973607	29.425614	38.800247	-99.884613	-99.996348
99.863365	100.000000	35.617313	-44.927313	99.962935	99.913982
99.989259	99.983180	-1.543570	-25.127445	99.934338	95.523412
100.000000	99.989996	23.514458	-43.988990	100.000000	100.000000
100.000000	100.000000	49.184701	-26.688479	99.892437	99.796812
-100.000000	-99.805846	-21.754029	81.030030	-99.902949	-99.620379
100.000000	99.923424	37.826627	-24.192340	99.906064	99.069915
-99.938413	-100.000000	27.055356	38.597957	-100.000000	-99.593370
99.984965	99.726559	-47.055337	-9.400847	100.000000	99.816908
100.000000	100.000000	-79.666857	-6.934924	99.984295	98.957725
100.000000	100.000000	-13.428345	-24.958714	99.933599	99.074063
-99.920579	-99.953880	-29.062156	31.202710	-99.895567	-99.790595
-99.868195	-99.925505	38.049206	28.627436	-100.000000	-99.253690
-99.976717	-100.000000	-17.529570	35.685503	-100.000000	-99.806941
-100.000000	-100.000000	25.468186	47.408840	-100.000000	-99.340083
100.000000	99.887991	-17.990503	-19.323697	100.000000	99.223623
-99.986638	-99.652289	41.629666	20.132018	-99.783325	-99.781273
99.880519	100.000000	21.218089	-61.782429	99.866364	100.000000
-99.944744	-100.000000	-31.657703	36.193575	-100.000000	-100.000000
-100.000000	-99.940802	19.620105	15.277859	-99.679577	-98.626609
-99.856421	-100.000000	-49.775337	36.039926	-100.000000	-99.679187
99.891625	100.000000	-28.137089	-40.564111	99.921822	99.629891
-99.958177	-99.903040	6.995633	21.766370	-99.794499	-99.099365
99.929092	100.000000	-28.475667	-16.593524	99.715252	99.692721
99.763944	100.000000	-24.062254	-31.417026	99.968232	100.000000
-100.000000	-99.769817	56.394165	25.705745	-99.955248	-99.946184
99.900299	100.000000	22.914444	-24.524836	100.000000	99.606547
-100.000000	-99.920167	-12.269057	27.500624	-99.876806	-98.771746
99.972746	99.912549	-25.994178	-64.281621	100.000000	99.792295
100.000000	99.827949	87.247940	-10.556462	99.871120	99.996964
-99.942662	-99.887803	-70.885518	22.111068	-99.927182	-99.351465
-99.916579	-99.747897	13.096806	68.401944	-100.000000	-99.572343
-100.000000	-100.000000	-47.411513	28.229222	-100.000000	-99.660714
100.000000	100.000000	-42.936798	-34.647819	99.818926	99.625534
-100.000000	-99.982313	-31.601928	31.738166	-100.000000	-99.599082
99.917838	99.912037	-19.247792	-16.935277	99.981050	99.768110
100.000000	99.881443	-0.055849	-18.433670	99.965524	99.964815
100.000000	99.970450	75.834654	-15.387237	100.000000	99.977051
-100.000000	-99.960519	16.353700	67.737011	-99.837693	-99.937721
-100.000000	-99.952917	15.292593	28.641246	-99.976710	-100.000000
100.000000	99.821849	69.568143	-14.488809	100.000000	99.865059
-99.941939	-99.902780	-21.709789	57.923580	-99.862501	-99.869685
-100.000000	-99.906910	39.248759	36.141441	-99.977436	-99.587986
-99.871259	-99.897041	29.634979	19.787129	-99.967021	-99.892843
100.000000	99.786565	24.465232	-28.722352	100.000000	99.981718
-100.000000	-99.885530	21.570933	38.479902	-100.000000	-99.810472
-99.935288	-99.982899	-8.697466	67.466462	-100.000000	-99.760750
100.000000	99.962050	-37.374301	-25.604224	100.000000	99.656600
-100.000000	-99.957107	-24.580129	46.658607	-100.000000	-99.858747
-99.997652	-100.000000	-23.580515	23.332234	-99.799671	-99.836101
100.000000	99.921982	52.606342	-29.858516	99.992313	99.719428
-100.000000	-99.911325	35.963852	24.990710	-99.950695	-100.000000
-99.975421	-100.000000	84.798461	14.271498	-100.000000	-99.985346
-99.923948	-100.000000	12.742298	56.558472	-99.997626	-99.918338
-99.882011	-100.000000	-48.103630	31.519719	-100.000000	-99.943615
-99.852169	-99.954642	33.399851	22.275368	-99.786845	-99.988115
-100.000000	-100.000000	26.958688	38.253737	-100.000000	-99.863131
-100.000000	-99.817828	-16.129553	24.142116	-100.000000	-99.478123
-99.892728	-99.946674	-22.334429	12.991638	-99.845749	-99.928888
-99.843316	-100.000000	33.487595	54.057988	-100.000000	-99.821681
99.923830	99.991135	11.188243	-13.718827	100.000000	97.278880
99.974374	100.000000	36.995273	-22.060919	100.000000	99.836928
-99.845803	-99.951933	-41.247792	15.956348	-100.000000	-99.100474
-99.949634	-100.000000	-23.265696	48.638921	-100.000000	-98.763569
100.000000	100.000000	57.656453	-27.324862	100.000000	100.000000
99.804986	99.901655	-30.538862	-11.717075	100.000000	99.672520
100.000000	99.839521	36.649724	-17.554141	100.000000	99.599137
-100.000000	-99.949755	19.767018	44.511647	-100.000000	-99.151268
99.742694	100.000000	-24.950018	-34.212896	99.991761	99.830814
100.000000	99.911059	20.553607	-22.329928	100.000000	99.959495
-99.887258	-99.890812	-15.219208	52.431921	-99.790364	-99.292461
-100.000000	-99.758482	32.540127	18.492830	-100.000000	-99.813066
-99.970993	-99.844013	27.796517	36.290301	-99.989247	-100.000000
99.962748	100.000000	-12.836539	-35.276682	100.000000	99.504998
-100.000000	-99.886240	-23.013311	25.538287	-100.000000	-99.988996
99.820385	100.000000	25.101978	-15.004091	99.880942	99.928806
-100.000000	-100.000000	-21.146664	33.640375	-100.000000	-99.315079
99.952312	100.000000	41.153685	-37.912411	99.956691	99.806811
-99.839660	-100.000000	20.386422	42.439250	-100.000000	-99.867197
99.924492	99.586459	-57.548461	-28.023488	100.000000	99.864293
-100.000000	-99.820148	32.173447	43.845474	-99.840256	-99.890699
-99.955100	-99.527912	-30.119663	21.336734	-100.000000	-100.000000
-99.985128	-99.965448	36.344145	18.144371	-99.855707	-99.638087
-100.000000	-99.877114	34.200556	41.233335	-100.000000	-99.370840
99.862093	19.124241	0.649625	-5.913048	-1.328777	93.569537
-100.000000	-99.909784	-36.963969	46.617538	-99.686142	-99.970871
100.000000	99.936350	-23.458382	-45.778095	99.849981	99.947335
-100.000000	-100.000000	58.412470	31.752803	-99.817711	-100.000000
-99.862726	-100.000000	22.073176	63.418987	-99.888693	-100.000000
-99.960970	-99.996218	-33.351880	28.912802	-99.901508	-99.488297
99.973741	100.000000	-50.024131	-15.612969	100.000000	100.000000
-100.000000	-48.278967	-32.416472	-8.534676	-37.295496	-100.000000
-100.000000	-99.943408	45.998298	22.970434	-100.000000	-99.684446
99.977305	99.959140	15.930033	-21.100912	99.853974	98.885234
99.925023	99.947183	23.778772	-32.421541	100.000000	100.000000
-100.000000	-100.000000	18.220335	26.503800	-99.929686	-100.000000
-99.985227	-100.000000	-45.405161	34.429577	-99.934126	-99.862348
-100.000000	-99.994617	32.498801	34.924993	-100.000000	-99.525371
-99.981088	-99.895590	27.976391	19.168962	-99.914537	-99.841463
-99.970277	-99.903726	30.107996	38.470093	-99.907672	-99.940093
-99.921309	-100.000000	-54.562689	15.818455	-100.000000	-99.001225
-99.927717	-99.977830	16.031042	50.980787	-100.000000	-99.279562
-100.000000	-100.000000	-20.845547	7.923830	-99.914111	-99.679885
-99.944638	-100.000000	32.898204	11.114561	-99.964250	-99.721881
-100.000000	-99.853849	-35.489778	45.242893	-100.000000	-99.962722
100.000000	99.983161	37.827587	-50.010287	100.000000	99.985387
-100.000000	-100.000000	-27.383250	34.470477	-100.000000	-99.856131
99.912297	100.000000	31.450867	-26.450632	100.000000	99.777879
100.000000	100.000000	29.028562	-11.818486	100.000000	99.973203
100.000000	100.000000	-36.196838	-20.751788	99.976192	100.000000
-100.000000	-99.942981	83.500400	15.286317	-99.830948	-99.684034
-99.886214	-100.000000	18.034314	76.036546	-100.000000	-99.834476
-100.000000	-99.945050	21.418373	10.760638	-99.868838	-99.762373
100.000000	100.000000	29.667453	-44.700614	100.000000	99.861017
-99.971331	-100.000000	21.634022	25.029557	-99.925919	-100.000000
99.764297	99.971199	32.444186	-23.799733	99.907944	99.345958
100.000000	99.887676	32.113509	-40.706506	99.873386	99.487691
100.000000	99.916567	-32.434120	-57.339641	99.738056	100.000000
-100.000000	-100.000000	11.229650	20.016704	-99.991231	-97.308385
-99.702995	-99.887131	35.428123	42.053622	-100.000000	-99.876573
100.000000	99.957950	-25.840123	-37.538998	100.000000	99.915725
-99.821022	-100.000000	-50.879672	21.875497	-99.949436	-99.974539
-99.953042	-100.000000	58.823867	13.069068	-99.687775	-99.606290
99.877193	99.814237	-9.110965	-60.173641	99.938629	99.904652
-99.976507	-100.000000	-9.569602	28.486349	-100.000000	-97.605640
-100.000000	-100.000000	23.241807	37.764479	-100.000000	-99.788697
-99.865256	-99.954879	57.256081	36.413855	-100.000000	-100.000000
-100.000000	-99.861296	-26.406165	24.078592	-99.698931	-99.931298
-99.967473	-99.994347	-29.858713	46.611083	-100.000000	-99.402495
-100.000000	-99.812784	19.663129	54.178610	-100.000000	-99.842877
-99.898930	-100.000000	15.449886	40.250802	-99.991205	-99.531249
-99.905787	-99.933446	36.311930	20.902620	-99.882218	-99.868879
100.000000	99.869131	25.005740	-25.897486	100.000000	99.769714
-99.951266	-99.959951	-29.629098	22.981137	-100.000000	-99.997244
100.000000	99.785815	32.891496	-37.569924	100.000000	99.874266
-100.000000	-99.896589	-21.666395	22.496527	-99.865491	-99.011445
-100.000000	-99.986575	18.374727	40.510420	-100.000000	-99.303922
-99.906939	-99.928679	-35.171808	61.300409	-99.910732	-99.646935
-100.000000	-99.842024	25.964416	53.974501	-99.932052	-99.110588
100.000000	99.919158	28.869974	-17.797171	99.887920	99.752347
-99.941165	-100.000000	30.019793	19.700648	-100.000000	-100.000000
-99.992682	-99.923795	13.635347	42.597126	-100.000000	-99.821801
-100.000000	-100.000000	42.756474	33.963778	-100.000000	-99.692411
-99.862233	-99.780599	-35.114074	23.754926	-100.000000	-100.000000
99.903383	99.909230	31.013313	-14.494625	99.776050	99.863540
-99.862917	-20.203772	-48.801575	-6.684593	-45.288049	-97.064847
-99.948852	-100.000000	89.567211	20.645936	-100.000000	-99.780257
99.900147	99.687770	-34.402813	-13.427347	99.980507	99.872598
99.741442	100.000000	22.931370	-33.214379	100.000000	99.890801
100.000000	99.955569	-23.018255	-45.300674	99.978865	99.820653
-100.000000	-100.000000	56.726236	23.626020	-99.958109	-99.748482
-99.957126	-99.869967	34.832627	31.146110	-100.000000	-99.532564
-100.000000	-100.000000	-14.112222	51.428615	-100.000000	-99.792860
-100.000000	-99.865128	17.131242	52.074094	-99.971317	-99.344781
-99.957820	-100.000000	44.265420	48.152462	-99.852070	-99.803599
100.000000	100.000000	27.018399	-61.253946	99.887834	100.000000
-99.941069	-99.908383	53.443578	26.492703	-100.000000	-99.599500
-100.000000	-99.867958	32.057418	43.503149	-99.947037	-99.797557
100.000000	99.998437	32.655380	-40.857290	99.944675	99.931825
100.000000	99.841098	-44.715540	-23.905850	99.875132	99.558320
-100.000000	-99.996418	60.100389	38.766879	-99.784274	-99.825167
100.000000	100.000000	50.007889	-25.700290	100.000000	99.136270
-100.000000	-100.000000	24.007394	25.256096	-99.850355	-99.718026
-100.000000	-100.000000	25.906041	46.383092	-99.934099	-99.537738
100.000000	99.967145	-23.183698	-41.495701	100.000000	99.594553
100.000000	100.000000	-37.639667	-19.881070	100.000000	99.730432
-99.838745	-99.762881	-39.791452	11.290644	-99.946097	-100.000000
-99.919982	-100.000000	43.514394	40.356299	-99.944782	-99.820939
-99.971388	-100.000000	21.320053	23.064450	-99.958129	-98.931291
-99.779573	-99.934275	11.803052	36.525933	-100.000000	-99.753724
100.000000	100.000000	-83.294414	-21.050792	99.898512	99.921015
-99.960145	-99.892048	13.743835	25.274717	-99.784051	-100.000000
-100.000000	-99.691227	-23.884544	45.762115	-99.830923	-99.885354
99.975239	100.000000	41.252316	-22.221530	100.000000	99.751566
-100.000000	-99.933091	17.962985	32.113065	-99.898791	-100.000000
-99.922760	-99.948808	32.124253	30.979756	-99.976961	-100.000000
-100.000000	-99.955890	22.841854	31.473286	-100.000000	-100.000000
99.917854	99.900694	33.056465	-48.470788	99.822380	100.000000
100.000000	100.000000	19.112343	-20.214639	99.929711	99.134920
99.897292	99.892459	11.651455	-27.872331	99.942882	98.975507
-99.853640	-99.774277	33.027122	26.919960	-100.000000	-100.000000
-100.000000	-100.000000	24.880593	26.752249	-99.960457	-99.646475
-99.980047	-100.000000	-25.705879	44.770609	-99.829162	-99.393525
100.000000	100.000000	36.412243	-26.054208	99.980522	99.631106
-99.928409	-99.887812	36.463364	31.685040	-99.967729	-99.935625
100.000000	100.000000	23.045476	-29.412554	100.000000	100.000000
99.886940	100.000000	5.114337	-6.316400	94.604357	97.327834
-100.000000	-99.874524	12.241995	32.443939	-99.963638	-99.949697
-99.923251	-100.000000	13.843684	59.781653	-100.000000	-100.000000
-100.000000	-99.860680	-33.622362	39.185737	-100.000000	-99.456317
-99.969512	-99.915709	21.784208	29.139254	-99.870916	-99.935650
-100.000000	-99.946893	20.106854	54.210581	-99.957912	-99.149731
-99.913775	-100.000000	-12.539879	37.185291	-100.000000	-99.270271
-100.000000	-100.000000	42.670848	22.114833	-99.986346	-100.000000
-100.000000	-99.837560	-33.048908	32.344632	-100.000000	-99.501547
99.941958	99.718241	35.303441	-40.455108	99.968635	100.000000
100.000000	100.000000	-14.671997	-40.510928	100.000000	99.840724
99.893803	99.824541	-15.410690	-22.199071	99.858641	100.000000
-100.000000	-99.835884	26.485261	22.440946	-99.951523	-99.831330
99.820710	100.000000	39.991360	-9.577840	99.856158	99.598481
-100.000000	-99.850055	-43.361818	20.160633	-100.000000	-99.820204
-100.000000	-99.833620	28.361310	17.766059	-99.731418	-98.911121
-100.000000	-100.000000	23.384265	83.416182	-100.000000	-100.000000
-100.000000	-99.930166	20.784113	63.656170	-99.997468	-99.807245
100.000000	99.980021	-6.004024	-31.093353	99.963217	98.509127
-99.842972	-99.973597	9.475884	35.437615	-99.900929	-99.777563
-100.000000	-99.781478	8.362620	-5.757347	-90.975701	-96.979322
100.000000	99.891510	27.881282	-18.708417	100.000000	100.000000
-99.844903	-99.753320	-18.648384	61.835667	-100.000000	-99.951082
-100.000000	-99.882358	-36.302879	47.098536	-99.945693	-100.000000
-100.000000	-99.909823	34.037766	52.231366	-99.926888	-99.467884
-100.000000	-59.937277	-31.957500	11.633035	-91.661442	-46.959621
99.984772	99.982057	-45.208172	-35.750317	100.000000	99.870107
100.000000	99.863813	-34.591612	-21.382259	100.000000	99.916798
-99.855614	-99.955857	-22.064711	59.712458	-99.932812	-99.308295
-100.000000	-99.958920	-28.112350	40.211373	-100.000000	-99.943724
-99.980714	-99.913260	67.382207	32.136896	-99.944989	-99.819010
-99.887324	-100.000000	12.792789	67.532292	-100.000000	-99.975814
-99.994906	-99.882807	-31.143617	33.100925	-100.000000	-100.000000
100.000000	100.000000	-57.717608	-20.218723	99.883173	98.880363
100.000000	100.000000	-18.393741	-23.427558	100.000000	99.383074
-99.980538	-100.000000	-12.963413	26.437089	-99.941931	-99.644313
-100.000000	-99.728086	22.958553	13.227438	-99.765391	-99.171349
99.965537	100.000000	-59.031775	-12.812264	100.000000	99.945039
-100.000000	-99.985178	48.989804	12.798235	-100.000000	-99.962003
99.962878	100.000000	-14.845341	-38.399208	99.905081	100.000000
-99.903135	-99.943944	-56.252240	20.442540	-99.778942	-100.000000
99.959562	99.649673	18.962312	-18.111491	99.894558	99.258585
-99.964517	-100.000000	46.649482	17.899115	-100.000000	-98.818250
-100.000000	-99.877099	40.910453	29.224940	-99.788823	-100.000000
-100.000000	-99.969992	19.432268	19.562339	-99.944633	-99.924176
-99.825730	-100.000000	18.814355	70.176670	-100.000000	-99.734030
-100.000000	-99.827572	48.483840	15.988366	-99.800873	-100.000000
-100.000000	-100.000000	-21.288149	59.387685	-99.889386	-99.267168
-99.859314	-99.943685	16.101547	39.458023	-100.000000	-98.967904
-100.000000	-100.000000	-21.413768	46.372536	-99.935249	-99.454382
-99.976295	-100.000000	24.042699	13.932578	-99.946690	-99.616892
-99.952564	-100.000000	-20.914040	46.121398	-99.936622	-99.715677
-99.966306	-100.000000	11.008201	22.761260	-99.986092	-99.636763
-99.969807	-99.695275	27.298913	53.390584	-100.000000	-99.996262
99.993105	99.988506	39.951385	-49.149309	99.987984	99.901334
99.949975	99.863543	91.385791	-23.185181	99.885930	99.963622
-100.000000	-99.991362	-17.044923	33.503451	-99.645583	-100.000000
-99.995830	-100.000000	-42.318861	47.274110	-100.000000	-99.952756
-100.000000	-99.963559	20.925330	31.967345	-99.943359	-99.209059
-99.991855	-99.760806	8.450882	37.953854	-99.988443	-99.063521
99.968408	99.978624	85.801042	-31.600839	99.985498	99.974830
-99.892037	-100.000000	29.455794	65.136235	-99.923011	-99.971369
-100.000000	-99.892301	16.997887	52.160559	-99.956595	-99.053319
99.787768	100.000000	73.341579	-17.142585	99.964141	99.794566
-100.000000	-99.969076	-40.098499	50.785038	-99.992074	-99.828824
100.000000	99.963162	45.847869	-17.339729	99.960946	99.827758
100.000000	99.912705	21.697899	-42.609765	99.796894	99.461090
-100.000000	-100.000000	-26.487542	49.639214	-99.876222	-99.431267
-99.984276	-100.000000	17.683449	63.808871	-99.930994	-99.721165
-99.994368	-100.000000	36.700903	30.816479	-99.969394	-99.966101
-99.896833	-100.000000	-37.729162	43.334547	-99.864495	-99.463191
-100.000000	-99.919775	-44.298423	46.656679	-99.749375	-99.733710
100.000000	99.950104	-29.147123	-23.249800	100.000000	99.712968
-99.806295	-99.998288	26.377792	61.995906	-99.879832	-99.821306
-100.000000	-100.000000	-51.155474	32.185179	-99.716820	-99.512985
-99.911554	-100.000000	28.028806	50.418184	-99.952109	-99.782610
85.777185	38.293803	-35.764561	-11.896861	55.707720	-43.001346
99.949803	99.904899	23.128942	-24.170848	100.000000	98.976230
-100.000000	-99.913848	23.763983	54.052509	-99.927853	-99.270674
-99.942905	-99.900026	34.795643	15.186533	-99.820745	-100.000000
99.870254	99.871956	71.249138	-16.028472	99.977313	99.333717
100.000000	99.744906	-43.606381	-34.747457	100.000000	99.709090
-99.894549	-99.862248	48.476474	17.660951	-99.800350	-99.948329
-99.978796	-99.986783	33.356544	16.640424	-99.909248	-99.452317
99.955010	99.904100	-19.396756	-55.307968	100.000000	99.432953
-100.000000	-99.631377	24.753134	47.390466	-99.851344	-99.824197
99.915126	99.976947	42.905314	-21.755175	100.000000	100.000000
-100.000000	-99.966858	27.354047	41.764782	-100.000000	-99.704105
-100.000000	-99.939451	-34.469429	33.077911	-99.779797	-99.822055
-100.000000	-99.894215	-44.066767	16.340724	-99.963488	-99.909953
99.908075	100.000000	-15.287489	-45.693900	99.941380	99.169513
-100.000000	-99.808616	50.197449	26.990045	-99.864942	-99.897591
-100.000000	-100.000000	34.891048	16.100247	-100.000000	-98.970496
100.000000	99.951750	32.211086	-28.425091	99.884997	99.652294
100.000000	99.733373	-25.167726	-27.012660	100.000000	99.849690
-99.932727	-99.918643	-24.465298	34.377655	-100.000000	-100.000000
99.957707	100.000000	46.478685	-46.690140	99.855848	99.622651
-99.881823	-99.932188	29.841476	20.796104	-99.833515	-99.300044
-99.978199	-100.000000	60.670492	8.658463	-100.000000	-99.216245
-100.000000	-100.000000	21.442607	5.837561	-100.000000	-99.946990
-99.992325	-99.809115	-16.901382	80.498628	-99.984197	-99.708646
-99.891320	-100.000000	-19.897601	32.575488	-99.979234	-99.836106
-99.955736	-100.000000	38.730290	36.693249	-100.000000	-99.868944
-100.000000	-99.810331	-18.377454	32.216070	-99.753327	-99.694873
-100.000000	-100.000000	62.076659	37.082283	-99.772547	-100.000000
-100.000000	-100.000000	53.333419	17.816182	-99.883752	-99.747618
-100.000000	-100.000000	-31.613488	33.300769	-100.000000	-99.636467
100.000000	100.000000	-28.084973	-65.465727	99.895350	99.136402
100.000000	99.974248	32.056793	-16.440139	100.000000	99.499271
-99.971171	-100.000000	17.210805	32.302252	-100.000000	-99.935684
-99.792934	-100.000000	-39.493926	41.009450	-100.000000	-99.723457
99.900792	99.994232	10.975036	-20.442195	100.000000	99.690804
99.872398	99.922586	-26.546940	-26.924102	99.902366	99.668358
-100.000000	-99.819644	-39.078491	30.832330	-100.000000	-99.821269
-99.917380	-99.942951	-26.910890	52.754229	-99.863565	-99.851621
-100.000000	-99.976175	-28.479287	29.370783	-99.763984	-99.820977
-99.938322	-99.863035	44.573107	32.483852	-100.000000	-99.929141
99.890594	99.863364	40.899945	-39.954359	99.884603	99.601191
-99.947166	-99.917301	65.927084	19.701681	-99.993581	-99.862533
-100.000000	-99.745510	-21.209622	14.834478	-100.000000	-99.381459
-99.756698	-99.727322	10.613863	36.336182	-99.895431	-99.777598
99.984010	99.943673	-34.030762	-45.253214	99.898549	99.803886
-99.960778	-99.955796	68.750976	20.404830	-100.000000	-100.000000
100.000000	99.958543	49.267960	-10.003121	99.808537	100.000000
-100.000000	-99.954359	53.262376	42.266649	-100.000000	-99.664004
-100.000000	-99.943015	23.321927	49.716368	-99.954513	-99.490387
-100.000000	-100.000000	-34.633461	29.509880	-100.000000	-99.968473
100.000000	99.832491	21.583155	-18.620283	99.808656	98.711685
99.914026	100.000000	-55.214681	-19.151137	99.697045	99.650345
99.888724	99.989178	-33.598393	-16.713695	99.881876	99.667227
100.000000	100.000000	29.497001	-32.633905	99.873767	99.940308
-99.990209	-99.701981	25.479893	24.866303	-100.000000	-99.964602
99.946058	99.945852	23.163948	-26.539518	99.859826	100.000000
99.962996	100.000000	21.263349	-34.887113	99.985483	99.736645
99.993004	99.866899	16.469449	-17.205668	99.891493	99.817761
-100.000000	-100.000000	47.648072	37.402408	-99.949755	-100.000000
-100.000000	-99.876768	-74.113622	28.063720	-100.000000	-99.915154
-100.000000	-100.000000	28.428533	31.819192	-99.892639	-99.941217
100.000000	99.870094	-23.544803	-39.711084	100.000000	99.993776
99.953074	99.890491	-28.076628	-30.926233	99.934612	99.428845
-99.930394	-100.000000	20.408881	37.194086	-99.723195	-99.915847
-99.938000	-100.000000	-17.585250	53.003464	-100.000000	-99.669392
100.000000	100.000000	-33.366775	-22.591377	100.000000	99.814376
99.924215	99.717840	-32.216718	-32.071280	99.982002	99.895197
31.963595	-24.688661	-20.861234	17.249291	-33.295667	98.475796
99.890818	100.000000	61.227712	-18.383567	99.985168	98.744947
-100.000000	-99.946098	-26.884558	16.939330	-99.990483	-98.928766
-100.000000	-99.989709	16.963809	18.962858	-99.791004	-100.000000
100.000000	100.000000	24.230917	-25.269420	100.000000	99.976094
99.844068	100.000000	35.408042	-34.148560	100.000000	99.871813
-99.974384	-100.000000	20.814013	36.150418	-100.000000	-100.000000
99.949454	100.000000	13.704072	-27.643857	99.981026	99.578593
-100.000000	-99.964630	-10.889828	47.019003	-99.881031	-99.979656
-100.000000	-99.903263	24.361567	38.953136	-99.973610	-99.846529
-100.000000	-100.000000	-28.668635	40.277708	-99.962171	-99.756554
100.000000	100.000000	34.454479	-18.289450	99.952441	99.614129
100.000000	100.000000	-71.287529	-7.032847	100.000000	99.564175
-99.885555	-99.918027	23.273288	34.381036	-100.000000	-99.169169
-100.000000	-99.845198	21.527960	29.106501	-99.833368	-99.757879
99.912247	100.000000	27.853761	-57.808926	99.972506	99.457969
-99.956140	-99.985710	22.384536	50.971124	-99.919732	-99.592829
100.000000	100.000000	-12.478781	-29.961003	100.000000	99.350318
100.000000	99.814876	23.080935	-39.114291	100.000000	98.730149
-99.822888	-99.948445	13.342151	33.630818	-99.941545	-99.137338
-99.982237	-100.000000	17.783936	32.092824	-99.986853	-100.000000
-100.000000	-99.718675	52.670109	24.983051	-100.000000	-98.834762
99.984532	99.906912	-62.664286	-46.160824	100.000000	100.000000
-100.000000	-99.985286	-15.336083	28.254531	-99.987708	-99.307987
-99.937463	-99.868730	27.211329	31.702282	-99.802869	-99.006132
-100.000000	-99.632053	42.023598	20.888532	-99.893135	-99.963673
-100.000000	-100.000000	23.238883	25.708288	-100.000000	-100.000000
-100.000000	-99.922351	20.069286	34.557836	-99.861136	-100.000000
-99.880195	-100.000000	21.776846	45.664984	-99.883868	-99.994634
-99.974776	-99.962184	-21.780441	80.978538	-99.757442	-99.602556
-99.930818	-100.000000	-11.023500	19.263004	-100.000000	-98.708188
-100.000000	-99.819535	-49.442235	24.542601	-100.000000	-99.495174
99.968391	55.646195	-12.718912	-6.137953	89.719762	100.000000
99.882886	100.000000	26.177856	-6.280838	99.879749	99.711635
-99.983165	-99.976009	61.106192	13.866546	-100.000000	-100.000000
-100.000000	-100.000000	95.501199	23.635853	-100.000000	-100.000000
-100.000000	-100.000000	-38.653623	22.134196	-100.000000	-99.879153
-99.877773	-99.798145	-24.610273	36.313673	-100.000000	-100.000000
-100.000000	-100.000000	31.715196	54.108456	-99.932706	-99.493770
100.000000	100.000000	29.620884	-37.413613	100.000000	99.916436
100.000000	100.000000	70.158578	-17.158981	100.000000	100.000000
100.000000	99.795215	-33.782036	-17.227273	100.000000	99.977393
-99.922364	-100.000000	-40.164869	22.582264	-99.962940	-99.511421
100.000000	99.867965	44.237880	-31.444282	100.000000	99.824201
-100.000000	-100.000000	39.753429	38.770840	-99.918338	-99.785754
-99.985801	-99.962879	33.989957	57.331946	-99.832030	-99.929036
-100.000000	-100.000000	-22.483345	22.019226	-99.800087	-99.908298
-99.916516	-100.000000	18.038460	24.073942	-100.000000	-99.859805
99.861545	100.000000	17.135864	-11.737498	100.000000	99.748914
-100.000000	-99.842731	-39.606596	18.795978	-99.948482	-99.875161
100.000000	99.855810	39.843434	-31.636281	99.936157	99.831254
-99.925365	-99.970465	20.733936	67.280771	-100.000000	-99.868360
-99.979899	-99.992181	19.262095	26.305597	-99.999581	-99.793251
-99.771087	-99.818176	43.916452	24.456680	-100.000000	-99.503656
-100.000000	-99.933856	57.012533	54.549605	-99.824459	-99.909030
-100.000000	-99.902886	62.413834	14.513576	-99.966554	-100.000000
99.921640	99.856525	27.050852	-26.180039	100.000000	100.000000
-99.958779	-99.834284	-35.858849	33.762831	-100.000000	-100.000000
-99.967456	-99.893269	31.470586	50.622251	-100.000000	-99.821619
-100.000000	-100.000000	-92.167697	17.558678	-99.786148	-99.981057
-100.000000	-100.000000	70.015547	25.666353	-99.856817	-99.647971
100.000000	100.000000	-8.036425	-22.440494	100.000000	98.837350
-99.825405	-100.000000	-20.024144	45.625985	-99.998896	-99.610604
-100.000000	-100.000000	32.514264	55.428444	-100.000000	-99.781590
-99.873492	-100.000000	-43.294782	26.611798	-99.927861	-99.917638
-99.993944	-99.959996	-30.207975	38.258413	-100.000000	-99.826688
-99.881927	-100.000000	71.109321	24.198617	-99.910100	-99.877880
-100.000000	-99.721497	32.679548	35.419856	-100.000000	-100.000000
-99.954199	-99.981112	23.835506	30.356757	-100.000000	-99.962519
-99.886457	-100.000000	17.928853	38.545424	-99.943516	-99.924565
-99.834086	-99.505824	26.782291	43.725990	-99.855565	-99.429186
-100.000000	-100.000000	25.383654	40.351432	-100.000000	-99.557677
-99.923437	-100.000000	37.637152	28.625498	-100.000000	-99.961332
-100.000000	-100.000000	51.782993	23.180309	-99.882594	-99.301972
-100.000000	-99.879416	-27.951879	33.658090	-99.857467	-99.872157
-100.000000	-100.000000	-15.124680	45.156433	-100.000000	-99.816836
-100.000000	-99.925768	28.192867	6.901081	-99.873902	-98.541811
-99.876153	-94.028876	-0.544122	10.806594	-100.000000	-99.972805
100.000000	100.000000	-37.513105	-6.387110	99.859595	99.911569
-99.830872	-99.992734	39.510011	19.347602	-100.000000	-100.000000
-100.000000	-99.979432	-17.850270	47.967424	-100.000000	-98.689677
99.998475	99.892379	53.768156	-42.743612	99.994705	99.812513
-100.000000	-100.000000	25.824848	38.805106	-99.862817	-99.515984
99.879419	100.000000	-8.240642	-16.559179	99.814673	99.370837
-99.950307	-100.000000	29.387571	24.415528	-99.909592	-99.856757
-100.000000	-100.000000	-32.050402	23.260238	-100.000000	-99.403128
-100.000000	-100.000000	26.111561	41.306626	-99.846460	-99.148292
99.901000	100.000000	-15.456823	-46.549113	99.877223	99.981418
-99.998995	-99.997086	-11.398774	19.295116	-99.804044	-99.918214
-100.000000	-99.958013	10.902034	39.449736	-100.000000	-100.000000
-100.000000	-100.000000	38.776696	30.003065	-99.988539	-99.363918
99.916541	100.000000	22.010539	-35.401141	99.943887	99.176395
-100.000000	-99.895040	35.629933	43.232766	-100.000000	-99.479618
100.000000	99.884706	23.205547	-50.613285	99.918677	99.872100
-99.828922	-99.929624	-22.597762	23.882679	-99.822921	-99.978838
100.000000	99.970800	39.550486	-35.825379	100.000000	99.931290
-99.980007	-100.000000	40.270996	5.466620	-99.877906	-99.743716
100.000000	99.829119	26.096589	-37.771980	99.984105	99.989193
-99.965811	-100.000000	18.830682	11.785827	-100.000000	-98.867765
100.000000	100.000000	-25.883335	-43.647697	99.963495	100.000000
-99.835676	-100.000000	31.108835	30.156420	-100.000000	-99.311282
-99.907834	-100.000000	-21.316610	12.850714	-99.888095	-99.987066
-99.979275	-100.000000	70.500972	19.551942	-99.938413	-99.719923
-99.906503	-99.934868	43.054512	62.838492	-99.913521	-99.981005
-100.000000	-99.837725	-8.422851	36.880339	-99.970288	-98.488447
-100.000000	-100.000000	17.860399	51.827212	-100.000000	-99.952866
-99.949706	-99.986135	30.464155	20.915091	-100.000000	-99.908069
-100.000000	-100.000000	-34.549684	26.459686	-99.649591	-99.937161
99.789886	100.000000	33.798761	-24.939748	99.966000	99.299539
-100.000000	-100.000000	18.155267	19.803547	-99.893140	-100.000000
-100.000000	-99.847393	8.623416	40.913996	-100.000000	-99.320181
-100.000000	-100.000000	-46.546399	34.974046	-99.978538	-99.793534
99.779066	100.000000	43.263233	-47.434923	100.000000	100.000000
100.000000	99.955235	-23.775742	-24.728463	99.937709	99.402844
-100.000000	-100.000000	26.751031	51.843930	-99.794592	-99.937373
-100.000000	-100.000000	11.354244	40.936025	-99.918746	-99.980674
100.000000	99.881018	18.040540	-32.207652	100.000000	98.684345
-99.975669	-100.000000	5.492978	68.058781	-99.788583	-99.750991
-99.948900	-99.820531	76.253144	13.685724	-100.000000	-99.796080
99.901026	99.934927	-31.789543	-44.554627	99.906669	99.631889
-99.935390	-100.000000	-32.811903	20.938750	-100.000000	-100.000000
100.000000	100.000000	-52.078923	-14.697182	99.917040	100.000000
99.993770	99.974846	-31.427443	-41.096920	100.000000	99.985991
-99.937333	-100.000000	79.453829	14.637892	-99.674418	-99.106150
-99.873977	-100.000000	-17.706925	41.732825	-99.918633	-99.508448
-100.000000	-100.000000	-40.566868	11.512078	-99.942196	-100.000000
-99.951658	-99.955096	31.498772	9.986583	-99.967656	-99.871366
100.000000	99.592449	54.732951	-23.043553	100.000000	99.787550
99.991080	100.000000	-24.125768	-10.028442	99.988892	99.002598
-100.000000	-99.906875	13.162881	32.919130	-99.845681	-99.070982
99.876314	99.911873	-49.716059	-20.421222	100.000000	99.049623
-100.000000	-100.000000	-10.552269	54.359553	-99.742842	-100.000000
99.881026	100.000000	38.068113	-29.947913	99.961539	100.000000
-100.000000	-100.000000	66.812336	38.072854	-100.000000	-99.736096
99.909911	99.928167	63.528896	-16.039433	99.895760	99.911860
-100.000000	-100.000000	7.039340	15.907864	-99.835600	-99.308850
-99.953283	-99.889061	24.120420	30.574345	-100.000000	-99.588835
-100.000000	-99.968958	40.633003	14.276177	-100.000000	-100.000000
99.810251	99.973710	46.388336	-43.571889	100.000000	100.000000
-99.890942	-100.000000	27.748970	20.165962	-99.807764	-100.000000
-100.000000	-99.720003	-15.245009	19.000361	-99.789031	-99.766109
99.874705	99.886991	28.951193	-35.122301	100.000000	99.303664
-99.958286	-99.926316	-60.694670	29.133977	-99.959533	-99.500066
-99.776024	-100.000000	-30.625149	31.827104	-99.968728	-99.981076
-99.862346	-99.840860	31.139727	65.129309	-99.962892	-99.401526
-99.869067	-100.000000	-40.115827	34.290037	-99.877247	-99.937859
-99.954412	-99.789544	-30.085187	32.072715	-100.000000	-99.974962
-99.929712	-99.908723	-41.527975	34.570757	-100.000000	-99.382428
-99.907429	-99.950399	80.643705	17.959317	-99.873564	-99.124998
-99.985191	-100.000000	-1.986499	9.718004	-99.996335	-99.295850
100.000000	100.000000	16.312483	-14.938823	99.966294	99.380946
99.977331	99.960130	17.970347	-10.868575	99.853420	99.827208
-99.844834	-99.958115	-14.222752	47.400130	-99.861348	-99.985456
99.953082	100.000000	-32.198966	-36.522099	99.896003	100.000000
99.921001	99.914037	-37.801097	-51.857047	100.000000	99.488671
-99.945162	-99.977906	-6.849657	36.752837	-99.996391	-100.000000
99.934050	99.902454	23.601133	-30.700315	100.000000	99.781246
100.000000	100.000000	54.054736	-32.778335	99.931507	99.245780
100.000000	100.000000	28.643364	-45.584235	99.870911	100.000000
-100.000000	-99.975839	-31.669469	25.009862	-99.812927	-100.000000
-100.000000	-99.944359	35.857664	40.756651	-100.000000	-99.720888
99.924519	100.000000	36.305844	-22.291264	99.630202	100.000000
-99.888637	-99.955205	23.562207	48.847715	-99.852258	-99.504198
-99.915531	-100.000000	23.615465	25.588933	-99.927347	-99.951331
-99.960931	-99.803147	17.340109	71.250994	-100.000000	-99.894631
99.952579	100.000000	56.567558	-26.732049	100.000000	99.457541
-100.000000	-99.977199	32.370061	12.221947	-100.000000	-99.485462
-99.886051	-99.956619	-34.350954	15.403591	-99.941908	-99.491377
-100.000000	-100.000000	10.367544	18.188113	-99.922779	-99.515320
-100.000000	-99.952180	22.792038	63.991228	-100.000000	-99.382503
-100.000000	-99.953642	-31.293916	40.795260	-99.832448	-99.239817
-99.944719	-100.000000	8.935856	40.804006	-99.894967	-99.463536
-100.000000	-100.000000	34.063962	43.235419	-99.880663	-99.249398
99.801830	99.854382	-36.763518	-43.543075	100.000000	100.000000
100.000000	99.969506	49.255752	-11.037347	99.936205	98.625849
-100.000000	-100.000000	27.372593	63.398149	-100.000000	-99.972320
-100.000000	-99.818829	46.811592	43.491013	-99.865654	-100.000000
100.000000	99.810416	55.867223	-28.992114	100.000000	99.258507
-99.964494	-99.857169	13.437278	39.249016	-100.000000	-100.000000
-100.000000	-99.877870	52.914607	33.950817	-99.780820	-99.217648
100.000000	99.843279	-22.527419	-37.577444	99.961129	99.225676
-100.000000	-100.000000	26.960459	54.511089	-99.945899	-99.153974
-100.000000	-100.000000	24.268341	38.419258	-100.000000	-99.556795
-99.881542	-99.788304	92.762380	31.154280	-99.884799	-100.000000
-99.986571	-99.782748	20.026029	8.537154	-100.000000	-98.774708
-100.000000	-99.989812	55.091463	26.582050	-99.947947	-99.976288
-100.000000	-100.000000	43.853715	23.654917	-99.850081	-99.182428
-99.979661	-99.946719	53.345240	18.473233	-100.000000	-99.876592
-100.000000	-99.730814	33.968370	25.415876	-99.934247	-99.740718
-99.882983	-100.000000	36.207970	18.680550	-100.000000	-99.638266
99.925378	99.906236	-16.051711	-34.347419	99.982976	100.000000
-99.870343	-99.886345	-19.925620	13.379725	-99.972295	-99.279043
-100.000000	-99.775263	52.702954	23.624648	-99.712070	-99.527245
-100.000000	-99.953274	12.102393	64.299109	-99.974255	-99.021197
-100.000000	-99.904357	22.001649	48.282675	-99.717502	-99.997662
-99.913697	-100.000000	-33.248240	15.125266	-99.890725	-99.081388
99.818440	99.933859	35.154706	-29.596043	99.845113	99.566321
-99.897548	-100.000000	29.549162	14.762464	-99.999997	-98.818519
-99.925205	-99.871828	-0.911411	45.690689	-99.908217	-100.000000
