10.000000	10.000000	10.000000	10.000000	10.000000	10.000000
21.079301	8.613872	2.476952	0.000000	7.963381	21.711353
30.301993	13.712913	1.959687	0.000000	5.614094	24.154445
36.767186	12.271298	0.000000	0.000000	6.324966	20.754132
41.338860	11.349719	0.000000	0.000000	11.609046	20.098987
47.555638	9.157519	0.000000	0.000000	19.489568	17.965235
54.389825	2.107719	0.000000	0.000000	31.282977	15.120591
51.256700	0.000000	0.000000	0.000000	37.814149	15.160856
52.344994	0.000000	0.000000	0.000000	49.035242	14.397593
53.907016	0.000000	0.000000	0.000000	62.337586	14.585615
53.708676	0.000000	0.000000	0.000000	76.236950	15.177650
53.620024	0.000000	0.000000	0.000000	89.431960	14.056287
53.124157	0.000000	0.000000	0.000000	100.000000	14.798995
52.700801	0.000000	0.000000	0.000000	100.000000	15.223139
53.421967	0.000000	0.000000	0.000000	100.000000	15.112967
53.226940	0.000000	0.000000	0.000000	100.000000	14.443386
52.435930	0.000000	0.000000	0.000000	100.000000	14.030003
52.622082	0.000000	0.000000	0.000000	100.000000	14.667556
52.783468	0.000000	0.000000	0.000000	100.000000	15.392192
52.169896	0.000000	0.000000	0.000000	100.000000	14.552756
51.993726	0.000000	0.000000	0.000000	100.000000	14.523407
51.081249	0.000000	0.000000	0.000000	100.000000	14.569715
51.084887	0.000000	0.000000	0.000000	100.000000	14.436787
50.937207	0.000000	0.000000	0.000000	100.000000	13.723512
50.336764	0.000000	0.000000	0.000000	100.000000	13.019141
50.103059	0.000000	0.000000	0.000000	100.000000	13.283765
49.939734	0.000000	0.000000	0.000000	100.000000	12.656831
50.267450	0.000000	0.000000	0.000000	100.000000	12.495897
50.281085	0.000000	0.000000	0.000000	100.000000	12.199069
49.079877	0.000000	0.000000	0.000000	100.000000	12.830120
48.518130	0.000000	0.000000	0.000000	100.000000	12.727393
48.551904	0.000000	0.000000	0.000000	100.000000	12.321715
50.085239	0.000000	0.000000	0.000000	100.000000	11.927151
49.875998	0.000000	0.000000	0.000000	100.000000	12.002922
50.720219	0.000000	0.000000	0.000000	100.000000	10.861310
51.196370	0.000000	0.000000	0.000000	100.000000	12.109842
52.588034	0.000000	0.000000	0.000000	100.000000	11.386792
51.172053	0.000000	0.000000	0.000000	100.000000	11.740029
52.088336	0.000000	0.000000	0.000000	100.000000	10.842299
53.069309	0.000000	0.000000	0.000000	100.000000	12.185425
52.224356	0.000000	0.000000	0.000000	100.000000	12.698080
51.804976	0.000000	0.000000	0.000000	100.000000	13.641376
51.313323	0.000000	0.000000	0.000000	100.000000	12.518526
51.013984	0.000000	0.000000	0.000000	100.000000	13.116296
51.006588	0.000000	0.000000	0.000000	100.000000	11.773111
50.448288	0.000000	0.000000	0.000000	100.000000	11.594512
49.799982	0.000000	0.000000	0.000000	100.000000	11.521921
48.752579	0.000000	0.000000	0.000000	100.000000	11.207949
49.961975	0.000000	0.000000	0.000000	100.000000	9.750137
49.761055	0.000000	0.000000	0.000000	100.000000	10.248129
50.103694	0.000000	0.000000	0.000000	100.000000	8.786596
50.931555	0.000000	0.000000	0.000000	100.000000	10.770602
51.205080	0.000000	0.000000	0.000000	100.000000	12.167206
49.999786	0.000000	0.000000	0.000000	100.000000	11.674476
50.170848	0.000000	0.000000	0.000000	100.000000	11.433218
49.161411	0.000000	0.000000	0.000000	100.000000	11.672561
49.013991	0.000000	0.000000	0.000000	100.000000	10.388248
47.762606	0.000000	0.000000	0.000000	100.000000	10.929541
48.531564	0.000000	0.000000	0.000000	100.000000	10.394971
48.521018	0.000000	0.000000	0.000000	100.000000	9.322140
46.836185	0.000000	0.000000	0.000000	100.000000	7.922889
45.717050	0.000000	0.000000	0.000000	100.000000	7.588619
45.563953	0.000000	0.000000	0.000000	100.000000	5.676791
47.292388	0.000000	0.000000	0.000000	100.000000	4.569431
50.318287	0.000000	0.000000	0.000000	100.000000	3.791264
49.605028	0.000000	0.000000	0.000000	100.000000	0.000000
48.933520	0.000000	0.000000	0.000000	100.000000	0.000000
48.970115	0.000000	0.000000	0.000000	100.000000	0.000000
48.644032	0.000000	0.000000	0.000000	100.000000	0.000000
48.675891	0.000000	0.000000	0.000000	100.000000	0.000000
48.737138	0.000000	0.000000	0.000000	100.000000	0.000000
48.522572	0.000000	0.000000	0.000000	100.000000	0.000000
48.525834	0.000000	0.000000	0.000000	100.000000	0.000000
48.534964	0.000000	0.000000	0.000000	100.000000	0.000000
48.499313	0.000000	0.000000	0.000000	100.000000	0.000000
48.526024	0.000000	0.000000	0.000000	100.000000	0.000000
48.529773	0.000000	0.000000	0.000000	100.000000	0.000000
48.466410	0.000000	0.000000	0.000000	100.000000	0.000000
48.523275	0.000000	0.000000	0.000000	100.000000	0.000000
48.206817	0.000000	0.000000	0.000000	100.000000	0.000000
48.106080	0.000000	0.000000	0.000000	100.000000	0.000000
48.006620	0.000000	0.000000	0.000000	100.000000	0.000000
48.073402	0.000000	0.000000	0.000000	100.000000	0.000000
48.195051	0.000000	0.000000	0.000000	100.000000	0.000000
48.491221	0.000000	0.000000	0.000000	100.000000	0.000000
48.427917	0.000000	0.000000	0.000000	100.000000	0.000000
48.411423	0.000000	0.000000	0.000000	100.000000	0.000000
48.705278	0.000000	0.000000	0.000000	100.000000	0.000000
49.132966	0.000000	0.000000	0.000000	100.000000	0.000000
48.878135	0.000000	0.000000	0.000000	100.000000	0.000000
48.723699	0.000000	0.000000	0.000000	100.000000	0.000000
48.763560	0.000000	0.000000	0.000000	100.000000	0.000000
49.061096	0.000000	0.000000	0.000000	100.000000	0.000000
48.952851	0.000000	0.000000	0.000000	100.000000	0.000000
49.023175	0.000000	0.000000	0.000000	100.000000	0.000000
48.960243	0.000000	0.000000	0.000000	100.000000	0.000000
49.148615	0.000000	0.000000	0.000000	100.000000	0.000000
49.406335	0.000000	0.000000	0.000000	100.000000	0.000000
49.191103	0.000000	0.000000	0.000000	100.000000	0.000000
49.131255	0.000000	0.000000	0.000000	100.000000	0.000000
49.161506	0.000000	0.000000	0.000000	100.000000	0.000000
48.993044	0.000000	0.000000	0.000000	100.000000	0.000000
49.008852	0.000000	0.000000	0.000000	100.000000	0.000000
49.404125	0.000000	0.000000	0.000000	100.000000	0.000000
49.337334	0.000000	0.000000	0.000000	100.000000	0.000000
49.060290	0.000000	0.000000	0.000000	100.000000	0.000000
49.102859	0.000000	0.000000	0.000000	100.000000	0.000000
49.531897	0.000000	0.000000	0.000000	100.000000	0.000000
49.159673	0.000000	0.000000	0.000000	100.000000	0.000000
49.009079	0.000000	0.000000	0.000000	100.000000	0.000000
48.865662	0.000000	0.000000	0.000000	100.000000	0.000000
48.557556	0.000000	0.000000	0.000000	100.000000	0.000000
49.032163	0.000000	0.000000	0.000000	100.000000	0.000000
49.151694	0.000000	0.000000	0.000000	100.000000	0.000000
49.059759	0.000000	0.000000	0.000000	100.000000	0.000000
49.018515	0.000000	0.000000	0.000000	100.000000	0.000000
48.941606	0.000000	0.000000	0.000000	100.000000	0.000000
49.057872	0.000000	0.000000	0.000000	100.000000	0.000000
49.022853	0.000000	0.000000	0.000000	100.000000	0.000000
49.099084	0.000000	0.000000	0.000000	100.000000	0.000000
49.216497	0.000000	0.000000	0.000000	100.000000	0.000000
49.020766	0.000000	0.000000	0.000000	100.000000	0.000000
48.871760	0.000000	0.000000	0.000000	100.000000	0.000000
49.306827	0.000000	0.000000	0.000000	100.000000	0.000000
49.091734	0.000000	0.000000	0.000000	100.000000	0.000000
49.105564	0.000000	0.000000	0.000000	100.000000	0.000000
48.931666	0.000000	0.000000	0.000000	100.000000	0.000000
48.707911	0.000000	0.000000	0.000000	100.000000	0.000000
48.892387	0.000000	0.000000	0.000000	100.000000	0.000000
49.021672	0.000000	0.000000	0.000000	100.000000	0.000000
49.024361	0.000000	0.000000	0.000000	100.000000	0.000000
49.007289	0.000000	0.000000	0.000000	100.000000	0.000000
49.054451	0.000000	0.000000	0.000000	100.000000	0.000000
49.247795	0.000000	0.000000	0.000000	100.000000	0.000000
49.410078	0.000000	0.000000	0.000000	100.000000	0.000000
49.246005	0.000000	0.000000	0.000000	100.000000	0.000000
48.644165	0.000000	0.000000	0.000000	100.000000	0.000000
48.438247	0.000000	0.000000	0.000000	100.000000	0.000000
48.632345	0.000000	0.000000	0.000000	100.000000	0.000000
48.615037	0.000000	0.000000	0.000000	100.000000	0.000000
48.597541	0.000000	0.000000	0.000000	100.000000	0.000000
48.599046	0.000000	0.000000	0.000000	100.000000	0.000000
48.549870	0.000000	0.000000	0.000000	100.000000	0.000000
48.496733	0.000000	0.000000	0.000000	100.000000	0.000000
48.549402	0.000000	0.000000	0.000000	100.000000	0.000000
48.408691	0.000000	0.000000	0.000000	100.000000	0.000000
48.122844	0.000000	0.000000	0.000000	100.000000	0.000000
47.955601	0.000000	0.000000	0.000000	100.000000	0.000000
48.041246	0.000000	0.000000	0.000000	100.000000	0.000000
48.121011	0.000000	0.000000	0.000000	100.000000	0.000000
48.130437	0.000000	0.000000	0.000000	100.000000	0.000000
47.900505	0.000000	0.000000	0.000000	100.000000	0.000000
47.911161	0.000000	0.000000	0.000000	100.000000	0.000000
47.555152	0.000000	0.000000	0.000000	100.000000	0.000000
47.321266	0.000000	0.000000	0.000000	100.000000	0.000000
47.165661	0.000000	0.000000	0.000000	100.000000	0.000000
47.025437	0.000000	0.000000	0.000000	100.000000	0.000000
47.326338	0.000000	0.000000	0.000000	100.000000	0.000000
47.034398	0.000000	0.000000	0.000000	100.000000	0.000000
46.858012	0.000000	0.000000	0.000000	100.000000	0.000000
46.547918	0.000000	0.000000	0.000000	100.000000	0.000000
46.816500	0.000000	0.000000	0.000000	100.000000	0.000000
47.085710	0.000000	0.000000	0.000000	100.000000	0.000000
46.697108	0.000000	0.000000	0.000000	100.000000	0.000000
46.398499	0.000000	0.000000	0.000000	100.000000	0.000000
46.478180	0.000000	0.000000	0.000000	100.000000	0.000000
46.592171	0.000000	0.000000	0.000000	100.000000	0.000000
46.645134	0.000000	0.000000	0.000000	100.000000	0.000000
46.705114	0.000000	0.000000	0.000000	100.000000	0.000000
47.193868	0.000000	0.000000	0.000000	100.000000	0.000000
47.267429	0.000000	0.000000	0.000000	100.000000	0.000000
47.263298	0.000000	0.000000	0.000000	100.000000	0.000000
47.220732	0.000000	0.000000	0.000000	100.000000	0.000000
47.692745	0.000000	0.000000	0.000000	100.000000	0.000000
47.471816	0.000000	0.000000	0.000000	100.000000	0.000000
47.625184	0.000000	0.000000	0.000000	100.000000	0.000000
47.449502	0.000000	0.000000	0.000000	100.000000	0.000000
47.734391	0.000000	0.000000	0.000000	100.000000	0.000000
47.706362	0.000000	0.000000	0.000000	100.000000	0.000000
47.962449	0.000000	0.000000	0.000000	100.000000	0.000000
47.709045	0.000000	0.000000	0.000000	100.000000	0.000000
47.455483	0.000000	0.000000	0.000000	100.000000	0.000000
47.117042	0.000000	0.000000	0.000000	100.000000	0.000000
47.389796	0.000000	0.000000	0.000000	100.000000	0.000000
47.134271	0.000000	0.000000	0.000000	100.000000	0.000000
46.826840	0.000000	0.000000	0.000000	100.000000	0.000000
46.731796	0.000000	0.000000	0.000000	100.000000	0.000000
46.646632	0.000000	0.000000	0.000000	100.000000	0.000000
46.721068	0.000000	0.000000	0.000000	100.000000	0.000000
46.456031	0.000000	0.000000	0.000000	100.000000	0.000000
46.584316	0.000000	0.000000	0.000000	100.000000	0.000000
46.750932	0.000000	0.000000	0.000000	100.000000	0.000000
46.848762	0.000000	0.000000	0.000000	100.000000	0.000000
47.026281	0.000000	0.000000	0.000000	100.000000	0.000000
46.994188	0.000000	0.000000	0.000000	100.000000	0.000000
46.810329	0.000000	0.000000	0.000000	100.000000	0.000000
46.356291	0.000000	0.000000	0.000000	100.000000	0.000000
46.098605	0.000000	0.000000	0.000000	100.000000	0.000000
45.881056	0.000000	0.000000	0.000000	100.000000	0.000000
45.736254	0.000000	0.000000	0.000000	100.000000	0.000000
46.105812	0.000000	0.000000	0.000000	100.000000	0.000000
46.346897	0.000000	0.000000	0.000000	100.000000	0.000000
46.572650	0.000000	0.000000	0.000000	100.000000	0.000000
46.216397	0.000000	0.000000	0.000000	100.000000	0.000000
46.590019	0.000000	0.000000	0.000000	100.000000	0.000000
46.925139	0.000000	0.000000	0.000000	100.000000	0.000000
46.449307	0.000000	0.000000	0.000000	100.000000	0.000000
46.445531	0.000000	0.000000	0.000000	100.000000	0.000000
46.496089	0.000000	0.000000	0.000000	100.000000	0.000000
46.379397	0.000000	0.000000	0.000000	100.000000	0.000000
46.557163	0.000000	0.000000	0.000000	100.000000	0.000000
46.632070	0.000000	0.000000	0.000000	100.000000	0.000000
46.338857	0.000000	0.000000	0.000000	100.000000	0.000000
46.299630	0.000000	0.000000	0.000000	100.000000	0.000000
46.420425	0.000000	0.000000	0.000000	100.000000	0.000000
46.501063	0.000000	0.000000	0.000000	100.000000	0.000000
45.992222	0.000000	0.000000	0.000000	100.000000	0.000000
46.075881	0.000000	0.000000	0.000000	100.000000	0.000000
46.188648	0.000000	0.000000	0.000000	100.000000	0.000000
46.354334	0.000000	0.000000	0.000000	100.000000	0.000000
46.799071	0.000000	0.000000	0.000000	100.000000	0.000000
46.935779	0.000000	0.000000	0.000000	100.000000	0.000000
46.470062	0.000000	0.000000	0.000000	100.000000	0.000000
46.921441	0.000000	0.000000	0.000000	100.000000	0.000000
47.188432	0.000000	0.000000	0.000000	100.000000	0.000000
47.154986	0.000000	0.000000	0.000000	100.000000	0.000000
46.830562	0.000000	0.000000	0.000000	100.000000	0.000000
46.507626	0.000000	0.000000	0.000000	100.000000	0.000000
46.520008	0.000000	0.000000	0.000000	100.000000	0.000000
46.724632	0.000000	0.000000	0.000000	100.000000	0.000000
46.824766	0.000000	0.000000	0.000000	100.000000	0.000000
46.344444	0.000000	0.000000	0.000000	100.000000	0.000000
46.461248	0.000000	0.000000	0.000000	100.000000	0.000000
46.373242	0.000000	0.000000	0.000000	100.000000	0.000000
46.383688	0.000000	0.000000	0.000000	100.000000	0.000000
46.392729	0.000000	0.000000	0.000000	100.000000	0.000000
46.708455	0.000000	0.000000	0.000000	100.000000	0.000000
46.618992	0.000000	0.000000	0.000000	100.000000	0.000000
46.686150	0.000000	0.000000	0.000000	100.000000	0.000000
46.955134	0.000000	0.000000	0.000000	100.000000	0.000000
46.967033	0.000000	0.000000	0.000000	100.000000	0.000000
47.249497	0.000000	0.000000	0.000000	100.000000	0.000000
47.175393	0.000000	0.000000	0.000000	100.000000	0.000000
47.057318	0.000000	0.000000	0.000000	100.000000	0.000000
46.801086	0.000000	0.000000	0.000000	100.000000	0.000000
46.845407	0.000000	0.000000	0.000000	100.000000	0.000000
46.792870	0.000000	0.000000	0.000000	100.000000	0.000000
46.938149	0.000000	0.000000	0.000000	100.000000	0.000000
46.807680	0.000000	0.000000	0.000000	100.000000	0.000000
46.939442	0.000000	0.000000	0.000000	100.000000	0.000000
46.898081	0.000000	0.000000	0.000000	100.000000	0.000000
46.747056	0.000000	0.000000	0.000000	100.000000	0.000000
46.769391	0.000000	0.000000	0.000000	100.000000	0.000000
46.479854	0.000000	0.000000	0.000000	100.000000	0.000000
46.393904	0.000000	0.000000	0.000000	100.000000	0.000000
46.983367	0.000000	0.000000	0.000000	100.000000	0.000000
46.723625	0.000000	0.000000	0.000000	100.000000	0.000000
46.675325	0.000000	0.000000	0.000000	100.000000	0.000000
47.025233	0.000000	0.000000	0.000000	100.000000	0.000000
47.207288	0.000000	0.000000	0.000000	100.000000	0.000000
47.212444	0.000000	0.000000	0.000000	100.000000	0.000000
47.091601	0.000000	0.000000	0.000000	100.000000	0.000000
46.988406	0.000000	0.000000	0.000000	100.000000	0.000000
46.657885	0.000000	0.000000	0.000000	100.000000	0.000000
46.359779	0.000000	0.000000	0.000000	100.000000	0.000000
46.623258	0.000000	0.000000	0.000000	100.000000	0.000000
46.772596	0.000000	0.000000	0.000000	100.000000	0.000000
46.889440	0.000000	0.000000	0.000000	100.000000	0.000000
46.714343	0.000000	0.000000	0.000000	100.000000	0.000000
46.802748	0.000000	0.000000	0.000000	100.000000	0.000000
46.827205	0.000000	0.000000	0.000000	100.000000	0.000000
46.804392	0.000000	0.000000	0.000000	100.000000	0.000000
46.994582	0.000000	0.000000	0.000000	100.000000	0.000000
46.999161	0.000000	0.000000	0.000000	100.000000	0.000000
46.892241	0.000000	0.000000	0.000000	100.000000	0.000000
46.726077	0.000000	0.000000	0.000000	100.000000	0.000000
46.749898	0.000000	0.000000	0.000000	100.000000	0.000000
46.767156	0.000000	0.000000	0.000000	100.000000	0.000000
46.813656	0.000000	0.000000	0.000000	100.000000	0.000000
47.225618	0.000000	0.000000	0.000000	100.000000	0.000000
47.206726	0.000000	0.000000	0.000000	100.000000	0.000000
47.345881	0.000000	0.000000	0.000000	100.000000	0.000000
47.612128	0.000000	0.000000	0.000000	100.000000	0.000000
47.431815	0.000000	0.000000	0.000000	100.000000	0.000000
47.234091	0.000000	0.000000	0.000000	100.000000	0.000000
46.986602	0.000000	0.000000	0.000000	100.000000	0.000000
47.187265	0.000000	0.000000	0.000000	100.000000	0.000000
46.978864	0.000000	0.000000	0.000000	100.000000	0.000000
47.071810	0.000000	0.000000	0.000000	100.000000	0.000000
46.809940	0.000000	0.000000	0.000000	100.000000	0.000000
46.885579	0.000000	0.000000	0.000000	100.000000	0.000000
46.844110	0.000000	0.000000	0.000000	100.000000	0.000000
47.426825	0.000000	0.000000	0.000000	100.000000	0.000000
47.241770	0.000000	0.000000	0.000000	100.000000	0.000000
46.966779	0.000000	0.000000	0.000000	100.000000	0.000000
47.272192	0.000000	0.000000	0.000000	100.000000	0.000000
47.227181	0.000000	0.000000	0.000000	100.000000	0.000000
47.069647	0.000000	0.000000	0.000000	100.000000	0.000000
47.058475	0.000000	0.000000	0.000000	100.000000	0.000000
47.367314	0.000000	0.000000	0.000000	100.000000	0.000000
47.669662	0.000000	0.000000	0.000000	100.000000	0.000000
47.744549	0.000000	0.000000	0.000000	100.000000	0.000000
47.821612	0.000000	0.000000	0.000000	100.000000	0.000000
47.791369	0.000000	0.000000	0.000000	100.000000	0.000000
47.618181	0.000000	0.000000	0.000000	100.000000	0.000000
47.862530	0.000000	0.000000	0.000000	100.000000	0.000000
47.953223	0.000000	0.000000	0.000000	100.000000	0.000000
48.045309	0.000000	0.000000	0.000000	100.000000	0.000000
48.109870	0.000000	0.000000	0.000000	100.000000	0.000000
48.279579	0.000000	0.000000	0.000000	100.000000	0.000000
48.124511	0.000000	0.000000	0.000000	100.000000	0.000000
48.432764	0.000000	0.000000	0.000000	100.000000	0.000000
48.442726	0.000000	0.000000	0.000000	100.000000	0.000000
48.499008	0.000000	0.000000	0.000000	100.000000	0.000000
48.540498	0.000000	0.000000	0.000000	100.000000	0.000000
48.585105	0.000000	0.000000	0.000000	100.000000	0.000000
48.887919	0.000000	0.000000	0.000000	100.000000	0.000000
48.977447	0.000000	0.000000	0.000000	100.000000	0.000000
48.575220	0.000000	0.000000	0.000000	100.000000	0.000000
48.226735	0.000000	0.000000	0.000000	100.000000	0.000000
48.331854	0.000000	0.000000	0.000000	100.000000	0.000000
48.205490	0.000000	0.000000	0.000000	100.000000	0.000000
48.170183	0.000000	0.000000	0.000000	100.000000	0.000000
47.915212	0.000000	0.000000	0.000000	100.000000	0.000000
48.154299	0.000000	0.000000	0.000000	100.000000	0.000000
47.718455	0.000000	0.000000	0.000000	100.000000	0.000000
48.046942	0.000000	0.000000	0.000000	100.000000	0.000000
48.406255	0.000000	0.000000	0.000000	100.000000	0.000000
48.707360	0.000000	0.000000	0.000000	100.000000	0.000000
48.458172	0.000000	0.000000	0.000000	100.000000	0.000000
48.330700	0.000000	0.000000	0.000000	100.000000	0.000000
48.469882	0.000000	0.000000	0.000000	100.000000	0.000000
48.743246	0.000000	0.000000	0.000000	100.000000	0.000000
49.044761	0.000000	0.000000	0.000000	100.000000	0.000000
48.871100	0.000000	0.000000	0.000000	100.000000	0.000000
48.828824	0.000000	0.000000	0.000000	100.000000	0.000000
48.895475	0.000000	0.000000	0.000000	100.000000	0.000000
48.598094	0.000000	0.000000	0.000000	100.000000	0.000000
48.836053	0.000000	0.000000	0.000000	100.000000	0.000000
48.802346	0.000000	0.000000	0.000000	100.000000	0.000000
48.841231	0.000000	0.000000	0.000000	100.000000	0.000000
48.558747	0.000000	0.000000	0.000000	100.000000	0.000000
48.794591	0.000000	0.000000	0.000000	100.000000	0.000000
48.526276	0.000000	0.000000	0.000000	100.000000	0.000000
48.477444	0.000000	0.000000	0.000000	100.000000	0.000000
48.385552	0.000000	0.000000	0.000000	100.000000	0.000000
48.547523	0.000000	0.000000	0.000000	100.000000	0.000000
48.723324	0.000000	0.000000	0.000000	100.000000	0.000000
48.606646	0.000000	0.000000	0.000000	100.000000	0.000000
48.590912	0.000000	0.000000	0.000000	100.000000	0.000000
48.367493	0.000000	0.000000	0.000000	100.000000	0.000000
48.615105	0.000000	0.000000	0.000000	100.000000	0.000000
48.768274	0.000000	0.000000	0.000000	100.000000	0.000000
48.474450	0.000000	0.000000	0.000000	100.000000	0.000000
48.768581	0.000000	0.000000	0.000000	100.000000	0.000000
48.884770	0.000000	0.000000	0.000000	100.000000	0.000000
48.842935	0.000000	0.000000	0.000000	100.000000	0.000000
48.657625	0.000000	0.000000	0.000000	100.000000	0.000000
48.328653	0.000000	0.000000	0.000000	100.000000	0.000000
48.417716	0.000000	0.000000	0.000000	100.000000	0.000000
48.250185	0.000000	0.000000	0.000000	100.000000	0.000000
48.350892	0.000000	0.000000	0.000000	100.000000	0.000000
48.118254	0.000000	0.000000	0.000000	100.000000	0.000000
47.752054	0.000000	0.000000	0.000000	100.000000	0.000000
47.556763	0.000000	0.000000	0.000000	100.000000	0.000000
47.432227	0.000000	0.000000	0.000000	100.000000	0.000000
47.349170	0.000000	0.000000	0.000000	100.000000	0.000000
46.598014	0.000000	0.000000	0.000000	100.000000	0.000000
47.142167	0.000000	0.000000	0.000000	100.000000	0.000000
47.376906	0.000000	0.000000	0.000000	100.000000	0.000000
47.168812	0.000000	0.000000	0.000000	100.000000	0.000000
47.585744	0.000000	0.000000	0.000000	100.000000	0.000000
47.696312	0.000000	0.000000	0.000000	100.000000	0.000000
47.747772	0.000000	0.000000	0.000000	100.000000	0.000000
47.458635	0.000000	0.000000	0.000000	100.000000	0.000000
47.052351	0.000000	0.000000	0.000000	100.000000	0.000000
47.554869	0.000000	0.000000	0.000000	100.000000	0.000000
47.236543	0.000000	0.000000	0.000000	100.000000	0.000000
47.470351	0.000000	0.000000	0.000000	100.000000	0.000000
47.046610	0.000000	0.000000	0.000000	100.000000	0.000000
46.673788	0.000000	0.000000	0.000000	100.000000	0.000000
46.690597	0.000000	0.000000	0.000000	100.000000	0.000000
46.935263	0.000000	0.000000	0.000000	100.000000	0.000000
46.795024	0.000000	0.000000	0.000000	100.000000	0.000000
46.586483	0.000000	0.000000	0.000000	100.000000	0.000000
46.663401	0.000000	0.000000	0.000000	100.000000	0.000000
46.648627	0.000000	0.000000	0.000000	100.000000	0.000000
46.711005	0.000000	0.000000	0.000000	100.000000	0.000000
46.912411	0.000000	0.000000	0.000000	100.000000	0.000000
46.876533	0.000000	0.000000	0.000000	100.000000	0.000000
46.866616	0.000000	0.000000	0.000000	100.000000	0.000000
46.963490	0.000000	0.000000	0.000000	100.000000	0.000000
47.449875	0.000000	0.000000	0.000000	100.000000	0.000000
47.615920	0.000000	0.000000	0.000000	100.000000	0.000000
47.401952	0.000000	0.000000	0.000000	100.000000	0.000000
46.880412	0.000000	0.000000	0.000000	100.000000	0.000000
46.532383	0.000000	0.000000	0.000000	100.000000	0.000000
46.437079	0.000000	0.000000	0.000000	100.000000	0.000000
46.865920	0.000000	0.000000	0.000000	100.000000	0.000000
47.102952	0.000000	0.000000	0.000000	100.000000	0.000000
46.877785	0.000000	0.000000	0.000000	100.000000	0.000000
46.745836	0.000000	0.000000	0.000000	100.000000	0.000000
47.066285	0.000000	0.000000	0.000000	100.000000	0.000000
47.060705	0.000000	0.000000	0.000000	100.000000	0.000000
46.645395	0.000000	0.000000	0.000000	100.000000	0.000000
46.323540	0.000000	0.000000	0.000000	100.000000	0.000000
46.429707	0.000000	0.000000	0.000000	100.000000	0.000000
46.125172	0.000000	0.000000	0.000000	100.000000	0.000000
46.583558	0.000000	0.000000	0.000000	100.000000	0.000000
46.930808	0.000000	0.000000	0.000000	100.000000	0.000000
47.120064	0.000000	0.000000	0.000000	100.000000	0.000000
47.213950	0.000000	0.000000	0.000000	100.000000	0.000000
47.222244	0.000000	0.000000	0.000000	100.000000	0.000000
47.051532	0.000000	0.000000	0.000000	100.000000	0.000000
46.558955	0.000000	0.000000	0.000000	100.000000	0.000000
46.916910	0.000000	0.000000	0.000000	100.000000	0.000000
46.701020	0.000000	0.000000	0.000000	100.000000	0.000000
46.869141	0.000000	0.000000	0.000000	100.000000	0.000000
47.037387	0.000000	0.000000	0.000000	100.000000	0.000000
47.037925	0.000000	0.000000	0.000000	100.000000	0.000000
46.897804	0.000000	0.000000	0.000000	100.000000	0.000000
46.568632	0.000000	0.000000	0.000000	100.000000	0.000000
46.712695	0.000000	0.000000	0.000000	100.000000	0.000000
46.948028	0.000000	0.000000	0.000000	100.000000	0.000000
46.661125	0.000000	0.000000	0.000000	100.000000	0.000000
46.762711	0.000000	0.000000	0.000000	100.000000	0.000000
47.028165	0.000000	0.000000	0.000000	100.000000	0.000000
46.736212	0.000000	0.000000	0.000000	100.000000	0.000000
46.616663	0.000000	0.000000	0.000000	100.000000	0.000000
46.571731	0.000000	0.000000	0.000000	100.000000	0.000000
46.554770	0.000000	0.000000	0.000000	100.000000	0.000000
46.394617	0.000000	0.000000	0.000000	100.000000	0.000000
46.391410	0.000000	0.000000	0.000000	100.000000	0.000000
46.477044	0.000000	0.000000	0.000000	100.000000	0.000000
46.467741	0.000000	0.000000	0.000000	100.000000	0.000000
46.574587	0.000000	0.000000	0.000000	100.000000	0.000000
46.435834	0.000000	0.000000	0.000000	100.000000	0.000000
46.263367	0.000000	0.000000	0.000000	100.000000	0.000000
46.659026	0.000000	0.000000	0.000000	100.000000	0.000000
46.870108	0.000000	0.000000	0.000000	100.000000	0.000000
46.695982	0.000000	0.000000	0.000000	100.000000	0.000000
46.991086	0.000000	0.000000	0.000000	100.000000	0.000000
47.473455	0.000000	0.000000	0.000000	100.000000	0.000000
47.464801	0.000000	0.000000	0.000000	100.000000	0.000000
47.300402	0.000000	0.000000	0.000000	100.000000	0.000000
47.016065	0.000000	0.000000	0.000000	100.000000	0.000000
47.020619	0.000000	0.000000	0.000000	100.000000	0.000000
47.517856	0.000000	0.000000	0.000000	100.000000	0.000000
47.435069	0.000000	0.000000	0.000000	100.000000	0.000000
47.382422	0.000000	0.000000	0.000000	100.000000	0.000000
47.169909	0.000000	0.000000	0.000000	100.000000	0.000000
47.264270	0.000000	0.000000	0.000000	100.000000	0.000000
47.031389	0.000000	0.000000	0.000000	100.000000	0.000000
46.821370	0.000000	0.000000	0.000000	100.000000	0.000000
46.528950	0.000000	0.000000	0.000000	100.000000	0.000000
46.613314	0.000000	0.000000	0.000000	100.000000	0.000000
46.669143	0.000000	0.000000	0.000000	100.000000	0.000000
46.352121	0.000000	0.000000	0.000000	100.000000	0.000000
46.507608	0.000000	0.000000	0.000000	100.000000	0.000000
46.190885	0.000000	0.000000	0.000000	100.000000	0.000000
46.522836	0.000000	0.000000	0.000000	100.000000	0.000000
46.358019	0.000000	0.000000	0.000000	100.000000	0.000000
46.709698	0.000000	0.000000	0.000000	100.000000	0.000000
46.541548	0.000000	0.000000	0.000000	100.000000	0.000000
46.565794	0.000000	0.000000	0.000000	100.000000	0.000000
46.458314	0.000000	0.000000	0.000000	100.000000	0.000000
46.223092	0.000000	0.000000	0.000000	100.000000	0.000000
46.448974	0.000000	0.000000	0.000000	100.000000	0.000000
46.270952	0.000000	0.000000	0.000000	100.000000	0.000000
45.990191	0.000000	0.000000	0.000000	100.000000	0.000000
46.134672	0.000000	0.000000	0.000000	100.000000	0.000000
46.098194	0.000000	0.000000	0.000000	100.000000	0.000000
46.151658	0.000000	0.000000	0.000000	100.000000	0.000000
46.220414	0.000000	0.000000	0.000000	100.000000	0.000000
46.152077	0.000000	0.000000	0.000000	100.000000	0.000000
46.335624	0.000000	0.000000	0.000000	100.000000	0.000000
45.929708	0.000000	0.000000	0.000000	100.000000	0.000000
46.060151	0.000000	0.000000	0.000000	100.000000	0.000000
46.372960	0.000000	0.000000	0.000000	100.000000	0.000000
46.377468	0.000000	0.000000	0.000000	100.000000	0.000000
46.227144	0.000000	0.000000	0.000000	100.000000	0.000000
46.670476	0.000000	0.000000	0.000000	100.000000	0.000000
46.415372	0.000000	0.000000	0.000000	100.000000	0.000000
46.787600	0.000000	0.000000	0.000000	100.000000	0.000000
46.921078	0.000000	0.000000	0.000000	100.000000	0.000000
46.891615	0.000000	0.000000	0.000000	100.000000	0.000000
47.030123	0.000000	0.000000	0.000000	100.000000	0.000000
46.852027	0.000000	0.000000	0.000000	100.000000	0.000000
46.450902	0.000000	0.000000	0.000000	100.000000	0.000000
46.355437	0.000000	0.000000	0.000000	100.000000	0.000000
46.554952	0.000000	0.000000	0.000000	100.000000	0.000000
46.251152	0.000000	0.000000	0.000000	100.000000	0.000000
46.264184	0.000000	0.000000	0.000000	100.000000	0.000000
46.166866	0.000000	0.000000	0.000000	100.000000	0.000000
46.119771	0.000000	0.000000	0.000000	100.000000	0.000000
45.971988	0.000000	0.000000	0.000000	100.000000	0.000000
46.138487	0.000000	0.000000	0.000000	100.000000	0.000000
45.880043	0.000000	0.000000	0.000000	100.000000	0.000000
45.633939	0.000000	0.000000	0.000000	100.000000	0.000000
45.512209	0.000000	0.000000	0.000000	100.000000	0.000000
45.432504	0.000000	0.000000	0.000000	100.000000	0.000000
45.461811	0.000000	0.000000	0.000000	100.000000	0.000000
45.729971	0.000000	0.000000	0.000000	100.000000	0.000000
45.310051	0.000000	0.000000	0.000000	100.000000	0.000000
45.578133	0.000000	0.000000	0.000000	100.000000	0.000000
46.014790	0.000000	0.000000	0.000000	100.000000	0.000000
46.255000	0.000000	0.000000	0.000000	100.000000	0.000000
46.291965	0.000000	0.000000	0.000000	100.000000	0.000000
46.261928	0.000000	0.000000	0.000000	100.000000	0.000000
45.649192	0.000000	0.000000	0.000000	100.000000	0.000000
45.766628	0.000000	0.000000	0.000000	100.000000	0.000000
45.447757	0.000000	0.000000	0.000000	100.000000	0.000000
45.384535	0.000000	0.000000	0.000000	100.000000	0.000000
45.205854	0.000000	0.000000	0.000000	100.000000	0.000000
45.415677	0.000000	0.000000	0.000000	100.000000	0.000000
45.595000	0.000000	0.000000	0.000000	100.000000	0.000000
45.573424	0.000000	0.000000	0.000000	100.000000	0.000000
45.781870	0.000000	0.000000	0.000000	100.000000	0.000000
45.825947	0.000000	0.000000	0.000000	100.000000	0.000000
45.925077	0.000000	0.000000	0.000000	100.000000	0.000000
46.205551	0.000000	0.000000	0.000000	100.000000	0.000000
46.221872	0.000000	0.000000	0.000000	100.000000	0.000000
46.380086	0.000000	0.000000	0.000000	100.000000	0.000000
46.740531	0.000000	0.000000	0.000000	100.000000	0.000000
47.048998	0.000000	0.000000	0.000000	100.000000	0.000000
46.895083	0.000000	0.000000	0.000000	100.000000	0.000000
46.933202	0.000000	0.000000	0.000000	100.000000	0.000000
46.725968	0.000000	0.000000	0.000000	100.000000	0.000000
46.992525	0.000000	0.000000	0.000000	100.000000	0.000000
46.627424	0.000000	0.000000	0.000000	100.000000	0.000000
46.534878	0.000000	0.000000	0.000000	100.000000	0.000000
46.514375	0.000000	0.000000	0.000000	100.000000	0.000000
46.441730	0.000000	0.000000	0.000000	100.000000	0.000000
46.684132	0.000000	0.000000	0.000000	100.000000	0.000000
47.004334	0.000000	0.000000	0.000000	100.000000	0.000000
47.157497	0.000000	0.000000	0.000000	100.000000	0.000000
47.470811	0.000000	0.000000	0.000000	100.000000	0.000000
47.323700	0.000000	0.000000	0.000000	100.000000	0.000000
47.186354	0.000000	0.000000	0.000000	100.000000	0.000000
47.183047	0.000000	0.000000	0.000000	100.000000	0.000000
46.962775	0.000000	0.000000	0.000000	100.000000	0.000000
46.858512	0.000000	0.000000	0.000000	100.000000	0.000000
46.655711	0.000000	0.000000	0.000000	100.000000	0.000000
46.514276	0.000000	0.000000	0.000000	100.000000	0.000000
46.795556	0.000000	0.000000	0.000000	100.000000	0.000000
47.003368	0.000000	0.000000	0.000000	100.000000	0.000000
46.953532	0.000000	0.000000	0.000000	100.000000	0.000000
46.640692	0.000000	0.000000	0.000000	100.000000	0.000000
46.191244	0.000000	0.000000	0.000000	100.000000	0.000000
46.116544	0.000000	0.000000	0.000000	100.000000	0.000000
46.297451	0.000000	0.000000	0.000000	100.000000	0.000000
46.605065	0.000000	0.000000	0.000000	100.000000	0.000000
46.154027	0.000000	0.000000	0.000000	100.000000	0.000000
46.199405	0.000000	0.000000	0.000000	100.000000	0.000000
46.574488	0.000000	0.000000	0.000000	100.000000	0.000000
46.201841	0.000000	0.000000	0.000000	100.000000	0.000000
46.251274	0.000000	0.000000	0.000000	100.000000	0.000000
46.236663	0.000000	0.000000	0.000000	100.000000	0.000000
46.514780	0.000000	0.000000	0.000000	100.000000	0.000000
46.728250	0.000000	0.000000	0.000000	100.000000	0.000000
46.465043	0.000000	0.000000	0.000000	100.000000	0.000000
46.909159	0.000000	0.000000	0.000000	100.000000	0.000000
46.926100	0.000000	0.000000	0.000000	100.000000	0.000000
46.858767	0.000000	0.000000	0.000000	100.000000	0.000000
46.581493	0.000000	0.000000	0.000000	100.000000	0.000000
46.589224	0.000000	0.000000	0.000000	100.000000	0.000000
46.511857	0.000000	0.000000	0.000000	100.000000	0.000000
46.112206	0.000000	0.000000	0.000000	100.000000	0.000000
45.749044	0.000000	0.000000	0.000000	100.000000	0.000000
45.234748	0.000000	0.000000	0.000000	100.000000	0.000000
45.177331	0.000000	0.000000	0.000000	100.000000	0.000000
44.977793	0.000000	0.000000	0.000000	100.000000	0.000000
45.040510	0.000000	0.000000	0.000000	100.000000	0.000000
45.235012	0.000000	0.000000	0.000000	100.000000	0.000000
45.256074	0.000000	0.000000	0.000000	100.000000	0.000000
45.306931	0.000000	0.000000	0.000000	100.000000	0.000000
45.390783	0.000000	0.000000	0.000000	100.000000	0.000000
45.406327	0.000000	0.000000	0.000000	100.000000	0.000000
45.067835	0.000000	0.000000	0.000000	100.000000	0.000000
45.348626	0.000000	0.000000	0.000000	100.000000	0.000000
45.536925	0.000000	0.000000	0.000000	100.000000	0.000000
45.190369	0.000000	0.000000	0.000000	100.000000	0.000000
45.199811	0.000000	0.000000	0.000000	100.000000	0.000000
45.299070	0.000000	0.000000	0.000000	100.000000	0.000000
45.402861	0.000000	0.000000	0.000000	100.000000	0.000000
45.629464	0.000000	0.000000	0.000000	100.000000	0.000000
45.604175	0.000000	0.000000	0.000000	100.000000	0.000000
45.453347	0.000000	0.000000	0.000000	100.000000	0.000000
45.874756	0.000000	0.000000	0.000000	100.000000	0.000000
45.585145	0.000000	0.000000	0.000000	100.000000	0.000000
45.399187	0.000000	0.000000	0.000000	100.000000	0.000000
45.469722	0.000000	0.000000	0.000000	100.000000	0.000000
45.783083	0.000000	0.000000	0.000000	100.000000	0.000000
45.803564	0.000000	0.000000	0.000000	100.000000	0.000000
45.802069	0.000000	0.000000	0.000000	100.000000	0.000000
45.977944	0.000000	0.000000	0.000000	100.000000	0.000000
46.065123	0.000000	0.000000	0.000000	100.000000	0.000000
45.813632	0.000000	0.000000	0.000000	100.000000	0.000000
45.795389	0.000000	0.000000	0.000000	100.000000	0.000000
46.003809	0.000000	0.000000	0.000000	100.000000	0.000000
46.081602	0.000000	0.000000	0.000000	100.000000	0.000000
46.466963	0.000000	0.000000	0.000000	100.000000	0.000000
46.370447	0.000000	0.000000	0.000000	100.000000	0.000000
46.101755	0.000000	0.000000	0.000000	100.000000	0.000000
46.028111	0.000000	0.000000	0.000000	100.000000	0.000000
46.049223	0.000000	0.000000	0.000000	100.000000	0.000000
46.028485	0.000000	0.000000	0.000000	100.000000	0.000000
46.171161	0.000000	0.000000	0.000000	100.000000	0.000000
45.835465	0.000000	0.000000	0.000000	100.000000	0.000000
45.352429	0.000000	0.000000	0.000000	100.000000	0.000000
45.034444	0.000000	0.000000	0.000000	100.000000	0.000000
44.505264	0.000000	0.000000	0.000000	100.000000	0.000000
44.501966	0.000000	0.000000	0.000000	100.000000	0.000000
44.655930	0.000000	0.000000	0.000000	100.000000	0.000000
44.565846	0.000000	0.000000	0.000000	100.000000	0.000000
44.599638	0.000000	0.000000	0.000000	100.000000	0.000000
44.295248	0.000000	0.000000	0.000000	100.000000	0.000000
44.649983	0.000000	0.000000	0.000000	100.000000	0.000000
44.537814	0.000000	0.000000	0.000000	100.000000	0.000000
44.468723	0.000000	0.000000	0.000000	100.000000	0.000000
44.461910	0.000000	0.000000	0.000000	100.000000	0.000000
44.155853	0.000000	0.000000	0.000000	100.000000	0.000000
44.206561	0.000000	0.000000	0.000000	100.000000	0.000000
44.575858	0.000000	0.000000	0.000000	100.000000	0.000000
44.429319	0.000000	0.000000	0.000000	100.000000	0.000000
44.645907	0.000000	0.000000	0.000000	100.000000	0.000000
44.629783	0.000000	0.000000	0.000000	100.000000	0.000000
44.785372	0.000000	0.000000	0.000000	100.000000	0.000000
44.698339	0.000000	0.000000	0.000000	100.000000	0.000000
45.015043	0.000000	0.000000	0.000000	100.000000	0.000000
44.932811	0.000000	0.000000	0.000000	100.000000	0.000000
44.760448	0.000000	0.000000	0.000000	100.000000	0.000000
44.448915	0.000000	0.000000	0.000000	100.000000	0.000000
44.386522	0.000000	0.000000	0.000000	100.000000	0.000000
44.353025	0.000000	0.000000	0.000000	100.000000	0.000000
44.124690	0.000000	0.000000	0.000000	100.000000	0.000000
44.336514	0.000000	0.000000	0.000000	100.000000	0.000000
44.149097	0.000000	0.000000	0.000000	100.000000	0.000000
44.788485	0.000000	0.000000	0.000000	100.000000	0.000000
44.371424	0.000000	0.000000	0.000000	100.000000	0.000000
44.065762	0.000000	0.000000	0.000000	100.000000	0.000000
43.755156	0.000000	0.000000	0.000000	100.000000	0.000000
43.811064	0.000000	0.000000	0.000000	100.000000	0.000000
43.809332	0.000000	0.000000	0.000000	100.000000	0.000000
43.628874	0.000000	0.000000	0.000000	100.000000	0.000000
43.971429	0.000000	0.000000	0.000000	100.000000	0.000000
43.549018	0.000000	0.000000	0.000000	100.000000	0.000000
43.336614	0.000000	0.000000	0.000000	100.000000	0.000000
43.858470	0.000000	0.000000	0.000000	100.000000	0.000000
43.897246	0.000000	0.000000	0.000000	100.000000	0.000000
44.011444	0.000000	0.000000	0.000000	100.000000	0.000000
44.166222	0.000000	0.000000	0.000000	100.000000	0.000000
44.126508	0.000000	0.000000	0.000000	100.000000	0.000000
44.307166	0.000000	0.000000	0.000000	100.000000	0.000000
44.235417	0.000000	0.000000	0.000000	100.000000	0.000000
43.968145	0.000000	0.000000	0.000000	100.000000	0.000000
43.658809	0.000000	0.000000	0.000000	100.000000	0.000000
43.547903	0.000000	0.000000	0.000000	100.000000	0.000000
43.800792	0.000000	0.000000	0.000000	100.000000	0.000000
43.534421	0.000000	0.000000	0.000000	100.000000	0.000000
43.619939	0.000000	0.000000	0.000000	100.000000	0.000000
43.579228	0.000000	0.000000	0.000000	100.000000	0.000000
43.518849	0.000000	0.000000	0.000000	100.000000	0.000000
43.345666	0.000000	0.000000	0.000000	100.000000	0.000000
43.341083	0.000000	0.000000	0.000000	100.000000	0.000000
43.735715	0.000000	0.000000	0.000000	100.000000	0.000000
44.289878	0.000000	0.000000	0.000000	100.000000	0.000000
44.387722	0.000000	0.000000	0.000000	100.000000	0.000000
44.503048	0.000000	0.000000	0.000000	100.000000	0.000000
44.234171	0.000000	0.000000	0.000000	100.000000	0.000000
44.602754	0.000000	0.000000	0.000000	100.000000	0.000000
44.851874	0.000000	0.000000	0.000000	100.000000	0.000000
44.898290	0.000000	0.000000	0.000000	100.000000	0.000000
44.987499	0.000000	0.000000	0.000000	100.000000	0.000000
44.682624	0.000000	0.000000	0.000000	100.000000	0.000000
44.886567	0.000000	0.000000	0.000000	100.000000	0.000000
44.643502	0.000000	0.000000	0.000000	100.000000	0.000000
44.750245	0.000000	0.000000	0.000000	100.000000	0.000000
44.616583	0.000000	0.000000	0.000000	100.000000	0.000000
44.609800	0.000000	0.000000	0.000000	100.000000	0.000000
44.588736	0.000000	0.000000	0.000000	100.000000	0.000000
44.767938	0.000000	0.000000	0.000000	100.000000	0.000000
44.581269	0.000000	0.000000	0.000000	100.000000	0.000000
44.529094	0.000000	0.000000	0.000000	100.000000	0.000000
44.366838	0.000000	0.000000	0.000000	100.000000	0.000000
44.947759	0.000000	0.000000	0.000000	100.000000	0.000000
44.946435	0.000000	0.000000	0.000000	100.000000	0.000000
44.879291	0.000000	0.000000	0.000000	100.000000	0.000000
44.799243	0.000000	0.000000	0.000000	100.000000	0.000000
45.101521	0.000000	0.000000	0.000000	100.000000	0.000000
44.866867	0.000000	0.000000	0.000000	100.000000	0.000000
44.953555	0.000000	0.000000	0.000000	100.000000	0.000000
44.683811	0.000000	0.000000	0.000000	100.000000	0.000000
44.816479	0.000000	0.000000	0.000000	100.000000	0.000000
45.085181	0.000000	0.000000	0.000000	100.000000	0.000000
44.872264	0.000000	0.000000	0.000000	100.000000	0.000000
44.844600	0.000000	0.000000	0.000000	100.000000	0.000000
44.839181	0.000000	0.000000	0.000000	100.000000	0.000000
45.172966	0.000000	0.000000	0.000000	100.000000	0.000000
45.498975	0.000000	0.000000	0.000000	100.000000	0.000000
45.226198	0.000000	0.000000	0.000000	100.000000	0.000000
44.687651	0.000000	0.000000	0.000000	100.000000	0.000000
45.058431	0.000000	0.000000	0.000000	100.000000	0.000000
45.250608	0.000000	0.000000	0.000000	100.000000	0.000000
45.125252	0.000000	0.000000	0.000000	100.000000	0.000000
45.676925	0.000000	0.000000	0.000000	100.000000	0.000000
45.577758	0.000000	0.000000	0.000000	100.000000	0.000000
45.691440	0.000000	0.000000	0.000000	100.000000	0.000000
46.155045	0.000000	0.000000	0.000000	100.000000	0.000000
46.157853	0.000000	0.000000	0.000000	100.000000	0.000000
46.019444	0.000000	0.000000	0.000000	100.000000	0.000000
46.344053	0.000000	0.000000	0.000000	100.000000	0.000000
46.124743	0.000000	0.000000	0.000000	100.000000	0.000000
45.958881	0.000000	0.000000	0.000000	100.000000	0.000000
45.631189	0.000000	0.000000	0.000000	100.000000	0.000000
45.616317	0.000000	0.000000	0.000000	100.000000	0.000000
45.591605	0.000000	0.000000	0.000000	100.000000	0.000000
45.352384	0.000000	0.000000	0.000000	100.000000	0.000000
45.525956	0.000000	0.000000	0.000000	100.000000	0.000000
45.771205	0.000000	0.000000	0.000000	100.000000	0.000000
45.722760	0.000000	0.000000	0.000000	100.000000	0.000000
46.341050	0.000000	0.000000	0.000000	100.000000	0.000000
46.590584	0.000000	0.000000	0.000000	100.000000	0.000000
46.873516	0.000000	0.000000	0.000000	100.000000	0.000000
47.014300	0.000000	0.000000	0.000000	100.000000	0.000000
46.672668	0.000000	0.000000	0.000000	100.000000	0.000000
46.768646	0.000000	0.000000	0.000000	100.000000	0.000000
46.849027	0.000000	0.000000	0.000000	100.000000	0.000000
46.773318	0.000000	0.000000	0.000000	100.000000	0.000000
46.639739	0.000000	0.000000	0.000000	100.000000	0.000000
46.300982	0.000000	0.000000	0.000000	100.000000	0.000000
46.588522	0.000000	0.000000	0.000000	100.000000	0.000000
46.938202	0.000000	0.000000	0.000000	100.000000	0.000000
46.824952	0.000000	0.000000	0.000000	100.000000	0.000000
47.045629	0.000000	0.000000	0.000000	100.000000	0.000000
46.907803	0.000000	0.000000	0.000000	100.000000	0.000000
46.475815	0.000000	0.000000	0.000000	100.000000	0.000000
46.582305	0.000000	0.000000	0.000000	100.000000	0.000000
46.451932	0.000000	0.000000	0.000000	100.000000	0.000000
46.418756	0.000000	0.000000	0.000000	100.000000	0.000000
46.471298	0.000000	0.000000	0.000000	100.000000	0.000000
46.788935	0.000000	0.000000	0.000000	100.000000	0.000000
46.833518	0.000000	0.000000	0.000000	100.000000	0.000000
46.685496	0.000000	0.000000	0.000000	100.000000	0.000000
46.909647	0.000000	0.000000	0.000000	100.000000	0.000000
46.854796	0.000000	0.000000	0.000000	100.000000	0.000000
47.071102	0.000000	0.000000	0.000000	100.000000	0.000000
46.658854	0.000000	0.000000	0.000000	100.000000	0.000000
46.620556	0.000000	0.000000	0.000000	100.000000	0.000000
46.842587	0.000000	0.000000	0.000000	100.000000	0.000000
47.210053	0.000000	0.000000	0.000000	100.000000	0.000000
47.362845	0.000000	0.000000	0.000000	100.000000	0.000000
46.840453	0.000000	0.000000	0.000000	100.000000	0.000000
46.254366	0.000000	0.000000	0.000000	100.000000	0.000000
46.343182	0.000000	0.000000	0.000000	100.000000	0.000000
46.367001	0.000000	0.000000	0.000000	100.000000	0.000000
46.372490	0.000000	0.000000	0.000000	100.000000	0.000000
46.354093	0.000000	0.000000	0.000000	100.000000	0.000000
46.121551	0.000000	0.000000	0.000000	100.000000	0.000000
46.116951	0.000000	0.000000	0.000000	100.000000	0.000000
45.956456	0.000000	0.000000	0.000000	100.000000	0.000000
46.725403	0.000000	0.000000	0.000000	100.000000	0.000000
46.575989	0.000000	0.000000	0.000000	100.000000	0.000000
46.658205	0.000000	0.000000	0.000000	100.000000	0.000000
46.470742	0.000000	0.000000	0.000000	100.000000	0.000000
45.992482	0.000000	0.000000	0.000000	100.000000	0.000000
45.649827	0.000000	0.000000	0.000000	100.000000	0.000000
45.739468	0.000000	0.000000	0.000000	100.000000	0.000000
45.272530	0.000000	0.000000	0.000000	100.000000	0.000000
45.463745	0.000000	0.000000	0.000000	100.000000	0.000000
45.549254	0.000000	0.000000	0.000000	100.000000	0.000000
45.526743	0.000000	0.000000	0.000000	100.000000	0.000000
45.476470	0.000000	0.000000	0.000000	100.000000	0.000000
45.599421	0.000000	0.000000	0.000000	100.000000	0.000000
45.628327	0.000000	0.000000	0.000000	100.000000	0.000000
45.757676	0.000000	0.000000	0.000000	100.000000	0.000000
46.309902	0.000000	0.000000	0.000000	100.000000	0.000000
46.256450	0.000000	0.000000	0.000000	100.000000	0.000000
46.131920	0.000000	0.000000	0.000000	100.000000	0.000000
46.141250	0.000000	0.000000	0.000000	100.000000	0.000000
46.443699	0.000000	0.000000	0.000000	100.000000	0.000000
46.374312	0.000000	0.000000	0.000000	100.000000	0.000000
46.398772	0.000000	0.000000	0.000000	100.000000	0.000000
45.902815	0.000000	0.000000	0.000000	100.000000	0.000000
46.310141	0.000000	0.000000	0.000000	100.000000	0.000000
46.562791	0.000000	0.000000	0.000000	100.000000	0.000000
46.648574	0.000000	0.000000	0.000000	100.000000	0.000000
46.827058	0.000000	0.000000	0.000000	100.000000	0.000000
46.665573	0.000000	0.000000	0.000000	100.000000	0.000000
46.223998	0.000000	0.000000	0.000000	100.000000	0.000000
46.086913	0.000000	0.000000	0.000000	100.000000	0.000000
46.108945	0.000000	0.000000	0.000000	100.000000	0.000000
45.834767	0.000000	0.000000	0.000000	100.000000	0.000000
45.825005	0.000000	0.000000	0.000000	100.000000	0.000000
46.073875	0.000000	0.000000	0.000000	100.000000	0.000000
46.278879	0.000000	0.000000	0.000000	100.000000	0.000000
46.218245	0.000000	0.000000	0.000000	100.000000	0.000000
46.257712	0.000000	0.000000	0.000000	100.000000	0.000000
46.146974	0.000000	0.000000	0.000000	100.000000	0.000000
45.930939	0.000000	0.000000	0.000000	100.000000	0.000000
45.723371	0.000000	0.000000	0.000000	100.000000	0.000000
45.509662	0.000000	0.000000	0.000000	100.000000	0.000000
45.368713	0.000000	0.000000	0.000000	100.000000	0.000000
44.830419	0.000000	0.000000	0.000000	100.000000	0.000000
45.033988	0.000000	0.000000	0.000000	100.000000	0.000000
45.349829	0.000000	0.000000	0.000000	100.000000	0.000000
44.970728	0.000000	0.000000	0.000000	100.000000	0.000000
44.825993	0.000000	0.000000	0.000000	100.000000	0.000000
45.039910	0.000000	0.000000	0.000000	100.000000	0.000000
45.204822	0.000000	0.000000	0.000000	100.000000	0.000000
44.932015	0.000000	0.000000	0.000000	100.000000	0.000000
44.444725	0.000000	0.000000	0.000000	100.000000	0.000000
44.440803	0.000000	0.000000	0.000000	100.000000	0.000000
44.434892	0.000000	0.000000	0.000000	100.000000	0.000000
44.768370	0.000000	0.000000	0.000000	100.000000	0.000000
44.732748	0.000000	0.000000	0.000000	100.000000	0.000000
44.855271	0.000000	0.000000	0.000000	100.000000	0.000000
45.042090	0.000000	0.000000	0.000000	100.000000	0.000000
44.896569	0.000000	0.000000	0.000000	100.000000	0.000000
44.979412	0.000000	0.000000	0.000000	100.000000	0.000000
45.092855	0.000000	0.000000	0.000000	100.000000	0.000000
45.360241	0.000000	0.000000	0.000000	100.000000	0.000000
44.923075	0.000000	0.000000	0.000000	100.000000	0.000000
44.827854	0.000000	0.000000	0.000000	100.000000	0.000000
44.556449	0.000000	0.000000	0.000000	100.000000	0.000000
44.429505	0.000000	0.000000	0.000000	100.000000	0.000000
43.945250	0.000000	0.000000	0.000000	100.000000	0.000000
43.416487	0.000000	0.000000	0.000000	100.000000	0.000000
43.317309	0.000000	0.000000	0.000000	100.000000	0.000000
43.761680	0.000000	0.000000	0.000000	100.000000	0.000000
43.627979	0.000000	0.000000	0.000000	100.000000	0.000000
43.781771	0.000000	0.000000	0.000000	100.000000	0.000000
43.910542	0.000000	0.000000	0.000000	100.000000	0.000000
44.068901	0.000000	0.000000	0.000000	100.000000	0.000000
44.072093	0.000000	0.000000	0.000000	100.000000	0.000000
43.851620	0.000000	0.000000	0.000000	100.000000	0.000000
43.766861	0.000000	0.000000	0.000000	100.000000	0.000000
43.676436	0.000000	0.000000	0.000000	100.000000	0.000000
43.536708	0.000000	0.000000	0.000000	100.000000	0.000000
43.426721	0.000000	0.000000	0.000000	100.000000	0.000000
43.306422	0.000000	0.000000	0.000000	100.000000	0.000000
43.384605	0.000000	0.000000	0.000000	100.000000	0.000000
43.578061	0.000000	0.000000	0.000000	100.000000	0.000000
43.224911	0.000000	0.000000	0.000000	100.000000	0.000000
43.729493	0.000000	0.000000	0.000000	100.000000	0.000000
43.898240	0.000000	0.000000	0.000000	100.000000	0.000000
44.119197	0.000000	0.000000	0.000000	100.000000	0.000000
44.253810	0.000000	0.000000	0.000000	100.000000	0.000000
44.518854	0.000000	0.000000	0.000000	100.000000	0.000000
44.583516	0.000000	0.000000	0.000000	100.000000	0.000000
43.944131	0.000000	0.000000	0.000000	100.000000	0.000000
44.300894	0.000000	0.000000	0.000000	100.000000	0.000000
44.332714	0.000000	0.000000	0.000000	100.000000	0.000000
44.001786	0.000000	0.000000	0.000000	100.000000	0.000000
43.756237	0.000000	0.000000	0.000000	100.000000	0.000000
43.846495	0.000000	0.000000	0.000000	100.000000	0.000000
43.442951	0.000000	0.000000	0.000000	100.000000	0.000000
43.478178	0.000000	0.000000	0.000000	100.000000	0.000000
43.974063	0.000000	0.000000	0.000000	100.000000	0.000000
44.043814	0.000000	0.000000	0.000000	100.000000	0.000000
44.743772	0.000000	0.000000	0.000000	100.000000	0.000000
44.839306	0.000000	0.000000	0.000000	100.000000	0.000000
44.833595	0.000000	0.000000	0.000000	100.000000	0.000000
44.740646	0.000000	0.000000	0.000000	100.000000	0.000000
44.409018	0.000000	0.000000	0.000000	100.000000	0.000000
44.289602	0.000000	0.000000	0.000000	100.000000	0.000000
44.435853	0.000000	0.000000	0.000000	100.000000	0.000000
44.294887	0.000000	0.000000	0.000000	100.000000	0.000000
43.988872	0.000000	0.000000	0.000000	100.000000	0.000000
44.472248	0.000000	0.000000	0.000000	100.000000	0.000000
44.266549	0.000000	0.000000	0.000000	100.000000	0.000000
44.209359	0.000000	0.000000	0.000000	100.000000	0.000000
44.517801	0.000000	0.000000	0.000000	100.000000	0.000000
44.154035	0.000000	0.000000	0.000000	100.000000	0.000000
44.248844	0.000000	0.000000	0.000000	100.000000	0.000000
44.228772	0.000000	0.000000	0.000000	100.000000	0.000000
44.339054	0.000000	0.000000	0.000000	100.000000	0.000000
44.347717	0.000000	0.000000	0.000000	100.000000	0.000000
44.610483	0.000000	0.000000	0.000000	100.000000	0.000000
44.991910	0.000000	0.000000	0.000000	100.000000	0.000000
45.169885	0.000000	0.000000	0.000000	100.000000	0.000000
45.617394	0.000000	0.000000	0.000000	100.000000	0.000000
45.651065	0.000000	0.000000	0.000000	100.000000	0.000000
45.464069	0.000000	0.000000	0.000000	100.000000	0.000000
45.717548	0.000000	0.000000	0.000000	100.000000	0.000000
45.914026	0.000000	0.000000	0.000000	100.000000	0.000000
46.098924	0.000000	0.000000	0.000000	100.000000	0.000000
45.897642	0.000000	0.000000	0.000000	100.000000	0.000000
45.587981	0.000000	0.000000	0.000000	100.000000	0.000000
45.701456	0.000000	0.000000	0.000000	100.000000	0.000000
45.893919	0.000000	0.000000	0.000000	100.000000	0.000000
45.958938	0.000000	0.000000	0.000000	100.000000	0.000000
45.635372	0.000000	0.000000	0.000000	100.000000	0.000000
45.346016	0.000000	0.000000	0.000000	100.000000	0.000000
45.505012	0.000000	0.000000	0.000000	100.000000	0.000000
45.240638	0.000000	0.000000	0.000000	100.000000	0.000000
45.364076	0.000000	0.000000	0.000000	100.000000	0.000000
45.504095	0.000000	0.000000	0.000000	100.000000	0.000000
45.104149	0.000000	0.000000	0.000000	100.000000	0.000000
44.883229	0.000000	0.000000	0.000000	100.000000	0.000000
44.897294	0.000000	0.000000	0.000000	100.000000	0.000000
45.002834	0.000000	0.000000	0.000000	100.000000	0.000000
45.390472	0.000000	0.000000	0.000000	100.000000	0.000000
45.538961	0.000000	0.000000	0.000000	100.000000	0.000000
45.527222	0.000000	0.000000	0.000000	100.000000	0.000000
45.423972	0.000000	0.000000	0.000000	100.000000	0.000000
45.508714	0.000000	0.000000	0.000000	100.000000	0.000000
45.465573	0.000000	0.000000	0.000000	100.000000	0.000000
45.699486	0.000000	0.000000	0.000000	100.000000	0.000000
46.290585	0.000000	0.000000	0.000000	100.000000	0.000000
46.590392	0.000000	0.000000	0.000000	100.000000	0.000000
46.279291	0.000000	0.000000	0.000000	100.000000	0.000000
46.138940	0.000000	0.000000	0.000000	100.000000	0.000000
46.229644	0.000000	0.000000	0.000000	100.000000	0.000000
46.514740	0.000000	0.000000	0.000000	100.000000	0.000000
46.802130	0.000000	0.000000	0.000000	100.000000	0.000000
46.501138	0.000000	0.000000	0.000000	100.000000	0.000000
46.598044	0.000000	0.000000	0.000000	100.000000	0.000000
46.758502	0.000000	0.000000	0.000000	100.000000	0.000000
46.626436	0.000000	0.000000	0.000000	100.000000	0.000000
46.634662	0.000000	0.000000	0.000000	100.000000	0.000000
47.278100	0.000000	0.000000	0.000000	100.000000	0.000000
46.726607	0.000000	0.000000	0.000000	100.000000	0.000000
46.511680	0.000000	0.000000	0.000000	100.000000	0.000000
46.489111	0.000000	0.000000	0.000000	100.000000	0.000000
46.338756	0.000000	0.000000	0.000000	100.000000	0.000000
46.215319	0.000000	0.000000	0.000000	100.000000	0.000000
46.339801	0.000000	0.000000	0.000000	100.000000	0.000000
46.162404	0.000000	0.000000	0.000000	100.000000	0.000000
46.171615	0.000000	0.000000	0.000000	100.000000	0.000000
46.291449	0.000000	0.000000	0.000000	100.000000	0.000000
46.267342	0.000000	0.000000	0.000000	100.000000	0.000000
46.453596	0.000000	0.000000	0.000000	100.000000	0.000000
46.153305	0.000000	0.000000	0.000000	100.000000	0.000000
46.013719	0.000000	0.000000	0.000000	100.000000	0.000000
46.339564	0.000000	0.000000	0.000000	100.000000	0.000000
46.265244	0.000000	0.000000	0.000000	100.000000	0.000000
46.172839	0.000000	0.000000	0.000000	100.000000	0.000000
46.210907	0.000000	0.000000	0.000000	100.000000	0.000000
45.965425	0.000000	0.000000	0.000000	100.000000	0.000000
46.320310	0.000000	0.000000	0.000000	100.000000	0.000000
46.090766	0.000000	0.000000	0.000000	100.000000	0.000000
46.255462	0.000000	0.000000	0.000000	100.000000	0.000000
45.891073	0.000000	0.000000	0.000000	100.000000	0.000000
45.932825	0.000000	0.000000	0.000000	100.000000	0.000000
45.759616	0.000000	0.000000	0.000000	100.000000	0.000000
45.858145	0.000000	0.000000	0.000000	100.000000	0.000000
46.082486	0.000000	0.000000	0.000000	100.000000	0.000000
45.649962	0.000000	0.000000	0.000000	100.000000	0.000000
45.728894	0.000000	0.000000	0.000000	100.000000	0.000000
45.582633	0.000000	0.000000	0.000000	100.000000	0.000000
45.777971	0.000000	0.000000	0.000000	100.000000	0.000000
45.880809	0.000000	0.000000	0.000000	100.000000	0.000000
45.954406	0.000000	0.000000	0.000000	100.000000	0.000000
46.809494	0.000000	0.000000	0.000000	100.000000	0.000000
47.027641	0.000000	0.000000	0.000000	100.000000	0.000000
46.660303	0.000000	0.000000	0.000000	100.000000	0.000000
46.654829	0.000000	0.000000	0.000000	100.000000	0.000000
46.514156	0.000000	0.000000	0.000000	100.000000	0.000000
46.805789	0.000000	0.000000	0.000000	100.000000	0.000000
47.029732	0.000000	0.000000	0.000000	100.000000	0.000000
47.029490	0.000000	0.000000	0.000000	100.000000	0.000000
47.315115	0.000000	0.000000	0.000000	100.000000	0.000000
47.741978	0.000000	0.000000	0.000000	100.000000	0.000000
47.503785	0.000000	0.000000	0.000000	100.000000	0.000000
47.448614	0.000000	0.000000	0.000000	100.000000	0.000000
47.423364	0.000000	0.000000	0.000000	100.000000	0.000000
47.249383	0.000000	0.000000	0.000000	100.000000	0.000000
47.414746	0.000000	0.000000	0.000000	100.000000	0.000000
47.231707	0.000000	0.000000	0.000000	100.000000	0.000000
47.500295	0.000000	0.000000	0.000000	100.000000	0.000000
47.532944	0.000000	0.000000	0.000000	100.000000	0.000000
47.738325	0.000000	0.000000	0.000000	100.000000	0.000000
47.875750	0.000000	0.000000	0.000000	100.000000	0.000000
48.142465	0.000000	0.000000	0.000000	100.000000	0.000000
48.226832	0.000000	0.000000	0.000000	100.000000	0.000000
48.344058	0.000000	0.000000	0.000000	100.000000	0.000000
48.321201	0.000000	0.000000	0.000000	100.000000	0.000000
48.162188	0.000000	0.000000	0.000000	100.000000	0.000000
48.042003	0.000000	0.000000	0.000000	100.000000	0.000000
47.772831	0.000000	0.000000	0.000000	100.000000	0.000000
47.721190	0.000000	0.000000	0.000000	100.000000	0.000000
47.751811	0.000000	0.000000	0.000000	100.000000	0.000000
47.767080	0.000000	0.000000	0.000000	100.000000	0.000000
47.900657	0.000000	0.000000	0.000000	100.000000	0.000000
48.187307	0.000000	0.000000	0.000000	100.000000	0.000000
48.217650	0.000000	0.000000	0.000000	100.000000	0.000000
48.248119	0.000000	0.000000	0.000000	100.000000	0.000000
48.227695	0.000000	0.000000	0.000000	100.000000	0.000000
48.121817	0.000000	0.000000	0.000000	100.000000	0.000000
47.820787	0.000000	0.000000	0.000000	100.000000	0.000000
47.915774	0.000000	0.000000	0.000000	100.000000	0.000000
47.764739	0.000000	0.000000	0.000000	100.000000	0.000000
47.728477	0.000000	0.000000	0.000000	100.000000	0.000000
47.410851	0.000000	0.000000	0.000000	100.000000	0.000000
47.491137	0.000000	0.000000	0.000000	100.000000	0.000000
47.494966	0.000000	0.000000	0.000000	100.000000	0.000000
47.344119	0.000000	0.000000	0.000000	100.000000	0.000000
47.218985	0.000000	0.000000	0.000000	100.000000	0.000000
47.511129	0.000000	0.000000	0.000000	100.000000	0.000000
