-16.746442	1.326568	27.765282	31.645275	13.558335	11.465737
-10.427767	-7.039039	38.406366	62.132129	8.004863	16.973910
-26.065801	-8.155371	25.391086	34.481948	2.081691	9.357743
-6.076261	-0.281901	16.857560	25.622614	10.236334	4.185779
-21.255906	2.928578	21.084414	27.640499	-1.171712	10.641072
-53.869988	-10.729742	47.189893	47.841592	10.680835	6.781526
-48.605584	-9.555578	56.668555	55.189341	21.108888	12.307366
-100.000000	0.847020	37.943052	57.875353	16.898054	22.687171
0.938751	-0.737350	18.454475	23.193376	15.409585	13.634860
-2.063469	-11.537827	32.165562	41.003292	21.012024	6.705903
-92.562159	-3.151509	47.908661	53.480067	27.079041	5.867869
-11.980291	-3.298850	34.833524	49.032780	20.275524	7.848601
1.089757	0.259748	22.395750	29.769582	2.504574	12.002811
-40.221166	-8.504594	32.957082	40.185830	5.102221	16.625313
-6.401710	-4.328300	26.750811	15.327151	2.779921	4.418958
-4.291419	4.181205	16.031986	18.426778	11.971418	11.506690
0.544830	2.606101	21.780847	27.510149	14.897196	12.519154
0.254052	-0.949990	22.133578	26.099834	10.295403	10.530241
0.291283	-0.299239	20.524243	31.674431	9.641874	5.759186
8.893654	4.614906	38.631143	33.589538	14.396137	-7.623437
1.897779	2.543198	21.454757	21.994954	12.350679	7.591771
-13.097524	10.055144	16.995975	23.116929	14.357543	10.174524
-28.210411	-20.848567	41.332520	60.457316	23.575776	9.244090
-2.243530	2.645119	21.589295	24.846357	10.689942	12.049617
-14.533230	3.350672	16.365737	23.772066	5.437237	9.089893
-19.643642	-11.076234	35.871917	61.565391	9.566082	8.372073
-42.916387	3.940451	22.588242	23.430018	5.587755	6.788656
-83.471364	-15.386532	37.169070	60.697371	9.939060	3.244974
-2.304037	2.752082	26.646308	26.454911	12.611556	7.596999
-10.453030	0.362417	17.670904	28.223118	9.112165	11.931351
-22.114911	2.127846	10.290271	26.751635	12.624179	10.012855
-18.528249	-10.247995	31.892889	69.262278	27.550152	22.314105
-57.444810	-12.157623	63.007877	52.871925	14.030828	5.754697
-100.000000	-13.275550	51.189307	52.878680	16.194783	9.677701
-5.588236	-12.174390	29.130848	51.076014	5.950826	8.375151
-1.221175	-2.114798	35.324016	54.485853	11.045769	13.096185
-99.257143	-16.363121	46.751054	57.899667	42.435840	2.683498
-36.326463	-18.194909	31.085622	66.997539	21.205570	19.552796
-16.907385	-6.519408	30.061098	59.659167	14.501728	10.400698
-3.647703	1.735038	19.945519	26.911807	8.553944	3.157412
0.253983	3.437722	23.142379	27.543394	9.173382	21.449685
-14.536757	-1.197632	16.668604	49.826705	7.078828	13.241938
-2.007417	-2.100181	23.949608	22.353151	4.831102	12.299225
1.015865	3.744142	19.348553	21.407323	8.998782	10.010388
-0.966325	3.073080	13.205467	25.434962	5.679154	4.397505
-16.405953	-15.384276	31.637774	59.893343	13.489595	8.481022
-0.811904	1.071758	10.831005	30.181029	8.980706	3.400986
-39.630715	1.608710	21.735175	21.533697	9.470618	5.024738
-38.428546	8.988126	15.085923	14.049542	9.234517	6.884086
1.223195	1.218525	11.741624	32.756131	8.650177	8.880807
-69.830489	0.750009	37.285008	40.727637	18.043254	10.527835
-0.103817	1.268014	15.492002	26.776987	5.017049	10.880548
-45.892757	-21.290331	73.564603	100.000000	77.395934	-1.482472
-15.799728	-8.255840	37.159850	67.284154	8.338476	0.751321
-43.393156	-8.527406	36.829642	32.822527	30.175835	15.997374
-7.486530	3.294518	16.088342	22.166282	10.779386	9.174115
2.749755	-0.117355	18.828835	27.049164	11.065189	11.842711
-9.631365	-4.426082	43.923076	60.489376	7.083669	11.976223
-50.093408	-2.905467	37.259897	48.102361	24.149376	12.984634
-0.073951	5.328714	19.480599	22.584569	7.437973	11.868076
-49.698528	-7.861257	31.536807	59.076346	5.684478	0.315767
-27.217646	0.461968	21.671382	27.880363	-1.966940	9.032282
-49.200352	-4.305388	38.964814	56.810755	5.604830	9.698601
-36.157718	13.444221	21.421055	19.583805	8.268242	13.817815
-14.801810	5.452176	16.165369	18.603993	13.001874	11.988913
-15.039904	-13.654701	45.982302	38.056450	12.556856	-3.882313
-1.256204	5.192172	19.037910	28.629410	5.330823	8.780622
-9.321038	1.082853	17.456841	21.286270	9.679963	5.989959
-22.082185	-12.128990	39.603316	56.410607	24.665757	7.910602
-100.000000	-41.657412	80.384888	100.000000	21.899412	3.487008
-11.117988	-6.411771	43.744462	48.433830	12.298058	17.202343
-14.058031	2.086796	20.629702	19.459353	6.011017	16.053226
-44.957490	-6.000738	12.302057	24.172249	16.124909	5.867749
-77.268638	-16.555837	30.139772	70.788423	12.704377	11.254937
-13.552577	-15.175098	35.705421	43.319066	16.330417	13.708959
-99.714227	-7.003408	69.998040	72.827256	15.741234	3.156780
-21.912419	-15.662541	33.730388	50.770653	24.231785	12.448328
-99.300528	-5.584470	49.928465	79.116518	27.329744	6.260932
-19.216132	-20.884248	50.540937	53.544003	17.609969	8.498392
-64.770747	-18.888619	33.232619	64.777954	9.938269	13.822909
-35.395078	-6.514031	39.080049	47.499825	31.255818	17.535966
-11.935824	-14.161780	38.732234	43.580778	7.930258	7.663977
-1.323510	-0.055504	20.094110	27.035993	12.459425	10.157633
-59.964179	-11.270213	39.736039	51.458346	12.191169	7.272449
-70.245375	-51.311369	87.364314	96.794475	44.024784	0.664059
-56.878439	-9.498009	49.076358	64.757241	14.697618	8.258461
-40.845205	-12.064739	30.491286	44.120034	1.480380	16.109001
2.287115	1.484538	16.718962	27.620367	7.669502	9.885559
-32.220697	-11.903261	32.625623	36.880740	10.442636	13.487681
-0.744241	-0.531140	17.133195	23.247723	15.891789	14.989831
0.853985	-7.540752	20.495445	36.181920	-3.344286	13.174008
-19.486511	-11.262814	41.925699	59.971655	19.105270	6.120904
-22.611518	1.106747	13.924430	20.985664	9.423541	6.880600
-47.055194	-8.884794	38.408412	55.762359	4.157813	11.747327
-16.105226	0.970680	15.160607	21.252542	10.141730	13.268363
-99.026429	-9.023850	48.001049	76.070118	25.649029	13.269665
-17.106991	-6.696513	37.741929	42.737971	29.240508	1.161860
-1.528673	0.986310	17.500131	22.259624	12.646474	5.845449
-11.401550	-3.081396	29.515380	24.471453	-0.991802	10.701645
-4.097638	-13.921585	25.802114	43.424354	0.862652	5.651087
-3.554021	-20.060537	36.910122	52.875020	14.103081	11.489407
4.216211	2.331462	23.134857	26.071644	10.208974	9.250006
-38.436587	-12.492626	42.295444	63.108634	4.453549	2.212855
-18.863610	6.980379	17.272498	23.380063	6.782274	7.932153
-13.347082	-2.075816	34.721059	52.076961	10.292471	12.904580
-20.709950	-9.631185	44.044504	60.386393	1.019197	11.336037
0.763799	4.388802	15.874344	22.458446	8.870678	11.341855
-16.750850	-18.176513	39.987423	57.805590	27.285820	7.911849
-56.251476	-21.403286	48.338659	58.700784	20.487156	11.843400
-30.612651	-25.709573	67.143606	93.724250	25.283621	-6.005754
-50.521291	4.815381	23.050042	31.976638	15.165278	18.480758
-50.345904	-38.812876	100.000000	98.451231	46.877533	30.276069
-21.774585	-14.810284	37.220480	57.053312	0.129847	12.439526
1.572719	4.405411	13.375346	20.123430	11.334425	7.934107
-100.000000	-14.124715	51.688251	49.595356	19.947181	11.856510
-53.033354	-5.993909	47.474198	69.389158	2.194100	19.901220
-66.517588	-14.440734	46.525973	57.060274	31.421058	9.007080
-16.690165	-14.625482	38.962095	63.657836	13.364883	3.291301
3.558609	0.864525	23.232176	23.702184	7.884745	13.988218
-1.723675	-1.028311	18.146729	26.133565	11.517163	8.567926
-16.358832	-8.447534	35.703699	53.115595	17.542283	7.681751
-6.578071	3.801010	12.024928	27.022323	10.271915	12.681078
-34.781971	1.204925	19.699718	29.165436	10.201659	5.290552
-3.415981	2.325403	17.234259	23.824613	12.991719	10.693469
-11.682564	-17.482594	31.324450	46.836887	18.276033	6.706186
-44.675210	-28.761182	56.395669	97.984157	21.944901	3.881765
-0.373841	6.373748	10.379937	26.525837	8.310685	11.970074
-81.694004	-7.697937	40.072990	58.037914	21.027158	8.766035
-18.077022	3.442138	18.849172	27.405470	22.355591	11.250591
-14.949049	-3.557254	46.546224	58.605952	32.350993	8.784659
-5.318811	-22.923268	33.515702	53.181584	25.986525	18.532075
-15.002320	-13.123135	43.413824	63.000517	19.060571	14.693437
-100.000000	-10.623229	30.595465	65.232308	26.450269	11.647053
-100.000000	-32.411241	96.142375	98.711520	47.469881	16.753468
-94.873281	-13.313467	32.697402	69.503000	4.810010	12.331344
-100.000000	-28.280466	67.922080	100.000000	20.268525	-14.088328
-23.527384	-6.838666	40.889606	51.449439	7.273192	3.509738
-99.731322	-26.819421	93.686052	99.162012	44.780801	2.000984
-41.339929	1.024907	38.927057	48.462221	0.613397	0.099681
-54.364899	-12.156911	40.820763	70.978776	19.420287	3.794354
3.548519	4.604818	14.932359	27.157942	8.763550	10.196715
-99.958129	-26.681746	94.829444	100.000000	31.787297	-0.803347
-19.143878	2.784445	16.506573	29.897841	15.411981	9.039777
-19.550815	-16.580695	44.770969	63.854204	21.704348	10.799954
-67.674344	2.399194	18.045992	28.337132	7.812495	11.810226
-18.485936	-3.129427	46.970259	62.023415	20.556135	4.300965
-28.806798	0.991932	14.222949	21.876521	6.890300	10.394561
-38.000956	-1.611135	31.327520	34.348507	24.531114	10.268828
-58.745211	-17.849263	45.419736	74.803700	9.489454	7.954849
-75.888759	-1.249963	42.369330	52.360235	29.394378	9.050656
0.794575	2.761651	24.940274	33.393359	24.055607	7.012371
-20.011993	-11.404093	33.033111	58.080070	32.893112	5.002906
-62.426338	-15.875747	40.030687	70.242139	11.140086	5.280950
-0.474931	-0.629219	17.693043	27.749936	7.583821	10.849832
-88.053964	-5.937231	41.510428	69.640359	17.199999	4.476052
-42.502729	-7.256173	47.662002	47.730776	10.805197	13.499022
-70.904554	-9.294143	32.879743	44.834450	15.538781	12.239139
3.396966	2.027557	18.537031	24.250507	9.020427	9.290624
-99.734235	-19.221982	40.761135	60.294045	40.122238	0.070500
0.306351	1.396968	18.071741	32.045934	13.500436	14.870057
-99.892965	-17.609956	48.062448	63.922318	6.436406	9.516941
-99.118155	-33.362865	100.000000	99.491203	33.765054	11.099903
-9.262083	-11.093382	26.923727	56.041882	10.090993	8.949752
-15.026531	4.162343	10.951160	24.176811	8.161049	12.595453
-15.597504	-5.549317	20.574176	23.041338	9.531215	5.965067
-43.300614	-26.917983	53.862954	100.000000	62.820962	12.739654
-79.503694	-15.895430	42.794568	58.965209	14.307580	12.844584
-0.485396	3.976836	18.258497	22.814021	12.087884	8.053272
-7.627553	-7.942290	40.333228	45.653574	6.341486	4.731592
2.877409	1.359912	17.223529	20.927585	11.522490	9.715653
0.090785	1.723986	16.047988	29.349013	4.905472	3.192193
4.534801	2.224700	20.688885	31.513501	16.131594	10.819541
-95.748779	-11.659825	50.591332	48.770314	33.597301	10.272026
-100.000000	-38.034006	100.000000	100.000000	46.007121	8.555528
-16.943164	-18.210637	41.008257	40.323202	14.123999	14.215370
-20.617153	-7.045151	32.688773	46.723545	14.643829	15.110358
-33.428279	5.241493	18.482989	28.656092	17.888971	11.179572
-17.618178	3.826087	35.605178	56.283925	7.788443	13.349189
-98.659028	-12.417491	39.844561	45.820807	29.147103	12.604928
-23.995985	0.027724	25.694077	31.739627	15.877593	2.933097
-18.022836	-14.028278	22.441504	48.755828	17.537190	1.435043
-19.495614	-7.705003	42.191207	49.347126	23.199955	6.393599
2.055420	-0.878416	23.473811	18.899011	19.415279	15.194429
-10.822876	-4.504382	42.286936	51.175569	18.462107	5.322026
-20.393099	-17.821805	49.277501	64.666854	22.423722	1.630814
-4.294961	-0.570481	15.615725	27.429070	10.754385	12.490882
-100.000000	-12.739845	47.667275	70.662629	18.615312	4.610914
-28.877216	-0.322925	16.849393	26.317940	13.745396	6.724915
-44.799596	-5.468020	40.213477	61.053037	19.373293	7.753519
-99.798326	2.235545	17.231961	29.366587	0.343485	8.432684
-9.957529	-1.917821	17.009327	23.703461	8.209691	8.257457
-18.378632	-13.595239	35.189915	57.749442	21.904189	7.313378
0.828045	3.259839	19.297417	24.359815	11.132624	9.038671
-12.355591	-5.668514	41.559225	51.659329	25.723723	16.654222
0.789014	-10.396041	33.120963	43.738191	2.096369	16.388896
-48.617508	-13.983756	31.393617	41.697807	48.155163	9.196030
-8.142201	0.245290	19.097574	29.784438	8.833825	3.731703
-19.289832	-8.796764	43.002735	56.330162	17.650427	6.650798
-11.570240	1.749277	21.024544	17.396190	9.332738	8.576013
4.594997	0.193998	22.046596	23.008806	7.863767	12.183756
0.627588	2.398164	24.052622	28.485834	8.589588	12.473811
-2.440810	1.817548	15.533744	22.373994	10.545054	11.934267
-4.560043	-2.962550	19.540177	16.572641	13.602224	8.275217
-18.098683	-12.422519	46.302844	57.692209	23.003922	9.019985
-39.186822	21.700649	32.572742	51.812538	20.587944	11.092505
-3.954389	-12.271096	39.026754	47.356706	11.402245	11.511991
-23.712993	13.538532	12.179480	21.580326	9.353091	10.908346
-35.781438	4.825202	16.119007	27.100747	12.058977	5.155871
-22.077078	-19.277194	45.859340	60.266863	13.754262	11.949201
-14.803350	-19.609439	31.324901	46.554859	12.477510	14.101830
-75.511447	-15.747467	40.207555	28.460851	20.102709	9.828514
-23.762713	1.266439	13.773677	26.576336	14.391465	7.821679
-99.258932	2.154569	39.577770	47.518460	11.850387	13.186767
-2.540044	-0.109946	18.643585	27.754317	-0.503780	8.321632
-9.208286	-17.614842	34.269152	53.361453	19.772680	14.094437
-13.655838	0.405538	11.790177	23.650270	4.459106	12.030110
-2.058346	2.754628	16.008600	21.683630	13.673063	12.565745
5.434333	1.304296	18.947681	22.715627	15.713816	9.408886
-21.691038	-12.654964	51.065966	57.371173	28.764218	19.993172
-45.554124	5.061233	17.568642	19.853383	12.680678	11.049299
-81.755549	-9.474303	31.056942	47.613436	18.230699	14.770008
-23.543402	2.650860	18.066120	18.630738	8.482752	12.317267
-13.710830	-13.243023	43.590014	65.074385	20.865114	6.877330
-69.537313	-15.268525	41.178436	74.771402	17.818076	-3.237323
-53.307426	3.582028	14.176186	29.991107	8.951770	7.586302
-25.514839	-0.147866	13.779142	22.617321	14.362545	5.338391
-100.000000	-10.719820	38.019893	72.499112	12.326883	3.757219
-52.606763	-10.703177	46.258904	66.711105	25.246566	6.128429
-0.398661	2.810820	19.123380	22.989706	8.243195	10.865540
-99.911254	-17.714410	37.541497	51.592600	25.861552	14.147990
-28.713914	4.319301	21.748397	26.012099	6.920684	15.415150
-44.923415	-7.692680	45.876100	61.179568	21.349642	26.168777
1.931252	-1.762342	25.574106	20.946554	15.459863	10.664728
2.485449	2.658811	11.841006	26.761286	11.542638	10.117960
-53.216033	-11.680086	56.790766	46.750489	16.126606	9.407962
-43.775457	-7.407261	44.764209	47.175355	22.858231	14.384783
-50.892175	-15.653475	60.018235	66.153467	22.643691	5.018883
-1.375327	2.139266	21.640081	26.873117	8.555266	12.938307
-14.617433	8.148255	18.110535	25.087210	6.522885	7.007121
-24.127741	-11.707787	50.337516	72.916787	25.780168	10.929933
-17.232811	-1.982597	43.986334	60.912645	8.993955	7.049200
-6.112558	-5.606026	40.356801	53.377135	30.790001	3.869114
-89.110711	-0.969227	30.595652	56.371391	33.747970	2.361786
0.050836	1.818442	23.396869	22.923319	8.806205	8.066497
-100.000000	-9.514398	45.376346	68.890188	8.685078	22.166741
5.119068	1.116401	34.711188	47.682304	20.370308	11.324886
-10.332311	2.381494	18.557121	19.282074	16.307263	12.673059
-66.894306	2.005295	18.508223	26.982103	17.117384	5.400555
4.729161	0.927970	18.642194	22.465670	8.985489	12.099173
-18.720018	-18.253679	45.664168	64.416260	21.579858	0.126997
-35.500453	-6.246820	38.625284	55.276801	1.581419	10.224802
-53.012779	2.889670	21.716755	22.174684	12.949483	7.281206
-48.654650	-12.076373	42.364407	59.155045	12.086287	7.266113
-2.852849	0.638972	12.378137	27.154689	3.282816	10.217125
0.774661	-1.000740	11.259294	24.429751	11.589540	6.762734
3.508852	2.553739	18.649835	29.394228	6.889606	18.506954
-0.597014	1.762633	25.936749	25.290466	9.220498	5.143141
0.959814	-0.682178	24.955537	23.993227	15.830323	13.512743
-74.995177	-16.142913	58.441562	90.922928	25.919962	8.580890
-10.657230	-21.200973	36.002256	50.939302	4.085654	13.477427
2.795791	1.771037	21.344588	18.670648	12.419195	7.244636
-99.755160	-8.836440	36.511173	47.774978	18.009471	12.964569
-47.318263	-13.831635	43.800632	53.613495	19.867785	15.396552
-1.077849	0.101301	16.064565	20.481550	10.550977	9.861793
-1.150907	1.251421	16.826541	24.757367	7.297552	7.714397
2.092763	1.410656	24.828300	20.629646	9.715460	9.491859
2.439979	4.103222	15.921873	18.050383	8.267766	18.699528
-21.039282	2.931571	20.033693	25.080164	10.887399	7.752612
-0.838357	3.379972	14.220222	23.125115	-1.496229	7.747171
-8.751986	5.356913	22.694295	42.006347	7.584779	5.001998
-53.203699	-13.405464	40.788207	61.656674	22.335309	7.452211
-5.942308	2.627556	23.510595	24.581036	8.267722	13.724615
-24.594680	1.175958	13.324475	16.170310	15.567223	10.892543
-54.120495	-12.947168	26.933176	50.040066	15.327328	12.910442
-8.941714	-0.730007	52.289219	57.997087	33.687388	6.702280
-59.139780	13.629143	12.543983	20.864839	8.647314	5.483775
-22.492257	-7.183694	51.257168	74.557180	26.107594	2.909257
-68.318949	-11.289675	37.604700	38.209505	36.678292	3.348258
-8.955815	6.207636	18.574839	24.850085	12.548954	10.195103
-20.287200	-5.523436	47.613739	48.859333	20.700228	10.943551
0.598586	3.295182	19.947961	25.256414	12.140873	11.764300
-1.963670	-0.133494	17.109896	27.725921	7.397365	4.628694
-17.435182	-6.086395	36.725515	59.371505	10.213349	3.154135
0.214035	3.309240	16.721811	23.340890	10.298250	8.616602
-72.813076	-9.082620	43.754134	76.373181	23.450573	9.897175
-19.648559	-8.368402	43.582317	59.003562	38.005104	15.205306
4.769127	-0.374855	17.358110	29.355472	13.159915	10.107458
-76.384008	-10.270595	40.462816	54.652495	18.251734	9.323891
-13.399297	-8.734749	44.464014	65.164571	26.185021	11.222595
-13.906036	-12.161331	40.917416	63.318890	7.795766	11.128978
-32.227390	5.538622	16.646486	18.032642	15.826118	6.592508
-49.884813	2.770730	19.126684	22.105892	10.561606	9.461410
-0.160225	-0.130161	14.914901	25.262348	8.859951	11.591532
1.654692	-1.282314	18.801908	18.019441	12.705059	15.667930
-11.222676	-5.614821	11.982908	18.461856	10.154766	8.100276
-49.417086	-18.744480	37.969184	57.997753	19.301672	6.825952
1.923545	1.995588	22.239206	24.465022	10.783255	9.638411
0.452131	2.873354	22.638491	24.968436	4.816082	13.118458
-31.059364	8.029588	12.446587	17.855384	11.510551	8.415635
-66.949782	-20.632194	47.731310	67.287099	33.473092	3.711733
-15.589972	0.645947	21.271678	25.071380	6.264418	5.090090
2.332980	3.396151	16.655116	27.797198	11.914564	2.917868
0.669979	4.860011	16.985060	21.969074	2.935903	3.346962
-13.361151	-1.183489	25.229476	32.838588	6.061436	5.709361
-65.453170	-31.821223	94.222223	100.000000	32.687292	-15.359482
-47.831588	-4.208360	40.846922	50.611536	27.822855	7.616871
-2.368662	-8.624102	25.754357	29.292697	11.788179	6.031550
2.450959	0.938311	10.755569	27.929096	7.946490	4.909281
-6.562888	-5.246177	34.675096	49.428939	3.296094	12.077454
-100.000000	-12.141345	54.738823	51.579510	28.840132	11.495477
-73.305468	-4.557989	39.514723	42.359755	19.193023	11.612443
-13.132148	-5.920771	40.908358	37.792634	13.769674	-0.546844
-36.689485	-0.220200	17.242538	21.949862	19.812887	16.793862
-12.629043	2.103541	16.383532	15.057958	6.797275	5.559597
-81.955247	-11.943986	33.500285	48.890484	32.903552	18.353324
-96.519720	-10.111636	42.054196	55.401584	25.262997	12.269321
-37.192419	-18.209006	31.554389	38.973031	13.903394	15.537616
-8.865307	-7.425956	29.507390	41.006811	25.547977	8.362572
-72.649391	-11.493587	46.217617	44.765201	22.097996	-14.076302
-19.574560	-4.717102	40.159873	52.745328	10.285059	4.625379
-13.671451	-15.181498	36.751823	52.887000	10.574094	23.030786
2.973102	4.626294	8.978481	20.239104	9.894034	13.050723
-17.772931	-4.516533	34.559884	49.651955	11.451299	2.551180
0.264039	2.605419	26.356087	17.901513	11.154205	12.408590
0.025757	2.253734	14.444937	21.794083	11.275136	12.125366
2.155836	2.357501	24.888278	27.686366	6.006931	15.910678
3.793804	4.596005	17.078127	25.473497	0.263348	7.063298
-56.151767	-0.511175	41.966109	52.905250	24.399675	34.862178
-22.762187	-7.077464	31.992537	53.422731	18.960888	11.227519
-17.056051	-16.666411	44.378231	59.533049	20.024991	2.902969
-3.117127	0.655750	23.705332	23.965085	8.698299	12.362901
-11.913652	-14.950532	37.044630	42.786204	1.326936	9.667047
-0.586128	1.002893	18.467039	23.461170	14.821685	7.548280
-44.581404	-32.766784	78.326571	95.068930	38.807611	1.445243
-12.465416	6.077786	16.434388	28.201945	12.738403	3.603425
-31.416857	0.163098	20.132580	36.563530	12.429968	3.940565
-0.780640	-0.184014	18.980959	25.166139	16.732658	5.196246
1.922692	2.207697	15.512347	25.354735	11.578792	7.732504
0.296102	0.902878	14.478882	23.854862	5.750125	10.487452
-1.033620	-15.057276	20.631581	29.791348	-5.641746	21.314053
-11.792569	-9.654084	40.807617	48.315359	23.997613	2.652116
8.036058	0.831421	24.169447	25.087050	5.754182	13.725647
-15.493862	-5.646577	32.726414	50.653575	19.918696	10.067256
-13.638683	0.012790	19.050391	16.164530	9.008469	7.536592
4.054826	0.922699	20.756685	28.120777	7.738712	9.399801
1.681722	-1.052399	18.112847	26.995112	6.174188	7.349523
-10.702726	-0.287665	2.494935	29.855119	7.469410	18.077187
4.313053	1.282792	14.342380	22.301843	15.028844	8.546169
-8.793251	-10.111298	31.013184	50.811289	32.939084	11.654589
-9.080968	-7.020857	33.769697	50.866126	12.620366	7.671099
-29.542967	0.591840	17.540533	31.300333	14.429178	13.350410
-14.046876	-15.575366	29.862822	65.251138	15.142308	3.885532
-3.804835	2.541796	19.966218	27.691510	12.446903	11.976302
-10.751290	8.106819	19.841454	29.934911	10.907210	6.217740
3.482417	3.482231	16.410806	22.662536	5.700198	10.286807
-18.827261	-16.070303	43.664229	60.326296	20.536899	0.572224
-26.919044	2.360810	15.936483	21.246370	11.980279	6.222670
-3.847335	1.936701	14.087422	15.381068	9.564461	11.837680
-91.538947	-13.816037	45.126529	48.624962	27.564707	4.059034
-100.000000	-7.799155	55.393736	52.338593	27.470833	16.891446
-5.668409	-9.194315	34.115904	30.896200	11.318615	5.586053
1.016327	1.558110	17.920968	22.122497	6.261480	11.436170
-30.133430	9.330153	21.963165	20.654199	7.250146	2.412926
-17.244579	-9.391777	38.835560	53.942759	25.029046	2.778069
-8.509812	6.339314	26.181116	15.752722	8.526957	16.017152
-62.134823	4.336515	14.182363	23.361730	4.250749	11.627922
-48.648841	-13.548445	44.474529	51.869729	18.765114	10.251191
-15.954441	-10.266664	37.375460	50.300572	18.699612	6.965138
1.269184	-6.559105	14.996896	25.327436	12.036208	13.976766
-30.775896	-0.697591	23.687326	23.611388	14.222990	13.106535
1.372747	2.021465	22.053987	22.852581	11.330832	10.283641
-77.602361	-8.708051	44.164863	31.045226	51.870299	6.453620
-11.587136	-10.322168	45.505792	72.916194	42.724585	6.010927
-34.881845	6.539618	22.926099	29.920140	9.322080	5.873994
-14.847935	6.630393	11.690242	26.916761	11.979737	10.748796
-0.618328	2.956175	22.292162	20.371030	7.641953	4.785959
-1.721558	1.450518	17.411076	25.412753	8.915831	8.282170
1.817804	7.040617	19.254233	23.508520	11.844422	13.708633
-50.541332	-11.232607	48.701739	44.645941	19.879150	5.342663
-11.015781	-0.867494	26.862231	35.353103	5.066359	11.894327
-61.152537	-8.638582	46.435695	64.044475	29.031823	13.709654
-41.654565	3.436153	38.266594	48.358260	30.665442	1.156958
-53.711208	1.929027	55.592922	64.406756	12.775732	9.935291
-100.000000	-77.472126	100.000000	96.776130	58.142604	-0.791315
-63.683859	-8.854600	49.745501	49.873307	24.344024	24.832139
-100.000000	-8.697999	42.119892	50.734915	19.754739	11.138666
-5.516196	2.698440	21.115089	20.854016	-3.921482	12.748637
-12.581853	-17.078154	36.645589	55.302177	11.198819	11.234698
0.285710	1.539427	16.340069	22.122642	19.589704	17.098958
-14.416742	-10.913622	34.816119	35.797280	16.530361	10.746439
-59.421129	-2.141783	44.010462	40.379744	13.519281	0.684965
0.568787	3.630781	22.169870	27.021140	8.033600	9.740019
1.340665	-0.218401	17.053866	19.329252	8.871296	11.961058
-2.873780	5.468533	22.763623	30.366132	13.377096	13.052420
0.458559	2.201442	18.059451	20.466871	8.513352	4.506788
1.126291	0.636071	16.718329	24.741290	7.701274	7.320345
-36.351299	-1.762358	16.285727	15.812586	4.999966	4.052114
-19.622612	1.569256	23.170256	24.970982	7.646715	16.862050
-77.428229	-18.459370	46.256129	60.799515	16.541080	4.767880
-16.521726	3.759786	20.079320	27.379146	12.234306	12.078186
-14.772781	6.442746	13.085213	20.439713	14.337028	7.223561
-100.000000	-19.406528	47.546151	84.510978	43.612995	13.409311
-17.956914	6.374497	24.927068	22.218876	3.092137	10.622724
3.795156	0.210226	20.740783	26.034296	10.816723	3.965675
-1.342671	4.278464	15.627926	20.498425	9.111753	9.695421
-0.159839	4.184924	22.123960	22.916560	11.989298	12.982927
-30.324496	-6.236871	38.648833	56.873670	0.716541	28.597154
0.986145	-4.799287	16.200596	23.299520	9.322326	10.450446
-64.669482	-3.489154	29.766916	30.540538	9.296512	2.185562
-17.220833	-7.763621	46.349926	58.869566	32.581544	8.701882
-8.909232	7.700719	10.291994	26.475774	14.347167	7.611304
-25.548585	-6.542557	40.747984	66.332424	14.597040	24.630266
-100.000000	3.311236	44.603166	55.595862	18.641628	-2.335143
-48.658575	-6.017816	49.786888	51.207229	20.120259	2.434015
0.854126	4.201275	18.568005	29.772814	13.245367	10.951417
-7.773418	0.834646	7.070659	11.848288	17.435086	5.485150
-23.472742	-19.197497	42.577251	56.521831	29.024570	6.630214
-0.946683	3.146443	27.764400	27.250578	21.751839	10.054795
-18.962068	-13.229286	41.235998	58.751471	12.092066	13.456476
-17.302048	-2.922273	20.701266	28.810344	16.772829	10.170521
-20.545214	-14.451347	54.441775	65.084354	48.132587	22.829493
-51.611878	-9.681183	49.721662	54.176530	22.996623	17.341078
-12.123311	1.976303	25.861509	24.908865	10.510485	11.661515
0.967356	1.170253	11.289164	21.441321	-1.964799	10.307574
-1.265307	-0.107700	16.475980	24.076153	10.665676	11.236873
-15.447679	1.617521	15.649402	39.334656	7.375697	12.219835
-100.000000	-26.214703	49.678309	61.260158	22.002142	3.113616
-16.014735	-12.843558	19.324691	36.619125	29.550047	-1.082731
-8.266796	3.226013	20.115314	13.343417	5.081958	7.370357
-17.295741	-17.338029	44.565695	60.433756	36.002359	17.742788
-2.231581	4.868510	20.921563	18.974715	8.662499	12.412551
-11.126437	4.518888	11.836762	15.900995	15.148332	18.379226
2.752958	0.517975	20.057957	21.891585	8.788207	23.300512
-4.263314	1.274628	19.936152	24.502812	13.693494	7.808276
-42.342378	-7.805852	35.274428	42.825140	2.853912	10.995524
6.037132	4.743149	16.798314	27.846922	10.350835	5.977437
-13.387521	5.612663	19.705816	20.798327	2.403541	13.369461
-16.957825	-0.821392	21.968117	20.808997	14.711656	7.290903
-2.616157	2.619822	17.766348	25.029831	7.626425	8.719737
-6.079909	6.826125	14.765848	25.828747	5.391625	12.282935
-33.440380	6.046775	20.683830	26.647299	18.989692	17.847698
-37.542711	1.656943	14.545419	28.152650	10.554771	0.869368
-19.000184	-10.650463	37.009601	53.983549	28.996854	9.886732
-36.296028	1.602369	16.044172	35.463516	6.085053	14.920826
-24.599150	-15.683979	45.643624	52.634225	17.322612	20.984535
-0.045201	1.118192	18.707577	28.839707	10.373143	8.581976
-15.073200	-10.985205	44.187842	63.081217	0.859587	12.844110
-19.150087	-4.475519	40.746959	48.735740	12.945331	8.995957
-61.529712	-6.994102	41.967358	53.250252	28.490954	-2.896383
-0.625716	1.478466	18.360214	27.479384	8.724691	9.183538
-6.392559	-16.136592	47.331175	62.624169	15.716410	7.048878
-62.077384	-4.863490	23.169591	51.832467	26.380384	2.863013
-1.485368	1.288504	13.331292	21.660829	8.652187	9.903336
-90.753352	-7.918141	48.033423	58.478932	34.354287	10.046666
-8.384113	-8.699979	47.946523	53.581574	26.689026	9.394690
-14.200821	-5.875995	28.789515	47.684220	20.813894	22.169460
-10.585358	-16.038954	13.642414	52.716137	9.604826	17.122249
1.760603	2.337806	20.885890	25.294725	11.920094	11.055255
-62.060134	-1.460449	26.968317	13.433709	16.290809	13.991238
-3.106611	-0.722387	20.445342	26.875466	12.623258	6.960029
-1.289036	3.267264	19.609290	25.974353	11.825176	8.739357
-34.953695	-13.108880	31.214295	60.135277	22.462550	12.375191
-20.133052	11.516878	17.651688	24.731849	14.698906	5.702782
-12.781467	7.383473	18.279515	23.879345	11.437545	3.676047
0.830336	7.157489	18.774224	22.190239	10.081148	11.066975
-59.815252	4.943657	16.730489	18.974243	7.341352	9.000344
-20.490222	8.672316	13.813868	27.948061	6.139821	12.944706
-11.459939	-6.957224	21.168822	30.981082	6.538078	13.563972
-1.084774	3.578648	19.129190	28.361479	-2.866645	9.238657
4.228176	0.734394	18.014107	30.632310	3.735177	14.889440
-16.770870	1.023899	26.461778	28.208105	12.119918	6.699840
-100.000000	-13.481893	37.023646	63.715066	14.299107	6.555046
-0.874385	2.629096	15.993962	22.884454	9.950013	9.079559
-35.198531	-8.136024	53.882231	97.588569	22.591650	17.982711
-4.271736	1.186544	18.879642	23.469332	8.685097	13.230972
-16.159889	-1.978272	36.484086	56.191776	14.055688	9.759127
-0.055575	6.052574	27.802782	24.856650	10.368233	16.574191
-16.564209	-8.144558	41.253453	53.587060	26.442470	13.727204
-85.924874	-8.352039	33.249942	67.570575	16.680404	13.048853
-6.107358	-1.650042	30.261837	59.454731	13.271750	7.298191
-3.347928	2.209846	22.880393	29.597505	3.414305	12.833859
-14.445105	-0.193843	21.480941	29.249376	10.627923	12.071976
0.647257	2.936522	18.483922	26.253965	14.353694	15.467780
-41.327483	-7.367246	39.624553	58.690015	7.848422	9.457661
-100.000000	-13.917496	52.614776	58.122977	21.801427	9.732667
-12.577325	-1.083469	38.991761	45.858682	28.469514	10.930169
-1.257059	4.445745	15.811451	20.850143	4.418473	9.742324
1.485782	3.081974	14.264413	25.144484	1.784666	1.785746
-2.674986	6.163535	23.450074	21.835509	10.429712	11.460134
-97.859232	-10.756635	49.418342	62.796049	15.886980	5.222511
-18.517416	-20.976299	46.543676	49.036825	2.667867	11.134822
-61.992134	-20.052660	50.320191	61.255224	22.741455	6.375395
-11.488529	-4.772138	30.903418	61.482902	13.161542	7.249446
3.300656	0.975188	22.169353	20.342945	9.227493	7.789048
-39.338740	-8.890833	25.718660	40.524873	19.689254	22.853944
-17.786153	-13.415796	31.948322	60.527963	17.074277	14.515427
-22.129032	-18.775932	50.031419	75.264932	21.618165	6.156950
-3.362971	5.744010	14.791007	31.440352	13.595868	6.721097
-19.539046	2.235290	24.144979	16.804452	16.872879	10.684637
-23.965981	-11.465067	45.053561	61.315473	16.433040	-2.691249
-55.472471	-11.079086	31.729742	38.345609	36.308699	17.209291
2.436770	0.461145	23.174423	32.827274	8.457819	13.545144
-25.992547	5.421111	8.239373	33.503129	15.702578	10.699693
-29.942166	-16.309514	49.785411	68.012536	31.298461	19.504772
-47.547599	-9.526825	37.537545	56.591727	12.813936	7.400966
-99.568350	-36.302547	98.041937	99.973358	21.691426	-1.604394
-7.310059	-11.011943	35.717878	48.296103	4.975735	16.585572
-16.419450	-12.152284	41.891122	59.370462	16.105579	13.890511
0.480466	1.594443	14.899933	24.279249	14.519253	9.592523
-26.780765	10.116062	10.761494	18.945409	-0.717240	10.693495
-22.931465	4.388794	18.264479	23.324404	18.763430	8.875131
1.580488	1.978401	12.629064	23.068776	8.894524	9.983811
-54.857895	1.190996	11.960323	31.384162	9.763211	10.411425
-31.221805	3.901276	15.339449	17.136965	11.377276	8.268001
2.988484	-2.483084	21.332942	24.113619	2.981515	6.345887
-30.531641	-6.584938	15.918589	20.746374	11.305302	12.982361
-57.010809	-12.564859	27.074514	53.234447	19.790310	4.604281
1.398012	2.359398	19.719430	37.189903	11.785277	13.294800
-99.752681	-15.604270	58.103795	62.384387	28.690630	18.332582
-19.579172	-10.434180	46.728859	65.004255	24.732897	16.552003
-2.525454	0.199680	17.908793	24.008988	1.824567	9.587639
0.686922	4.083041	19.360154	18.869798	19.264459	8.973183
-18.662966	4.775788	15.007643	25.519649	1.856043	9.003196
-49.750354	-0.490338	18.580640	21.076246	15.393757	11.571012
-1.649662	5.531768	18.828978	15.547677	11.462676	12.401376
-38.802088	2.176696	17.002581	30.373396	17.835678	0.857628
-11.819472	-15.862058	41.506060	48.846709	11.600323	8.549837
-25.554146	-4.971886	31.295601	35.676147	1.813157	6.890410
2.102414	5.590594	17.691698	29.078840	13.762673	5.939944
1.867309	0.049922	13.231949	26.102016	11.837291	8.512091
1.280103	-2.564556	19.577797	31.079299	6.359072	7.771572
-62.744759	-6.667329	41.659678	75.413069	16.201707	8.415460
-55.028718	-7.441857	46.342181	75.952053	15.856302	13.917290
-10.509610	-7.952057	48.377395	63.878986	25.915955	20.442460
-15.178699	-15.213728	46.655291	51.418927	16.763412	9.112585
-12.662228	-5.008660	14.784138	23.965250	17.346633	12.373425
-38.516086	0.276373	18.468839	23.187365	7.345473	8.663745
-28.596065	5.284052	15.858467	26.795017	9.382674	9.398956
-33.284399	2.512257	21.619918	28.262229	10.264895	7.973343
-27.838758	7.585400	16.066141	26.059549	12.601567	9.995573
-13.901517	-10.490571	48.183933	59.364590	22.595114	-3.375050
-13.829784	7.535616	16.485376	21.461202	16.325476	9.779168
-98.489007	3.652124	13.371548	16.466632	7.897850	3.086940
-41.663104	-13.361182	33.688135	55.193546	13.138588	3.792707
-67.000364	-14.199494	47.732102	65.423185	20.111147	12.961185
-14.422343	-14.259800	42.379629	57.884086	5.755073	7.857458
-3.271401	4.984167	22.018804	27.820866	6.048230	12.836370
-1.011223	1.200601	19.911275	26.765803	14.138522	14.474155
-9.589718	-10.683708	51.289063	62.880538	11.112621	19.698009
-10.308685	-2.557450	18.846299	32.322920	11.397105	10.771427
-0.450469	-1.257712	5.461089	25.263595	8.203298	8.583286
-1.025510	1.591342	23.123553	25.024222	8.526260	8.172385
-0.380624	3.183204	16.404060	23.429672	11.268174	12.649107
-31.292233	-2.257919	22.893574	29.731944	11.475143	-2.390827
-23.800537	-1.957437	43.595504	49.519938	21.733353	4.286026
-11.846269	-17.399605	48.315119	55.288303	3.589851	12.138570
-15.050275	-14.451008	52.186175	56.822407	3.880530	6.183535
-17.507909	-13.159353	42.743655	53.335804	14.833634	7.318019
-57.591736	-18.200708	36.898715	46.059200	19.705111	-0.854882
2.388742	1.593821	20.185260	26.454684	10.464980	17.783998
-100.000000	-42.176316	99.992397	100.000000	15.738372	3.804917
-99.171821	-24.481313	38.316503	73.730353	23.965770	0.593277
-9.434130	1.123339	16.800444	37.205120	15.582610	6.499435
-11.921260	6.803488	23.123183	25.129057	10.275209	10.096602
-99.145409	-10.489123	43.273799	59.238305	21.654732	7.569650
-19.411836	-15.030657	44.579570	52.971166	17.951235	14.185614
-1.413913	-2.470505	18.811521	27.741097	11.946540	11.327327
-100.000000	1.037075	16.586203	24.371661	8.227285	12.735928
-44.609167	-1.364632	19.069453	26.735571	12.718660	3.093000
-19.101297	-14.904824	46.528422	66.154041	26.079901	11.854628
1.001296	2.786363	18.836674	30.712892	8.060487	5.385481
-7.726025	-5.712411	19.919553	23.698012	13.251781	4.254904
-100.000000	-15.005295	49.202017	60.212866	20.466351	7.954979
-33.300786	5.321140	10.267325	15.113586	6.043840	10.650457
-45.146336	-17.259744	46.298745	59.489260	5.019900	13.101898
-3.432291	2.775881	15.128352	25.411880	11.298896	8.211669
-10.393635	0.438893	20.629261	31.084477	3.989198	10.318639
-12.108135	-20.306525	44.852636	55.651654	18.887919	11.201806
-39.527034	-2.582127	24.082498	28.880845	12.345870	2.688957
-17.469838	-7.242677	43.096020	64.180805	42.889894	6.875178
3.563031	3.043407	14.925601	27.653666	8.714251	11.938030
-100.000000	-12.892961	47.760327	69.587635	26.329007	10.211822
-22.844280	-5.740945	12.534013	28.246355	11.326162	13.323015
-14.428167	-2.668156	34.972488	57.422145	14.433803	9.927412
-25.645965	0.347597	22.132145	25.324126	12.081150	8.223095
2.319658	1.057460	20.937604	19.326864	5.691295	13.771590
-16.415863	-11.887778	30.100042	54.509784	16.707991	5.425303
0.779151	5.861071	23.842089	23.335017	13.812933	17.488089
0.830060	6.482087	17.432109	26.950311	15.228807	3.690115
1.902492	2.940531	24.015418	28.222348	12.198843	14.207893
-0.010882	0.477382	15.889062	24.420895	10.891472	10.312995
-12.102951	4.082923	12.505059	18.082793	4.769379	9.680687
-58.579231	-4.673397	48.103040	49.074230	22.688284	7.133370
-17.412447	-10.513434	45.268109	54.686469	25.094936	5.440958
-39.067466	-16.048285	31.004885	44.477712	20.893164	1.520961
-16.896488	4.420281	15.222363	21.174947	21.521349	10.877813
0.691500	3.063982	20.081700	26.442436	13.360369	4.006897
-0.355045	1.569588	12.772673	21.732945	12.430906	9.577555
-21.414897	-21.205102	63.279628	67.063755	31.794774	11.912494
-4.334511	3.783952	16.666311	31.276815	2.064977	5.866277
-17.151444	1.670016	18.745602	26.551866	7.579045	8.405539
-4.320391	-3.649181	16.911252	16.637260	11.554035	6.510225
-4.154469	-2.380633	13.368245	27.222892	7.300350	9.972144
-100.000000	0.808193	13.093860	30.208198	9.965531	5.971365
-16.123667	2.193044	17.293788	23.553981	11.369876	8.591155
-15.514443	-14.413010	43.242817	68.919827	3.847080	3.953711
-36.682768	0.925444	9.154538	22.120684	11.679442	5.732318
-20.454262	-12.342090	33.938536	69.905479	8.504934	15.715137
-22.649559	-4.706191	21.375402	23.668122	12.499716	8.534797
-15.332387	4.498917	20.272140	25.022523	16.785244	8.787588
-25.523285	7.032501	8.650443	19.903114	7.689259	6.055908
-12.663466	-3.908053	26.986601	46.105730	22.601562	14.462461
-22.901708	-4.340234	39.766678	61.647350	17.449174	13.806602
-24.037450	-6.599159	20.410873	24.007342	9.156258	8.131187
-23.471870	-6.569882	18.412874	34.035349	17.037299	21.579782
3.725489	1.453359	14.730780	31.214241	18.086511	15.113014
-17.179177	-1.685362	12.880883	32.299940	10.992995	8.468696
-12.371526	11.954045	18.809422	22.926152	12.624676	14.548684
-99.173489	-32.926414	83.276480	98.833150	38.756217	13.224105
-11.511518	0.031997	27.662686	62.458858	5.413544	9.158102
-10.518086	4.195641	4.709666	29.670547	13.644944	14.223409
-0.019338	2.263692	20.426124	23.202385	14.733826	15.626701
-18.899821	-17.274446	50.987389	55.729270	22.092322	15.249313
3.743951	1.254315	18.284757	24.004799	10.711155	10.067772
3.206996	0.893929	17.359667	20.138231	9.592336	7.350990
2.455512	0.432430	30.124942	21.171323	6.047044	0.709788
-16.961268	-9.918075	30.948308	52.137934	12.825290	5.596943
-33.727282	6.708650	21.741723	25.928392	13.070015	13.380572
-10.371743	16.213041	11.147623	20.848381	4.771216	7.055632
-44.878810	7.106510	24.350301	31.226942	4.673051	4.001510
-52.670684	-9.746600	33.462207	66.693178	26.141484	3.033833
-14.515035	15.597431	16.563196	38.054479	7.282619	17.226836
-15.249439	0.724399	19.745987	28.578327	3.911633	10.096920
-0.199547	6.368783	20.713270	22.582736	11.465379	12.710966
-8.672613	-9.725768	26.121217	46.831825	-7.280619	19.527576
-64.572810	5.203296	12.940426	30.165515	10.713976	12.236070
-15.129628	-11.759835	46.958811	55.550891	10.808284	22.105737
-48.006321	-15.844232	51.003313	70.675693	17.023643	4.255165
-9.304212	-18.561513	49.533393	55.610714	42.018049	4.661018
-23.045964	1.028381	17.851354	17.972581	5.896537	6.910691
-24.706532	-11.510982	45.071590	59.017106	25.710302	5.445034
0.654970	1.736339	18.072764	24.217731	9.071041	5.609180
-51.978540	-11.492857	28.765381	51.665658	8.387192	6.932861
-98.927576	-55.437379	99.984817	100.000000	18.497682	7.379627
0.963799	2.587126	16.389361	30.010728	5.138737	9.203941
-20.987208	-11.713904	53.120522	82.098657	19.499158	6.083171
-1.167941	2.537457	17.094334	23.327029	11.721792	9.919803
-59.212332	-17.326370	41.537561	66.502443	27.334378	12.286060
-1.287830	1.009140	16.541705	21.371831	12.165425	10.846604
-3.192281	1.738705	20.092538	22.744339	9.102585	8.857893
-41.867918	-7.505079	16.081512	35.845155	6.905808	8.107097
-5.342946	2.217803	16.067461	26.046632	10.833092	10.603372
-9.778347	4.665700	15.044803	24.174695	10.854803	3.650458
-0.313127	-0.285758	19.858045	23.112586	10.399388	9.459207
-42.058837	2.306101	35.267736	47.181000	6.773971	7.968574
-59.626386	-11.121661	39.756466	65.222551	19.129741	12.046456
1.800657	2.479029	11.810835	22.677275	19.496034	10.205620
-12.160396	-10.582231	38.873796	52.523847	16.173247	9.972541
-100.000000	-3.298893	44.111531	66.980439	25.386963	5.139722
-40.386468	-3.609802	18.584490	41.181417	-5.381302	14.274553
-18.287870	-11.606791	42.456863	53.597842	18.012619	1.212014
-31.329354	-1.772199	5.546441	27.298123	13.746015	18.395462
-18.736480	-8.791848	37.643079	54.112896	14.813187	12.519818
-31.639259	-9.094012	34.308344	49.151960	16.765392	13.517840
-20.016377	-18.085369	43.067121	62.386955	25.902046	6.133561
-9.967277	-8.620108	38.203641	49.847615	13.236710	16.395336
-16.838834	-0.384326	15.747269	26.424576	12.920182	6.606074
-10.246671	-21.855858	33.500553	44.928705	17.478120	10.508657
-21.018505	4.069571	15.897599	22.609341	9.348492	9.602786
-12.963463	-6.414232	38.901084	52.216087	8.961389	10.734449
-7.669376	9.775111	41.253408	45.577091	19.985515	16.965051
1.001455	3.183901	21.277565	26.412955	7.678536	10.526367
-0.271578	-9.334101	43.783713	56.341396	19.500902	14.128612
-51.304324	-11.664473	29.108405	52.998684	13.621143	9.584397
-60.329266	-9.109217	53.147504	55.084594	-0.007016	1.491982
-0.603907	1.928614	16.796775	21.735528	11.643295	13.265315
-0.637846	2.335834	21.684313	25.740535	7.317729	11.498213
-16.909843	1.671859	28.850087	44.759050	5.834424	5.624891
-42.181515	1.640392	23.597647	34.861823	4.489545	4.830734
2.515465	2.067218	26.092757	21.936307	11.953358	16.490074
-20.922595	-15.293348	42.783424	63.043642	29.229085	20.347564
-0.120628	1.725216	17.554768	25.017715	11.254171	9.552438
-1.339737	1.274486	12.285293	21.917798	10.619650	7.602507
-37.905575	-6.326961	67.226579	51.493330	29.073818	20.419785
1.900028	5.505017	21.018433	26.895431	12.019612	12.012327
3.901426	1.102372	20.964129	23.229679	9.326847	9.535356
-42.914071	-1.102243	13.252831	27.647822	8.974827	4.826958
-14.334190	0.508862	45.262827	60.969265	18.538362	13.138357
-16.194762	1.858063	41.476096	44.619300	19.592990	6.776738
-47.479780	2.051366	16.782779	25.975564	15.894608	9.818898
-1.682989	2.175566	18.075286	23.177228	14.595079	10.889070
-2.937581	1.708537	14.651577	25.107529	9.895323	9.319901
-28.936805	-5.224201	14.940166	26.854423	11.851898	6.924835
-12.873959	-1.100424	37.282666	56.121773	16.285605	3.043665
-1.401889	0.532039	20.742195	26.281150	12.013098	8.976364
-37.175058	-10.792191	46.313144	44.745956	25.954106	15.709886
-23.527856	-4.187037	32.887513	42.717623	-5.877540	9.434443
-91.438890	-15.069808	38.696503	52.963370	16.005534	14.140815
4.195190	2.769116	12.051398	24.508681	6.616738	14.691428
-87.194440	-14.535793	47.648331	61.163304	16.586962	5.652660
-11.059426	-7.755447	46.759230	45.965878	18.789522	2.184045
-100.000000	1.759258	31.213482	44.912120	21.203764	7.488323
-15.845531	-9.939729	42.359802	57.481246	20.355856	17.390045
-7.464487	-1.339845	17.768680	17.558558	16.912321	15.771774
-9.224101	-4.422951	41.465350	42.780597	-0.610865	9.499470
-0.669822	0.494216	17.727338	33.635328	8.393229	15.699196
-100.000000	-41.417866	99.077861	98.938999	41.060117	9.173806
5.085635	1.784411	11.401715	22.899081	6.537154	17.019541
-2.141886	0.545271	21.267010	20.814407	13.887562	15.329304
-22.258541	-9.306357	50.560942	54.715670	31.680859	9.858098
-96.059493	-8.029488	49.405584	63.620685	14.384034	-0.997916
-41.222939	-3.259289	28.566618	26.660055	-3.839283	6.951293
-18.089864	-2.424743	22.918386	24.902118	19.742223	3.732661
-94.068523	-13.743319	44.865935	61.225058	24.441218	10.860564
-99.725581	0.266999	38.868454	58.706411	19.855266	14.906582
-32.380527	0.442429	18.394704	22.961876	8.534586	9.790542
2.229997	-0.907163	16.086030	22.626532	7.438337	9.246994
-52.591274	-44.469319	82.195045	100.000000	38.120720	16.983217
-16.578060	2.809150	15.333726	27.274566	11.987845	6.008101
-33.086620	-18.116397	32.452909	48.916274	13.408253	11.676405
-0.460328	7.295443	17.227415	23.611146	4.347123	17.575227
2.180962	4.554047	19.828639	24.144414	4.382923	16.515717
-22.785631	-7.921760	29.095450	54.564358	31.866589	5.329261
-10.612303	-6.637254	33.483984	39.625955	12.694082	9.547232
-41.067397	2.586532	20.027389	46.763262	7.389456	8.991745
-31.530253	9.306192	17.345908	19.786521	2.551395	7.008734
-12.930718	2.960837	31.700098	23.191698	-2.577254	7.115090
-17.234839	-0.422521	10.765993	22.111744	14.801630	8.372222
4.085315	0.412666	18.698484	21.809346	5.882097	7.167738
-0.622980	1.672555	18.377955	26.914657	13.300533	12.342251
3.734787	-1.514206	9.634436	22.989369	13.133800	10.484648
-39.592606	-16.122121	42.059895	29.383995	10.437365	13.465663
-20.945105	-5.600213	41.023162	42.790640	29.592787	20.172035
-98.681333	-0.613764	43.222309	50.566398	26.763997	12.770109
5.215303	1.921972	22.199032	25.620984	-0.193054	6.893274
-24.105607	-24.209329	51.281066	68.791234	11.695830	4.785688
-10.991492	-6.778823	38.538042	34.880180	3.064231	8.531342
0.028334	2.967140	18.097314	34.390139	5.894161	2.249370
-17.772668	-14.929320	47.533475	47.319808	23.093879	3.177669
0.015398	1.177718	20.074017	27.289196	10.015330	10.293237
-30.301460	-20.204656	46.556456	61.129798	18.372829	0.891398
-17.156474	-17.257076	43.266474	68.374089	16.689577	6.121941
1.867964	2.607405	18.551956	24.697267	9.928807	12.495001
-28.420059	4.840143	9.931511	20.838885	2.999808	16.984470
1.884061	2.974789	18.489203	25.783167	18.456646	8.903954
-53.436688	-12.102078	40.467809	59.054899	5.562326	6.111949
-16.453680	8.357347	18.053899	25.864560	10.593333	12.329255
-39.871755	-5.666121	37.798759	50.413551	8.132634	6.195098
-2.502219	3.287311	25.773542	34.528004	8.128583	10.683201
-16.125290	-12.069656	44.152750	68.256816	30.713912	0.931070
2.768358	1.921951	18.590722	20.848412	5.792712	3.911706
-0.309943	0.863239	23.060271	27.783024	5.077816	8.813165
-1.742694	4.390092	14.176811	27.722565	8.949414	7.301507
-99.576659	-18.608427	39.789960	67.022297	9.823012	-8.835183
-70.345546	-7.316686	52.941700	81.220763	27.883167	16.118632
-18.721266	-3.715063	34.044072	48.542400	34.770509	8.702618
-99.627210	-17.326212	40.233476	54.925033	13.633127	4.806134
-1.357070	-0.645799	16.990638	27.829241	12.136471	10.037070
-14.183408	-13.154678	33.972700	42.610162	19.239090	2.183646
0.702731	-0.567574	20.624602	23.975294	11.034902	10.230998
2.744346	4.377114	22.224165	10.859684	11.345656	9.015315
0.705651	4.181858	21.896039	26.804525	7.293845	9.204703
-35.675211	0.017429	16.128687	17.978030	14.376346	8.892607
-15.685851	-12.473627	37.825882	50.938385	20.143175	-2.754343
-46.725848	-7.546914	39.650903	54.566139	10.856256	2.371204
-94.302009	-18.369757	33.999755	46.661404	6.683988	6.799947
-2.293649	0.768055	12.089268	28.949101	6.760169	10.421927
-10.022558	-9.390744	39.376815	42.111800	20.085994	3.183910
-67.672790	-10.401148	43.412339	47.729009	21.777880	3.762271
-16.998261	-8.593983	16.543330	34.169460	16.409122	9.131972
-29.520731	-12.610949	31.383489	36.419627	23.351764	15.261528
-44.037717	-13.182882	33.284597	53.978266	12.855819	20.618635
2.771129	0.145890	16.998394	27.006742	6.534357	4.189809
-10.361738	-3.251715	9.812512	27.003079	7.987355	2.678029
-17.585764	-1.073042	39.074269	50.819567	8.836025	11.033133
-2.740696	2.861592	19.826807	26.431023	8.895123	6.404029
-25.583474	0.656387	13.222419	23.366065	10.410099	10.275620
-2.805313	1.675370	16.759873	26.946733	7.507890	-0.124343
-5.921503	4.485738	20.095295	24.451507	14.190777	1.266703
-5.103336	2.118490	18.611451	22.323034	7.748258	8.583820
-63.242598	-9.153905	52.556324	68.771171	15.433779	5.567488
-21.781680	-17.997471	55.028349	68.525100	34.024479	7.931064
-16.493261	-13.843068	36.299573	56.735005	21.764651	15.238329
-99.789305	-9.716686	40.854361	42.815412	27.596600	6.148518
-21.058017	-3.426010	35.425330	36.013508	12.042583	16.893316
-23.135498	-19.292469	47.171267	60.273521	4.999746	12.389778
-9.915348	3.332941	16.893567	28.278424	13.714378	7.597039
5.264003	-0.069768	15.241356	18.856361	13.820959	6.907144
0.604149	-0.458211	17.380989	25.073279	7.598119	9.194023
-9.997463	2.503348	23.188081	42.820658	6.670815	15.144914
-40.640271	-9.711284	43.722351	39.769363	1.357438	5.366115
-17.181815	-10.227421	45.936682	60.361493	15.200309	12.599229
-18.243864	-5.631597	38.736482	49.444097	16.322663	17.325731
-12.793962	-5.146289	21.553156	34.400980	7.355518	-4.339268
-11.677403	-17.165960	46.135916	63.128101	5.325057	-0.515143
-23.306550	-11.038585	50.597891	56.796158	22.597393	11.355900
-15.243735	-9.219645	31.616050	51.033407	6.028029	11.643908
1.976415	-1.352654	13.145499	26.049680	12.950015	9.547683
-45.750722	-5.862245	43.549899	62.967914	17.897559	1.651994
-52.488914	-11.889879	52.822767	62.139655	28.162525	-2.491005
-9.325825	-10.707177	41.075238	57.978087	24.963307	7.741118
-11.866438	-12.417993	34.936349	60.463162	13.026369	12.809949
-20.123418	-11.935220	30.584308	55.702552	24.320235	11.279723
2.004689	0.431370	16.028649	21.970654	11.364663	11.342738
-44.438065	-6.248112	35.986751	41.193209	16.796085	11.926666
-5.242360	5.654430	15.615842	23.127493	10.593900	9.588949
-100.000000	-18.376698	48.347470	71.728202	11.944561	9.315900
0.879991	4.112519	13.928532	22.482027	9.301533	9.467291
-48.602512	3.439864	16.197581	31.046760	9.131285	17.469009
-39.409967	4.783007	19.473597	33.443141	7.189204	7.221967
-15.422582	-15.884749	35.658869	49.228552	21.231859	9.542842
-15.140415	-11.801971	27.814190	54.652592	19.386268	6.705639
-8.891195	-0.886215	29.787193	48.280343	3.135553	0.551356
-49.464973	-8.094719	46.599500	48.697447	20.387376	14.388401
-84.290144	-20.201088	28.265430	64.491209	26.178143	9.121504
-0.420356	4.302647	16.051896	22.990655	11.632151	10.053957
-84.297518	-16.655556	35.055794	57.486684	18.593925	-1.776751
4.190456	-1.361746	18.640529	16.421814	9.997264	7.651482
-1.424058	-3.634323	17.550189	23.119519	6.902325	14.590337
0.284789	-2.574764	13.137583	24.569020	6.739572	7.873384
-17.608889	-14.367491	36.982361	42.704475	19.977118	7.859048
-98.734550	-12.285755	34.701300	49.309538	18.877469	1.638346
-44.031130	-4.354250	38.170017	54.555165	13.256024	14.051748
-9.454825	-15.480086	39.738365	53.919936	39.711152	-0.177639
-21.096318	-10.083220	42.370256	53.626416	20.995658	0.247480
-42.187775	-3.543972	42.982076	29.914685	10.893280	13.251323
-14.222244	1.189873	19.843894	23.587565	4.049327	16.742159
-48.130730	-1.571357	22.460054	27.532076	10.921132	7.868949
-26.163807	-8.580140	44.647901	59.967831	25.290115	15.556896
-13.811158	-11.548988	37.187251	44.046217	19.677740	8.128209
3.202704	0.788270	14.995441	23.174120	11.671780	11.231626
-20.105565	3.859591	18.547503	24.424114	3.717948	12.562085
-53.762796	3.409927	27.258020	22.120601	6.353443	7.911700
-31.578820	0.037178	26.854601	29.648261	13.654284	13.783750
-18.879303	-12.877173	34.057126	49.755848	19.595108	9.507226
0.216870	2.878245	11.856115	21.321487	-0.102552	10.520500
-10.911628	-4.089637	20.323204	20.090736	12.726030	5.880967
-55.847730	-9.792094	39.664279	61.400550	15.857687	13.605891
-11.733699	-16.094399	32.845841	46.947191	-10.163978	-2.049338
-60.430621	-6.033681	18.092399	23.715714	20.223580	10.509674
4.828031	4.355627	17.107306	26.067068	8.623248	12.126721
-19.602923	-11.668141	46.804004	60.225292	18.145695	10.166876
-1.295706	2.291086	14.247229	23.390679	9.134573	11.000770
-71.773040	-17.911740	47.418709	78.528846	8.946689	10.180031
-99.688165	7.953232	39.026951	41.154190	22.554997	13.045259
-41.409670	-3.130638	12.458662	26.127929	12.125013	9.152235
-23.675541	-10.597303	46.029624	61.301430	23.153885	9.556071
-95.196750	-7.353840	45.023597	68.262497	24.882330	22.354734
-11.809124	-0.953968	16.190335	24.317385	8.345427	8.257482
-56.433265	1.965541	9.569062	16.627891	15.278463	7.706128
-21.969258	-6.888116	42.570525	63.089633	22.268593	1.811458
-36.840625	0.028779	11.940430	30.017476	12.091594	1.266815
3.148497	5.042345	21.618346	25.189872	10.977147	8.322720
-99.742775	-10.576702	36.828639	68.567614	20.783286	18.131372
-0.839086	0.356112	20.723858	30.126013	10.876306	12.760490
-49.845570	-11.030881	41.143475	52.460417	8.901303	8.019540
-50.255004	-8.302880	38.694769	42.032060	29.013860	17.195331
-85.409889	-14.836618	20.715302	52.646154	7.572188	0.558851
-15.176619	-0.030157	50.401226	55.659455	11.683624	10.450480
-66.633138	-9.746322	48.247876	56.108417	12.779744	2.021013
-27.128967	-9.414500	45.135292	64.887807	33.420495	15.182975
-0.700937	3.840163	18.847356	23.368292	19.803373	14.956167
-7.896603	7.805056	26.022872	26.204656	13.042038	6.275981
-49.129088	-6.401507	44.903356	57.147341	23.858466	5.915931
0.811122	0.599701	17.966027	19.679784	12.404689	9.479292
-4.206795	-7.278365	32.240195	35.313114	13.574925	8.810049
-19.024324	-12.040418	49.973258	47.952168	13.006716	12.251119
-0.030020	0.519978	13.038603	21.257646	6.688516	7.680156
-1.301435	2.723089	15.508283	20.591494	8.774996	10.504662
-17.645873	-16.880220	54.469653	68.057280	7.745102	7.047337
-35.689463	4.048710	25.915407	28.350717	11.443523	21.236056
-62.935513	-8.951649	24.652079	47.360445	15.732806	10.507291
-12.424712	-4.799068	29.341094	64.510273	7.584777	4.918544
-2.238924	1.054456	20.053294	25.176184	6.226466	5.092875
-21.657592	-4.823092	16.185801	26.174933	10.087151	13.301805
0.216389	2.414861	19.182005	13.360492	17.827302	5.036041
-95.627911	9.626938	18.208463	23.387639	8.659569	14.992926
-15.685413	-15.914014	42.880317	56.973893	21.376901	8.221998
-76.102978	-0.802146	19.098573	27.513983	2.837927	16.169289
-1.883449	4.057313	17.953059	31.765298	7.625890	9.770049
-49.996600	-24.475782	70.952272	100.000000	40.360734	-7.885221
-84.922998	-3.658257	29.291158	43.144584	29.159329	14.534606
-13.922104	-7.471088	36.808654	51.275001	11.887024	12.483905
-0.578545	-1.510111	22.869843	26.794311	8.476158	10.506147
0.794984	-0.010300	25.223560	19.585463	8.656483	7.558821
-49.868032	2.941079	22.305085	25.798393	14.713396	7.529519
-11.225513	2.396895	13.361998	18.329681	17.964588	16.656359
1.239310	-0.776934	20.220045	27.636739	7.192139	10.565915
-3.344351	-19.190157	9.925836	53.399050	7.495832	19.762753
-2.360941	0.108188	21.590194	33.621798	10.062182	9.666253
-55.971914	0.832406	11.404097	28.769671	15.155328	7.322835
0.490613	3.173271	13.260066	21.577582	4.657630	6.084241
-100.000000	-9.636835	47.254616	69.599204	22.264839	6.748726
1.117584	1.682010	23.472367	22.061914	10.998572	10.018593
-11.743458	3.778482	20.151015	26.503602	9.949654	7.651523
-49.590279	-21.356695	82.191091	99.134363	37.155585	7.708293
-16.730057	-6.991408	29.680774	39.367210	13.293473	13.694124
-8.783814	-12.514782	31.200321	42.176866	15.916817	9.127128
-3.310699	4.493598	17.600275	24.633637	10.880315	9.490196
-79.460443	-10.812159	64.083669	73.996744	35.155545	17.722843
-0.235911	0.374382	23.472356	27.751888	10.722806	13.148005
-8.548386	6.117528	34.545023	44.679216	18.213564	11.566189
-19.280671	-20.159381	43.130130	59.059955	14.078546	11.984918
-21.581739	-9.498693	38.273601	55.526432	29.916880	16.667632
-37.338391	-9.356695	48.228422	51.482210	12.776113	-4.666791
-14.615267	-16.939314	41.214746	41.205615	5.188482	9.014148
-20.445691	-5.899900	44.438175	50.504564	14.552059	15.850909
-40.294565	-1.192641	33.339494	49.438481	20.665008	4.323537
-19.630616	-21.371180	45.249560	67.548282	27.771574	12.958579
-11.694634	-13.643888	42.344400	56.767383	40.448090	3.384229
-14.211333	-15.619389	37.264176	30.372432	2.200747	10.340499
-22.115466	1.221613	26.081287	24.759257	9.977786	9.219718
-14.207323	-11.196634	47.596643	50.763615	11.240916	13.675296
-15.693854	0.853354	24.696922	26.261068	22.906488	12.845744
0.498305	2.230922	22.807751	39.913118	5.258890	7.647478
-43.599484	-11.038171	35.714803	53.816651	24.369920	6.609812
-3.335800	0.537825	16.041624	23.567104	9.456880	9.833857
-13.792887	-14.158896	45.256875	54.812671	27.736213	1.256981
-22.830581	-15.433810	53.075223	67.785728	25.723314	13.584626
-11.608400	-5.573862	37.627092	61.151431	25.981652	12.195774
-88.359613	-0.671499	48.067199	63.801752	25.086244	2.778566
-0.674970	1.473366	19.383791	24.107366	9.489220	9.080872
-10.811757	-6.321076	32.721065	47.246196	12.679684	9.062244
-2.541519	0.270197	11.280272	19.799028	3.290967	4.696573
-19.825941	11.441315	26.359716	27.359480	12.343388	9.228028
-50.299445	-2.650222	21.737932	25.652576	6.812043	7.558528
-43.707985	2.038558	18.862029	19.846577	18.269600	14.020780
-13.752788	-11.643838	27.205224	60.794511	14.460136	6.103212
-13.144800	-2.996848	19.160120	26.255521	7.959799	14.184764
-3.012288	2.209726	15.131600	20.583298	8.874548	12.986143
-42.009252	5.859393	5.359924	30.155054	7.960238	1.254323
-99.829139	-18.283525	27.891727	50.308023	16.567210	8.777790
-14.593128	-14.328179	29.699363	60.807288	9.861156	-0.127208
-4.013615	4.780952	17.754134	22.359681	15.370941	6.277089
-2.669438	-8.349147	32.064312	31.457917	5.539256	6.102713
-43.716014	1.022829	40.590699	47.226107	18.719482	3.085547
-70.163074	7.618629	43.102479	52.091323	4.063460	18.079285
-0.950579	-1.444934	12.375709	22.683066	14.102533	13.000434
-23.680559	-11.286391	26.623822	43.333380	29.760078	0.550174
-0.626566	0.112919	21.964167	26.478695	13.369892	3.552449
-82.838738	-16.206519	50.101575	55.755691	19.995321	7.845567
-100.000000	-5.318184	45.275562	42.296887	40.012220	14.311594
0.201224	-1.331382	14.517463	22.341611	9.096017	10.986881
-49.142743	-5.391255	20.042958	23.636783	11.097920	8.346176
-3.212646	1.619897	22.544407	23.392555	9.469203	9.944593
-7.758224	1.965658	30.709410	40.919902	19.390862	10.737214
-98.789540	-15.558470	42.183474	60.618107	23.515906	12.149920
-14.761375	6.684922	18.915739	27.797003	10.212863	13.316335
-100.000000	-78.506228	99.830284	100.000000	61.503717	-0.312484
-2.424233	-2.409545	12.406960	23.777006	6.896658	18.863411
-17.516995	3.065406	17.313769	26.797738	16.879862	7.917142
-11.434604	7.417298	31.653735	39.648519	23.016057	8.044704
-10.629728	-4.204709	41.453119	54.888176	8.039197	9.602298
-89.146087	-4.430523	33.568462	33.621862	3.751063	25.203905
-21.358636	-6.184286	34.639187	49.548519	25.272195	11.227574
-23.908205	-0.384918	28.981773	18.780866	7.941817	8.335004
-10.678222	-0.760486	38.044605	46.218099	24.561668	11.478283
-16.292468	-13.053857	33.941960	55.561324	7.043640	7.265044
-32.601174	-4.505671	34.030164	57.801930	9.165344	14.235989
0.579165	1.971142	19.187800	16.076077	5.058249	21.187238
2.754977	3.422788	23.994421	29.122041	10.996032	10.752296
-18.282747	-0.931558	23.172214	26.328581	9.102322	6.600823
-1.025303	-1.840900	19.609390	34.162559	14.778367	9.682296
0.065212	-0.747193	24.859093	26.000305	13.261110	6.893347
-26.392741	-0.588681	15.775043	21.012273	15.455963	6.758972
-55.480665	-21.686680	56.664011	69.463760	25.667737	8.534331
-15.260188	2.525948	33.346684	53.998125	18.617849	10.925291
-0.809902	0.706118	20.637107	18.572739	7.636137	17.873945
-7.057121	-4.230560	43.582709	45.124872	16.016135	3.542755
4.410220	1.522004	21.702634	21.363659	4.458631	14.246621
-32.910206	5.659494	22.088724	21.799091	6.987119	10.121988
-3.687675	-5.674060	15.891038	29.519640	9.390686	12.262632
-12.421710	7.352693	6.503456	22.053300	9.617581	5.362821
-15.316575	-0.715568	41.393268	47.414656	13.085633	0.958436
-100.000000	-13.315455	46.893268	59.822985	38.171499	8.280275
-7.886915	2.167191	23.206754	20.733840	9.961373	19.021713
-17.744907	-6.964903	45.014099	59.849060	2.096078	5.799249
-2.031408	4.497348	21.100744	19.469761	5.689697	12.859071
-3.210595	4.516447	16.602870	16.337363	-0.117285	14.847462
-20.638481	-14.699250	33.778034	67.765017	19.887967	7.934604
-17.071510	14.559608	21.296024	20.133666	8.288113	15.379329
-1.759349	6.030128	23.600521	25.926859	9.338582	5.344127
-31.099773	0.001806	26.089071	44.108274	24.165599	8.064461
-19.947205	-1.630427	30.121793	47.497272	12.656493	19.992868
-47.772074	1.995931	18.035904	26.640538	17.003285	14.770949
-20.398176	1.856302	16.624182	26.738303	14.309067	13.495693
1.989910	3.308258	18.526526	22.951085	8.203273	8.178519
-14.460908	-11.892452	46.111063	39.501153	15.452351	7.299747
-51.231033	-33.169898	79.159889	95.432508	48.711489	-0.846335
-63.075387	-6.652091	32.561052	56.312646	-0.880742	3.446514
-48.635846	-13.695588	35.316515	44.006657	28.693940	11.536094
-61.284747	-13.581568	50.481230	65.189439	22.314176	7.504327
-9.615392	-2.569149	19.665649	27.813077	6.269834	5.839469
-21.757211	0.796056	20.195522	23.936170	9.375477	7.475398
-3.411863	-1.534084	23.461638	33.381869	7.425366	11.819320
-0.881645	0.034360	21.796784	31.983767	13.516452	7.095715
-53.359205	9.862722	18.142446	22.200439	17.813042	9.723330
-3.024196	-1.798849	16.202542	21.159327	12.087345	8.330642
-22.296529	-15.460493	46.103512	57.252203	24.728036	3.424238
-99.719827	-9.282839	44.877886	65.071337	14.126687	12.505170
