20.889523	-99.870113	100.000000	99.982635	99.875084	87.627980
-33.243797	99.561526	-100.000000	-99.592184	-99.840722	-24.841536
-23.400493	-99.979600	100.000000	100.000000	100.000000	40.537800
62.168166	-100.000000	100.000000	100.000000	100.000000	20.045233
-28.831619	-99.899380	100.000000	100.000000	99.837419	43.673113
19.741480	-99.468914	100.000000	100.000000	99.880392	31.736994
-12.533104	99.902473	-100.000000	-100.000000	-99.874898	-52.421549
60.950844	-99.268566	100.000000	99.183078	99.965792	16.666988
47.104288	-100.000000	100.000000	99.539686	100.000000	27.935552
32.203220	-99.921595	100.000000	100.000000	99.927947	39.268275
-19.900940	-100.000000	100.000000	100.000000	99.522601	24.567969
-31.777083	-99.932880	100.000000	100.000000	100.000000	29.691375
-32.210259	99.456478	-100.000000	-99.773903	-100.000000	-29.463949
62.740772	-100.000000	100.000000	99.832710	99.799765	36.111181
-9.670523	100.000000	-100.000000	-100.000000	-100.000000	-65.438175
17.774391	-100.000000	100.000000	100.000000	99.792733	25.265662
-32.410095	-100.000000	100.000000	100.000000	99.662256	31.612037
20.796189	-100.000000	100.000000	100.000000	98.817306	18.654047
5.499133	98.305104	-45.231155	-99.971943	-100.000000	12.551873
34.329196	-100.000000	100.000000	99.951489	99.972740	53.046372
4.669019	99.726013	-92.707291	-99.617546	-100.000000	-15.079099
47.287766	-99.599123	100.000000	99.700706	99.267018	16.399577
25.025065	100.000000	-100.000000	-100.000000	-100.000000	-30.564209
22.102802	100.000000	-100.000000	-99.705488	-98.993585	-11.101316
-21.946640	-100.000000	100.000000	100.000000	100.000000	34.878950
-28.536154	99.973604	-100.000000	-100.000000	-99.899012	-27.669844
29.956752	-100.000000	100.000000	99.093564	99.807945	15.520480
-17.081953	99.721634	-100.000000	-100.000000	-100.000000	-50.430243
22.019384	-99.856449	100.000000	99.975466	100.000000	21.708517
55.202041	-100.000000	100.000000	100.000000	99.890576	22.308070
43.723086	-100.000000	100.000000	100.000000	100.000000	27.230868
44.314843	100.000000	-100.000000	-100.000000	-99.947070	-20.983442
-43.495211	99.595764	-100.000000	-99.573270	-100.000000	-38.132387
-48.554776	100.000000	-100.000000	-99.942250	-100.000000	-32.277060
33.348845	99.837993	-100.000000	-99.672104	-100.000000	-24.742671
-44.375721	-100.000000	100.000000	99.837308	99.941366	30.099072
37.757231	-99.737580	100.000000	99.650508	100.000000	28.113608
-10.594415	99.800445	-100.000000	-100.000000	-99.235934	-14.817951
46.832263	-100.000000	100.000000	100.000000	100.000000	31.659112
-16.652249	99.476307	-100.000000	-100.000000	-99.944147	-32.315432
35.711077	-100.000000	61.488610	99.814833	98.075367	-4.506246
84.494448	-99.472462	100.000000	100.000000	99.956884	24.402856
41.913275	99.517467	-100.000000	-99.984813	-100.000000	-30.155811
39.382638	99.740827	-100.000000	-100.000000	-100.000000	-20.514443
17.132987	99.627614	-100.000000	-99.267413	-100.000000	-19.459459
-34.583304	100.000000	-100.000000	-100.000000	-100.000000	-39.370147
21.728748	-99.765357	100.000000	100.000000	99.849114	33.516517
-43.191477	-100.000000	100.000000	99.685119	100.000000	19.035075
-28.930632	99.973588	-100.000000	-99.443643	-99.543840	-20.909771
-7.286911	-100.000000	99.677576	100.000000	99.096727	5.876207
-56.913011	-99.531275	100.000000	100.000000	98.630164	20.339318
-8.398365	-99.495753	100.000000	99.986996	99.952771	18.734127
26.944572	-99.808431	100.000000	100.000000	99.228242	27.798924
-23.648662	-99.513697	100.000000	100.000000	99.608244	22.931911
-34.046775	-100.000000	100.000000	99.550639	100.000000	34.303330
-16.836509	-99.751939	100.000000	99.978187	99.712640	31.822448
34.939952	-100.000000	100.000000	100.000000	99.643175	27.019769
31.401459	-99.653391	100.000000	99.966093	100.000000	28.025331
57.975530	99.856008	-100.000000	-99.454237	-100.000000	-18.188656
-25.855276	-99.773039	100.000000	100.000000	100.000000	41.340068
-36.808462	-99.762125	100.000000	99.895555	99.960456	50.147479
26.422545	-98.890988	100.000000	100.000000	99.912462	11.996760
31.880447	-100.000000	100.000000	99.773246	99.810450	34.889399
-34.395788	-99.729428	100.000000	100.000000	100.000000	36.211193
-18.608782	99.826050	-100.000000	-100.000000	-100.000000	-48.661087
-50.124475	-100.000000	100.000000	99.624232	100.000000	20.453403
31.788652	-99.926451	100.000000	99.960252	100.000000	68.558871
-23.475231	-100.000000	100.000000	100.000000	99.424773	30.745238
20.351256	-99.702949	100.000000	99.093375	98.577169	16.641259
-39.039796	99.690653	-100.000000	-99.767144	-100.000000	-36.376496
16.617702	-100.000000	100.000000	99.961727	100.000000	75.920732
70.716262	99.753287	-100.000000	-100.000000	-100.000000	-27.513526
33.222012	-100.000000	100.000000	99.847949	99.636687	25.600804
51.470070	-100.000000	100.000000	100.000000	99.550509	33.369425
27.042945	-100.000000	100.000000	99.832028	100.000000	38.609792
14.811891	-100.000000	100.000000	99.312298	100.000000	21.754051
28.299583	-99.247120	100.000000	100.000000	100.000000	15.011258
-33.844958	100.000000	-100.000000	-100.000000	-100.000000	-11.596337
26.339734	99.450711	-100.000000	-99.834254	-99.620509	-46.028392
-29.395752	-100.000000	100.000000	100.000000	100.000000	9.527199
-28.397622	-99.832471	100.000000	99.577105	99.567765	29.334027
29.389545	100.000000	-100.000000	-99.510775	-99.896490	-38.732403
27.767715	-99.361455	100.000000	99.824444	100.000000	19.067219
32.552904	-99.604948	100.000000	99.908857	100.000000	40.709589
20.850662	-99.945519	100.000000	99.913468	100.000000	54.023638
63.508705	-100.000000	100.000000	99.418271	100.000000	8.334754
42.460546	-100.000000	100.000000	99.769584	100.000000	39.108393
30.619591	99.724289	-100.000000	-100.000000	-99.808402	-21.402502
30.665121	-100.000000	100.000000	99.379320	100.000000	28.334856
38.229393	99.912765	-100.000000	-99.660650	-100.000000	-20.767969
-21.371777	-99.944554	100.000000	99.849197	99.926312	57.756323
21.158256	-99.882843	100.000000	99.845909	99.771311	59.565778
-23.024481	-100.000000	100.000000	100.000000	98.939406	20.254724
-51.132101	-99.770055	100.000000	100.000000	99.516065	17.415345
31.607886	-99.638931	100.000000	99.849770	100.000000	31.628063
-19.827853	-99.792234	100.000000	99.556280	100.000000	29.514359
-16.570399	-100.000000	100.000000	99.856781	99.892162	34.126237
-43.963829	99.634736	-100.000000	-100.000000	-99.661644	-15.637020
72.220683	-99.551782	100.000000	100.000000	100.000000	25.976381
59.230438	-99.901148	100.000000	99.052208	100.000000	20.141913
21.874742	-99.636521	100.000000	99.982710	100.000000	44.739596
22.274717	-100.000000	100.000000	100.000000	100.000000	24.570778
12.182809	-100.000000	100.000000	99.842692	100.000000	36.959383
-45.128732	100.000000	-100.000000	-99.996619	-100.000000	-22.702793
-28.271074	99.942310	-100.000000	-99.836005	-99.864122	-61.531419
-17.054167	99.667396	-100.000000	-99.969981	-99.761856	-29.152288
17.841482	-100.000000	100.000000	99.751397	100.000000	39.224918
57.152052	98.914919	-100.000000	-100.000000	-99.389241	-10.607537
34.604936	-99.763657	100.000000	100.000000	100.000000	17.060726
-17.566955	-99.769288	100.000000	100.000000	100.000000	52.047320
18.871806	-99.883696	100.000000	100.000000	99.566298	42.661918
-25.117166	99.943402	-100.000000	-99.808053	-100.000000	-34.237268
-26.655709	99.799361	-53.963068	-98.642090	-100.000000	-7.078570
24.076363	100.000000	-100.000000	-100.000000	-99.920407	-36.560258
29.473358	-100.000000	100.000000	99.368260	100.000000	35.700379
35.585629	100.000000	-100.000000	-99.755077	-99.807763	-33.482937
57.259197	100.000000	-100.000000	-99.656566	-99.514686	-12.254825
18.744548	99.516416	-100.000000	-99.895437	-100.000000	-34.562472
31.048383	-100.000000	100.000000	100.000000	99.742185	40.809661
36.890712	-100.000000	100.000000	100.000000	99.782460	24.337755
23.446159	99.320283	-100.000000	-100.000000	-100.000000	-15.136644
18.765234	100.000000	-100.000000	-100.000000	-99.708009	-19.771345
91.151725	99.454824	-100.000000	-98.833843	-99.984468	-22.724143
-22.555681	-99.184554	100.000000	99.771324	100.000000	24.384207
20.292491	-100.000000	100.000000	100.000000	100.000000	37.518476
13.943405	-100.000000	100.000000	99.890699	99.258226	31.477230
27.540933	-99.981275	100.000000	100.000000	100.000000	30.214225
42.521793	-100.000000	100.000000	100.000000	99.781949	30.452312
-19.594770	99.928036	-100.000000	-99.601029	-100.000000	-20.980292
30.097792	98.314463	-100.000000	-98.976881	-100.000000	-8.223929
53.774160	-99.835216	100.000000	100.000000	99.953486	27.988501
16.833645	100.000000	-100.000000	-99.997056	-99.798279	-31.881207
-23.982774	99.625948	-100.000000	-99.956913	-99.751343	-29.052362
-32.897007	-100.000000	100.000000	99.935738	100.000000	46.344394
-20.146621	-99.636661	100.000000	100.000000	100.000000	20.209796
-27.905191	-100.000000	100.000000	99.854149	99.542308	40.784512
40.012487	-99.966562	100.000000	99.834650	100.000000	36.205617
-52.276375	-100.000000	100.000000	100.000000	99.870822	16.802023
20.105689	99.857683	-100.000000	-100.000000	-99.833368	-34.053221
23.143841	-99.543047	100.000000	100.000000	99.385312	26.850906
-21.534826	-99.863618	100.000000	99.957781	100.000000	94.815549
-14.486027	100.000000	-100.000000	-100.000000	-100.000000	-30.838096
4.334172	99.524083	-100.000000	-99.825217	-99.616752	-55.975603
-49.749884	-99.994463	100.000000	100.000000	100.000000	29.659268
30.733285	99.906046	-100.000000	-99.737729	-99.944278	-42.983651
30.826693	-100.000000	100.000000	99.539046	100.000000	12.991954
-20.145785	-100.000000	100.000000	99.445147	100.000000	38.789834
21.397843	100.000000	-100.000000	-99.512490	-99.881850	-27.916274
39.932777	-99.657502	100.000000	100.000000	100.000000	28.359522
74.029957	-99.221166	100.000000	100.000000	99.670677	17.152158
-14.492929	100.000000	-100.000000	-99.789749	-100.000000	-37.872716
-46.960979	99.689545	-100.000000	-99.764875	-100.000000	-18.371240
17.148736	-100.000000	100.000000	98.945179	99.875475	23.032583
-25.018971	100.000000	-100.000000	-99.399655	-100.000000	-16.888373
44.577898	-100.000000	100.000000	99.729324	100.000000	20.039743
83.750406	-100.000000	32.222732	100.000000	100.000000	-6.400624
35.521441	-100.000000	100.000000	100.000000	99.839489	44.072520
8.616432	-100.000000	100.000000	100.000000	100.000000	3.519754
32.752098	-99.552957	100.000000	100.000000	99.454681	38.324773
28.933420	100.000000	-100.000000	-99.963954	-99.777089	-50.465006
-28.867402	99.950276	-100.000000	-100.000000	-99.991847	-77.749384
-22.567651	-99.434901	100.000000	99.977252	100.000000	30.969222
28.419697	-99.580354	100.000000	100.000000	99.780696	30.152325
20.281048	-49.122329	-23.143905	79.427001	99.180273	-16.178100
39.156793	-100.000000	100.000000	100.000000	99.915785	26.848243
-28.269957	-99.555877	100.000000	100.000000	100.000000	42.342644
30.525616	99.922865	-100.000000	-99.494745	-100.000000	-19.267379
34.712225	-99.699563	100.000000	98.954373	100.000000	12.267244
43.319111	-99.295179	100.000000	100.000000	99.875513	23.564970
48.091195	-100.000000	100.000000	99.829193	100.000000	22.146276
-8.062524	-89.782985	2.230384	95.565916	99.695863	15.131573
86.699499	-100.000000	100.000000	99.749243	99.775684	37.194937
-35.117256	-99.629851	100.000000	99.784475	99.921152	23.634943
20.619946	-99.597472	100.000000	99.546839	99.280740	10.856179
-12.491005	-100.000000	100.000000	99.563006	100.000000	29.829883
39.827907	99.940442	-100.000000	-100.000000	-99.869619	-39.410293
29.396669	-99.894614	100.000000	99.743644	99.777097	57.852614
45.654279	-99.623501	100.000000	99.816626	100.000000	39.413581
31.583371	-100.000000	100.000000	99.742524	99.962300	15.223099
-22.066130	-99.760610	100.000000	99.968229	100.000000	85.094127
-39.605561	-99.617602	100.000000	99.624375	99.719479	26.803178
21.797801	100.000000	-100.000000	-99.861118	-100.000000	-22.683803
27.938439	-99.864841	100.000000	100.000000	100.000000	51.761107
11.887438	-100.000000	100.000000	99.976158	99.918369	51.352204
-35.442961	-99.632039	100.000000	100.000000	99.781780	20.872820
30.338896	-100.000000	100.000000	100.000000	100.000000	31.451491
43.391141	100.000000	-100.000000	-100.000000	-100.000000	-29.324076
8.298159	-99.369601	100.000000	98.864310	99.707420	14.298484
33.632631	-99.814981	100.000000	99.597878	100.000000	51.256870
20.475316	-99.578468	100.000000	100.000000	100.000000	44.128284
-26.181728	-99.770519	100.000000	99.959612	100.000000	34.519173
16.816110	-99.652844	100.000000	100.000000	99.223206	14.527474
23.455294	99.502754	-100.000000	-100.000000	-100.000000	-37.734316
-2.443571	-100.000000	100.000000	99.945688	99.780754	44.578604
-24.961413	-100.000000	100.000000	99.949231	99.280390	26.873304
22.461561	99.925129	-100.000000	-99.499944	-100.000000	-38.921236
32.340633	-100.000000	100.000000	99.739830	99.827154	52.668202
26.737136	-100.000000	100.000000	99.655839	100.000000	52.832848
45.360100	-100.000000	100.000000	99.779975	100.000000	37.176146
-31.129554	100.000000	-100.000000	-100.000000	-100.000000	-33.717140
69.043618	-99.657933	100.000000	100.000000	99.461863	21.755620
36.731221	99.861799	-100.000000	-100.000000	-100.000000	-51.116131
-34.626282	100.000000	-100.000000	-99.475877	-99.622935	-21.281139
10.885655	-100.000000	100.000000	99.832630	100.000000	38.428972
-21.501424	-100.000000	100.000000	100.000000	99.677860	69.650104
26.324695	-100.000000	100.000000	99.486768	99.991091	33.820738
-30.159071	99.887244	-100.000000	-100.000000	-99.916390	-54.466733
26.466803	100.000000	-100.000000	-99.603624	-99.772185	-33.003965
-15.611162	99.559234	-100.000000	-99.928939	-100.000000	-20.898187
15.366922	-100.000000	100.000000	100.000000	99.979626	32.402732
26.542543	-100.000000	100.000000	99.804855	100.000000	27.951606
43.111389	-100.000000	100.000000	100.000000	99.793850	25.312814
-28.431470	-98.476112	99.910628	100.000000	98.394822	-0.179957
-23.479552	-99.927469	100.000000	100.000000	99.537054	35.270000
-21.912772	-100.000000	100.000000	99.980908	99.527683	42.398809
37.511450	-100.000000	100.000000	99.579231	100.000000	49.425852
36.454790	-100.000000	100.000000	100.000000	99.607144	23.301853
22.451439	-99.821238	100.000000	99.690292	99.241426	47.411588
-22.141718	100.000000	-100.000000	-100.000000	-99.994072	-46.695410
-26.059146	-99.909171	100.000000	99.965343	99.428983	21.706841
55.805728	-100.000000	100.000000	99.912996	100.000000	26.709970
-26.976992	-100.000000	100.000000	99.908043	99.621056	11.313819
21.820085	100.000000	-100.000000	-100.000000	-99.830661	-22.978715
35.978086	-100.000000	100.000000	99.823808	99.507811	15.931874
-14.057009	-100.000000	100.000000	99.762749	100.000000	36.345705
16.901427	-100.000000	100.000000	99.590446	100.000000	32.177018
36.960741	-99.804925	100.000000	100.000000	99.556384	27.077801
15.358481	-99.989849	100.000000	99.398710	100.000000	12.099187
35.011776	-100.000000	100.000000	99.864456	100.000000	24.850916
46.613484	-100.000000	100.000000	100.000000	100.000000	21.960426
56.108697	-100.000000	100.000000	99.857322	99.396462	26.032499
50.803897	-100.000000	100.000000	99.584337	99.671656	30.486451
23.431643	-100.000000	100.000000	99.963683	100.000000	38.094641
43.782112	-99.986142	100.000000	99.251671	100.000000	18.066885
32.317946	-99.924956	100.000000	100.000000	99.610774	35.085824
21.554963	-100.000000	100.000000	100.000000	99.841410	31.546351
-27.176498	-98.763477	100.000000	98.731685	99.068874	11.843873
25.100476	-99.656795	100.000000	99.578441	99.726852	33.044811
28.670399	-100.000000	100.000000	99.560200	100.000000	59.392749
26.161621	-99.273675	100.000000	100.000000	100.000000	12.922461
20.398666	-100.000000	100.000000	98.471524	100.000000	4.282553
21.169513	-99.960157	100.000000	99.362875	100.000000	25.234102
-36.932587	-99.812969	100.000000	100.000000	100.000000	19.433781
21.208939	-100.000000	100.000000	99.490056	100.000000	20.972322
46.336426	99.904817	-100.000000	-99.420052	-99.873598	-35.777811
88.768400	-99.790253	100.000000	100.000000	99.531724	10.124836
-22.363480	-99.972061	100.000000	99.652146	100.000000	43.523392
71.588965	99.849303	-67.737435	50.939519	100.000000	-9.268541
39.962482	99.473089	-100.000000	-98.986928	-99.616559	-16.370606
-24.753936	-100.000000	100.000000	99.921868	100.000000	55.883296
21.924129	98.469856	-100.000000	-99.580958	-100.000000	-17.043388
-32.577823	100.000000	-100.000000	-99.883178	-100.000000	-50.635756
21.594654	99.620444	-100.000000	-99.964621	-99.948341	-36.773794
-34.238066	100.000000	-100.000000	-99.778110	-100.000000	-21.658617
21.661421	99.636453	-100.000000	-99.909837	-100.000000	-35.038408
52.206442	-100.000000	100.000000	100.000000	99.641318	8.991953
26.538223	-99.755409	100.000000	100.000000	99.888473	78.675035
33.374074	-100.000000	100.000000	99.815652	100.000000	39.864282
10.127383	-100.000000	100.000000	99.092850	99.457255	23.055834
16.801022	99.974217	-100.000000	-99.766556	-99.862974	-38.830545
-20.119032	-99.495948	100.000000	99.582618	99.799238	35.793181
7.365030	-100.000000	100.000000	100.000000	100.000000	60.347890
15.029858	-99.925817	100.000000	100.000000	99.779501	36.912527
-37.990959	99.086604	-100.000000	-99.900923	-100.000000	-26.400956
-33.320077	-100.000000	100.000000	99.628383	100.000000	25.738333
49.441371	-100.000000	100.000000	100.000000	100.000000	28.494919
41.665402	99.693351	-100.000000	-100.000000	-99.788971	-35.588100
46.371050	-99.907414	100.000000	100.000000	100.000000	34.317661
-4.036720	100.000000	-100.000000	-99.382310	-99.265754	-15.764026
-7.945145	99.668489	-100.000000	-100.000000	-99.787184	-24.782404
21.202593	-100.000000	100.000000	100.000000	100.000000	21.655542
-43.382374	-100.000000	100.000000	100.000000	100.000000	34.125347
-25.226519	-99.828845	100.000000	100.000000	99.623979	23.654327
7.165603	99.207447	-100.000000	-98.787632	-98.781567	-13.786116
21.103086	-100.000000	100.000000	100.000000	99.853940	47.938834
-22.399796	-99.830537	100.000000	99.864657	99.385496	31.807581
-39.652814	100.000000	-100.000000	-99.492835	-99.942294	-23.346722
53.377516	-98.988571	100.000000	100.000000	100.000000	9.513779
45.149235	-100.000000	100.000000	99.334596	99.347955	18.453294
-23.193244	-64.422003	-36.640296	-19.628101	93.022236	-29.791044
9.810691	-99.672641	100.000000	99.093284	100.000000	24.571065
-48.343837	-100.000000	100.000000	99.971675	100.000000	24.328978
-21.651759	99.503427	-100.000000	-99.575082	-99.567091	-24.929623
-33.535491	-99.699474	100.000000	99.756078	100.000000	32.541945
81.310659	99.719649	-100.000000	-99.467955	-99.534683	-30.574299
28.911880	-99.958612	100.000000	99.861735	99.876622	33.435481
-13.985807	-100.000000	100.000000	99.994970	100.000000	16.423688
61.546990	-100.000000	100.000000	100.000000	99.154138	12.527706
-30.228555	-99.491094	100.000000	100.000000	99.698875	36.479756
34.465019	-99.875478	100.000000	100.000000	100.000000	21.875822
-32.775275	-99.882770	100.000000	100.000000	99.970853	58.163410
45.406651	99.536192	-100.000000	-100.000000	-100.000000	-28.153507
-42.363396	100.000000	-100.000000	-100.000000	-99.978731	-31.112890
-8.212350	-100.000000	100.000000	99.698349	99.911149	22.443145
17.864491	100.000000	-100.000000	-98.309440	-100.000000	-13.851669
-28.095231	99.808920	-100.000000	-99.814856	-100.000000	-32.863363
-43.474714	99.345606	-100.000000	-100.000000	-100.000000	-21.017619
35.942657	100.000000	-100.000000	-99.338816	-99.430607	-44.512527
53.257377	-99.467854	100.000000	100.000000	99.888836	30.305767
-61.014538	99.376421	-100.000000	-100.000000	-99.385567	-16.193603
20.408456	-99.717274	100.000000	100.000000	99.754247	34.276363
34.098665	-99.863737	100.000000	99.814020	100.000000	23.879933
35.706864	-100.000000	100.000000	100.000000	100.000000	26.578290
55.847660	100.000000	-100.000000	-100.000000	-99.684373	-26.012333
30.392757	-100.000000	100.000000	99.274374	100.000000	26.621937
-9.325137	-99.899809	100.000000	100.000000	100.000000	60.506729
12.030182	99.950563	-100.000000	-100.000000	-99.898540	-34.104709
39.887015	97.583319	-100.000000	-100.000000	-100.000000	-6.267344
31.377951	-99.167348	100.000000	100.000000	100.000000	20.657707
13.304592	100.000000	-100.000000	-100.000000	-99.697784	-9.149488
15.742460	-100.000000	100.000000	99.380687	100.000000	27.180379
-22.920466	-99.923559	100.000000	100.000000	99.944668	46.258472
27.550563	100.000000	-100.000000	-99.621585	-100.000000	-45.246342
12.025296	-100.000000	100.000000	99.997735	100.000000	28.927843
-29.139678	-99.467758	100.000000	100.000000	99.694132	24.736590
31.347487	99.874157	-100.000000	-99.779826	-99.354401	-32.190800
48.327966	-100.000000	100.000000	100.000000	100.000000	11.378141
31.811365	-100.000000	100.000000	99.813141	100.000000	27.549951
-38.900278	-99.930870	100.000000	99.603721	100.000000	28.498585
10.823889	100.000000	-100.000000	-100.000000	-99.576073	-24.020857
-6.805868	99.541956	-100.000000	-99.867921	-100.000000	-25.263523
-26.816796	-100.000000	100.000000	99.493724	99.255027	21.586465
15.336854	100.000000	-32.781697	-99.688784	-100.000000	14.010393
51.700810	99.676866	-100.000000	-99.668231	-100.000000	-22.480471
-31.153496	-99.461270	100.000000	99.854091	99.284606	29.372904
25.992969	-99.816760	100.000000	99.899961	99.607028	39.780453
20.418103	-99.926057	100.000000	100.000000	100.000000	53.858330
35.364740	99.966124	-98.912446	-100.000000	-99.640683	-7.809971
18.716740	-99.782246	100.000000	99.746456	99.635760	54.192330
32.557974	-99.921060	100.000000	99.947135	100.000000	18.972417
18.524285	-99.149555	100.000000	99.855383	100.000000	35.897118
-18.389513	-99.860353	100.000000	99.573043	99.692048	29.707745
29.637603	-100.000000	100.000000	100.000000	100.000000	36.470804
15.128403	-100.000000	100.000000	100.000000	99.936442	37.368192
-36.640294	100.000000	-100.000000	-99.598967	-99.908896	-26.119990
11.132529	-100.000000	100.000000	100.000000	99.902500	55.320518
-33.827991	-99.748018	100.000000	100.000000	100.000000	61.427229
30.244327	-100.000000	100.000000	99.881387	99.984213	34.293401
-27.799627	-99.537423	100.000000	99.735713	100.000000	41.169126
16.896752	-100.000000	100.000000	99.599984	99.757423	47.705075
39.976629	100.000000	-100.000000	-100.000000	-99.612954	-45.570121
17.579024	-100.000000	100.000000	100.000000	99.984248	38.746056
64.924535	-100.000000	100.000000	99.836822	100.000000	20.496214
33.081205	99.544362	-100.000000	-100.000000	-99.897218	-33.395616
30.458539	-99.794630	100.000000	99.892306	99.948213	58.191071
-27.434000	99.979641	-100.000000	-99.338108	-98.931174	-20.810433
32.043457	-99.943953	100.000000	99.976377	99.737248	33.076321
-32.062897	-99.640146	100.000000	100.000000	100.000000	38.339659
4.176592	99.731426	-100.000000	-99.689979	-99.543130	-24.217749
45.531869	-100.000000	100.000000	99.592918	100.000000	38.874724
-34.989431	-99.592309	100.000000	99.836490	99.926912	64.888745
24.887052	100.000000	-100.000000	-99.785938	-100.000000	-38.850209
8.967935	-99.796574	100.000000	100.000000	100.000000	55.441588
-27.919837	-100.000000	100.000000	99.993552	99.980454	25.906440
-20.103209	-99.731391	100.000000	99.982836	99.951513	96.836838
-30.222088	-99.960990	100.000000	99.951393	99.633415	45.555029
28.188188	-100.000000	100.000000	99.746377	99.667563	95.893483
7.311095	-100.000000	100.000000	99.772072	99.439101	19.200236
-24.645304	-100.000000	100.000000	99.908064	99.813739	16.228539
13.324622	-99.391255	-3.200645	95.030893	99.141462	-16.879606
12.298351	-100.000000	100.000000	99.639103	99.698345	17.040865
-10.579862	-100.000000	100.000000	100.000000	99.662154	15.312365
-11.762439	99.988799	-100.000000	-100.000000	-99.792870	-47.108211
-46.677560	100.000000	-100.000000	-99.723675	-99.746220	-21.077055
-47.020473	100.000000	-100.000000	-100.000000	-99.986859	-33.869470
-14.745578	99.800197	-100.000000	-99.824682	-99.932948	-77.108520
1.949081	99.889563	-100.000000	-100.000000	-99.631230	-44.048203
36.164380	-99.912997	100.000000	100.000000	99.774277	28.802435
28.838589	100.000000	-100.000000	-100.000000	-100.000000	-15.791289
45.582185	-100.000000	100.000000	99.954507	99.524428	18.549111
-66.090467	-99.775114	100.000000	100.000000	99.735246	21.510732
77.170305	-99.925674	100.000000	99.429843	98.746894	18.249212
-15.857404	-100.000000	100.000000	100.000000	98.758897	12.116469
35.834837	-99.835752	100.000000	100.000000	99.849187	52.708910
-31.312511	-99.712159	100.000000	100.000000	99.872210	55.502552
33.243994	99.777635	-100.000000	-99.270992	-100.000000	-21.783337
28.777733	-99.891706	100.000000	99.854965	100.000000	36.808584
32.374302	-99.929799	100.000000	100.000000	99.872571	29.428245
36.290226	-99.961658	100.000000	99.637718	100.000000	44.954105
13.986477	-99.837366	100.000000	99.932922	100.000000	54.447063
-11.629665	-99.973168	100.000000	99.893577	99.725161	49.534325
-19.206595	-99.926374	100.000000	100.000000	100.000000	31.990312
23.285128	100.000000	-100.000000	-100.000000	-99.690499	-36.951808
29.253070	99.617652	-100.000000	-100.000000	-99.981481	-31.348134
28.518200	-100.000000	100.000000	99.878686	100.000000	40.517211
-35.035722	100.000000	-100.000000	-99.502717	-99.606416	-21.175068
31.030514	-99.731207	100.000000	99.708798	99.604237	27.392662
28.223279	-100.000000	100.000000	100.000000	100.000000	49.241117
19.386328	100.000000	-100.000000	-100.000000	-100.000000	-37.770721
25.518906	-100.000000	100.000000	100.000000	100.000000	60.895633
49.178997	-99.997395	100.000000	99.866418	99.401285	31.866456
48.611622	99.831095	-100.000000	-100.000000	-100.000000	-37.469640
30.540545	100.000000	-100.000000	-99.724329	-99.572599	-34.322887
47.557639	100.000000	-100.000000	-100.000000	-98.275737	-11.094522
27.804760	99.599254	-100.000000	-99.494367	-99.700200	-40.429145
-29.915820	-99.767054	100.000000	99.213275	99.230616	32.523728
21.261884	100.000000	-100.000000	-100.000000	-100.000000	-39.175989
30.488559	-99.837139	100.000000	99.979645	99.715376	58.139546
24.509168	-100.000000	100.000000	99.512148	99.568873	37.390495
47.037300	-99.967171	100.000000	100.000000	99.619768	51.085343
-10.808578	-99.918756	100.000000	99.705159	100.000000	69.618748
-68.234018	-99.484480	100.000000	100.000000	99.432028	14.070409
34.964550	-99.330334	100.000000	100.000000	99.998871	25.209174
-11.252957	-99.951431	100.000000	99.036097	99.881048	19.759839
13.594482	99.767607	-100.000000	-99.852994	-100.000000	-41.218261
37.199926	-100.000000	100.000000	99.852333	100.000000	49.966087
28.314078	99.849091	-100.000000	-99.733259	-99.921220	-58.383374
-38.054339	99.679410	-100.000000	-100.000000	-100.000000	-41.988934
-44.581309	-99.637500	100.000000	100.000000	100.000000	11.222119
16.797875	-100.000000	100.000000	99.885346	100.000000	23.499227
21.221253	99.381417	-100.000000	-100.000000	-99.488256	-20.202662
14.465921	-99.598142	100.000000	99.530273	100.000000	18.598455
26.486844	-99.936155	100.000000	100.000000	99.549942	33.564861
17.588706	-100.000000	100.000000	100.000000	99.585027	30.640349
-39.126577	-99.555739	100.000000	99.931042	99.083166	22.838386
36.292924	99.743852	-100.000000	-100.000000	-100.000000	-47.766603
-59.086607	100.000000	-100.000000	-100.000000	-100.000000	-25.263723
38.030029	-99.612953	100.000000	100.000000	100.000000	32.224696
-39.096661	-100.000000	100.000000	100.000000	99.563127	38.766714
-55.249110	99.596077	-100.000000	-100.000000	-99.554306	-22.280668
24.188940	-100.000000	100.000000	100.000000	100.000000	64.121245
64.207755	99.982037	-100.000000	-100.000000	-99.942283	-17.618570
35.814291	-99.827601	100.000000	99.243192	99.176629	26.420671
41.888195	99.904499	-100.000000	-99.801392	-100.000000	-47.542073
-33.231635	100.000000	-100.000000	-100.000000	-99.329637	-22.604822
17.104347	-100.000000	100.000000	100.000000	99.872583	32.560215
21.507377	100.000000	-100.000000	-99.813758	-99.314796	-27.351412
-38.551626	-99.711736	100.000000	100.000000	99.554392	37.059610
-25.796621	-99.983564	100.000000	100.000000	99.665153	19.312739
31.273970	99.595648	-100.000000	-100.000000	-99.520901	-22.257434
39.004094	-99.956133	100.000000	100.000000	100.000000	28.086104
13.768083	100.000000	-100.000000	-100.000000	-99.960490	-62.414354
28.373891	-99.342266	100.000000	100.000000	99.803110	21.768846
29.773628	-99.362179	100.000000	99.896588	99.399154	37.172636
36.566114	-100.000000	100.000000	99.929511	99.951222	39.813820
32.271614	-100.000000	100.000000	99.439096	100.000000	28.059353
-34.812092	-99.719998	100.000000	100.000000	100.000000	26.826421
-45.684952	100.000000	-100.000000	-100.000000	-100.000000	-23.847997
-20.370163	99.616312	-100.000000	-99.964959	-99.994506	-34.560692
-20.590459	-100.000000	100.000000	100.000000	99.705199	27.261107
14.269826	-99.974747	100.000000	99.812016	100.000000	42.618841
22.722704	-100.000000	100.000000	100.000000	99.397845	18.058934
59.458117	99.243420	-100.000000	-99.280973	-99.396018	-16.249047
-32.386821	-100.000000	100.000000	100.000000	100.000000	32.020532
-24.290783	99.980857	-100.000000	-100.000000	-100.000000	-43.461593
-38.989514	-100.000000	100.000000	100.000000	100.000000	29.304207
40.358729	100.000000	-100.000000	-100.000000	-99.648557	-57.694339
28.161533	100.000000	-100.000000	-99.541787	-99.727766	-34.835844
17.479272	-100.000000	100.000000	100.000000	100.000000	41.153627
26.908372	99.841088	-100.000000	-99.410792	-100.000000	-24.188620
30.697415	-99.604833	100.000000	99.428171	99.067020	32.926803
-14.652231	-100.000000	100.000000	99.996037	100.000000	48.841850
-28.595833	99.839924	-100.000000	-100.000000	-99.809048	-35.433819
-39.897530	100.000000	-100.000000	-100.000000	-100.000000	-25.139857
26.947710	100.000000	-100.000000	-99.926104	-100.000000	-24.403721
-29.434290	-99.629136	100.000000	100.000000	99.718103	39.913756
31.884232	-99.880731	100.000000	100.000000	99.419133	35.648255
45.027102	-99.873617	100.000000	99.948529	99.444288	34.301650
17.336686	-100.000000	100.000000	100.000000	99.871821	50.198837
28.851263	-99.810803	100.000000	100.000000	100.000000	48.746884
14.303831	99.459440	-100.000000	-99.551257	-100.000000	-44.233515
28.626265	-99.549559	100.000000	98.390080	99.495479	12.577651
-31.638587	-99.919349	100.000000	100.000000	100.000000	14.777291
52.216845	-100.000000	100.000000	99.871717	100.000000	25.504941
27.379717	99.612883	-100.000000	-100.000000	-99.924451	-48.141379
-45.609769	-100.000000	100.000000	100.000000	99.947512	27.404685
-28.912839	99.406519	-100.000000	-100.000000	-100.000000	-41.897951
34.686213	99.027856	-100.000000	-100.000000	-100.000000	-25.699059
-40.693646	100.000000	-100.000000	-100.000000	-99.816790	-17.749000
62.163573	-99.681288	100.000000	100.000000	99.675602	18.468181
29.347998	99.841472	-100.000000	-100.000000	-99.315200	-22.533969
-22.205520	100.000000	-100.000000	-100.000000	-99.807126	-29.625261
-33.239779	-97.181550	100.000000	100.000000	100.000000	8.078035
-12.554013	-99.937490	100.000000	99.256260	100.000000	20.677011
-24.981378	99.665508	-100.000000	-99.884793	-99.026459	-20.828164
-22.012376	-100.000000	100.000000	98.294835	98.548184	7.824830
24.213088	99.161507	-100.000000	-100.000000	-100.000000	-12.327985
27.141374	-100.000000	100.000000	99.993219	99.782796	48.150154
24.695219	-100.000000	100.000000	99.392228	98.925701	14.452068
43.813232	100.000000	-100.000000	-99.896682	-99.866167	-42.918625
-13.494088	99.629936	-100.000000	-99.619246	-99.817093	-21.123721
28.085918	-100.000000	100.000000	99.676953	100.000000	32.937868
25.012103	-100.000000	100.000000	99.397983	100.000000	11.358621
15.257678	-100.000000	100.000000	99.635835	99.870590	46.263794
44.373244	99.753970	-100.000000	-99.582521	-100.000000	-31.638424
22.663388	-100.000000	100.000000	100.000000	100.000000	28.304707
-39.259183	-100.000000	100.000000	100.000000	99.767176	18.297126
-20.865701	99.965285	-100.000000	-99.615643	-100.000000	-33.852058
28.798478	99.861404	-100.000000	-99.850945	-100.000000	-51.783535
39.221553	100.000000	-100.000000	-99.668991	-99.881049	-43.298556
-47.813642	-100.000000	100.000000	99.410124	99.704336	30.627267
-36.785610	100.000000	-100.000000	-100.000000	-99.796551	-26.286976
-37.637046	-100.000000	100.000000	99.879277	99.937945	64.814699
50.571565	98.998902	-100.000000	-100.000000	-99.560245	-20.222534
47.335317	-99.978663	100.000000	99.434261	100.000000	27.776676
-30.420251	-99.897252	100.000000	99.731779	100.000000	28.034390
34.216156	-99.769221	100.000000	100.000000	99.912680	54.722173
59.164634	-100.000000	100.000000	99.862880	99.850631	32.405805
48.915759	100.000000	-100.000000	-99.709419	-100.000000	-23.465562
53.789601	-99.809641	100.000000	100.000000	99.773739	22.966575
-45.063202	100.000000	-100.000000	-99.166171	-100.000000	-19.593474
44.721906	99.879027	-100.000000	-100.000000	-99.392988	-34.017715
16.746025	-100.000000	100.000000	99.860118	100.000000	26.339877
18.841958	-100.000000	100.000000	99.449835	99.920882	20.890878
36.027629	-99.801001	100.000000	99.665000	99.644596	34.040974
60.893362	-99.777185	100.000000	99.870848	100.000000	33.460094
-16.621555	-99.705971	100.000000	100.000000	100.000000	36.752053
34.393983	-99.815200	100.000000	99.636034	99.989505	46.433766
23.681007	99.808318	-100.000000	-100.000000	-99.695048	-38.628735
-25.546179	100.000000	-100.000000	-99.961376	-100.000000	-43.826504
16.362336	-100.000000	100.000000	99.631042	100.000000	37.568257
-21.733716	-99.844221	100.000000	100.000000	98.448365	13.202568
-10.392619	-100.000000	100.000000	99.895775	99.886440	48.093042
-23.040570	-100.000000	100.000000	99.641978	99.794652	22.168504
24.378377	100.000000	-100.000000	-100.000000	-99.950320	-59.705294
53.626157	-99.822638	100.000000	99.929237	99.966588	52.896438
-27.814726	-100.000000	100.000000	100.000000	100.000000	60.310308
21.573993	100.000000	-100.000000	-99.817488	-100.000000	-33.410048
33.074386	-100.000000	100.000000	100.000000	98.999689	22.177134
-39.968440	99.463617	-100.000000	-99.457481	-99.837224	-22.364601
-45.514356	-100.000000	100.000000	100.000000	99.390856	12.090960
21.515812	-99.947480	100.000000	100.000000	99.899786	46.972716
58.281122	-100.000000	100.000000	100.000000	99.817388	38.875980
-26.899530	-100.000000	100.000000	99.594928	99.774955	35.960705
47.154867	100.000000	-100.000000	-100.000000	-100.000000	-37.122602
41.273507	99.991205	-100.000000	-100.000000	-100.000000	-9.344621
31.187973	99.718495	-100.000000	-99.891615	-99.930176	-41.570485
41.838038	99.649121	-100.000000	-99.937245	-99.718807	-36.473972
-17.632718	99.951305	-100.000000	-100.000000	-100.000000	-55.374707
60.887909	99.565829	-100.000000	-99.572695	-99.706025	-14.179053
-34.983341	-99.888443	100.000000	99.891423	99.661401	41.012326
-18.868543	-100.000000	13.442550	97.526270	98.946959	-6.890863
32.542091	-100.000000	100.000000	100.000000	100.000000	26.275192
86.346066	-100.000000	100.000000	99.838952	99.357534	24.387096
-21.526326	-99.249325	100.000000	100.000000	99.481926	11.176249
-19.880561	99.951374	-100.000000	-100.000000	-100.000000	-18.341754
-52.200242	100.000000	-100.000000	-98.881868	-99.645500	-5.077998
26.029469	-98.769088	100.000000	100.000000	100.000000	27.938063
26.580396	-100.000000	100.000000	99.831428	100.000000	32.527056
-12.716500	99.911826	-100.000000	-100.000000	-99.664295	-31.619246
30.857728	-99.863123	100.000000	100.000000	99.965261	15.846914
-23.102502	99.929882	-100.000000	-100.000000	-100.000000	-72.051814
39.152197	-100.000000	100.000000	100.000000	99.786781	27.864105
-39.782026	-99.877800	100.000000	100.000000	99.703772	40.486894
30.133033	100.000000	-100.000000	-99.673241	-99.602857	-32.068082
-30.830438	-99.684190	100.000000	99.944747	100.000000	44.317000
-17.840426	99.616885	-100.000000	-100.000000	-100.000000	-34.064453
9.174227	100.000000	-100.000000	-100.000000	-100.000000	-18.374746
54.499171	99.254193	-100.000000	-100.000000	-100.000000	-11.003499
-54.952966	100.000000	-100.000000	-99.996153	-100.000000	-25.343903
-32.353117	-100.000000	100.000000	99.665662	99.947940	26.217890
-45.532651	-100.000000	100.000000	99.274336	98.861171	10.620324
-58.193836	-99.883313	100.000000	99.928699	100.000000	36.263892
66.427735	100.000000	-100.000000	-100.000000	-99.414110	-6.723218
52.165122	-99.981880	100.000000	99.870956	99.798850	39.389669
27.169380	-100.000000	100.000000	100.000000	99.924037	42.100847
-81.040166	-99.928433	100.000000	100.000000	99.277253	30.607595
-78.990052	-99.472122	100.000000	100.000000	100.000000	37.109300
45.062945	100.000000	-100.000000	-100.000000	-100.000000	-41.548447
25.754869	-100.000000	100.000000	99.972455	99.452079	48.598435
-34.483943	-99.921234	100.000000	99.975825	99.842159	32.173314
38.759234	-100.000000	100.000000	99.543497	100.000000	40.824286
-30.858780	100.000000	-100.000000	-100.000000	-99.980909	-38.720516
-39.894784	100.000000	-100.000000	-100.000000	-100.000000	-44.877340
14.610543	-99.225820	100.000000	100.000000	99.862223	10.722440
39.708361	-98.604572	100.000000	98.250939	100.000000	9.176759
12.980785	-99.762439	100.000000	99.775192	99.850067	25.653418
-24.093732	-100.000000	100.000000	98.829227	99.676549	13.790472
41.238637	100.000000	-100.000000	-99.906137	-99.649135	-50.791174
-14.531982	99.770495	-100.000000	-100.000000	-99.522810	-24.826593
23.085147	-99.885679	100.000000	99.690504	100.000000	33.090496
28.732462	100.000000	-100.000000	-100.000000	-100.000000	-54.790816
21.314123	100.000000	-100.000000	-100.000000	-99.623575	-32.418399
-12.826062	-99.604345	100.000000	99.514602	100.000000	20.605916
-15.812720	-100.000000	100.000000	100.000000	100.000000	41.553874
34.900417	-99.657386	100.000000	99.685157	99.810719	28.220882
-16.399926	-100.000000	100.000000	99.868052	100.000000	52.450276
-35.115810	-99.627027	100.000000	99.747259	100.000000	30.177207
23.160361	-100.000000	100.000000	99.104216	100.000000	36.736323
39.525350	-99.621746	100.000000	99.653983	99.677926	21.125387
-31.052959	-100.000000	100.000000	100.000000	99.816508	21.991055
28.904961	-100.000000	100.000000	99.476098	99.690516	34.081243
27.437476	-100.000000	100.000000	99.851289	99.943046	26.808190
81.122901	100.000000	-100.000000	-99.897036	-99.229584	-21.097681
-65.844508	-99.902335	100.000000	100.000000	99.899957	17.514280
9.682316	-99.929852	100.000000	100.000000	100.000000	63.638483
-39.147990	-98.946204	100.000000	100.000000	99.942463	13.826509
-28.864064	99.545872	-100.000000	-100.000000	-99.760425	-27.785040
21.920123	-99.982942	100.000000	100.000000	99.796507	51.869362
96.856453	99.939016	-100.000000	-99.156786	-99.177480	-16.896507
-68.845230	99.726919	-100.000000	-100.000000	-99.470991	-31.244940
88.016431	-99.799094	100.000000	100.000000	100.000000	31.752057
67.157698	100.000000	-100.000000	-99.108440	-99.888693	-13.129411
-71.960940	-100.000000	100.000000	100.000000	99.453638	13.238945
46.728852	98.817282	-100.000000	-99.809361	-97.648200	-12.667598
-45.625199	99.715927	-100.000000	-99.853900	-100.000000	-26.608169
27.371949	-99.652226	100.000000	99.786462	99.665945	37.773444
35.524251	100.000000	-100.000000	-99.337954	-99.018786	-7.703986
68.969118	99.781878	-100.000000	-100.000000	-99.709448	-23.836008
-71.301109	100.000000	-100.000000	-99.647833	-99.805333	-29.063131
-22.028973	99.934903	-100.000000	-99.736237	-99.775414	-65.802612
26.493549	99.980454	-100.000000	-99.821588	-99.958833	-55.321024
-21.590221	-99.621554	100.000000	100.000000	100.000000	33.965759
34.490833	-98.677808	100.000000	99.569471	99.425304	13.737377
31.615769	100.000000	-100.000000	-99.968921	-99.734729	-23.897989
22.027074	-99.901373	100.000000	99.599321	99.927975	36.437873
55.383272	-99.139615	100.000000	99.846146	99.798016	37.447699
56.439159	100.000000	-100.000000	-100.000000	-99.941164	-11.819430
21.257829	-99.647470	100.000000	99.831044	99.919515	87.103716
24.464716	-100.000000	100.000000	100.000000	99.935131	31.124880
19.881040	-100.000000	100.000000	99.875139	100.000000	14.456514
24.731035	-100.000000	100.000000	99.654645	99.952116	55.680063
32.250487	99.664835	-100.000000	-99.713323	-99.780762	-22.727329
19.732093	100.000000	-100.000000	-99.735767	-100.000000	-47.782341
16.389282	-99.399920	100.000000	100.000000	99.780659	28.354022
-24.517690	-100.000000	100.000000	99.442571	100.000000	15.339144
-21.596343	-100.000000	100.000000	99.827749	100.000000	30.340691
-71.519198	99.407925	-100.000000	-99.594421	-99.946192	-10.730990
66.716513	99.755935	-100.000000	-99.646995	-100.000000	-38.080069
38.767093	100.000000	-100.000000	-100.000000	-100.000000	-37.590882
34.314107	100.000000	-100.000000	-99.846779	-99.533141	-27.906678
49.920933	-100.000000	100.000000	99.243950	99.623973	24.359363
26.927689	-100.000000	100.000000	99.898187	99.751096	39.785063
-42.732850	-99.848371	100.000000	100.000000	100.000000	18.492473
24.181392	-99.657644	100.000000	100.000000	100.000000	29.414261
42.203403	-99.554254	100.000000	100.000000	100.000000	47.817639
27.814094	-99.691695	100.000000	99.815053	99.694794	34.876728
-28.199564	-99.610855	100.000000	99.834863	100.000000	28.056949
-43.010040	-99.464193	100.000000	100.000000	100.000000	30.521628
-13.539505	-100.000000	100.000000	99.977899	99.775077	36.656325
-17.211019	-100.000000	100.000000	99.181820	99.387211	26.633872
14.236576	-99.777930	100.000000	100.000000	100.000000	52.434680
42.718941	-99.294721	100.000000	99.606289	100.000000	17.871707
6.882844	100.000000	-100.000000	-99.973865	-99.948731	-37.242305
10.781557	99.670088	-100.000000	-100.000000	-99.803044	-34.300638
34.411040	100.000000	-100.000000	-100.000000	-100.000000	-37.095753
15.133288	-99.830901	100.000000	99.844602	100.000000	59.148748
-15.786339	-99.750068	100.000000	99.284311	99.748606	38.012718
36.856172	-100.000000	100.000000	100.000000	99.815565	36.527012
22.487367	-100.000000	100.000000	100.000000	99.641874	26.254527
30.983648	-100.000000	100.000000	99.930257	99.902212	47.084694
-16.530425	100.000000	-100.000000	-99.445202	-100.000000	-19.368448
-23.335870	-100.000000	100.000000	99.830232	100.000000	22.131531
-29.849738	-100.000000	100.000000	99.827450	99.898030	73.112828
13.633652	-100.000000	100.000000	99.642709	99.774044	43.369453
30.784292	-100.000000	100.000000	99.680761	99.763060	48.837448
18.208388	-98.999268	100.000000	99.513461	100.000000	6.514003
28.608190	-100.000000	100.000000	100.000000	100.000000	45.156500
52.029101	-99.667573	100.000000	99.970250	99.920484	41.737966
30.310979	-99.632256	100.000000	99.783054	99.854444	38.021164
18.126975	-99.877796	100.000000	99.967291	99.968141	40.222535
56.679089	-100.000000	100.000000	99.537637	99.670299	37.064009
28.673601	-100.000000	100.000000	99.709612	99.966758	37.592641
67.634539	-99.423770	100.000000	99.356182	99.877911	19.244730
29.471041	-100.000000	100.000000	100.000000	99.755237	41.055419
-29.185015	-100.000000	100.000000	100.000000	99.852942	28.159721
13.566911	-99.923042	100.000000	100.000000	99.773783	40.567492
47.731069	-100.000000	100.000000	99.559422	99.709143	31.693186
-13.030976	-99.766129	100.000000	100.000000	100.000000	14.840287
44.166340	-99.550165	100.000000	100.000000	99.659256	23.510906
27.545236	-99.654660	100.000000	99.899809	99.848152	17.046844
35.420404	99.192165	-86.124300	-100.000000	-4.131109	-17.301928
38.952165	-99.856487	100.000000	99.294023	100.000000	32.193014
3.678578	-98.972621	100.000000	99.817510	99.550455	8.897243
15.728237	99.966936	-100.000000	-100.000000	-100.000000	-20.876667
60.244968	99.906468	-100.000000	-99.985104	-99.838950	-22.910751
78.492470	99.324149	-100.000000	-99.801313	-100.000000	-23.872913
53.822061	-99.992962	100.000000	99.742188	99.763069	29.361901
25.189572	-99.859045	100.000000	99.570797	100.000000	15.471210
18.901544	100.000000	-100.000000	-100.000000	-99.679916	-34.516777
-35.489054	99.400357	-100.000000	-99.689573	-99.963100	-54.680175
-45.795810	-100.000000	100.000000	99.538663	99.667085	23.624444
-55.959908	-99.907854	100.000000	99.997189	100.000000	25.965985
-47.144807	-99.725467	100.000000	100.000000	99.919139	27.455846
-67.471580	-100.000000	100.000000	100.000000	100.000000	18.231670
-37.876976	99.995538	-100.000000	-99.968963	-100.000000	-29.592674
-20.101876	-99.803656	100.000000	100.000000	99.900320	54.885455
25.831274	-100.000000	100.000000	99.908261	100.000000	23.240919
-14.512062	-100.000000	100.000000	99.784880	99.997132	49.851221
10.125682	100.000000	-100.000000	-99.573211	-100.000000	-43.941886
-21.877230	-100.000000	100.000000	99.822708	99.624090	26.047976
29.086683	-100.000000	100.000000	99.327906	99.975737	30.168736
47.277100	-100.000000	100.000000	100.000000	99.984021	27.407257
14.026321	-99.665019	100.000000	100.000000	99.804341	35.606205
38.456018	-100.000000	100.000000	99.835349	99.758912	25.502919
19.135754	-100.000000	100.000000	100.000000	99.938288	49.308569
37.633491	-100.000000	100.000000	99.932387	100.000000	18.951721
42.461032	-100.000000	100.000000	100.000000	100.000000	33.026365
-51.010445	99.181898	-100.000000	-100.000000	-100.000000	-25.918275
-11.514109	-100.000000	100.000000	100.000000	99.459743	17.065693
-12.597954	100.000000	-100.000000	-100.000000	-99.297436	-18.684535
-26.613792	99.708859	-100.000000	-99.727156	-100.000000	-38.378759
50.979241	-100.000000	100.000000	99.694746	99.939177	42.665349
7.042782	-100.000000	47.615479	100.000000	79.191888	18.146118
33.604795	-99.846329	100.000000	100.000000	100.000000	13.670363
50.870242	-99.740570	100.000000	99.511572	99.723150	39.349896
-23.296180	-99.616863	100.000000	99.967709	99.417136	30.466287
-30.012033	99.843580	-100.000000	-100.000000	-98.523490	-9.000169
-33.089583	-99.868311	100.000000	100.000000	99.982716	38.164738
48.564605	-99.989525	100.000000	99.734583	99.615026	22.513332
24.087064	-99.850935	100.000000	100.000000	99.972985	36.042252
-63.208332	-100.000000	100.000000	100.000000	100.000000	46.811323
-22.654291	99.555023	-100.000000	-100.000000	-99.737293	-15.452337
-27.638497	-99.967917	100.000000	100.000000	99.702561	28.841608
-29.619266	-100.000000	100.000000	100.000000	99.911041	42.759271
24.388747	-100.000000	100.000000	99.731442	100.000000	17.348426
-16.472285	-99.630910	100.000000	99.753025	99.743076	20.822398
23.673228	-99.629446	100.000000	100.000000	99.764288	39.916716
34.453456	-99.821014	100.000000	99.891412	99.882154	43.092057
64.537978	100.000000	-100.000000	-99.966261	-100.000000	-32.323951
-8.637665	99.990789	-100.000000	-99.910461	-99.727069	-69.136522
-24.301994	99.811688	-100.000000	-100.000000	-100.000000	-40.309883
24.891945	88.435018	-12.766199	91.383170	100.000000	-19.916628
-21.288646	-99.993235	100.000000	99.972838	100.000000	49.671053
13.412038	-100.000000	100.000000	100.000000	100.000000	19.737063
24.208291	99.988174	-100.000000	-100.000000	-99.871120	-53.371418
-45.068830	-99.447410	100.000000	100.000000	99.890251	17.705667
16.176926	-99.798696	100.000000	99.935300	100.000000	45.751493
30.910184	-100.000000	100.000000	99.396598	100.000000	29.822231
-40.619659	-99.759099	100.000000	100.000000	99.668704	30.069423
29.212797	99.691008	-100.000000	-100.000000	-100.000000	-28.957064
18.696733	-100.000000	100.000000	100.000000	99.881499	14.505772
-45.027943	-99.879875	100.000000	99.587143	100.000000	23.101502
0.829254	-100.000000	100.000000	100.000000	100.000000	43.385491
26.379640	-100.000000	100.000000	99.907059	100.000000	41.340137
-31.255645	-100.000000	100.000000	99.625946	99.753725	35.886146
23.144406	-99.634856	75.509867	100.000000	99.146992	-7.481311
-39.059921	-100.000000	18.311780	74.898360	100.000000	-12.873339
39.095927	-99.850868	100.000000	99.397372	99.928523	24.193177
26.433022	-99.960419	100.000000	100.000000	99.600499	24.520804
-22.749968	-100.000000	100.000000	100.000000	99.486609	11.596559
18.044691	100.000000	-100.000000	-99.904937	-99.940669	-81.577876
-74.603943	99.691196	-100.000000	-100.000000	-100.000000	-29.567059
-20.884702	-100.000000	100.000000	99.988191	99.910660	65.547955
16.738102	-100.000000	100.000000	99.227221	99.673163	25.754049
33.834148	100.000000	-100.000000	-100.000000	-99.569355	-30.905132
37.462273	-99.290940	100.000000	100.000000	99.803278	13.258793
21.462041	-99.870107	100.000000	100.000000	100.000000	25.711752
21.745225	-100.000000	100.000000	99.677403	100.000000	26.637299
34.420668	-99.553115	100.000000	100.000000	100.000000	23.278756
-45.930758	99.931296	-100.000000	-99.174590	-100.000000	-32.951601
24.889812	-100.000000	100.000000	99.574385	100.000000	37.546743
-26.540748	99.605926	-100.000000	-100.000000	-100.000000	-52.208315
-23.193661	-99.798773	100.000000	99.856031	99.924478	33.759614
50.443085	100.000000	-100.000000	-100.000000	-100.000000	-41.462342
69.052438	-100.000000	100.000000	99.714748	99.698921	30.261753
16.075725	-99.178604	100.000000	99.459132	99.768063	18.929586
-16.790842	99.752276	-100.000000	-99.713320	-99.350460	-26.429256
38.266902	-100.000000	100.000000	99.743695	100.000000	24.758728
-27.056488	99.700319	-100.000000	-99.965642	-99.611361	-42.988585
25.730082	-99.873239	100.000000	100.000000	100.000000	38.275551
15.534959	99.832944	-100.000000	-100.000000	-99.417504	-35.845718
23.987609	-98.991820	100.000000	99.336794	99.593867	13.031093
30.440534	100.000000	-100.000000	-99.932196	-100.000000	-34.342347
16.231395	100.000000	-100.000000	-100.000000	-100.000000	-37.314029
23.673711	-100.000000	100.000000	99.108989	99.902490	12.031996
-20.867658	-100.000000	100.000000	100.000000	100.000000	36.981427
17.938471	-99.910732	100.000000	99.913361	100.000000	55.161246
37.011475	99.329681	-100.000000	-99.313259	-100.000000	-15.138629
34.898934	100.000000	-100.000000	-99.782116	-100.000000	-26.980982
43.710605	100.000000	-100.000000	-100.000000	-99.469482	-16.800648
18.804952	99.925698	-100.000000	-100.000000	-99.758364	-37.692371
46.653168	99.852083	-100.000000	-99.135681	-99.712730	-27.344639
25.367211	98.772761	-100.000000	-99.366765	-100.000000	-12.279642
4.715126	99.501271	-100.000000	-100.000000	-99.788560	-49.927123
29.393499	-100.000000	100.000000	100.000000	100.000000	19.700294
11.447334	-100.000000	100.000000	99.432684	99.913345	50.181116
-52.006818	99.826288	-100.000000	-99.719369	-99.442549	-36.581386
-14.719087	-98.854386	100.000000	100.000000	98.901759	8.475822
-26.058655	100.000000	-100.000000	-100.000000	-100.000000	-31.398107
-21.375675	-99.736376	100.000000	99.141512	100.000000	20.316864
-63.433595	-100.000000	100.000000	99.682969	99.723632	40.568745
20.146847	-99.977242	100.000000	100.000000	99.767633	23.380528
89.923652	-99.542780	100.000000	99.166439	99.988938	16.012697
40.127941	-99.796763	100.000000	99.909016	99.867422	33.937217
65.669718	-100.000000	100.000000	99.925716	99.796152	37.848444
-56.073284	-99.973749	100.000000	99.805844	100.000000	23.971467
29.947269	100.000000	-100.000000	-99.617053	-100.000000	-23.702726
52.670975	-100.000000	100.000000	100.000000	99.109068	20.626370
30.025954	-99.421916	100.000000	99.612105	99.936196	16.719180
32.110318	-99.766516	100.000000	99.776063	100.000000	43.203343
39.040744	-99.890139	100.000000	100.000000	100.000000	25.210938
46.368096	99.234855	-100.000000	-100.000000	-100.000000	-35.484132
-34.676160	-100.000000	100.000000	99.842472	99.812365	43.760231
14.598793	-99.897710	100.000000	99.803735	100.000000	64.696206
36.260151	-100.000000	100.000000	99.871369	100.000000	19.287363
25.629000	-99.515405	100.000000	100.000000	99.733750	37.957478
65.370246	-99.858657	100.000000	99.930734	98.923286	13.439866
-8.430838	-100.000000	100.000000	99.389026	99.927931	42.533979
31.754850	100.000000	-100.000000	-100.000000	-100.000000	-29.534971
47.066420	99.919522	-100.000000	-99.404536	-99.642470	-28.569039
-27.197243	-99.803734	100.000000	100.000000	99.963971	50.184408
39.895440	-99.831277	100.000000	99.666110	100.000000	35.911127
25.619744	-99.997534	100.000000	100.000000	99.875518	36.231220
-13.458984	-99.425496	100.000000	100.000000	100.000000	25.649972
-19.511544	-99.790735	100.000000	99.845734	100.000000	60.214676
-8.519126	-99.274128	100.000000	99.128718	99.565249	15.634473
21.520322	100.000000	-100.000000	-99.618166	-100.000000	-25.425928
-22.943017	-100.000000	100.000000	99.941511	100.000000	22.194809
-46.262908	99.868481	-100.000000	-100.000000	-100.000000	-54.909901
-17.639533	99.747259	-100.000000	-99.807649	-99.887841	-65.339208
14.179058	-100.000000	100.000000	99.855809	99.799682	35.552728
14.200059	-99.722382	100.000000	100.000000	100.000000	15.360165
11.303870	98.351258	-100.000000	-100.000000	-99.757661	-17.043083
14.215009	-100.000000	100.000000	100.000000	100.000000	83.547471
-13.022331	-99.923327	100.000000	100.000000	100.000000	38.933411
21.526747	100.000000	-100.000000	-99.510621	-100.000000	-16.139873
47.816036	-99.404236	100.000000	99.427179	99.702613	26.763424
-16.514640	-99.585802	100.000000	100.000000	99.897098	20.834023
28.171257	-100.000000	100.000000	99.752558	99.595122	24.230415
44.182301	-100.000000	100.000000	98.885602	100.000000	15.241353
47.965700	-99.671047	100.000000	100.000000	99.947028	15.485250
64.366586	100.000000	-100.000000	-100.000000	-99.543474	-15.998527
24.154069	-100.000000	100.000000	99.009423	99.978153	16.150515
-35.021856	-99.809256	100.000000	100.000000	99.633596	34.996514
47.024205	99.710493	-100.000000	-100.000000	-99.397423	-16.390606
28.071772	-99.676307	100.000000	100.000000	99.336257	26.323793
46.667430	-100.000000	100.000000	100.000000	100.000000	16.965710
60.211760	-100.000000	100.000000	100.000000	99.423274	22.603133
34.977804	-99.891891	100.000000	100.000000	100.000000	66.732130
39.643960	-99.708637	100.000000	99.873164	99.534378	18.367202
-5.597323	-100.000000	100.000000	99.302022	99.825124	7.191192
-20.127993	-99.798057	100.000000	100.000000	99.973008	33.662283
-16.381552	100.000000	-100.000000	-99.372671	-100.000000	-9.958913
23.893723	-99.847596	100.000000	100.000000	100.000000	43.504383
35.163561	-99.937224	100.000000	99.530103	99.658663	32.587040
-46.225060	99.987138	-100.000000	-99.776820	-100.000000	-52.315669
-37.092410	-99.959021	100.000000	100.000000	100.000000	54.027010
4.772796	-100.000000	100.000000	99.094128	98.138151	8.477684
42.214237	-100.000000	100.000000	99.885985	99.134159	22.589059
52.674653	-99.746296	100.000000	99.180378	100.000000	30.380153
38.320604	-99.111140	100.000000	99.963440	100.000000	18.593504
27.553378	99.763804	-100.000000	-99.956045	-100.000000	-79.559240
24.801184	-99.949602	100.000000	100.000000	99.134883	13.410284
68.008990	-100.000000	100.000000	99.761157	100.000000	24.487021
-35.061997	-100.000000	100.000000	99.940996	99.755087	37.972813
-36.684099	-100.000000	100.000000	99.386627	100.000000	28.765741
30.249288	-100.000000	100.000000	100.000000	100.000000	29.340928
-27.588217	-99.956276	100.000000	100.000000	99.418037	24.230627
-20.801009	-100.000000	100.000000	100.000000	100.000000	50.339284
-43.763015	-99.800528	100.000000	100.000000	100.000000	32.911499
28.698901	-99.946469	100.000000	99.858337	99.913387	40.194885
-41.624346	-100.000000	100.000000	99.130463	100.000000	18.904059
34.949876	-99.893015	100.000000	99.785965	99.981874	42.767751
41.665892	-99.756190	100.000000	99.702258	100.000000	36.589147
-12.458660	99.788022	-100.000000	-99.958448	-99.692033	-17.736455
-48.064609	-99.907424	100.000000	99.596990	99.595313	38.574103
51.713845	-97.704154	100.000000	98.126202	100.000000	9.057475
68.313399	99.841062	-100.000000	-100.000000	-100.000000	-21.921246
16.344459	-100.000000	100.000000	99.992267	99.864514	23.714931
-5.232056	-99.704428	100.000000	100.000000	100.000000	28.881047
-21.354567	-99.831934	100.000000	99.957169	100.000000	76.237261
19.255377	99.482349	-100.000000	-100.000000	-99.504876	-23.551344
20.318015	99.638023	-100.000000	-99.261258	-99.738978	-18.812503
5.025139	-95.821197	92.448983	100.000000	96.949017	0.704730
-10.417194	99.475850	-100.000000	-99.125472	-99.913243	-22.101557
-64.135351	-99.194880	100.000000	100.000000	100.000000	15.039607
21.325864	-100.000000	100.000000	99.750568	100.000000	19.946191
68.513543	100.000000	-98.957379	-97.287197	-97.247751	0.189685
28.779339	-100.000000	100.000000	99.437732	99.684992	40.956836
-52.590500	-100.000000	100.000000	99.376291	98.336400	11.477307
16.759340	-99.898316	100.000000	100.000000	100.000000	26.796625
88.985456	99.934948	-100.000000	-99.506285	-99.755848	-13.893014
20.089678	100.000000	-100.000000	-99.800980	-99.933957	-44.721405
33.416597	99.952658	-100.000000	-99.941484	-100.000000	-26.231572
23.755174	-99.249317	100.000000	100.000000	99.558975	18.770701
26.916052	-100.000000	100.000000	99.699350	100.000000	35.258717
26.435358	-100.000000	100.000000	99.773599	99.892063	53.657136
35.049851	-100.000000	100.000000	99.917213	100.000000	28.261602
-23.261405	100.000000	-100.000000	-99.990979	-99.933439	-39.490986
-33.186702	100.000000	-100.000000	-100.000000	-99.994697	-32.384446
43.572945	-99.952292	100.000000	100.000000	99.962478	34.030430
47.301322	-99.517757	100.000000	100.000000	100.000000	24.740956
26.263746	-99.743896	100.000000	99.857189	100.000000	50.761789
-22.889549	-100.000000	100.000000	99.960560	100.000000	37.064579
-24.336400	99.842784	-100.000000	-100.000000	-99.996902	-28.301431
-30.891303	-100.000000	100.000000	99.817164	99.936652	15.134326
67.275779	-99.762909	100.000000	99.538921	99.941355	38.334224
-35.577031	-99.544260	100.000000	100.000000	99.978585	31.728651
12.611682	-99.972412	100.000000	99.996112	99.641483	73.775959
25.953117	99.677126	-100.000000	-99.975954	-99.514442	-39.420762
-23.597008	-100.000000	100.000000	99.697612	99.679629	36.256628
18.095226	-99.505458	100.000000	100.000000	99.945047	70.769553
-15.144738	-99.853964	100.000000	100.000000	99.901462	69.814223
-29.656161	-97.455366	100.000000	99.005126	100.000000	6.208615
-33.574230	-99.990613	100.000000	100.000000	100.000000	37.086167
-55.540330	-100.000000	100.000000	99.977558	99.979911	20.103950
43.474617	-99.865663	100.000000	100.000000	100.000000	45.910671
39.702001	100.000000	-100.000000	-99.917734	-99.942448	-45.315311
71.675520	100.000000	-100.000000	-100.000000	-100.000000	-27.645613
18.424432	99.840476	-100.000000	-99.667979	-100.000000	-56.621497
11.405060	99.857443	-100.000000	-99.817233	-100.000000	-30.581913
54.175533	-100.000000	100.000000	99.981260	100.000000	18.043921
33.857568	-100.000000	100.000000	99.893873	100.000000	24.924455
18.144578	-100.000000	100.000000	100.000000	99.753506	47.482175
57.484498	-99.482649	100.000000	100.000000	100.000000	18.826926
30.311920	-100.000000	100.000000	100.000000	99.616499	38.081603
42.755144	99.948298	-100.000000	-99.892954	-99.918256	-36.156654
16.160268	-96.891533	87.463472	98.181952	99.599067	-3.519431
40.975334	100.000000	-71.779564	-99.343964	-100.000000	10.262645
23.582653	-100.000000	100.000000	100.000000	99.644729	27.519801
31.488855	99.892797	-100.000000	-99.562522	-99.689878	-35.392472
28.229451	99.893616	-100.000000	-99.728723	-99.977333	-48.930670
-22.450676	-99.853081	100.000000	99.921613	99.878125	43.795946
15.590644	-100.000000	100.000000	99.591474	100.000000	47.599577
20.408574	99.885682	-100.000000	-99.718007	-100.000000	-26.951345
21.540367	99.460601	-100.000000	-99.953748	-99.738931	-29.027388
-60.871820	99.876308	-100.000000	-100.000000	-99.822699	-18.880398
35.360599	-99.682063	100.000000	99.730337	100.000000	35.947571
-31.327854	-99.471140	100.000000	99.230549	99.449773	16.083647
20.205282	-100.000000	100.000000	100.000000	100.000000	37.950008
21.004106	98.422655	-100.000000	-98.882766	-100.000000	-13.809090
-16.853707	-99.994528	100.000000	99.962325	99.857161	55.774276
29.101158	-99.572790	100.000000	99.898383	99.834491	29.083507
40.184387	100.000000	-100.000000	-99.840346	-99.446145	-26.064406
28.017836	-99.831221	100.000000	99.809027	100.000000	50.606406
18.147376	-100.000000	100.000000	100.000000	100.000000	46.087707
28.610400	-100.000000	100.000000	99.914066	100.000000	42.492237
-26.195490	99.768735	-100.000000	-99.996947	-99.939456	-35.216173
30.688200	-100.000000	100.000000	99.628469	99.786070	49.093268
-23.255406	99.125885	-100.000000	-99.853903	-99.700369	-11.984405
-19.888119	-100.000000	100.000000	100.000000	99.919177	60.528597
-26.167685	-99.981915	100.000000	99.841845	99.958176	76.032406
44.976312	-100.000000	100.000000	100.000000	100.000000	39.505732
34.731144	-100.000000	100.000000	99.997759	99.491162	33.518361
28.267991	-99.611987	100.000000	99.950865	99.924304	45.034228
-13.543965	99.839861	-100.000000	-99.904117	-99.904887	-54.572995
42.108254	-99.962282	100.000000	100.000000	100.000000	33.099018
-29.748955	-100.000000	100.000000	100.000000	99.369706	25.888166
28.351459	-99.980450	100.000000	100.000000	99.738008	34.365567
20.436484	-99.657224	100.000000	99.556308	99.351680	21.923901
-44.484610	100.000000	-100.000000	-99.798670	-99.899613	-40.818186
33.946210	-100.000000	100.000000	99.566683	99.653646	43.458426
-26.205566	-99.845030	100.000000	100.000000	99.924827	52.292555
-65.264355	-99.647819	100.000000	99.900680	100.000000	18.038976
60.058892	-99.981911	100.000000	99.475669	99.392129	28.990275
30.704881	99.596478	-100.000000	-99.391564	-99.316272	-25.312145
45.667443	-98.945421	100.000000	100.000000	99.805436	12.387689
40.419898	-100.000000	100.000000	100.000000	100.000000	49.864548
-21.114449	-100.000000	100.000000	100.000000	99.886281	78.906891
-23.794047	-100.000000	100.000000	100.000000	99.989362	23.772711
-18.536281	-100.000000	100.000000	100.000000	100.000000	37.629193
31.193991	100.000000	-100.000000	-100.000000	-99.354022	-42.589418
50.282823	100.000000	-100.000000	-100.000000	-100.000000	-23.763714
35.128290	-100.000000	100.000000	100.000000	100.000000	56.915560
22.712319	99.888245	-100.000000	-100.000000	-99.813219	-82.305744
13.436319	-99.495677	100.000000	99.423418	100.000000	7.243648
-26.516775	99.983697	-100.000000	-99.738697	-100.000000	-54.132397
-13.033225	99.699974	-100.000000	-99.819031	-99.952143	-36.470520
21.352176	99.637379	-100.000000	-100.000000	-100.000000	-18.168000
28.093736	-99.526651	100.000000	100.000000	99.387940	18.745517
-47.678934	-100.000000	100.000000	99.793619	100.000000	19.448107
-41.044065	99.659718	-100.000000	-99.675265	-99.869688	-50.035296
30.118501	-99.990789	100.000000	100.000000	99.765613	33.170127
37.462407	-99.537664	100.000000	100.000000	99.808889	40.681973
-30.375901	-99.910407	100.000000	99.791666	100.000000	58.880429
-24.746668	99.428461	-100.000000	-99.870795	-99.947597	-21.305940
28.752108	-99.692902	100.000000	100.000000	100.000000	33.750529
-15.638921	-99.981461	100.000000	99.966501	100.000000	33.183350
54.639306	-100.000000	100.000000	99.179188	100.000000	21.294251
-30.134742	-100.000000	100.000000	100.000000	100.000000	33.269631
8.756508	-99.782468	100.000000	99.732084	99.795339	23.797813
39.672938	99.634351	-100.000000	-100.000000	-100.000000	-28.572078
24.463197	-99.330721	100.000000	99.697705	99.872806	23.738563
-22.637113	-100.000000	100.000000	98.994191	99.849220	35.190636
14.869980	-99.632049	100.000000	99.945456	99.910387	28.183808
-41.106721	99.542450	-100.000000	-99.960518	-99.963407	-30.525487
-16.367671	-99.869622	100.000000	100.000000	100.000000	43.342850
27.133781	99.524360	-100.000000	-100.000000	-100.000000	-51.546198
50.444751	-99.637905	100.000000	99.872799	99.768042	30.203728
41.268674	99.467655	-100.000000	-100.000000	-99.764325	-30.198595
34.293776	-99.951096	100.000000	100.000000	99.845445	53.753269
3.866912	100.000000	-100.000000	-100.000000	-100.000000	-5.748757
20.284714	-99.439819	100.000000	99.908662	99.892908	36.599074
20.737137	-99.931960	100.000000	100.000000	100.000000	46.187073
-27.816295	-99.826057	100.000000	100.000000	100.000000	51.878852
28.526837	-100.000000	100.000000	100.000000	99.911443	58.292951
30.879073	-99.867158	100.000000	99.881559	99.992532	46.739954
-25.309240	-99.874656	100.000000	99.948035	100.000000	33.893334
-44.973215	-100.000000	100.000000	100.000000	98.555478	7.471829
73.231035	-99.849477	100.000000	99.722381	100.000000	33.591957
47.921005	-99.162900	100.000000	100.000000	99.849998	23.232214
-26.077558	-99.543621	100.000000	99.410469	99.866247	30.009468
-44.175405	99.395575	-100.000000	-99.404183	-100.000000	-28.184986
-8.256019	-99.938945	100.000000	100.000000	99.811774	39.756995
12.425308	-99.586298	100.000000	100.000000	100.000000	32.839431
23.367250	100.000000	-100.000000	-100.000000	-100.000000	-34.156203
-20.382490	99.821442	-100.000000	-99.969912	-100.000000	-35.167047
26.072950	-99.483386	100.000000	99.342897	100.000000	11.025841
-4.389727	-99.983507	100.000000	100.000000	99.647956	57.993851
19.295787	-99.751926	100.000000	99.946231	100.000000	26.792999
43.070203	99.804457	-100.000000	-99.954868	-100.000000	-46.524009
30.523916	-100.000000	100.000000	100.000000	99.990458	50.440626
28.967870	-100.000000	100.000000	99.620496	100.000000	25.783696
57.719488	-99.668247	100.000000	100.000000	100.000000	21.238959
53.971937	100.000000	-100.000000	-100.000000	-99.139867	-11.391451
-42.390339	99.919759	-47.141155	-99.310739	-100.000000	11.076010
28.611140	-99.863738	100.000000	99.549884	100.000000	65.787847
-60.957840	-100.000000	20.476673	-75.215110	39.175777	-7.661848
7.707857	-99.429796	100.000000	99.551790	99.885118	13.821252
