32.404171	96.098600	13.313228	-24.793711	-79.390508	-94.350048
19.780147	14.365152	-80.343646	-54.743898	33.064118	-25.434662
-74.805217	-93.867119	-81.032987	-30.085145	24.480300	16.670033
99.794258	95.682614	94.823278	-63.322090	29.799341	-44.151629
-50.237877	-55.369186	86.285030	-17.012183	-30.332197	-67.995429
21.141735	-31.501556	86.573488	-41.781452	57.148558	52.129061
-8.887890	65.454251	-77.461479	-57.310783	-48.299994	-58.667997
36.418961	21.493302	8.022177	-33.087654	-46.875523	-2.332935
-47.101575	-24.732761	-98.507147	-67.025940	-73.299001	35.713334
-78.113615	65.900362	40.414783	-8.385335	75.219429	-44.677146
-36.626464	-18.673966	34.410896	-42.722740	-74.706215	50.581855
64.397203	-62.691901	-87.062318	-64.495362	35.108822	-89.402236
-79.174156	-22.813603	94.283521	-3.761777	-19.979274	11.698120
-64.555380	96.523718	82.358905	-24.115905	14.599395	59.951462
-71.416479	18.266657	-17.371507	31.486989	-49.758210	-79.338294
95.196935	26.731380	97.035349	-94.321357	-48.742869	35.930089
89.704813	-67.494795	-57.341147	-98.460424	-0.339945	-34.265254
20.273077	-21.175395	-64.282759	-99.956235	-77.641282	-92.772268
-8.417395	-76.518058	-38.049428	73.471261	33.620609	84.113069
79.370973	59.001939	-39.802483	96.707529	-12.965809	42.704484
100.179767	-69.415723	-32.493030	-82.146546	73.940049	68.094844
-28.046812	14.764304	43.525004	48.506083	-45.602979	99.852576
-66.576061	30.779345	-60.670027	-23.243068	68.101681	-6.953518
99.765416	87.266224	-66.225556	27.735398	61.311286	-94.628071
-32.074259	-40.466739	-4.940866	-24.874624	-27.033500	-40.731073
17.713366	-65.794156	13.037332	-69.435332	63.294767	3.976376
3.088714	-97.781140	-28.223423	75.775572	67.243571	62.159656
-93.913906	-77.471474	-6.582605	18.247740	-40.709751	60.892986
10.439296	22.308255	71.998494	-64.382339	-45.244557	-48.035798
49.671139	-9.315941	23.453237	-13.944171	-66.609978	4.486729
-67.149564	-79.703961	90.568089	-32.696953	-89.799070	-0.989116
11.309028	-14.189164	-63.135205	-36.258772	-27.012918	-49.979063
-23.689962	-75.804723	22.265269	86.979251	-34.196405	72.741664
-40.251487	-3.715072	-67.504413	39.736325	-7.605194	6.125932
79.909037	-38.528129	52.485942	84.318730	39.527019	-79.756968
-64.275331	-60.023854	22.892069	-41.142902	16.731443	-63.540759
-60.897053	-18.117179	4.388725	93.252986	38.988375	59.340754
82.085787	-51.835563	85.992607	-45.153944	41.068197	95.241000
-1.894870	-34.723742	-2.405650	-62.798800	14.089918	-76.686283
-8.790955	78.701730	90.812427	85.321020	62.302924	80.766544
71.032299	81.610683	90.082133	89.470381	-93.115846	4.679668
49.275663	-46.163190	86.740770	20.563505	64.564527	-54.920969
-27.896920	-92.009767	-15.997803	-8.944568	-82.017322	44.269916
59.372545	-65.490217	-18.945971	-6.188929	-6.508878	0.900374
56.553027	33.653597	30.179726	35.863953	73.561193	-62.130972
-12.680946	96.038538	-66.950391	-5.831890	-53.839030	-50.756843
-68.287627	58.739816	77.775745	-28.840086	96.312559	53.812009
-21.729016	-27.201470	99.443680	-33.390711	-32.438998	57.623835
-19.295002	-40.615720	71.950670	-32.795336	-35.205949	41.522083
58.824232	55.458295	-88.685195	50.721235	-71.435354	-43.917120
-62.019686	-82.016551	93.435262	-0.359568	-85.792453	-65.039041
-19.444376	-9.157274	-92.154105	68.218155	-65.869656	-79.152196
68.801633	88.433060	-22.162436	41.594301	57.237503	-18.336258
1.454603	54.981716	10.564381	-26.693266	5.394255	63.761082
-7.626472	37.433414	-89.395847	19.381231	72.290807	-98.441357
14.030621	-64.078811	4.504835	45.953142	77.330228	0.779265
94.795872	-62.489882	-14.839947	14.690766	-8.701288	84.794345
-49.213142	55.886832	75.080883	-0.305058	-72.354403	-64.100974
-75.442805	3.768014	-28.794621	72.709265	-89.946121	-5.630715
-57.982708	-36.423994	-39.537901	4.291513	-84.602990	-90.259519
-22.747177	-16.684116	99.641962	16.226491	72.100633	95.405784
-37.156640	10.401748	13.953138	-28.451008	-75.980456	65.949193
-98.179444	-48.569910	4.179605	-12.866024	56.789214	-73.502179
100.815790	12.269975	2.419857	11.376924	84.639183	23.234071
4.587161	87.893957	-68.968336	-91.600860	-94.433920	35.699142
29.149109	64.068620	-24.836263	-99.561295	39.848826	-1.079394
34.594604	-89.327222	94.645853	59.099714	-71.015555	66.970041
-52.712512	58.604809	4.418557	42.804757	-70.803189	10.334002
39.670685	60.966768	98.294087	-23.239673	74.343443	65.723476
84.199155	34.651157	-34.146788	-6.201114	4.229530	70.755141
56.143584	77.019548	-56.180170	62.413274	80.879723	17.817310
3.827026	79.545412	6.896105	-36.491888	31.460117	-34.699527
-7.073585	9.559033	28.020267	-46.908806	-35.208959	77.174714
-15.983644	-61.391761	41.547010	27.942376	60.477230	-43.521887
34.897664	-75.105034	36.274638	75.341882	-41.389531	-14.724971
36.874794	-0.924450	-73.576616	-31.073911	-96.018045	-12.894628
-68.558653	50.668159	-69.428347	-93.124473	26.475029	-11.871088
79.582540	-66.704276	-91.455607	49.009752	42.207525	-87.523808
35.210475	-64.602747	-48.225003	-7.106789	-79.959126	90.027589
-92.546932	65.478490	-62.777806	-14.558624	90.463885	64.857111
-7.158429	-5.101359	82.668003	10.186136	5.060307	78.878618
-78.910068	100.856771	-49.546276	8.652623	22.356599	99.039114
-34.792683	86.732463	-29.029823	-16.553798	35.188694	89.976107
82.876123	95.090855	-10.181031	43.532919	-69.785511	92.419880
79.272713	96.346716	11.249531	-32.161115	91.680663	-32.003509
49.941102	-25.542022	63.655965	59.685148	-55.327711	-17.477404
83.596539	73.799230	75.746717	-32.804725	-29.377988	-72.218791
48.385147	47.697273	-97.549060	-59.501978	-54.453323	39.043058
-74.912626	-26.600657	46.598145	-47.878064	-52.496019	64.477609
25.689729	-19.335597	82.004632	62.818110	75.402868	-12.487347
99.926950	85.929043	81.141013	-0.574126	20.547382	-28.993924
61.213185	-56.754430	65.869850	-93.308183	-85.554094	100.197609
57.635217	-80.510808	-87.202576	-42.879667	99.117145	43.849057
-34.946427	72.777672	37.837148	-25.764547	33.836510	72.560424
-80.584421	75.756622	-44.259709	8.599314	-89.206059	61.765983
-15.128784	-87.963071	-50.368859	-97.100864	-56.307498	-69.201297
-13.132032	-6.301356	73.531284	-53.205101	-10.633718	77.124752
84.173454	39.422207	15.153139	28.243742	33.530706	-36.918853
-87.043996	-21.153965	33.900819	18.753502	61.210064	37.175223
21.646736	-86.292466	-63.091214	69.549502	65.311301	-31.249685
-35.594323	-69.830360	-43.600989	-57.618608	98.838975	-64.863920
-91.482117	28.998542	-37.477236	-18.943789	-48.755776	25.876261
-5.263358	-45.351189	-63.700428	-70.515484	-10.720076	56.878654
-18.144407	34.617006	-86.991123	-0.786973	29.708702	-8.420600
-99.614171	-72.430112	-67.769188	-3.124342	-73.129027	99.639325
-27.205318	-69.550799	-41.402875	12.322560	-51.252830	27.557015
-8.620981	17.027394	-8.603596	-36.581745	48.208662	-95.268055
-25.924949	11.256306	-27.789949	-30.386868	-12.666613	-41.905254
-37.462220	66.625845	10.298929	20.079144	-85.681288	-84.799962
73.800372	-46.367595	70.184576	-21.371925	46.482113	60.211482
-6.413198	86.036755	-63.716933	17.741419	-63.836267	-43.105585
74.735735	-39.380971	10.852422	-74.701483	57.269827	18.677079
-10.938899	99.701429	73.735889	-16.054227	24.730172	-96.806026
80.137805	-75.180067	21.888383	-15.704757	-8.165734	12.739600
-81.554191	88.775806	-47.319634	-28.971390	-79.843267	67.610375
-42.831671	69.938733	-46.378445	97.334726	84.252422	7.953457
50.475976	25.830297	-64.431323	12.178819	98.568147	-13.824127
79.242975	-35.267500	12.580600	42.534821	66.099395	-15.779526
68.179048	-5.913131	-6.803234	-62.920991	-40.877301	43.845940
60.202167	-33.764899	-68.156986	-78.502333	-41.324518	-71.370769
-89.288938	-47.578049	-37.124616	73.195171	-54.751752	14.841179
-3.981520	-94.135451	-20.273722	-75.128232	-2.326417	-2.579152
12.910959	11.492630	95.108811	-85.491726	58.964495	-36.408241
94.924140	-58.301032	-25.198009	-83.134798	27.357279	-88.504668
-55.159182	31.485600	-69.367197	-59.908391	32.480387	-44.912056
-43.534135	-65.599879	-12.223403	-58.579021	73.838389	-87.522937
-88.287204	39.156842	31.257922	64.771361	97.938966	-76.207516
-38.749527	67.968912	24.784182	-47.027918	-8.973220	54.145552
95.825186	96.004554	-98.520411	-58.423783	-12.759942	-57.412595
-27.178013	4.793179	-73.233820	35.638593	68.615339	46.985704
4.535079	82.630084	88.384668	49.317904	78.529100	-82.758316
66.798927	-52.156063	27.039129	-96.380254	43.050321	-21.182580
0.927551	-57.060329	10.404354	7.581382	-88.160542	39.860876
-73.390883	89.405781	52.109246	-98.523618	-16.077628	52.375205
59.574680	84.145837	-70.622897	-73.743176	32.703148	78.833049
7.329272	77.045159	-14.287975	-64.015262	-1.114450	-16.356090
-82.090796	14.236286	26.321452	82.186595	96.418997	44.665072
21.786646	-80.101491	19.618504	-60.821929	79.392909	-1.101617
-45.535040	-85.639462	-62.087809	-76.172366	6.112322	79.351743
-84.764265	-63.560258	-47.321872	60.660914	-76.023773	69.821389
36.473138	95.313538	70.745253	-33.244864	-32.320293	-70.726865
82.568526	90.408709	78.798218	45.056342	-99.630485	-7.960503
-78.089951	-64.038301	15.917787	-48.720401	52.216766	-66.879389
26.144153	69.085320	-97.764311	-29.557141	-0.435973	99.733989
89.236271	7.317625	-20.333705	62.755971	-75.371515	51.390044
-22.205517	-99.593388	21.353718	68.242447	-88.268587	31.561692
-77.382051	100.272683	-84.284096	94.787497	-58.592766	12.145927
95.888599	59.244402	-46.848577	42.554259	-38.328071	40.771041
-43.984903	-85.585938	56.541056	-90.139759	86.255419	-87.870792
-66.049188	-38.035687	-27.447305	97.377611	-78.853696	36.771283
51.119880	17.846756	38.726182	78.469920	57.713792	-0.463328
-15.484767	100.237685	-90.673580	44.865055	11.734846	-88.571891
-93.491798	18.240625	-32.705682	-99.928938	-8.211622	59.280485
65.160696	-56.928679	87.223987	-84.971870	9.609152	53.784812
92.195967	-66.021017	86.479054	45.126962	-13.822012	86.348795
-69.626425	-91.065425	41.123756	30.886131	-65.364548	19.804276
-31.789993	-24.200676	60.810494	-74.646546	-90.926683	93.992969
8.445084	66.135454	79.912857	86.237591	-38.127256	-76.415721
-56.861607	-59.940878	-37.946181	28.060752	93.515568	20.190807
-49.002767	-14.129276	-11.601689	-92.029059	-20.080051	-71.342451
22.433071	57.324347	27.736469	-31.672157	90.808868	45.334689
-18.898271	-5.501864	-75.643912	97.435486	-65.370441	-44.515855
6.695934	-18.504915	84.073249	66.361050	-5.199690	86.257795
98.725415	93.770351	22.535552	56.208393	5.754657	26.814326
64.406498	-71.488563	-46.723619	20.471849	90.958566	-26.779336
-68.077389	-96.770643	9.014433	-32.130849	-18.297675	-76.430679
17.109791	67.128181	-31.507526	-54.781662	29.600787	4.579626
-93.380400	-56.303218	9.618466	-55.196257	-18.459035	12.367595
-80.764290	-5.134834	27.924080	-40.227144	-40.240344	-42.854130
58.064059	34.912576	33.463055	-28.233558	80.226200	29.655435
-68.265690	40.230439	-65.006848	-84.431392	-16.125660	71.820033
-22.039321	-43.763101	-33.834142	45.551480	94.655675	43.954074
-28.040176	10.888920	10.763531	14.755714	28.102886	42.144562
-43.807284	6.752175	30.804837	45.532958	-53.771840	-94.095784
-94.727020	-52.008849	19.517463	97.074490	-4.704221	-11.932875
34.797553	13.001666	-68.517968	-52.810552	-80.712351	53.440525
21.754645	84.085634	-94.557595	34.804195	83.367048	59.812007
-71.683043	-23.666846	93.036557	65.429002	-32.524275	-45.173742
20.505625	53.006074	92.577246	-62.304728	-77.374166	-31.766639
4.065705	55.440373	97.432240	-19.533903	93.978628	-39.907143
21.850609	-99.298706	52.143400	-22.731735	39.956205	70.663930
87.963827	-47.561858	-86.000595	-64.408455	3.179966	53.198904
-98.775387	-85.175985	-69.869779	-18.005104	48.076142	12.424535
71.837251	73.197445	33.750433	45.117101	37.292533	-75.302342
-43.218763	15.989346	-2.115397	-46.310944	2.369366	-15.917448
55.458081	-62.382101	39.117661	6.925703	73.916738	50.947039
-17.707287	39.437610	-47.371923	-97.737531	99.512317	-14.943376
52.351652	-20.265817	-70.826381	95.791798	2.122133	54.128186
-24.274156	89.544201	-33.388198	19.250882	-67.041059	-79.883843
83.389678	-60.148600	89.168986	28.707274	75.733784	-89.569850
-50.544117	-72.206668	3.683722	72.976509	-99.736965	-28.355326
-86.383832	27.488373	62.727515	-58.196352	38.176476	-85.811544
57.022079	-19.210256	49.845812	51.657156	-23.443475	64.690678
-48.117178	-41.113126	30.220929	35.944734	-46.057110	-10.579198
100.667568	70.149450	14.287156	-97.048618	96.147407	96.750401
-46.621446	-41.021909	33.625873	46.068760	-77.149224	-4.800675
85.161721	-6.976578	10.492903	24.017575	11.400072	43.195187
58.317130	-96.228780	-77.395612	-63.701468	83.969856	69.875325
49.351438	96.729915	-84.813754	-48.532161	-33.078791	62.524870
-41.431291	82.076068	54.560720	10.282939	-33.670648	88.429844
-83.537207	-18.598245	8.601152	20.585355	-98.553229	-85.366875
-55.289085	-73.336809	5.437928	55.031791	-37.155495	87.867099
79.642548	64.233128	-54.350359	90.113757	-6.066702	40.082360
-60.383831	57.661504	24.895603	-79.093451	-71.073425	63.035468
-48.063160	45.699256	32.462872	78.787601	-16.249339	-40.376302
72.969657	98.158212	-82.254009	-0.526286	73.236603	-13.507841
-27.787630	-85.912815	71.531949	75.259025	8.575351	-3.485040
-10.971982	28.381039	60.022832	-62.179567	81.880971	-66.796489
-66.343470	-10.034035	53.949441	-45.508304	39.204224	66.043469
-17.850834	37.612023	0.364366	86.170995	63.314102	-94.950024
84.586867	-48.755580	36.515797	36.057922	-75.883176	-89.092771
-2.782075	52.923377	53.359384	11.947277	-79.578674	-34.825925
-55.651681	59.844953	-19.368026	68.482167	-7.100173	-8.693797
-49.711098	-33.287700	-81.003072	-8.969597	74.482077	-66.921511
-21.689482	-50.960847	-59.234526	-30.547827	-94.431153	29.494737
29.284697	-60.136753	98.589879	-49.729794	23.168285	-48.988064
-87.818378	17.806438	55.965984	-74.525178	-83.087416	-46.689571
-38.370972	42.058218	66.370635	20.453443	59.331563	-44.753894
64.430996	-24.485416	-41.437763	-81.364821	-83.853715	-98.757877
74.829154	-37.191988	-0.893571	-20.948841	20.160913	8.190514
77.676169	32.354745	38.401733	-86.125794	-95.769670	23.955992
-41.614120	49.250121	21.845565	57.741890	18.135253	38.275008
-85.733466	-62.038701	13.866632	0.750181	19.226453	88.969388
-44.196705	-37.133540	-55.704592	70.446066	-87.095742	93.573669
83.515587	0.233377	71.870552	50.551655	-16.658746	-73.979696
-62.673630	-24.907125	85.897807	22.320144	-1.194785	-4.975611
44.090929	-82.766996	-31.820698	-30.832146	74.641303	-30.006352
-86.648220	71.037029	-88.935770	12.696163	46.848366	-67.419012
85.360973	-94.871144	-4.117402	21.465054	-33.004369	-81.448331
56.374057	26.144477	84.177921	-14.124427	42.537836	-58.984929
-85.375611	23.934192	34.685155	-55.437556	-52.262136	-67.554712
-96.756212	-49.211784	65.751630	90.661756	-80.927540	-32.049354
-40.773721	-73.816314	33.356342	10.828485	-57.709671	-20.165942
77.539094	-37.749503	18.024355	42.069801	-17.443750	17.206312
97.147042	16.764336	-71.391427	-59.594411	-32.712423	-89.609908
65.754698	-37.513477	46.784600	-69.411862	50.968044	4.121697
-38.118685	90.408508	96.522038	-70.948213	87.562570	77.268118
59.697438	-90.777628	79.257745	-32.013880	20.933550	-82.896566
10.772619	-93.859111	58.124848	5.929315	-33.094135	85.398977
-17.130742	-55.865651	-4.725551	77.754367	-12.040374	-0.185620
-6.317460	-58.638268	93.230915	-27.868158	-20.446039	62.318977
-92.099697	49.340349	-60.998366	-15.493336	60.925320	-86.173248
-67.146621	-86.302586	-87.400859	-88.939694	69.993581	24.340523
-77.541608	-28.790821	-78.913932	49.603601	-5.618697	-25.387529
40.685515	-2.955353	31.147322	-31.905437	38.767172	98.317526
-63.467981	94.824218	-67.450497	8.409940	59.448518	20.542112
-42.481097	-43.124245	-87.291626	-50.905098	-72.511338	-92.969514
-86.582278	-63.582519	45.536457	-95.776612	-58.733254	-33.583847
99.549988	34.794317	-25.807705	-32.050767	24.485332	-52.230849
-17.605304	-69.657809	-84.932998	3.963798	-59.093764	-18.975617
93.835928	45.674458	-32.614586	85.663370	-94.576004	-74.178647
-50.171988	33.289435	2.302694	1.072301	31.577675	40.655846
19.243942	54.311154	-42.280726	-59.196669	-22.937653	-7.426646
-15.593418	58.584646	-16.951385	-94.530205	-30.228406	18.177585
72.373490	7.814658	30.258887	-59.383083	44.648697	67.171885
-7.290433	-48.476759	73.564511	-38.558928	-31.316580	-69.853013
1.120904	85.293053	-51.812126	66.830848	28.763029	-15.074131
-12.126377	69.483488	53.229776	-38.141516	12.321835	-56.836064
48.845385	80.160007	70.221192	98.363828	94.816577	7.295236
-36.657118	-90.004435	-34.702920	-32.651975	-65.763058	-12.597635
80.482479	-71.109918	-89.508135	90.610411	23.217749	98.616544
-68.887105	57.175068	17.995546	67.149112	87.266659	97.019385
-73.383274	-59.974815	-24.192960	-30.366751	-54.162408	-97.198006
56.983137	-16.684248	-9.277905	-17.462897	-24.284584	78.213595
73.945452	67.769774	99.735803	61.431432	-79.594273	-31.399792
62.250101	24.765136	8.881394	-9.516254	43.060349	-56.818235
96.948469	8.852735	5.562210	-69.202519	-43.855328	-17.277493
-68.693011	-27.942024	-65.949081	81.020812	6.859030	-91.527510
56.922464	40.587151	-85.173810	-1.330333	29.874263	0.126961
-31.045925	48.995668	46.657644	-21.359731	97.296161	39.759366
55.117047	-14.011869	76.748404	33.919063	-40.716430	-30.814972
15.172522	-0.739506	64.665694	-55.842338	85.061128	80.041363
13.655364	20.085627	-74.767331	-36.322099	57.296035	4.849649
-86.514166	58.740213	-71.965266	73.891814	73.826657	-92.314105
-83.233515	5.838931	-3.294395	47.284558	-44.326131	-32.992571
38.374563	48.835362	-90.398647	88.917591	24.319190	-21.934641
-41.997475	100.289622	-30.925944	86.331104	-90.061615	-29.603219
25.340718	-34.385467	80.474547	-74.189338	1.495717	-92.754467
88.469307	85.875038	31.534618	41.666879	94.085319	23.423746
-26.060139	-85.740896	-50.914922	-50.119546	92.474329	-29.588113
22.366778	11.975292	98.623141	48.262215	7.019816	89.518012
-78.014083	78.935029	53.099104	2.650057	92.465443	-90.462929
-8.078524	93.679435	-99.181126	16.769244	-75.044647	23.221352
73.171971	69.866643	53.498839	27.728755	51.551561	92.129029
76.200362	-83.275119	72.424168	-41.997122	-76.583767	56.012879
72.717502	4.564004	60.879234	68.645973	86.476185	-25.384281
18.478583	40.446992	15.645665	14.203431	-46.870631	98.870574
-16.635120	-17.000001	-7.900414	-86.735468	-9.018902	-47.055836
43.986127	77.895690	-91.354309	20.373463	19.371175	23.257471
-99.646288	42.536164	24.547120	-52.043802	-76.402187	22.993954
11.094053	-30.151138	-17.758517	-25.692230	-59.657740	12.465203
89.066785	-7.709938	-68.090087	-14.693799	-67.756659	59.307565
26.877492	84.038135	-30.570068	66.403991	-70.039038	2.651149
6.758027	-79.297681	-26.594486	3.029795	-20.314793	-87.442404
-83.589871	25.775139	-70.448470	-61.676560	0.563909	-20.845505
-45.999589	-98.948442	38.367886	41.890491	-27.200889	20.702451
-35.004685	82.074374	78.020242	4.357001	2.314616	-13.412276
-51.671757	-35.333959	41.030220	-35.727966	51.412969	8.053267
52.310680	13.248639	53.493453	33.371312	-82.629218	-50.535744
8.647837	-76.093209	-96.337414	-74.571397	-70.682840	9.434667
37.491595	43.396457	-58.196870	-70.241938	68.381461	89.212983
-15.906506	-35.520087	-2.610609	-84.524010	-70.655287	52.773720
-16.886901	-48.217135	85.580226	22.398736	-23.258977	41.777183
69.762931	-5.846558	-39.352321	-88.618190	39.350405	-0.351176
57.767040	-87.201171	-39.626907	44.625431	-58.048119	-80.608212
65.494621	-90.124436	-20.539464	-0.724398	79.697902	26.702835
19.635615	50.425823	-9.376207	34.286830	-10.727375	89.934762
-3.414027	33.391463	21.119284	-62.713940	-12.029469	89.918436
37.191648	-95.802652	37.323144	-61.390451	-14.322595	24.706914
-89.198732	6.060768	16.808576	5.179190	-76.395616	-77.620352
-98.918337	-11.528596	-31.763922	-30.024322	-28.104253	27.596419
-68.642382	-90.327168	95.664322	48.720551	16.981442	-9.235091
-52.947101	71.534190	5.852374	-44.451955	-33.315854	65.280516
-6.176001	5.320651	91.075511	-5.203289	76.842900	16.226162
91.434996	68.787197	45.325227	36.845905	18.702106	-77.963171
18.556398	44.298949	79.362844	-77.036814	-48.236019	-61.364920
58.361586	97.661418	43.764076	-1.365679	-25.083363	-90.335135
18.515133	-75.195604	-35.155823	-84.131278	87.817506	-53.021996
8.089318	-5.019411	-18.817965	-95.873978	52.643000	-38.965563
78.152795	-25.085805	-64.883163	49.688313	87.041751	-3.187581
-69.538678	-68.399018	-3.137804	-87.021468	-89.907259	35.634432
-95.699294	-84.046062	63.503807	-45.048645	91.138589	-53.877632
-69.331699	-9.553338	51.222758	76.801915	-26.698485	90.150150
31.293565	-6.153795	22.056052	-18.265838	-35.218315	-22.705036
27.238087	94.387032	-33.557870	24.681225	-67.240717	-11.020076
58.236927	-34.326829	67.212419	-71.591914	41.445974	34.142386
-76.663185	88.296822	-2.851142	8.179932	58.880574	-69.914699
-34.359638	24.614372	70.292654	-62.527209	-81.625073	52.363547
38.327387	-43.965417	64.639555	58.455993	24.669662	-90.510002
-97.778424	-57.140649	-27.392495	72.953617	97.537408	66.328067
10.629663	-25.930857	-6.096676	71.670608	-68.134013	74.717455
85.442671	-38.560172	-46.817522	39.648758	1.681484	0.195398
-79.907490	83.791477	34.000845	17.069239	29.941431	96.737279
98.598514	35.613818	26.723820	94.396548	-68.772732	100.634841
-64.498149	27.508398	-37.924615	-79.510173	-55.615006	69.442548
-94.778097	70.341922	30.202173	-12.571653	-43.758567	-7.190097
-19.600558	23.732815	-51.407034	-75.937046	35.858249	-81.351042
-30.985076	81.591631	-16.520747	-27.164098	80.388536	25.934293
20.732251	-94.524964	-16.909455	-6.789981	-15.721633	36.744783
81.624740	68.241504	65.382738	30.657433	53.873387	58.861412
72.198346	96.436594	0.169742	70.697407	39.042006	72.413338
88.060220	-53.637221	72.318877	-56.152835	-14.842239	58.723653
33.401801	49.612722	-6.706647	49.318911	30.689811	-8.130366
-57.300769	0.348781	49.773384	-60.739975	37.096134	48.628246
81.664437	-50.221373	63.367393	85.654730	77.455616	-4.460174
34.612386	-55.566083	57.561768	-19.365979	-18.333853	-63.897863
-74.565159	-12.678155	89.332067	-39.317816	-68.698929	-3.940794
84.299684	-11.559492	95.042178	-56.510162	91.944642	-14.518753
51.196272	58.469984	-29.567332	-15.496304	68.241042	80.968577
-87.435618	86.294594	-32.754195	94.569853	47.548678	50.563915
-67.191679	-57.660349	-2.525222	14.517301	-32.611825	89.932155
-68.870427	89.559868	82.385753	72.553811	23.222591	31.426471
89.141226	-62.213574	-60.127542	69.162407	92.314000	-19.937935
-52.438470	1.099034	64.202422	-16.402875	18.214953	-88.328374
-48.148288	72.180851	7.254768	78.643547	22.707381	91.192802
-19.167926	97.017543	-87.043474	-86.662512	-86.543134	77.166838
71.008318	24.288863	11.045957	80.490297	-83.824965	50.530426
34.114653	-85.008874	41.509624	44.435452	-8.651043	2.225876
-38.001435	-86.430553	10.036173	9.288100	96.501039	55.400136
-15.050068	44.593379	76.245583	-93.714845	-78.221097	-68.220517
-1.074062	85.254939	54.898379	-3.168361	17.627724	61.633259
-60.542746	86.091037	-67.557938	-96.725193	-14.313119	-43.844051
85.512550	-91.431807	94.883800	-72.112783	-47.662237	-86.864009
80.762239	48.115258	-55.941517	54.307371	-82.500826	-84.638797
7.243189	-76.388339	-53.169867	43.066772	82.544178	92.751342
94.409743	-75.995910	-47.225021	96.981195	-57.580641	24.773408
13.246773	90.951576	98.474196	-66.455178	89.194031	-57.285689
-2.870682	32.329685	62.685416	-2.983470	16.647896	-82.834577
-28.548563	69.090161	-91.369884	-77.035031	1.437482	80.403651
43.234337	88.978427	28.945380	79.468260	67.688595	-32.872091
65.698752	14.433031	97.405532	7.717094	-19.066187	46.519821
-26.841065	-38.328040	-54.742604	7.258261	-3.114568	9.676500
-93.781240	35.237434	-31.425676	-58.145952	-19.998687	-7.033279
-31.764518	44.959250	-65.947083	-87.271956	19.719725	5.848692
74.027082	-92.191240	55.512684	-35.157140	-83.981855	-44.381588
30.674449	42.741291	-74.804080	-15.180828	81.631264	-65.075431
40.690282	4.487357	35.960019	38.190659	99.110954	-36.682039
36.540229	-85.773948	72.857915	-45.349729	11.437508	18.533381
-28.656724	-10.946451	40.764955	86.290643	46.734596	44.189587
-68.758352	12.800120	13.243679	77.951657	-38.504114	51.766657
75.484009	80.591709	-41.115277	-35.878039	-57.692332	-88.840153
0.598893	-38.760070	-74.336588	67.618709	21.986362	-62.624193
28.758898	29.914415	76.153235	-16.561695	10.600772	-82.608310
-19.932559	98.802402	44.272403	20.248033	-12.452016	19.495965
78.268098	46.472391	-28.454813	-50.745073	-62.882845	-48.364501
-32.804555	-73.443353	-0.759105	62.541059	12.263991	-63.196429
-22.777166	59.841653	-25.811492	86.634392	34.119880	59.457302
-86.001806	-15.461230	77.379772	-45.987677	68.557607	98.878850
-12.501842	-37.642992	-72.944228	81.337686	87.277603	-92.428224
-63.412735	95.881824	31.669200	45.216086	-54.973032	-9.006557
57.277458	37.133736	-38.225979	-98.751733	69.240129	-60.692477
48.173166	-2.194675	71.045861	-31.174744	73.667841	89.148910
84.564157	-31.725438	61.050677	31.570416	88.325699	-81.448556
-3.212335	-53.701785	73.711190	-4.964003	-10.013175	11.248500
56.841054	58.246154	36.514597	-23.112131	15.142682	-52.240275
-60.633775	89.534465	56.278408	-13.244842	79.502469	-5.331730
40.466749	-99.323490	-26.088143	44.058099	-55.735773	47.088269
-46.981167	-32.073387	96.643898	0.152042	37.765312	-53.346964
60.956844	-40.287827	-46.744405	40.408498	-93.620758	-75.701766
-9.183835	-57.219851	71.484390	-66.466366	-30.370996	-16.745613
-29.672203	14.930799	-91.071007	-85.827584	57.816447	41.311372
-16.792418	-14.352660	-18.913214	-12.486012	-64.384363	-83.965205
46.528680	-71.300325	76.831576	-98.612390	-86.139285	-82.086980
-80.343241	53.038062	21.593266	-87.628907	91.489024	-54.232664
-20.291529	-60.709683	22.519586	30.018443	53.447173	82.257554
33.905368	-52.464542	77.381737	8.709864	-55.801765	-81.493928
-51.176439	-36.268655	26.128832	-0.313340	83.081664	-8.403163
-14.856397	-40.716805	81.110298	-1.454198	-14.908041	-93.866517
-29.273809	66.054722	88.636459	60.523541	14.207905	86.407249
-52.854913	95.053601	-64.280031	-84.910051	-72.940081	-68.650118
57.696112	-70.829725	-59.381689	-54.072180	-19.539205	-53.605843
-87.731424	91.252751	-98.016029	-40.542766	-9.530300	81.085373
-29.408347	80.846900	21.848483	35.179109	-34.969439	99.770309
66.102214	59.188397	5.997251	-11.203432	77.472140	-94.265792
-90.845241	34.689071	94.278140	-85.971481	-86.418440	-8.745366
-18.151285	-93.900683	-79.980357	54.313754	-99.150986	55.290902
37.769578	59.784081	-10.118846	88.708111	26.765392	56.420885
77.468367	29.179767	41.680015	-3.030101	65.211495	-37.473312
33.561171	-43.129870	79.980336	-68.056165	0.338854	21.484955
-68.512336	4.677986	42.042460	-7.550993	68.115559	30.567423
78.016545	-40.417147	-97.250196	-89.853221	46.586609	75.991572
87.391408	-24.566801	52.424704	-17.218115	-94.390171	-20.658243
6.023738	1.192940	-19.377878	11.823987	12.040111	-16.986859
48.803571	-10.420763	61.228981	-29.376381	-27.820633	-72.967897
-15.448460	21.048459	-93.762260	-51.737746	-80.438168	16.602354
-76.001594	-73.866512	18.882796	8.835323	-12.286012	-31.980902
-69.706090	-1.750819	-28.639396	-38.980929	63.181696	-33.263377
53.176255	-59.176304	65.213929	78.933707	-39.836511	14.745914
98.161636	-54.642616	94.506263	3.591411	-65.462123	-41.445794
-15.608998	-79.051236	13.359529	-33.545973	-61.922610	9.909660
-39.441136	-13.561878	41.995267	-31.917423	57.970401	96.549818
83.478029	42.193648	92.422098	64.733365	47.653653	-26.900933
-71.737709	7.483991	19.722178	3.049870	-42.109071	60.858664
-63.129200	5.435113	-80.453713	56.819718	84.028629	-30.551044
-44.888451	-81.557711	-48.197084	87.324156	75.189177	25.918888
95.477019	-57.818404	83.628514	-11.549347	51.001553	88.339818
19.962923	-58.197559	86.163720	86.906884	65.053890	60.685649
-60.104078	-57.402032	33.130013	32.705027	-28.209580	28.832334
-48.855077	46.106125	20.875149	62.851726	-0.193440	-92.932066
18.444526	82.062374	72.251992	-80.278473	98.586949	-38.184211
-99.801207	62.694393	-26.124470	-72.068890	58.487916	-19.028238
38.184191	-50.981295	66.941213	64.398924	-53.257950	19.758865
-45.919866	99.844020	-42.112324	-85.599721	-71.882842	6.361419
-52.069840	-40.258512	-85.434993	66.643975	49.949509	-46.179502
88.775826	-8.820075	-2.640608	-31.870219	-29.407027	-93.384481
1.015646	93.850954	-56.895637	-48.935918	16.299000	-17.986098
-72.313146	-56.265115	-6.970455	-39.886264	0.077318	32.719882
-92.634080	-86.417479	-72.889590	13.813344	-14.220799	-56.444645
32.651206	-73.593439	93.253988	-47.647501	-56.775001	49.599217
-36.349358	47.688092	-62.520011	-18.201376	82.414333	-17.246539
87.874677	94.031437	-63.893042	-32.190882	-70.830703	13.745255
-39.758079	49.060832	100.919325	-4.669422	45.581518	57.934710
11.271008	65.596319	81.967459	-87.519846	-29.497604	2.400035
14.715467	-28.207280	68.104565	94.039747	27.175023	-12.526292
-70.848141	-83.073971	-10.571708	87.323848	23.193182	94.909326
-6.383016	97.233549	-7.206323	11.405229	-58.319520	-11.015087
14.975621	85.508504	60.211077	-42.631706	77.282923	17.509687
-88.647354	99.811936	-81.197629	-82.807554	28.608633	-33.209260
47.098863	-44.135898	27.172785	2.304460	24.666516	-15.272520
63.947393	-86.349194	83.953993	13.592198	66.320135	-97.748915
-16.351747	-6.061845	-26.634539	34.222565	16.182028	82.916706
-38.410455	-37.975385	-6.766704	-6.706974	-0.514658	-78.753124
-38.767679	-21.889934	-74.152532	-30.446465	-28.446310	65.494569
10.167787	-58.572671	68.242946	50.012359	64.804175	74.163422
-94.236521	42.389937	20.504177	82.191401	44.617943	98.219938
97.979193	30.659250	-81.591272	-45.759859	-90.395576	-17.585680
-49.390223	65.038724	-17.642512	66.436757	96.975419	-5.443991
-78.753661	-16.408685	18.156501	-71.649770	41.298870	-59.169911
-92.423145	8.319125	37.064297	65.857187	-98.132496	-62.256133
66.869929	-18.164336	-57.649886	-45.980202	44.316898	-91.666967
41.234205	69.560700	-33.142541	6.006413	3.207762	-59.137189
-72.409028	-68.222685	-10.156696	45.413647	54.346466	98.246568
49.723188	22.789122	29.694261	-97.593419	-69.093231	-10.066589
89.647245	53.195328	-66.840519	93.902855	77.187573	94.597400
-89.387266	-10.454564	-38.164894	5.534531	21.626347	24.066840
98.684257	-23.691999	-36.024124	68.182833	87.290978	56.683546
44.835046	-51.022229	-44.836111	-70.383908	82.406338	-8.275187
-7.551374	-17.944117	63.981901	-21.282006	-98.053424	96.437710
-68.931313	-39.752348	51.384914	-96.899263	-49.663811	14.359824
96.421386	77.784354	-68.035867	22.058095	-17.106080	-45.339286
97.348071	-21.603149	-88.771506	-40.837215	-96.240673	-45.521739
31.708718	100.962403	-58.105492	-65.749824	-77.746934	-13.074945
-82.470893	41.336158	95.845969	-33.119413	62.030828	-18.667776
-51.398747	-0.470374	-32.961553	-80.627137	66.910581	54.644477
-17.931655	-51.403876	-75.767804	-47.647554	33.105001	86.931593
-77.387856	-52.088328	68.113428	43.644115	92.458623	-6.936040
-55.019595	92.336993	19.058774	9.046942	40.582387	-40.666471
-1.762332	12.910053	-5.751019	30.791122	47.620617	67.600178
44.212405	45.286108	-1.902252	85.965648	80.810694	-63.090838
-20.069846	-90.283101	-86.636474	35.442778	-25.444990	-53.415397
-21.746342	-32.179804	-56.213986	9.108582	2.797793	-68.868848
7.214883	7.749933	33.989586	90.940693	-19.193308	-40.038331
-38.675235	-3.252323	10.678910	41.027403	-43.648716	90.791929
16.630230	-90.955258	-27.423796	-9.604728	-54.648508	-10.040169
-6.616577	-57.283690	4.838626	53.184010	32.992660	-20.035381
58.301563	34.538084	-24.053430	-13.699390	82.406470	52.879855
-68.351837	-47.181385	61.277821	-86.016799	-44.893129	-70.357214
-89.799477	-23.679934	-93.150860	94.174863	82.454846	-70.124164
-34.324912	-62.912987	-95.211672	75.815001	25.711994	-71.602511
-6.459138	25.212033	-15.873398	57.528095	-47.628031	-48.873061
61.707923	-17.172985	-4.830310	-6.549669	-87.687801	-78.445376
97.993309	-70.697508	-13.315685	-23.340677	93.805117	-72.707574
5.660010	-39.002693	-45.848319	-67.446330	59.049005	90.592117
51.734221	-96.958163	13.944175	87.443071	17.493051	22.488949
-98.886034	3.309420	-4.542014	-54.083284	15.287504	-16.444098
-10.745728	-2.063910	19.875911	18.396643	-96.754265	-30.725793
93.234654	-66.657719	91.236793	-56.374605	-88.394306	9.859939
62.407593	-34.112250	99.852674	21.210810	-85.712703	39.541556
64.698619	-77.701620	-82.226033	84.160459	66.052186	82.030600
1.222890	54.430202	-24.430236	7.265355	65.298707	23.126973
-25.548000	13.445993	-84.105558	42.123339	11.382347	63.188284
-58.129420	-53.460696	-41.466472	-13.377221	97.086240	23.390910
-83.003504	52.789392	49.596590	85.368832	-77.074186	75.284393
-38.275215	53.310972	-25.093530	9.506111	-51.724241	37.639769
72.027741	82.128732	36.408895	-84.702337	75.144159	-91.814661
-62.347104	31.581060	57.589738	-77.899865	29.342614	-81.157707
-59.355245	30.174822	-25.393948	85.929042	-51.276718	86.956951
-68.955191	23.098343	47.424592	2.522085	-24.908795	29.690298
-95.563520	-55.921868	-12.595569	13.372958	62.495240	-0.441005
64.566039	97.524056	5.458772	-23.352813	69.405666	59.586267
12.936788	-53.186615	13.178978	-95.698987	13.456615	-81.318866
16.971415	-57.348708	-58.150856	-83.290773	25.175240	-41.044017
88.854473	-67.146835	39.853897	76.976016	-67.496326	66.414767
5.275268	67.709648	52.048765	60.833892	-20.452470	80.303172
74.689055	-13.661590	88.979076	-29.515019	-39.903717	74.511198
77.487645	90.022740	56.755220	83.048667	15.836882	39.411895
-62.521180	-0.630413	-93.184132	56.895846	-0.340876	-59.376375
-46.004297	-5.084807	-79.156556	73.337542	21.313330	43.838593
51.067252	25.329517	-12.900238	-72.336620	-42.788691	74.698410
-89.527624	-49.599349	-81.980439	89.530885	42.331718	-12.390411
9.501430	-24.054378	36.121056	-95.789721	-80.011468	-48.922550
-91.428155	89.865878	66.728658	-48.396569	-49.408304	-50.896837
35.734966	32.217362	58.288387	14.588189	-28.130315	35.467017
71.874841	98.984903	-30.872389	-48.006917	-42.617237	89.885479
-30.375061	50.254720	-64.153196	-52.730848	75.670103	-89.145828
-46.384825	65.816981	34.734616	67.671051	-5.776923	93.471436
-17.284739	-38.631026	25.864483	-46.131923	86.557376	-2.073695
100.663926	7.006347	-61.936608	-77.031025	2.562864	-86.066551
36.001982	31.461582	37.179695	74.660430	-81.972730	-61.384254
-41.802908	-71.212781	-74.413213	48.138031	-45.098091	43.703888
39.719882	-75.704167	-30.480544	-32.522935	-70.889587	-85.800812
75.415780	66.159700	-83.043079	43.874419	-31.738949	-13.906244
-39.039785	70.181124	75.939526	-29.875082	49.386031	14.563113
-43.309819	-15.562164	-46.509614	43.119725	35.372869	-20.064743
-37.406454	30.104947	-10.574441	-85.095954	-13.833395	-0.173747
-14.913153	48.842120	14.421935	16.488893	-89.525737	94.981793
89.690773	7.999849	-87.606610	38.072664	99.020938	-35.076832
-95.391813	-75.682237	34.706080	11.954881	68.529466	55.636859
9.190957	-34.336506	37.323732	-37.056191	81.614720	-41.690915
45.697081	54.378197	92.830965	62.243572	-40.156015	57.146160
-46.779766	65.629416	71.847341	58.210353	-63.661287	-66.536889
8.409900	-91.985889	43.712401	3.596887	4.671679	-40.957075
1.421798	-98.486336	-77.599307	49.474530	29.334425	-0.887763
72.636505	-99.088814	-88.959151	-32.244403	-58.501882	71.868011
-7.250102	-93.072253	97.061839	-70.839848	61.769169	58.278252
-42.448996	-11.459441	19.653663	29.005080	-77.423432	-10.376570
-50.994771	-85.501793	-27.332257	93.137441	-86.681427	-60.356383
8.978696	100.160576	-10.974051	-38.983488	-23.402498	-66.191380
-97.226300	-14.152064	28.255851	63.253370	17.916513	-98.163271
1.926932	-82.754327	27.305419	-15.519389	-80.032446	20.677197
-98.771234	-37.133192	91.857157	-70.234360	-36.701819	-83.294138
-97.078917	62.343643	-72.498251	-19.755444	71.821592	27.874371
-57.469485	-25.196939	10.325155	24.365587	-34.065649	99.080659
-96.226097	-6.559710	-39.626360	-94.175688	-51.045591	11.068829
3.827298	-5.479216	-76.616217	-74.597136	49.047251	-27.023536
-39.701808	-75.914607	-54.238593	48.242739	-93.595239	57.790188
45.363733	69.059605	-5.086241	27.094862	-27.188608	99.007029
-0.001596	-65.994033	49.493437	-21.654769	70.881471	-13.102686
-20.574878	41.851078	-28.004503	11.918140	-15.386440	77.651199
-79.070234	-86.446348	91.280136	78.662065	-68.139307	80.646518
5.863865	-10.926926	82.635211	91.543404	27.132827	-4.393277
4.782196	-0.398046	44.189528	45.074423	-69.803058	-17.682085
-53.807505	-46.369627	82.167868	-41.588857	63.192597	72.612680
79.619792	-99.088751	-90.102669	-6.519839	7.190948	-62.550002
-12.108620	58.954561	83.151478	-2.082016	47.286197	16.761555
73.428611	-28.685568	-32.352283	-54.074716	97.998921	63.539464
-12.102927	-65.212125	-89.591811	48.769377	-11.639657	85.186122
-14.097416	-30.000445	84.365600	79.776063	58.982564	20.941731
63.136657	-83.338291	-61.693139	7.513631	22.733502	29.092930
-76.972169	-10.261359	14.938440	-11.293010	-79.792484	-91.423798
75.513064	1.501356	-39.545786	30.256289	8.215890	46.744914
17.936080	69.388637	78.306691	-21.277886	-37.196444	-57.302608
-33.748958	21.517374	49.586049	-81.015184	65.112146	-73.853500
66.132682	79.106279	40.249586	-24.924761	27.648203	40.981473
70.560861	66.358464	7.564203	4.246867	70.873160	-85.069671
4.182491	62.575025	-65.852085	-27.211778	-42.047753	46.883447
-36.898072	-16.289448	-63.289796	-70.969624	-32.932453	-31.950554
-74.317393	-66.475230	90.086161	99.467161	-25.432414	-7.722473
-29.371869	-96.726726	-11.070716	21.395815	72.600277	-59.847411
-69.241485	36.517762	20.228543	57.672861	-15.108365	-28.560676
38.195277	25.273749	-36.489420	49.051853	92.166318	-30.758319
31.501610	60.117547	-23.371830	-22.604511	13.688593	-45.444353
-40.496151	-11.459793	-19.871402	-47.853524	-35.834655	47.509480
-27.884923	-25.623302	1.424481	-4.094973	62.577365	45.075369
31.044581	-15.503570	99.393336	69.154083	-13.173477	55.985835
-60.672402	-23.548931	45.875146	58.441821	86.602569	-0.121198
17.776617	-26.386367	59.881950	-81.245289	83.997683	72.770028
-91.604942	29.313923	83.729115	-8.468012	-14.984646	-21.936137
-5.879392	80.477402	-3.988506	54.795608	21.841447	-45.731747
-66.504050	-8.280196	-76.793488	37.003372	-6.721760	-44.713847
-34.842132	-0.966491	-78.373940	80.593371	-33.370345	-2.881520
30.503200	59.206504	99.600440	38.150428	65.071176	-44.238107
30.829911	37.193021	-83.830300	-94.639892	79.813326	96.532795
-93.282625	-85.982568	52.844570	-29.843944	19.072346	-33.886481
-17.107205	-57.065766	-6.339100	-54.206295	62.508886	-87.624986
61.608267	-83.141995	93.469640	65.702232	71.197117	-25.476303
98.140813	-82.841857	-86.460203	-40.417261	86.858757	79.078737
-50.398943	31.002706	62.509016	34.243858	24.642470	71.047910
-59.172390	53.395198	27.459752	-34.156298	6.539044	-61.875333
58.281106	-38.398156	-40.957174	-83.315663	17.617041	-34.976386
1.636548	-2.185129	26.996499	-87.889034	89.549515	55.733638
-44.646893	12.449423	-97.142707	85.957356	100.914110	-18.196158
1.239323	-86.825802	35.739256	95.464228	-43.447893	-22.437417
89.959280	93.394225	-13.066011	75.597295	18.699930	-35.889836
-39.150246	-83.046574	48.815781	89.724369	-91.763472	66.982861
74.318210	10.635337	-96.403068	92.533411	65.885676	4.629354
-75.728787	83.705557	-31.741989	53.544778	-38.968808	71.948651
14.710529	73.773325	-92.371524	31.934853	-32.319574	39.044169
45.470810	-1.747380	-61.866633	-25.172449	42.362707	-14.715378
32.178768	-82.229093	84.705310	88.304049	-55.368836	-82.373297
-91.106435	82.755816	25.010958	86.945099	4.587110	45.266630
-60.901953	45.959187	-98.577601	0.655702	-85.903206	-53.069766
84.401958	-19.509574	23.168764	-30.338269	-45.817651	-30.584655
11.116214	1.321407	78.973313	-76.008074	-84.649437	-54.585262
49.734674	-71.795780	-20.887606	92.002665	53.400699	24.175921
-53.831608	-52.322921	-27.495897	97.538884	-28.290134	68.300251
-98.813307	-87.584519	56.172278	75.266158	3.746697	-5.290992
9.285570	41.993123	-13.676628	96.418582	-31.831664	-12.008067
-92.550325	92.350185	53.508651	-67.993322	-80.899003	-50.521770
45.354504	-74.032533	-8.277693	58.868845	-38.700935	-28.915074
52.763316	46.249750	8.159415	-44.272764	-46.944878	50.830817
23.610453	26.257124	-89.850850	-45.112712	-48.167562	-19.743627
71.052727	-10.237657	-68.517218	-41.736018	64.273030	10.641851
64.863580	23.374080	46.467242	92.136072	-28.091413	76.507671
-10.289275	-23.364283	5.671048	-98.334992	-27.875561	-32.596481
22.748590	-23.996392	82.369142	7.604878	65.775795	16.853055
-18.098230	71.561112	86.128841	-98.162873	73.356295	-75.006332
37.091551	74.866950	-18.798333	-72.068605	20.102033	54.432099
-93.729538	-91.687528	44.973398	60.180837	-31.274913	-65.543646
70.027589	42.299361	67.481545	-90.281515	56.401956	-81.615388
33.163057	67.121908	57.811321	28.820373	88.818827	41.329318
-83.034407	-26.572695	-45.086323	17.022362	-96.969778	14.593972
90.839974	-17.099889	-10.980250	-90.587886	54.161274	-82.947917
-67.657846	-49.069654	-66.383443	-76.902023	-74.969106	28.104721
69.501518	-23.850656	-20.059716	21.221061	-61.998766	-65.384539
-68.943565	66.593675	79.978119	-21.828943	72.828948	-87.366060
-67.303276	-40.582082	-55.404048	34.587306	-31.236502	7.879053
-52.490913	45.697419	-33.741501	36.890482	-50.327756	-76.239753
-9.530388	5.404601	79.644994	78.584136	-85.969103	59.099219
91.100488	59.039785	-85.268310	-15.261156	-2.729542	-25.539887
89.346060	15.008597	74.470680	-85.802373	69.469471	41.986145
-7.795231	-63.134006	99.569421	14.488176	100.683365	39.789304
87.216327	68.341386	-34.072968	-49.134733	0.093261	54.122159
-44.357773	62.871669	0.461830	47.474421	84.766026	73.778376
-80.503660	-66.470992	32.767247	25.015561	-57.692162	-63.651060
75.620250	-31.792079	-76.857056	-43.536751	1.391033	15.396270
-93.913628	28.995556	-9.925877	48.520642	37.048786	31.732601
74.015514	-67.309956	60.586540	-50.882379	32.334564	-20.033188
-95.276028	88.760945	16.273120	-38.931952	-31.612639	-50.254794
49.232231	71.076598	5.801608	-57.925922	70.536123	-25.422290
77.817973	-39.038486	91.519162	-6.695483	-69.299060	-95.341406
45.968148	-81.477601	79.886925	-62.598156	14.348191	-82.292096
12.956558	52.339683	35.321371	55.871662	-72.417608	42.989319
40.888236	7.683291	-3.036245	-17.195503	81.169780	-74.052642
6.544479	-49.099968	-15.147539	66.516396	2.538307	83.239708
-10.011632	-60.609837	-59.807402	1.255364	-94.593774	-78.790763
75.743948	78.392361	-39.245145	70.571791	-64.351423	-8.462697
83.115066	-47.758903	-28.535523	-2.417289	8.733144	-18.813836
-19.338264	-0.311986	76.805904	-66.236674	-13.692784	75.532221
-79.969752	-81.862541	92.811085	56.036034	-11.805780	-41.173485
-67.176002	61.090017	18.351072	97.526890	43.739703	28.182611
64.388427	-85.862993	-81.728550	2.852889	60.148029	52.729069
23.366785	41.889937	-48.568702	57.233684	-20.517653	72.559374
-63.556173	-49.394140	-75.118518	-82.424561	-77.807970	-21.248544
-62.613658	49.845691	45.432191	-68.981411	-48.382265	1.597569
49.865680	-40.352552	92.896786	89.781023	94.001114	-15.200528
41.495446	78.903110	41.155306	5.392079	3.842658	43.500304
-35.767994	44.808254	-57.171409	-69.379162	49.020368	23.538543
-4.955757	-34.571769	36.578033	88.116129	-63.187494	-90.070520
-65.766356	59.899174	20.499625	-61.155283	45.947127	49.912373
44.360249	50.204189	-59.542125	16.753129	79.182893	-66.083242
-46.613441	17.867560	20.179053	-18.094466	-26.852586	-36.177623
94.960744	-80.355265	5.956600	-44.223089	-35.034693	-83.368272
-33.680924	63.752049	16.669527	33.653888	-51.763773	-52.923263
37.078401	72.765854	-5.997936	-75.860755	-43.752440	-61.289600
-92.235412	10.728988	62.292685	-37.665116	40.361443	-51.084116
-86.827370	-26.478759	-0.688738	-18.120333	12.800221	96.938333
38.050291	-9.884051	-79.465793	-19.432335	41.771204	16.611124
-95.535743	-62.739514	38.436938	-90.052550	-91.428853	67.067575
-79.436995	0.874995	19.606707	64.862712	23.786808	-67.119685
-53.263563	-13.237369	59.978122	96.679532	-90.123434	69.318383
8.678368	-95.011320	38.705332	0.084288	-36.400684	70.869987
-78.124020	-12.482629	-44.359729	-54.326175	-3.051464	21.827165
-87.313826	-28.579305	47.498007	-21.490092	56.270180	-69.560560
32.321919	-7.445613	-40.411052	-84.130627	-22.072332	-81.691973
3.896608	-84.207310	-47.655869	-40.654134	60.737564	95.615781
98.035508	-22.059160	78.044410	-17.941694	-41.111634	52.982765
48.554609	96.643744	-69.542936	88.886260	-98.476322	35.698640
99.996820	51.762234	29.118190	33.904747	56.660469	8.621501
-62.858639	-85.926752	-43.218360	-27.072617	92.268150	-11.965196
16.096904	72.301209	-53.615572	-7.752656	-83.418050	-34.282118
-52.272785	11.661200	4.402087	73.955745	69.814933	-16.416488
-96.485081	-96.329996	16.088877	-25.644101	-78.123950	49.572469
96.402860	-67.547942	5.313603	98.243450	8.104139	59.059832
91.168762	70.825596	8.407551	71.336827	-19.656301	-2.557796
-50.602863	-4.199654	-22.533771	-23.228710	27.667851	68.410570
55.286097	23.718647	22.234732	-67.204750	-55.565696	-7.316874
-72.112834	69.357480	-13.687792	31.878259	-25.250493	-97.450946
91.764517	79.690406	-43.255389	-21.152023	-96.576779	84.078190
1.155541	34.376057	-93.467992	-52.690922	75.562979	-33.925702
-3.917963	-54.908265	-96.895811	59.414383	-11.598252	56.138750
16.654096	38.646258	77.909224	-52.954018	13.089956	-41.053021
-27.977551	-1.756736	-3.499801	-58.636498	60.716218	65.235692
35.398774	16.961181	26.870605	-60.086720	83.386822	85.172636
10.799812	84.075117	16.893452	-75.875199	-37.566264	83.429165
-7.461284	95.719104	37.876067	41.293488	83.027512	-16.547562
99.509319	67.755449	69.972500	-71.741603	25.831794	58.871287
-27.215903	-4.974603	43.263732	99.689494	-38.644888	-65.878947
92.885511	-7.687989	-28.417608	33.322939	-59.859782	-37.164925
35.920958	50.291274	43.614225	-45.480253	42.132530	33.204791
35.799282	-2.966754	-88.574584	63.377257	64.122649	100.986606
52.186301	37.195287	-14.609327	27.830139	-60.007337	-56.775564
100.956598	-4.256980	-31.342128	-55.647205	84.948435	97.809322
-17.634410	-28.524414	0.417373	-14.607472	-36.784863	78.597636
-40.684201	-14.954344	12.842601	-59.891010	-15.751714	-83.577081
91.786982	-9.717245	-52.899865	-66.588596	47.644494	-37.608000
-67.941981	-80.354692	3.964042	39.531628	44.985842	-89.128239
85.765212	-90.425225	56.639034	13.794458	50.249948	18.512011
80.173441	85.374492	-91.169861	24.785903	72.405507	1.657580
-5.835417	-34.728263	-81.334157	-36.929386	-60.851531	-23.723595
-44.046096	5.701358	-43.800074	7.061018	-13.001784	19.133936
-53.419295	1.793379	-60.483663	66.499439	-18.813980	0.759944
-29.649248	-59.250916	19.308464	5.616317	3.707747	87.524457
-56.789029	5.554015	64.134886	-52.535827	59.779168	36.388814
-50.316511	91.521095	-56.328820	42.102546	-60.415337	34.733993
-33.825843	-58.015742	-54.674450	3.079129	65.182228	-47.823815
-9.718991	-20.834557	-75.604363	14.767971	-43.435699	-15.236406
-9.904162	-88.556502	-20.666288	-94.636576	45.483075	100.780503
-10.410007	-7.428879	-99.513706	-41.277405	49.594332	-22.062727
85.027805	-23.861619	78.745075	-6.585116	-69.860562	74.725364
22.014773	3.546339	-80.924848	91.887254	-48.809129	-98.744044
-70.811010	-98.800754	6.549825	92.363787	81.313615	-56.083566
95.654597	-83.384693	45.895283	72.172893	-25.904881	-80.121445
-1.433753	-52.528767	-84.686512	33.138000	36.717376	84.160050
-63.271473	46.278284	-3.640680	-0.583859	24.101990	2.317504
58.339250	-55.385474	90.703053	-34.432193	60.026825	13.408272
-62.976134	19.955685	-79.680290	96.190163	87.435000	-93.887010
-25.931104	37.675485	35.935314	68.475144	-59.551436	-66.549465
34.078549	-38.984134	10.652332	1.884303	-48.883924	38.807050
-35.546329	-23.526529	-72.550826	-29.789554	-76.338715	-82.858829
42.076911	-41.145045	0.950909	-70.159877	43.357709	-63.762151
28.671095	-25.036412	61.717969	91.596093	3.264857	-95.602106
95.714789	-65.326947	6.573972	-17.056908	67.311292	36.538062
9.444265	-62.934325	-8.101519	-54.828770	-38.004109	46.309147
29.246798	-44.216536	47.101718	-73.793938	-93.741656	17.534889
28.990155	91.007839	49.389114	30.506297	28.671840	-2.101535
-98.365392	-2.103082	35.538913	1.466313	-26.829488	-53.175548
25.811969	96.817560	93.506778	-57.838419	17.211777	80.909405
93.473772	-70.499449	-36.124845	84.062695	54.639842	14.562587
34.293177	94.221056	7.712239	-91.789475	-55.491325	40.631342
76.522978	68.850537	91.338459	55.096482	26.355099	4.877217
11.289314	90.315808	-98.443585	-39.406647	7.821079	-65.425814
-79.597052	65.942246	-16.404028	-3.116560	-99.667342	33.762328
84.149684	88.671505	24.871667	86.491876	82.159711	-48.890661
20.046994	-40.632433	-46.390296	-80.175965	-51.888855	32.770498
-17.562587	-44.950579	-42.833773	67.915224	55.768627	-55.531622
-64.521050	-44.995136	41.985900	-25.388406	-15.237538	57.566456
-51.622306	-72.292495	-0.309778	4.457107	19.224119	-45.844785
59.330628	-49.190703	97.250823	1.121374	-72.690608	-35.515114
79.660597	-96.740113	3.523688	91.137999	-15.885790	-18.696510
0.096950	-62.194177	67.886897	-35.305506	-56.405724	-21.479845
76.824229	82.645412	-20.402295	-97.432951	22.890455	85.443455
72.104681	-85.687974	-86.665474	-99.824213	-78.305316	24.302871
-30.668716	-80.257458	27.485298	54.179259	-71.958742	12.745742
68.539182	61.469136	-54.475989	74.542930	4.186463	21.000173
-88.586208	34.759434	-79.057429	89.679071	94.065415	27.853318
20.427151	-80.545827	19.210338	62.745320	75.191368	12.838781
-12.245484	21.188545	-53.422610	-20.808235	-26.115492	91.647585
-41.477430	77.309048	85.667949	70.276941	79.766574	17.515868
-38.053692	-8.596385	-65.940336	60.229029	-32.867058	-39.920817
78.015631	-87.134743	-54.152573	35.356929	-81.065373	1.098393
-60.705602	-32.632727	-7.019213	48.542381	-26.372692	26.244082
87.022608	-50.003756	-19.176489	-68.808110	1.736294	85.148242
-44.561499	79.733979	-74.811812	95.921104	47.021656	-57.521255
51.952226	26.957069	27.216846	-31.600759	-71.612023	19.401901
30.100495	-38.742407	-47.615688	17.346196	81.163798	87.661401
-49.130221	23.384676	79.185738	-27.926820	-14.073983	60.195361
96.294281	-5.222346	89.285045	35.106070	45.856430	93.203298
70.003727	54.578061	-53.560202	-75.910090	39.710505	100.464757
-76.382453	70.116116	-68.643457	22.107513	27.850519	78.352578
7.255550	-28.339402	-55.986872	40.350971	61.529930	-34.781715
-7.039800	-88.489463	47.886632	91.832532	0.808674	-22.642672
12.616784	-57.285566	-36.707075	-36.986282	81.068602	-96.547587
-7.081864	-75.226944	-81.368163	5.955939	61.585196	-56.120420
-24.989668	-35.368558	-32.753118	-52.301361	-80.542482	70.609726
-59.218794	20.594058	-60.303543	-52.503419	-9.374148	-93.255039
53.789606	-20.275320	-11.633149	6.663590	87.082735	34.404448
-30.123020	-86.596938	6.336516	64.418985	-12.663596	-15.176560
-25.699460	-45.080353	-1.487587	-77.138600	4.663328	58.804694
-56.301258	-72.913816	-40.144585	77.106440	96.505987	9.288120
-97.685631	91.736195	64.804801	-77.511657	55.307810	-45.969351
-66.333944	42.916950	-54.741885	-95.401411	-30.760959	48.552528
-60.271777	-4.187019	-14.888925	-17.237356	68.447683	-0.652832
9.619276	14.660600	-13.264417	76.104085	41.776033	64.944326
-68.075794	-26.947646	56.534557	59.648768	80.427093	-42.822592
28.293131	88.318914	-0.446829	-79.317860	-12.557428	-85.549937
39.421606	-58.233704	-91.067634	74.294732	68.368100	2.918470
75.650506	-18.641839	-67.624927	-18.000978	-7.771088	-94.721749
56.999953	-9.095536	-18.035816	-31.165890	-39.992374	-1.564378
44.871451	3.579124	36.284709	-36.237035	26.546666	-43.316953
2.193596	10.522749	32.730494	72.758663	-62.284634	-32.392373
-96.814557	-28.743040	92.300859	-27.746235	-32.385295	24.635059
5.311237	77.586966	-61.048241	98.877805	64.055073	-2.967567
64.806418	-72.863734	32.961948	71.096407	-1.943951	-60.607088
61.436028	-56.038254	30.048632	31.796527	-40.493783	-10.488604
98.874316	8.164405	85.389212	-80.599677	-64.167928	-9.503768
59.515676	87.641483	100.112350	-2.517320	53.670227	87.658104
41.470433	-59.188510	74.680885	-64.694574	15.253154	96.318823
-18.765598	99.748577	-64.128021	86.863269	-81.970541	-25.211224
100.363805	1.013924	-45.337682	-87.655960	-63.954444	69.009699
10.133016	-80.243321	-70.911334	51.667853	60.314814	93.901434
90.838673	-84.856048	-99.156858	-41.395736	-8.152301	-73.565321
97.646233	29.967821	-80.030333	-93.635536	-88.953890	66.892758
-36.363729	77.966926	14.846424	36.427066	70.580424	-41.358839
23.832528	24.020421	38.204007	98.410123	-49.036017	-97.195104
32.500390	3.717339	-8.215321	43.300989	95.947193	-20.196208
-69.127770	-18.918975	29.617307	82.701445	-37.511788	-91.821170
-45.056066	-28.436486	-99.168422	96.875561	-21.162200	-8.872288
69.082764	-14.039200	19.786116	16.163122	10.125891	47.247461
81.063243	-14.651537	-73.118283	-76.715176	46.754985	-94.877540
72.243790	18.833445	13.527467	33.786804	67.352459	8.352139
-6.693767	-92.099566	-6.544131	-55.354955	39.711164	-46.590570
72.187146	32.132489	-80.404067	32.873758	-91.741772	-64.505360
-94.496905	-44.310657	-50.568286	-26.003299	65.814496	-7.589306
93.289154	88.316840	-33.218501	-2.002104	-36.679807	51.836497
27.942671	97.147851	-50.492256	-74.127864	-50.335499	-97.698316
-97.805399	-59.883738	14.923634	97.221616	-49.816915	83.199274
-63.153111	-48.690245	6.739075	34.854465	-45.287394	-81.594921
-58.103256	-61.518599	-0.352750	4.211650	-47.163929	-8.274072
-17.976800	100.918282	-34.843531	44.053335	-30.701284	33.311855
-72.914094	-82.186357	0.662982	40.308589	42.942283	-37.916020
-1.484669	-82.107358	91.587056	62.736485	-0.513221	0.921621
66.033576	53.380105	94.467388	-83.737432	-44.993767	49.997935
-13.236192	-79.945082	62.661570	46.702368	98.202825	71.834860
3.386348	-47.107557	0.731212	-65.182957	-18.985003	-31.655103
94.764107	94.611782	-14.805926	41.577921	4.448868	-71.330664
-8.621756	43.394928	55.162215	36.258376	77.112417	57.719190
-66.710795	-83.127657	-42.574184	-32.570968	36.953688	-96.172193
66.028737	73.856456	79.722844	95.491598	-57.917880	80.791456
-38.325817	-12.275618	62.914815	-1.913885	93.183035	2.698096
-5.936246	24.337807	62.589197	13.972677	21.697294	72.947150
99.411669	-38.728603	89.787842	92.059082	-62.432912	21.713572
82.295410	31.147177	47.700797	-66.791305	64.774593	34.577431
69.673755	66.717782	-11.532616	-92.296903	85.349255	-45.357103
-31.594944	-67.055839	26.999620	50.456240	-58.712237	-23.811292
-14.985088	11.500941	90.371172	43.812754	1.177760	-25.512158
99.063002	-67.574974	-42.110160	11.225034	60.802735	-39.997840
66.063672	100.478633	17.846090	10.029326	-91.113740	72.420417
-44.226045	-90.549476	-17.011988	91.803753	-82.951999	69.075097
32.751185	64.918377	44.828352	33.431087	71.741086	50.921306
-14.531634	-73.808257	-53.553843	-45.184629	-29.078408	53.829905
19.318256	68.102478	-81.876034	59.191038	59.704624	-33.820604
-75.425184	19.008366	31.311945	84.777454	5.505492	-68.525228
56.040608	-35.080966	87.980795	24.906169	7.502206	22.895969
-25.624569	28.085871	23.232433	-2.890823	-60.143457	73.245554
57.732237	68.899785	83.860029	-23.129782	-59.057358	58.131191
93.532660	-30.051468	98.966469	58.879392	89.062543	-74.403172
-38.174445	-62.141270	26.983608	76.528309	2.340850	63.122950
69.925459	91.056315	3.593141	37.539429	-63.049670	-71.907722
24.670771	97.987075	-19.946406	-60.513421	5.523107	-74.284600
-7.228438	84.701384	30.739645	-41.437963	-25.637618	87.681998
100.809551	-4.326881	22.252758	-67.718417	41.147117	-11.525008
7.170711	43.579411	-0.266654	44.707208	-99.878301	30.406699
40.711404	13.659937	-37.085310	13.482947	-80.862841	-58.605813
-26.511356	-95.689525	24.005743	53.226887	77.196548	61.081467
-42.283992	27.444352	-17.258283	-45.686946	-71.734219	15.047188
30.515537	-92.099625	39.391414	-21.972187	99.638951	22.809186
4.702130	-13.027907	68.149613	71.876863	-80.439624	59.959916
-61.987108	61.252762	46.078337	3.993714	41.924420	96.571568
-99.357390	71.356860	-39.251153	88.261097	12.851887	-5.440159
-36.261314	32.892271	-24.865387	-36.282003	42.450031	87.384708
-90.037450	-71.094371	82.470687	-27.490333	72.883921	46.404505
42.677913	99.060552	36.338695	23.780979	-83.786008	-91.872482
59.216022	98.169073	-41.567282	44.561435	91.384985	-97.460175
63.117783	76.676873	-59.420243	-63.854211	55.336681	12.688640
-66.404744	-1.436052	-56.820795	14.686363	37.146663	-21.819601
90.093123	-62.236249	-31.463754	-94.572789	52.613118	-53.223212
4.256711	-96.754961	72.256567	31.699168	-85.823323	-71.754713
-42.961791	33.910930	8.908783	-82.077252	-90.299351	-58.445755
-67.104085	98.405876	-38.428459	-59.513758	-26.877344	-40.052171
-90.664287	12.767396	47.694150	56.531787	77.986592	-11.000049
-39.781385	-98.184320	-19.462695	-86.129988	-12.475285	11.219404
39.692465	-49.399137	-55.710217	-43.353554	-28.939300	30.780805
85.083829	-59.727414	-79.309968	72.341737	100.641739	45.017979
-73.623488	-51.075970	-0.985260	-15.716299	15.455664	-20.098167
-40.998558	-30.932773	-71.669032	4.247167	-32.822900	17.832408
40.877927	-14.906804	-51.559181	-96.714295	58.861927	87.698411
84.066732	55.357850	44.186013	90.174682	84.292122	41.021679
88.157396	27.896617	-65.453389	6.831495	86.719492	-1.996348
-40.805258	-16.707153	0.071707	-34.113655	-90.572091	28.911209
-10.279677	-51.818891	0.399671	27.612354	-71.079609	17.121430
36.141233	22.679881	40.007463	-73.334826	-85.215387	-70.957847
-16.665877	59.856242	96.392559	-0.883138	34.909531	79.416621
-57.707673	-95.919116	92.282608	71.773705	27.963701	-3.744962
70.881706	-24.943621	22.927808	72.725668	83.007849	74.719261
-29.470695	-63.352906	79.073929	-55.294462	39.819762	-25.815758
-80.133725	5.550206	62.837534	81.920819	-7.663602	50.624465
87.295014	-66.773890	-57.060370	-89.944368	76.326348	100.793094
58.245639	-59.342989	36.361176	84.816850	17.406566	-44.401240
-12.423058	61.345969	15.119170	-71.481549	-88.374598	4.201808
23.525571	3.279543	-30.394808	-40.723898	35.549609	72.690305
-40.414953	-46.901713	-12.749631	-33.879442	35.154868	-8.711954
-32.768331	68.289482	3.790815	99.202950	-68.804747	-3.865623
-73.647214	36.957932	17.342305	59.685624	7.486130	55.917091
-88.456566	56.162320	6.035915	19.661362	-77.279638	86.064839
-94.831021	-22.502563	-17.151063	79.954124	-28.334462	-32.480356
41.835238	79.746034	43.845676	89.925043	52.349768	-53.061556
-57.502643	-79.095383	14.856678	-37.430971	61.755307	52.001299
-69.218563	-47.018265	-84.109141	-66.835808	-4.645408	21.995865
58.389286	-15.327012	-12.113956	25.952426	32.662242	19.430727
65.134444	-50.071058	-66.454758	-31.725543	99.383308	97.634481
-59.754725	-98.147852	84.590702	94.675184	40.088059	-99.556127
-72.076578	-19.708056	76.497873	-74.496648	-27.788646	52.294107
-48.926733	34.859998	-2.340078	-73.084115	2.156440	10.088056
89.113486	-28.863701	95.337248	32.732880	-66.179514	-43.871097
-92.169163	-72.043145	56.128059	55.174426	-22.643767	-86.817838
-38.748629	-44.869120	-53.497574	77.778105	-17.795476	-68.233602
-39.614848	-40.190350	36.529812	-65.520431	-81.544743	-9.939727
6.399929	-89.278033	-34.450318	-42.816877	36.492269	-4.096510
-20.278081	41.935528	94.048737	58.196636	19.206903	19.539060
-62.535829	-44.427243	1.618966	18.443469	13.412750	97.234466
-10.516377	33.428229	28.424102	84.029895	-94.986282	0.673512
-3.184058	74.927282	-11.838778	-67.366353	-80.618103	-70.047316
-50.921252	18.718430	71.794153	-99.215426	-93.130968	-53.000181
-70.396857	-92.861515	-80.566255	62.030324	35.054488	-89.440927
82.708542	13.201729	-4.194862	27.468282	-43.866287	-99.199233
72.087189	43.588553	73.646585	-29.825720	-95.438966	25.428792
-77.690729	47.551082	-62.519562	19.089433	6.245256	37.110725
-31.423030	40.268480	-90.479762	84.807840	69.760536	61.568189
26.256386	-62.506203	100.362411	-91.100482	-58.070219	-43.674936
93.360167	93.258733	-70.612314	10.859246	-49.692554	68.235441
48.429996	-69.510220	99.314284	-8.441081	-48.480197	55.225228
-68.114846	-62.242073	-9.659276	20.464672	22.809964	15.911557
46.206671	19.207461	-91.327521	45.994544	71.894862	-71.936420
-32.595708	83.890442	61.217131	-14.941149	-34.400846	58.681058
15.319562	-43.786690	-60.451685	-75.939948	40.338515	-15.995562
-0.033143	14.330619	26.115376	-16.158162	88.567078	65.368676
-16.954621	61.671807	66.117592	-52.414071	-21.679040	-42.732788
-47.347699	-26.476783	84.509362	100.290280	-97.897706	-39.298288
38.809696	-98.524818	-5.772823	-3.329290	-67.125587	-37.550584
71.761171	53.210914	69.380756	-58.106994	14.295046	5.818465
-6.539784	91.518931	-85.247499	-29.593048	5.254360	-89.725243
8.691228	17.417231	64.882011	59.111655	19.561013	-97.573811
42.961073	74.784791	-63.157358	54.808809	-97.570627	78.842737
58.720528	35.548536	41.785749	-16.232809	-13.674692	30.949528
-91.040994	-90.970828	-78.317216	-67.232714	61.869752	7.949200
-87.668359	-8.224633	90.800882	-68.617994	-55.700244	43.989466
6.173020	92.425620	11.053534	21.128884	43.174288	67.992754
99.629040	28.617112	-42.450067	-51.537606	-27.040090	-6.302769
81.147042	22.709200	51.702742	100.214389	49.674189	-0.445404
43.726314	-5.958509	-63.346366	29.877721	-96.917926	48.119997
-19.850284	-63.055447	-81.895791	-66.022485	-22.217291	-28.228122
-67.044900	-22.209580	80.642646	-50.717618	-32.773135	-34.838531
38.685254	60.008317	-74.240657	84.322249	45.544560	-20.776213
79.644662	-72.457685	45.740225	-35.370858	14.815725	37.391503
-24.243906	-23.671064	60.099466	-76.140317	-40.079230	-28.028096
-58.221523	-19.322770	9.452411	-23.387446	-94.511955	-62.515770
-17.991933	35.764954	-69.311128	34.431700	-17.938234	57.672572
-64.649717	18.053402	-75.922601	-59.464809	75.707853	26.453154
-9.617931	24.541487	74.276012	39.369589	-21.303420	-17.625896
85.434900	16.077415	17.033449	-49.745391	-63.068823	-94.333159
92.348571	-23.029852	-71.062261	62.287092	19.639585	-22.959757
86.177477	37.882894	-44.569003	50.774968	72.531245	92.564556
-92.063761	3.393911	66.037993	-5.246115	-65.169064	64.066894
18.684821	99.930671	-19.864439	45.557011	70.872322	40.338969
84.157583	-41.093220	21.533756	32.000945	1.790193	-96.146547
6.334231	5.375382	92.851876	-57.585201	57.786235	-61.823309
-59.078281	50.560361	15.503312	45.574562	-4.737815	11.056816
70.923982	-17.417672	-24.099702	-12.629467	42.025416	-34.661941
-80.090407	42.037596	-44.129821	9.827093	-9.041725	-67.723221
60.986251	41.010358	70.813763	-45.089218	-47.333339	-7.159335
75.541492	6.746440	-92.813561	92.988586	-12.673152	-16.736858
61.186810	100.640440	20.484287	-22.129655	-36.478778	16.746024
-74.751201	98.823217	-55.199987	0.085787	54.533231	-97.139458
0.481501	21.673237	-2.083269	-66.790207	64.329807	61.993376
87.585704	2.225023	47.399913	-14.346523	38.759767	84.094776
-51.058187	-41.583776	-27.531630	62.602766	81.743477	53.319466
-29.617725	82.527230	17.894044	-84.875024	49.578557	-54.581484
-75.341316	71.308758	73.807293	-27.381072	11.598927	-92.956612
4.055648	47.678363	20.090761	71.412097	-42.929047	-16.933395
99.410502	-79.078575	-0.148643	7.564094	77.021075	78.075602
25.407768	3.465915	-60.303556	17.199879	-5.561850	47.170923
6.106999	22.365418	-53.659194	-1.587003	-21.776917	-46.052257
-89.616717	83.910907	100.331726	-84.091670	-84.185382	41.253785
-39.194242	-91.664326	22.744547	-86.591361	26.844336	96.954742
-42.416849	25.539568	56.119481	15.576820	-86.612157	77.411531
71.391421	-78.189301	16.186962	85.930023	-9.815657	-98.480217
-48.565821	14.756451	-13.996579	51.317109	-43.284331	45.309518
-3.995223	-90.070917	-64.542486	77.537738	76.415033	-17.669463
-18.450029	61.104612	-92.422549	98.922645	-35.648192	-36.424301
