100.000000	0.000000	20.974150	10.428175	18.101324	10.410577
100.000000	0.000000	21.298762	10.427905	18.309976	10.605180
100.000000	0.000000	20.888513	10.661163	18.017303	10.283711
100.000000	0.000000	21.453136	10.682188	18.026051	10.184618
100.000000	0.000000	21.035802	10.684453	17.935675	10.569110
100.000000	0.000000	20.951724	10.668422	17.919822	9.976808
100.000000	0.000000	20.918551	10.565045	18.129735	10.313341
100.000000	0.000000	21.307349	10.862500	18.337421	10.521161
100.000000	0.000000	21.251577	10.458997	18.288080	10.491576
100.000000	0.000000	21.006007	10.405800	17.748691	10.155379
100.000000	0.000000	20.534434	10.541315	17.922190	10.127378
100.000000	0.000000	21.443473	10.462646	18.172258	10.080446
100.000000	0.000000	20.886881	10.654966	17.851710	10.438970
100.000000	0.000000	21.308580	10.643242	18.425176	10.742605
100.000000	0.000000	20.799851	10.558090	18.297307	10.487875
100.000000	0.000000	21.270692	10.266607	18.043830	10.628509
100.000000	0.000000	21.074164	10.266868	18.259734	10.500359
100.000000	0.000000	21.296320	10.579747	18.291293	10.532186
100.000000	0.000000	21.106688	10.541674	18.372131	10.542049
100.000000	0.000000	20.924283	10.880019	18.108997	10.467315
100.000000	0.000000	21.026397	10.501366	17.943285	10.257875
100.000000	0.000000	21.213456	10.522338	17.877539	10.125701
100.000000	0.000000	21.080911	10.437295	18.090178	10.488757
100.000000	0.000000	21.224470	10.773805	18.071445	10.352815
100.000000	0.000000	21.450297	10.842093	18.209836	10.147226
100.000000	0.000000	21.290102	10.511451	18.214351	10.401252
100.000000	0.000000	20.982960	10.346533	18.137560	10.532852
100.000000	0.000000	21.405286	10.721341	18.408823	10.557103
100.000000	0.000000	21.212680	10.289068	18.320568	10.260920
100.000000	0.000000	21.076263	10.556800	17.990335	10.449823
100.000000	0.000000	21.566244	10.586085	18.262058	10.399559
100.000000	0.000000	21.334289	10.478573	18.167855	10.449432
100.000000	0.000000	21.002981	10.482007	17.901446	10.131709
100.000000	0.000000	21.176007	10.774304	18.372873	10.774823
100.000000	0.000000	21.165185	10.480101	18.328169	10.500730
100.000000	0.000000	21.111233	10.731554	18.069500	10.313927
100.000000	0.000000	20.903305	10.551168	18.168998	10.338997
100.000000	0.000000	20.995571	10.506967	18.113400	10.457242
100.000000	0.000000	21.057807	10.539700	17.904118	10.289132
100.000000	0.000000	21.244260	10.480367	17.960321	10.177498
100.000000	0.000000	21.216803	10.789899	18.278765	10.406546
100.000000	0.000000	21.123469	10.335210	17.980133	10.353178
100.000000	0.000000	21.315514	10.486114	17.966719	10.152345
100.000000	0.000000	21.561155	10.583885	18.275395	10.459795
100.000000	0.000000	21.229001	10.682621	17.946862	10.160189
100.000000	0.000000	21.010668	10.755985	18.172811	10.408713
100.000000	0.000000	21.019729	10.639134	18.095605	10.489772
100.000000	0.000000	21.470872	10.146749	18.712957	10.712914
100.000000	0.000000	20.960152	10.445511	17.846217	10.289006
100.000000	0.000000	20.965113	10.228689	17.868812	10.233271
100.000000	0.000000	21.238238	10.612833	18.530139	10.419060
100.000000	0.000000	21.388272	10.519405	18.312363	10.598202
100.000000	0.000000	21.179295	10.531512	18.018683	10.283309
100.000000	0.000000	20.947879	10.672664	18.003857	10.252970
100.000000	0.000000	21.197804	10.492328	17.949985	10.356677
100.000000	0.000000	21.420067	10.810035	18.212854	10.467642
100.000000	0.000000	21.452438	10.603581	18.516575	10.622382
100.000000	0.000000	21.250490	10.406993	18.099559	10.434939
100.000000	0.000000	21.330218	10.379355	18.339815	10.369827
100.000000	0.000000	21.385197	10.791414	18.284685	10.433582
100.000000	0.000000	21.066092	10.427524	17.839198	10.176547
100.000000	0.000000	21.221274	10.943782	18.290791	10.505613
100.000000	0.000000	21.176967	10.460527	18.477258	10.617847
100.000000	0.000000	21.264371	10.820257	18.182331	10.395669
100.000000	0.000000	20.875682	10.549839	18.202350	10.521396
100.000000	0.000000	20.790869	10.234107	18.080114	10.417266
100.000000	0.000000	21.134312	10.744784	18.118535	10.400927
100.000000	0.000000	21.381605	10.466705	18.533674	10.791377
100.000000	0.000000	21.295427	10.747910	18.111299	10.277751
100.000000	0.000000	21.251824	10.638709	18.175182	10.396827
100.000000	0.000000	21.278950	10.607748	18.233880	10.426037
100.000000	0.000000	21.102809	10.717424	17.879628	9.986428
100.000000	0.000000	20.602767	10.626232	18.019695	10.377907
100.000000	0.000000	21.235519	10.905116	18.203103	10.165708
100.000000	0.000000	21.194709	10.887965	18.226127	10.476729
100.000000	0.000000	21.024970	10.515218	18.158731	10.357926
100.000000	0.000000	21.029091	10.409281	18.092790	10.580099
100.000000	0.000000	21.142324	10.695999	18.566777	10.701591
100.000000	0.000000	21.082998	10.825993	17.804509	10.170111
100.000000	0.000000	21.257320	10.465737	18.264353	10.408929
100.000000	0.000000	21.407693	10.382416	18.164945	10.493642
100.000000	0.000000	21.575791	10.826209	18.391246	10.312135
100.000000	0.000000	21.106188	10.595937	18.466381	10.603288
100.000000	0.000000	21.353951	10.707769	18.418401	10.707685
100.000000	0.000000	21.776873	10.574702	18.644180	10.686873
100.000000	0.000000	21.128074	10.363361	18.393561	10.620621
100.000000	0.000000	21.142215	10.900142	18.004435	10.403896
100.000000	0.000000	20.703475	10.483505	18.030367	10.349208
100.000000	0.000000	20.838961	10.143600	18.047278	10.245294
100.000000	0.000000	21.054877	10.551444	18.101720	10.475677
100.000000	0.000000	21.599012	10.977800	18.385628	10.700451
100.000000	0.000000	21.264284	10.621641	18.351369	10.473002
100.000000	0.000000	20.879487	10.685380	17.987209	10.484981
100.000000	0.000000	21.313866	10.521569	18.230339	10.642754
100.000000	0.000000	21.043137	10.590913	18.006109	10.224527
100.000000	0.000000	21.183824	10.800723	18.168853	10.501021
100.000000	0.000000	21.242842	10.671506	18.364632	10.550135
100.000000	0.000000	21.073539	10.438449	18.043291	10.194197
100.000000	0.000000	21.168761	10.477459	18.476193	10.705380
100.000000	0.000000	20.954275	10.795485	18.084094	10.421423
100.000000	0.000000	21.316777	10.561044	18.029480	10.040097
100.000000	0.000000	21.535991	10.466408	18.188779	10.574762
100.000000	0.000000	21.417517	10.521806	18.163538	10.386058
100.000000	0.000000	20.794125	10.197706	18.187247	10.503545
100.000000	0.000000	21.189303	10.589854	18.133781	10.427138
100.000000	0.000000	21.342682	10.202926	18.300379	10.634261
100.000000	0.000000	21.273240	10.272574	18.129547	10.295000
100.000000	0.000000	20.834110	10.467838	18.079172	10.310137
100.000000	0.000000	20.838678	10.837392	17.994157	10.236929
100.000000	0.000000	21.069412	10.626769	18.120598	10.306728
100.000000	0.000000	21.613989	10.425635	18.370154	10.270370
100.000000	0.000000	21.188924	10.844547	18.090765	10.574359
100.000000	0.000000	21.275807	10.280663	18.371056	10.498981
100.000000	0.000000	21.059311	10.773327	18.052187	10.402899
100.000000	0.000000	21.023860	10.445703	18.011532	10.373940
100.000000	0.000000	20.421603	10.468347	18.090048	10.578399
100.000000	0.000000	21.254898	10.654364	18.468963	10.814335
100.000000	0.000000	21.333450	10.280542	18.190958	10.210048
100.000000	0.000000	20.798343	10.398647	18.132031	10.428877
100.000000	0.000000	21.087563	10.521952	18.314028	10.568960
100.000000	0.000000	21.109537	10.317519	18.446308	10.796026
100.000000	0.000000	21.393402	10.671443	18.417576	10.515816
100.000000	0.000000	20.789430	10.229783	17.926267	10.359823
100.000000	0.000000	20.847466	10.782284	17.991637	10.335374
100.000000	0.000000	21.412472	10.882662	18.273605	10.604374
100.000000	0.000000	21.318808	10.580419	18.298033	10.442573
100.000000	0.000000	21.053070	10.626805	18.052893	10.484250
100.000000	0.000000	21.076021	10.581349	17.978914	10.298132
100.000000	0.000000	21.257484	10.642598	18.078004	10.288471
100.000000	0.000000	21.288804	10.664153	18.072384	10.500123
100.000000	0.000000	21.259198	10.689720	17.966639	10.313833
100.000000	0.000000	21.254593	10.583509	18.274644	10.414884
100.000000	0.000000	20.937207	10.382222	18.443085	10.626199
100.000000	0.000000	20.780510	10.292545	18.045735	10.332559
100.000000	0.000000	21.223523	10.330724	18.277726	10.716566
100.000000	0.000000	21.546483	10.771585	18.413119	10.575071
100.000000	0.000000	21.495304	10.522898	18.446561	10.664258
100.000000	0.000000	21.399841	10.656771	18.490120	10.744960
100.000000	0.000000	20.858939	10.682717	17.962638	10.398588
100.000000	0.000000	20.856431	10.647046	18.192908	10.406217
100.000000	0.000000	21.099477	10.714210	18.255760	10.497957
100.000000	0.000000	21.071806	10.705411	17.830953	10.387153
100.000000	0.000000	21.071484	10.519616	18.601106	10.692436
100.000000	0.000000	21.388249	10.920572	18.187004	10.347468
100.000000	0.000000	21.044583	10.023595	18.093495	10.694194
100.000000	0.000000	21.175157	10.812682	18.110029	10.291252
100.000000	0.000000	21.213951	10.754427	18.311084	10.530541
100.000000	0.000000	21.017871	10.552500	18.074944	10.160869
100.000000	0.000000	21.179581	10.444322	18.034646	10.353881
100.000000	0.000000	21.146496	10.522349	17.979450	10.415064
100.000000	0.000000	21.060889	10.284796	18.203466	10.454454
100.000000	0.000000	21.053739	10.345085	18.124413	10.291959
100.000000	0.000000	21.419755	10.422517	18.350588	10.484523
100.000000	0.000000	20.938221	10.758658	18.086804	10.325434
100.000000	0.000000	21.579127	10.851986	18.288154	10.526393
100.000000	0.000000	21.215140	10.605743	18.254694	10.507034
100.000000	0.000000	21.081059	10.818483	18.050608	10.087386
100.000000	0.000000	21.069265	10.293671	18.308344	10.288935
100.000000	0.000000	20.957623	10.442172	18.091432	10.332895
100.000000	0.000000	21.385762	11.056281	18.025816	10.338280
100.000000	0.000000	21.320719	10.429411	17.889780	10.270910
100.000000	0.000000	21.482735	10.641773	18.369292	10.518591
100.000000	0.000000	20.897195	10.396409	17.962841	10.399349
100.000000	0.000000	21.383509	10.592762	17.987858	10.435165
100.000000	0.000000	21.398769	10.708267	18.289362	10.652698
100.000000	0.000000	21.262860	10.927712	18.071313	10.339462
100.000000	0.000000	21.061035	10.554915	18.472829	10.410182
100.000000	0.000000	21.076814	10.706579	18.018849	10.139627
100.000000	0.000000	21.331816	10.621757	17.963899	10.357677
100.000000	0.000000	21.181676	10.468280	18.142198	10.650142
100.000000	0.000000	21.130334	10.861994	18.162955	10.455249
100.000000	0.000000	20.965349	10.594632	17.720925	10.078765
100.000000	0.000000	21.153761	10.463472	18.233895	10.324101
100.000000	0.000000	20.937204	10.688956	18.058349	10.169765
100.000000	0.000000	21.053004	10.680653	18.118640	10.466660
100.000000	0.000000	21.350036	10.872898	18.415585	10.687857
100.000000	0.000000	20.961387	10.748303	17.842907	10.398825
100.000000	0.000000	21.225682	10.477931	18.076584	10.471158
100.000000	0.000000	21.168408	10.485859	18.051641	10.188078
100.000000	0.000000	20.691632	10.507111	18.076211	10.367794
100.000000	0.000000	20.880883	10.405969	18.282976	10.436149
100.000000	0.000000	21.005840	10.638984	17.750119	10.087272
100.000000	0.000000	20.994297	10.136945	18.080185	10.282412
100.000000	0.000000	21.178209	10.231266	18.336946	10.346514
100.000000	0.000000	21.321981	10.350231	18.127488	10.467458
100.000000	0.000000	21.190611	10.811563	18.230903	10.398520
100.000000	0.000000	21.190030	10.241758	18.317713	10.521570
100.000000	0.000000	21.067620	10.212849	17.957356	10.082252
100.000000	0.000000	20.863506	10.346032	18.314436	10.193526
100.000000	0.000000	21.314102	10.647873	18.476924	10.612959
100.000000	0.000000	21.628729	10.650766	18.391184	10.337924
100.000000	0.000000	21.048222	10.656323	17.982764	10.447635
100.000000	0.000000	21.406060	10.751949	18.190032	10.417332
100.000000	0.000000	21.339782	10.271231	18.414853	10.460111
100.000000	0.000000	21.431450	10.666310	18.353181	10.616098
100.000000	0.000000	21.146053	10.702004	18.174611	10.265775
100.000000	0.000000	21.021030	10.404975	18.291144	10.631981
100.000000	0.000000	20.959054	10.633939	17.854601	10.253294
100.000000	0.000000	21.082983	10.300844	18.153909	10.210999
100.000000	0.000000	21.258597	10.516732	18.442072	10.918288
100.000000	0.000000	21.092668	10.218891	18.069013	10.336626
100.000000	0.000000	20.952808	10.149486	18.217396	10.479474
100.000000	0.000000	21.215185	10.141475	18.400535	10.436334
100.000000	0.000000	20.778000	10.633238	17.993679	10.155386
100.000000	0.000000	21.349095	10.444396	18.075111	10.151342
100.000000	0.000000	21.130131	10.607674	18.310858	10.581244
100.000000	0.000000	21.365732	10.719838	18.367510	10.484776
100.000000	0.000000	21.307004	10.269460	17.998592	10.102608
100.000000	0.000000	21.171296	10.374220	18.011911	10.652038
100.000000	0.000000	20.815264	10.297277	17.708181	10.123830
100.000000	0.000000	21.206030	10.535027	18.398840	10.466356
100.000000	0.000000	21.182041	10.358524	18.356216	10.302711
100.000000	0.000000	21.104752	10.697920	18.181959	10.381309
100.000000	0.000000	21.010567	10.638098	18.155787	10.259251
100.000000	0.000000	21.279117	10.340345	18.443993	10.353189
100.000000	0.000000	21.097714	10.807871	17.923992	10.122874
100.000000	0.000000	21.252057	10.359673	18.212052	10.663697
100.000000	0.000000	21.030142	10.825823	18.262933	10.526033
100.000000	0.000000	21.418487	10.606881	18.400626	10.664472
100.000000	0.000000	21.359367	10.550753	18.487349	10.519308
100.000000	0.000000	21.243866	10.602905	18.345609	10.539356
100.000000	0.000000	20.865194	10.421144	17.851420	10.202196
100.000000	0.000000	21.420662	10.513914	18.485252	10.615142
100.000000	0.000000	21.274842	10.802289	18.337501	10.464891
100.000000	0.000000	21.080772	10.719008	18.507563	10.710369
100.000000	0.000000	21.421375	10.874204	18.206063	10.465947
100.000000	0.000000	20.879478	10.607667	18.147223	10.347097
100.000000	0.000000	21.292454	10.535054	18.371751	10.414244
100.000000	0.000000	21.246145	10.529033	18.186932	10.479800
100.000000	0.000000	20.612057	10.213976	18.011591	10.262459
100.000000	0.000000	21.230469	10.898509	18.209486	10.447841
100.000000	0.000000	21.169075	10.477869	18.238258	10.513397
100.000000	0.000000	21.274514	10.892211	18.238901	10.273756
100.000000	0.000000	21.508069	10.571197	18.125244	10.258883
100.000000	0.000000	21.496771	10.906170	18.214848	10.500085
100.000000	0.000000	21.357801	10.467951	18.309998	10.495605
100.000000	0.000000	21.374659	10.646895	18.193654	10.329715
100.000000	0.000000	21.088014	10.792626	18.061950	10.340479
100.000000	0.000000	21.145282	10.371918	18.345322	10.625875
100.000000	0.000000	21.017916	10.499690	18.146443	10.508453
100.000000	0.000000	21.283837	10.428322	18.271155	10.573877
100.000000	0.000000	21.090142	10.281166	18.007105	10.235579
100.000000	0.000000	21.093308	10.899962	18.166971	10.287977
100.000000	0.000000	20.975283	10.256841	17.933272	10.142343
100.000000	0.000000	20.849188	10.388639	18.083601	10.444535
100.000000	0.000000	21.530836	10.538970	18.481015	10.558451
100.000000	0.000000	21.018407	10.555375	18.138728	10.536599
100.000000	0.000000	21.176520	10.840285	18.341378	10.469551
100.000000	0.000000	21.171255	10.638431	18.354736	10.563485
100.000000	0.000000	21.081494	10.754260	18.359459	10.327906
100.000000	0.000000	21.680037	10.514149	18.469217	10.447570
100.000000	0.000000	21.240952	10.476750	18.390701	10.580346
100.000000	0.000000	21.157248	10.702823	18.086413	10.405032
100.000000	0.000000	21.263182	10.417095	18.207243	10.468925
100.000000	0.000000	20.784319	10.686385	18.155722	10.572911
100.000000	0.000000	21.291761	10.581969	18.205412	10.495772
100.000000	0.000000	21.224335	10.492947	18.279098	10.369002
100.000000	0.000000	21.238215	10.204320	17.752971	10.272886
100.000000	0.000000	21.069055	10.616720	18.110937	10.657389
100.000000	0.000000	21.293185	10.468753	18.062742	10.272597
100.000000	0.000000	21.448417	10.736978	18.378918	10.615994
100.000000	0.000000	20.927340	10.562616	18.356140	10.308227
100.000000	0.000000	21.144734	10.293180	18.138403	10.437894
100.000000	0.000000	21.233200	10.739472	18.323489	10.401300
100.000000	0.000000	21.292026	10.201918	18.229353	10.370282
100.000000	0.000000	21.144837	10.681836	18.147028	10.350899
100.000000	0.000000	20.605072	10.195326	17.938003	10.184995
100.000000	0.000000	21.102198	10.443007	18.180646	10.406053
100.000000	0.000000	21.001619	10.507894	18.264948	10.652797
100.000000	0.000000	21.155869	10.387779	18.127152	10.433632
100.000000	0.000000	21.306811	10.536252	18.585888	10.695832
100.000000	0.000000	21.641419	10.325006	18.471331	10.621140
100.000000	0.000000	21.186481	10.639018	18.556396	10.660556
100.000000	0.000000	20.601339	10.819359	17.980444	10.307495
100.000000	0.000000	21.309292	10.379419	18.261847	10.332362
100.000000	0.000000	21.171080	10.586879	18.430212	10.478144
100.000000	0.000000	21.457143	10.593343	18.408158	10.294954
100.000000	0.000000	20.795182	10.424778	18.035613	10.388135
100.000000	0.000000	21.242243	10.584596	17.893031	10.280708
100.000000	0.000000	21.203194	10.440776	18.216707	10.253908
100.000000	0.000000	20.959553	10.688678	17.930201	10.258674
100.000000	0.000000	21.002269	10.761543	18.053485	10.342368
100.000000	0.000000	21.376065	10.640479	18.140076	10.282600
100.000000	0.000000	21.292130	10.964590	18.313704	10.297131
100.000000	0.000000	21.266015	10.532465	18.217604	10.414552
100.000000	0.000000	20.932166	10.553056	18.455098	10.567620
100.000000	0.000000	21.254826	10.674246	18.069927	10.454580
100.000000	0.000000	21.406248	10.983303	18.406309	10.537075
100.000000	0.000000	20.907560	10.736141	18.149164	10.396067
100.000000	0.000000	21.190525	10.177297	18.154507	10.410501
100.000000	0.000000	21.082266	10.396946	18.195993	10.499839
100.000000	0.000000	21.134375	10.493183	17.833773	10.256254
100.000000	0.000000	21.276279	10.567920	18.202368	10.474100
100.000000	0.000000	21.264671	10.628854	18.119271	10.346948
100.000000	0.000000	20.766287	10.382401	18.041058	10.398062
100.000000	0.000000	21.098986	10.751529	18.552988	10.634466
100.000000	0.000000	21.138025	10.511542	18.069608	10.316214
100.000000	0.000000	21.119193	10.571246	18.205854	10.576824
100.000000	0.000000	20.838432	10.392572	18.006546	10.173095
100.000000	0.000000	21.571013	10.523991	18.542818	10.664427
100.000000	0.000000	20.925322	10.434860	18.037934	10.283955
100.000000	0.000000	21.006717	10.068207	18.271343	10.485970
100.000000	0.000000	21.431171	10.658207	18.479475	10.457007
100.000000	0.000000	20.950968	10.392920	18.079715	10.331417
100.000000	0.000000	21.320148	10.533737	18.224974	10.416224
100.000000	0.000000	21.263849	10.497472	18.235148	10.377219
100.000000	0.000000	21.073088	10.536810	18.398535	10.672501
100.000000	0.000000	20.989423	10.796831	17.958846	10.415785
100.000000	0.000000	20.967392	10.611483	18.168002	10.339578
100.000000	0.000000	21.347100	10.520101	18.323700	10.688696
100.000000	0.000000	21.189635	10.461180	18.108060	10.283182
100.000000	0.000000	21.248460	10.579376	18.339735	10.366394
100.000000	0.000000	21.480225	10.509543	18.487727	10.700130
100.000000	0.000000	21.052225	10.280851	18.004533	10.500570
100.000000	0.000000	21.483623	10.927943	18.690910	10.773322
100.000000	0.000000	21.580776	10.704745	18.443384	10.399069
100.000000	0.000000	21.558291	10.540885	18.491999	10.777280
100.000000	0.000000	21.105558	10.358300	18.221738	10.465162
100.000000	0.000000	21.224377	10.712991	18.472160	10.745632
100.000000	0.000000	21.592052	10.801998	18.408619	10.428145
100.000000	0.000000	20.952658	10.512328	17.951435	10.306107
100.000000	0.000000	21.042086	10.226455	18.119649	10.204092
100.000000	0.000000	21.232980	10.485522	18.090026	10.399809
100.000000	0.000000	21.205829	10.175381	17.997587	10.294964
100.000000	0.000000	21.507659	10.507048	18.524237	10.523103
100.000000	0.000000	21.128825	10.668571	18.157917	10.540844
100.000000	0.000000	20.495756	10.725106	17.887656	10.314459
100.000000	0.000000	21.304715	10.584588	18.258974	10.598992
100.000000	0.000000	21.307126	10.212521	18.511756	10.578791
100.000000	0.000000	21.471759	10.537083	18.374687	10.210999
100.000000	0.000000	21.169697	10.355089	18.257394	10.310015
100.000000	0.000000	21.112204	10.750589	18.156432	10.222882
100.000000	0.000000	21.545567	10.582107	18.419130	10.478820
100.000000	0.000000	21.092172	10.655826	18.179290	10.616929
100.000000	0.000000	21.120256	10.758943	18.113231	10.337483
100.000000	0.000000	21.071637	10.887045	17.876888	10.399802
100.000000	0.000000	21.339488	10.629511	18.138971	10.360267
100.000000	0.000000	21.178906	10.501555	18.105418	10.184293
100.000000	0.000000	21.237956	10.935623	18.102522	10.438218
100.000000	0.000000	21.068669	10.393469	18.250083	10.499303
100.000000	0.000000	21.406055	10.867650	18.399520	10.509172
100.000000	0.000000	21.440742	10.408202	18.411670	10.416380
100.000000	0.000000	21.166465	10.610474	17.978150	10.173499
100.000000	0.000000	20.794342	10.543813	18.080176	10.017013
100.000000	0.000000	21.120547	10.761914	18.702080	10.516488
100.000000	0.000000	21.532171	10.456434	18.252896	10.451647
100.000000	0.000000	21.151635	11.164235	18.220647	10.522202
100.000000	0.000000	21.283955	10.591028	17.835831	10.493736
100.000000	0.000000	21.174636	10.588782	18.283252	10.518935
100.000000	0.000000	21.417225	10.543066	18.329219	10.346342
100.000000	0.000000	21.231880	10.696951	18.003686	10.305689
100.000000	0.000000	21.100636	10.587622	18.149889	10.542485
100.000000	0.000000	21.499163	10.634031	18.114568	10.311727
100.000000	0.000000	20.865286	10.402716	17.828016	10.392364
100.000000	0.000000	21.110326	10.327532	18.154542	10.300916
100.000000	0.000000	21.257122	10.652315	18.286336	10.500195
100.000000	0.000000	21.256733	10.302888	18.602443	10.612071
100.000000	0.000000	21.358944	10.616998	18.380933	10.713391
100.000000	0.000000	21.145244	10.485167	18.167951	10.473167
100.000000	0.000000	21.053591	10.576300	18.168932	10.419173
100.000000	0.000000	21.329091	10.256034	18.152340	10.405731
100.000000	0.000000	21.380178	10.203483	18.389490	10.409463
100.000000	0.000000	20.722784	10.730503	18.197461	10.384135
100.000000	0.000000	21.227563	10.649597	18.174620	10.721351
100.000000	0.000000	21.061517	10.492030	18.176373	10.439874
100.000000	0.000000	21.274281	10.416980	18.259604	10.568398
100.000000	0.000000	21.212247	10.805126	17.818610	10.145346
100.000000	0.000000	21.272605	10.545443	18.359235	10.500280
100.000000	0.000000	21.031207	10.416249	18.200694	10.217262
100.000000	0.000000	20.995800	10.399507	18.502354	10.603564
100.000000	0.000000	20.732301	10.387271	17.873611	10.327771
100.000000	0.000000	21.084939	10.255954	18.355304	10.582680
100.000000	0.000000	21.510007	10.570193	18.279645	10.444495
100.000000	0.000000	20.857609	10.402489	18.031298	10.237717
100.000000	0.000000	21.414501	10.578845	18.294857	10.665218
100.000000	0.000000	21.282123	10.806933	18.063697	10.275753
100.000000	0.000000	21.611326	10.535498	18.481584	10.532658
100.000000	0.000000	21.074553	10.617071	17.735859	9.986707
100.000000	0.000000	20.999213	10.623012	18.065874	10.373104
100.000000	0.000000	20.990112	10.554596	18.373860	10.298939
100.000000	0.000000	21.087010	10.384465	18.270356	10.620756
100.000000	0.000000	21.492623	10.544613	18.006651	10.169465
100.000000	0.000000	21.475412	10.533193	18.363731	10.548489
100.000000	0.000000	21.274832	10.477505	18.321345	10.196179
100.000000	0.000000	21.418349	10.648315	18.331627	10.573993
100.000000	0.000000	21.303207	10.634797	18.356782	10.404799
100.000000	0.000000	21.258804	10.639595	18.374272	10.602069
100.000000	0.000000	21.184401	10.552949	18.213843	10.468865
100.000000	0.000000	21.522283	10.711538	18.238972	10.494498
100.000000	0.000000	21.305929	10.430738	18.082773	10.301596
100.000000	0.000000	21.050525	10.529348	18.141554	10.594672
100.000000	0.000000	20.803438	10.182198	18.141077	10.410645
100.000000	0.000000	20.960619	10.370567	17.833058	10.233369
100.000000	0.000000	21.426530	10.116663	18.421580	10.699954
100.000000	0.000000	21.067546	10.627867	18.169202	10.154708
100.000000	0.000000	21.261675	10.929731	18.346912	10.668747
100.000000	0.000000	20.932157	10.439641	18.081404	10.272720
100.000000	0.000000	21.207172	10.654841	18.158981	10.315636
100.000000	0.000000	21.082016	10.586224	18.052205	10.332182
100.000000	0.000000	21.120720	10.589531	18.292151	10.457642
100.000000	0.000000	21.559969	10.672228	18.019312	10.444991
100.000000	0.000000	21.436267	10.692490	18.303129	10.414503
100.000000	0.000000	20.901989	10.306732	17.622741	10.169720
100.000000	0.000000	21.170686	10.571933	17.984766	10.453526
100.000000	0.000000	20.932283	10.565887	18.026100	10.332446
100.000000	0.000000	21.301987	10.412873	18.245571	10.470845
100.000000	0.000000	21.291184	10.588025	18.438565	10.799366
100.000000	0.000000	21.251392	10.665066	18.185248	10.646620
100.000000	0.000000	21.219828	10.287909	17.851036	10.321662
100.000000	0.000000	21.125064	10.464297	18.129710	10.297865
100.000000	0.000000	21.280287	10.394120	18.320963	10.513583
100.000000	0.000000	21.105151	10.600332	18.143765	10.414620
100.000000	0.000000	20.751638	10.629318	17.911496	10.171196
100.000000	0.000000	21.166635	10.455258	18.049644	10.092072
100.000000	0.000000	21.182684	10.426119	18.300514	10.250188
100.000000	0.000000	21.300156	10.368805	18.153436	10.354621
100.000000	0.000000	21.460233	10.962653	18.141949	10.507018
100.000000	0.000000	21.203823	10.749783	18.331004	10.531244
100.000000	0.000000	21.532706	10.568585	18.011929	10.171169
100.000000	0.000000	21.122597	10.751448	18.483541	10.715578
100.000000	0.000000	21.400369	11.057926	18.401945	10.525759
100.000000	0.000000	21.321865	10.499375	18.108482	10.347414
100.000000	0.000000	21.125285	11.063213	18.187396	10.425556
100.000000	0.000000	21.007974	10.155554	18.295886	10.661529
100.000000	0.000000	21.206427	10.405892	18.117941	10.387964
100.000000	0.000000	21.217416	10.587698	17.854941	9.944491
100.000000	0.000000	21.395500	10.570503	18.501547	10.698876
100.000000	0.000000	21.170962	10.651888	18.100378	10.329614
100.000000	0.000000	21.200918	10.361156	17.798767	9.957200
100.000000	0.000000	21.211427	10.900568	18.195649	10.461388
100.000000	0.000000	21.366429	10.365847	18.197841	10.567670
100.000000	0.000000	21.268001	10.603145	18.420528	10.559280
100.000000	0.000000	21.258262	10.631777	18.330982	10.552212
100.000000	0.000000	21.238015	10.970957	18.043765	10.374217
100.000000	0.000000	21.205091	10.761160	17.968058	10.461640
100.000000	0.000000	20.864001	10.655388	18.278856	10.408532
100.000000	0.000000	21.402495	10.369067	18.113125	10.511729
100.000000	0.000000	20.910750	10.572643	18.047959	10.177928
100.000000	0.000000	21.570359	10.629892	18.442481	10.683592
100.000000	0.000000	21.134110	10.530753	18.560626	10.615970
100.000000	0.000000	21.302728	10.430785	18.054506	10.304791
100.000000	0.000000	20.946803	10.347515	17.841067	10.228861
100.000000	0.000000	21.325383	10.425417	18.271298	10.584426
100.000000	0.000000	21.353491	10.479649	18.330736	10.657463
100.000000	0.000000	21.091020	10.516169	18.056344	10.636717
100.000000	0.000000	21.520455	10.490436	18.050846	10.286222
100.000000	0.000000	21.561536	10.780125	18.456318	10.488897
100.000000	0.000000	21.205195	10.740261	18.179274	10.450141
100.000000	0.000000	21.005462	10.667961	18.385447	10.451529
100.000000	0.000000	21.374370	10.680150	18.355755	10.572171
100.000000	0.000000	20.934953	10.758613	18.247904	10.323097
100.000000	0.000000	21.789949	10.716217	18.634602	10.701387
100.000000	0.000000	20.944697	10.778413	18.282589	10.448688
100.000000	0.000000	21.179751	10.561569	17.971466	10.502094
100.000000	0.000000	21.108191	10.725487	17.961777	10.159693
100.000000	0.000000	21.392713	10.572604	18.530735	10.431663
100.000000	0.000000	21.362593	10.726710	18.170349	10.490749
100.000000	0.000000	21.264432	10.342873	18.262171	10.567977
100.000000	0.000000	21.283887	10.395092	18.417512	10.421233
100.000000	0.000000	21.104278	10.892943	18.202166	10.394269
100.000000	0.000000	21.054009	10.402737	17.931864	10.182480
100.000000	0.000000	21.387719	10.495720	18.285587	10.336402
100.000000	0.000000	21.501300	10.484289	18.474896	10.477057
100.000000	0.000000	20.993411	10.722592	18.137664	10.391869
100.000000	0.000000	21.261504	11.027076	18.183255	10.734317
100.000000	0.000000	20.594998	10.213761	17.531728	9.977264
100.000000	0.000000	21.448557	10.592213	18.284577	10.365317
100.000000	0.000000	21.198560	10.567149	18.315036	10.464326
100.000000	0.000000	21.006374	10.385182	18.091728	10.315200
100.000000	0.000000	21.213065	10.627758	18.067451	10.488117
100.000000	0.000000	21.119516	10.779963	18.017329	10.325806
100.000000	0.000000	20.910077	10.415299	18.275491	10.523793
100.000000	0.000000	21.044775	10.265736	18.219938	10.392238
100.000000	0.000000	21.097568	10.299113	17.865146	10.406025
100.000000	0.000000	21.226098	10.897851	18.091680	10.492018
100.000000	0.000000	21.011658	10.029057	18.191790	10.395821
100.000000	0.000000	21.077631	10.427450	18.260386	10.621840
100.000000	0.000000	21.461473	10.850895	18.139276	10.316304
100.000000	0.000000	21.131092	10.867969	18.012220	10.066725
100.000000	0.000000	21.202086	10.739259	18.374993	10.369857
100.000000	0.000000	21.229038	10.693627	17.968674	10.177607
100.000000	0.000000	21.251271	10.463055	18.337922	10.556751
100.000000	0.000000	21.351832	10.338284	18.343082	10.573357
100.000000	0.000000	21.325040	10.642680	17.995902	10.178382
100.000000	0.000000	21.280337	11.172564	18.271824	10.447281
100.000000	0.000000	21.357421	10.772974	18.234472	10.616059
100.000000	0.000000	21.192800	10.403119	18.119660	10.591795
100.000000	0.000000	21.150259	10.485721	18.137523	10.431153
100.000000	0.000000	20.870958	10.771804	18.391721	10.557692
100.000000	0.000000	21.405909	10.839298	18.507457	10.549706
100.000000	0.000000	21.160809	10.490502	18.323093	10.548300
100.000000	0.000000	21.026820	10.259415	18.301061	10.398183
100.000000	0.000000	21.267241	10.405351	18.425945	10.522687
100.000000	0.000000	20.829403	10.315020	17.936452	10.513220
100.000000	0.000000	21.050158	10.540086	18.019216	10.485588
100.000000	0.000000	21.237181	10.632098	18.267976	10.379090
100.000000	0.000000	21.350006	10.485532	18.080042	10.500674
100.000000	0.000000	21.119121	10.396553	18.271719	10.384623
100.000000	0.000000	21.530952	10.539566	18.324663	10.631659
100.000000	0.000000	21.490477	10.849327	18.364166	10.646770
100.000000	0.000000	21.610560	11.203540	18.322204	10.435483
100.000000	0.000000	21.412628	10.351641	18.207259	10.480480
100.000000	0.000000	20.814624	10.797396	17.726378	10.242227
100.000000	0.000000	21.204841	10.341752	18.183956	10.481551
100.000000	0.000000	21.114474	10.632934	18.242976	10.371069
100.000000	0.000000	21.478516	10.425350	18.451529	10.609064
100.000000	0.000000	21.253935	10.213545	18.282914	10.500645
100.000000	0.000000	20.986067	10.522725	18.307965	10.477094
100.000000	0.000000	21.089023	10.607312	18.245531	10.516978
100.000000	0.000000	21.392773	10.622817	18.353359	10.554731
100.000000	0.000000	21.080054	10.502180	18.271167	10.442030
100.000000	0.000000	20.879903	10.491601	17.813820	9.936534
100.000000	0.000000	21.397139	10.292362	18.346968	10.676471
100.000000	0.000000	21.328038	10.458096	18.302601	10.214324
100.000000	0.000000	21.304776	10.383225	18.407403	10.340923
100.000000	0.000000	21.463502	10.309860	18.078503	10.231158
100.000000	0.000000	21.203288	10.858620	18.426032	10.491013
100.000000	0.000000	21.223814	10.636937	18.255858	10.458212
100.000000	0.000000	21.544745	10.647572	18.344660	10.514315
100.000000	0.000000	21.065463	10.521527	18.414672	10.634223
100.000000	0.000000	20.775184	10.294338	17.795417	10.143646
100.000000	0.000000	21.489177	10.837429	18.148700	10.332273
100.000000	0.000000	20.998808	10.660112	17.981935	10.305786
100.000000	0.000000	20.853561	10.347763	18.345545	10.405952
100.000000	0.000000	21.320468	10.596162	18.470554	10.621254
100.000000	0.000000	21.022527	10.811764	18.325679	10.437261
100.000000	0.000000	21.683910	10.430278	18.298281	10.664307
100.000000	0.000000	21.270380	10.695888	18.395309	10.532317
100.000000	0.000000	21.123258	10.649780	18.131632	10.188197
100.000000	0.000000	21.145428	10.447189	18.116232	10.465347
100.000000	0.000000	21.208264	10.601343	18.238781	10.323242
100.000000	0.000000	21.114733	10.627381	18.280841	10.477131
100.000000	0.000000	20.974481	10.604525	18.165958	10.612276
100.000000	0.000000	21.642542	10.396629	18.406175	10.562283
100.000000	0.000000	21.590768	10.429332	18.168139	10.443442
100.000000	0.000000	21.236501	10.575617	18.123858	10.427215
100.000000	0.000000	21.706140	10.940577	18.248584	10.558834
100.000000	0.000000	21.219294	10.505813	18.134843	10.645055
100.000000	0.000000	20.998153	10.455653	18.065338	9.915957
100.000000	0.000000	21.338352	10.461376	18.185994	10.184919
100.000000	0.000000	21.123678	10.203902	18.033022	10.286646
100.000000	0.000000	21.359630	10.320053	17.926025	10.659010
100.000000	0.000000	21.247380	10.664572	18.394948	10.588170
100.000000	0.000000	21.053234	10.848597	18.307011	10.477445
100.000000	0.000000	20.992579	10.473586	18.189735	10.413174
100.000000	0.000000	21.430149	10.991975	18.040071	10.525690
100.000000	0.000000	20.967913	10.413366	18.102152	10.281709
100.000000	0.000000	21.036971	10.843484	18.081154	10.284094
100.000000	0.000000	21.036855	10.701727	17.894605	10.198758
100.000000	0.000000	20.932323	10.249157	17.993502	10.229877
100.000000	0.000000	20.767942	10.284602	18.152964	10.508623
100.000000	0.000000	21.283327	10.774733	18.058818	10.275229
100.000000	0.000000	20.690113	10.804035	18.124221	10.449957
100.000000	0.000000	21.206576	10.733455	18.343232	10.448053
100.000000	0.000000	21.348978	10.838257	18.138053	10.524023
100.000000	0.000000	21.007172	10.752724	17.925160	10.237077
100.000000	0.000000	21.214258	10.534858	18.430255	10.643644
100.000000	0.000000	20.990557	10.581114	17.986846	10.270434
100.000000	0.000000	20.948774	10.730733	18.153083	10.565140
100.000000	0.000000	20.994970	10.546107	18.036921	10.311375
100.000000	0.000000	21.204377	10.347569	18.168045	10.320852
100.000000	0.000000	20.822445	10.546598	18.319042	10.470232
100.000000	0.000000	21.192878	10.606138	18.053070	10.568866
100.000000	0.000000	21.391567	10.415540	18.511390	10.552769
100.000000	0.000000	20.961463	10.387183	18.281225	10.587966
100.000000	0.000000	21.368384	10.712922	17.945828	10.349540
100.000000	0.000000	20.986246	10.446290	17.917981	10.379276
100.000000	0.000000	21.487205	10.520111	18.254944	10.644955
100.000000	0.000000	21.214893	10.599790	18.158539	10.440630
100.000000	0.000000	20.995340	10.525168	17.873995	10.150319
100.000000	0.000000	21.207885	10.764736	18.283778	10.494651
100.000000	0.000000	21.029865	10.408516	17.933070	10.293660
100.000000	0.000000	21.348067	10.801234	18.369593	10.369852
100.000000	0.000000	21.520436	10.684530	18.660906	10.778552
100.000000	0.000000	20.880208	10.267365	17.904289	10.315267
100.000000	0.000000	21.294449	10.830905	18.204383	10.503926
100.000000	0.000000	21.177268	10.402384	17.997728	10.329645
100.000000	0.000000	21.290576	10.404314	18.279019	10.477355
100.000000	0.000000	20.685793	10.232243	18.062010	10.310288
100.000000	0.000000	21.190825	10.352636	18.108661	10.365298
100.000000	0.000000	21.044027	10.769869	18.105763	10.029004
100.000000	0.000000	21.061632	10.591521	18.153741	10.318013
100.000000	0.000000	21.206533	10.456419	18.093783	10.315706
100.000000	0.000000	21.440472	10.503559	18.422486	10.634511
100.000000	0.000000	20.931427	10.420448	18.165807	10.449009
100.000000	0.000000	21.032293	10.187275	18.070606	10.418699
100.000000	0.000000	21.324449	10.271243	18.569665	10.481853
100.000000	0.000000	20.992856	10.791334	18.093422	10.519038
100.000000	0.000000	21.292780	10.753089	18.452457	10.586818
100.000000	0.000000	21.252509	10.398566	18.118083	10.517452
100.000000	0.000000	21.364666	10.662140	18.472758	10.772269
100.000000	0.000000	20.928832	10.517562	18.008611	10.309950
100.000000	0.000000	21.026099	10.727056	18.200579	10.299684
100.000000	0.000000	21.257954	10.319879	18.355098	10.442706
100.000000	0.000000	21.326236	10.049049	18.119752	10.529848
100.000000	0.000000	20.773818	10.355416	17.957195	10.123979
100.000000	0.000000	21.304973	10.524633	18.051880	10.260766
100.000000	0.000000	20.911918	10.669563	17.925607	10.398397
100.000000	0.000000	20.920203	10.379704	17.873378	10.153770
100.000000	0.000000	21.676638	11.013530	18.604765	10.594109
100.000000	0.000000	21.248365	10.472748	18.471111	10.462764
100.000000	0.000000	21.291377	10.116505	18.396130	10.429859
100.000000	0.000000	21.379150	10.509849	18.109907	10.358884
100.000000	0.000000	21.306611	10.756543	18.260565	10.717621
100.000000	0.000000	20.886386	10.379979	17.861718	10.134897
100.000000	0.000000	21.116136	10.670790	18.254419	10.636346
100.000000	0.000000	20.886405	10.396787	18.383621	10.573332
100.000000	0.000000	21.119195	10.694238	18.107896	10.387143
100.000000	0.000000	21.033434	10.086890	18.130176	10.337917
100.000000	0.000000	20.907424	10.485395	18.283816	10.870904
100.000000	0.000000	21.250526	10.152304	18.151309	10.570925
100.000000	0.000000	20.997016	10.633455	18.081034	10.320893
100.000000	0.000000	21.017179	10.344866	18.185320	10.309364
100.000000	0.000000	21.177093	10.514044	18.391630	10.521928
100.000000	0.000000	21.292253	10.598762	18.127792	10.469470
100.000000	0.000000	20.997098	10.230891	18.094593	10.385114
100.000000	0.000000	21.112495	10.509962	18.361856	10.881026
100.000000	0.000000	21.032701	10.452516	17.893725	10.358218
100.000000	0.000000	21.642832	10.382323	18.392284	10.552598
100.000000	0.000000	21.156680	10.498232	18.119976	10.499579
100.000000	0.000000	21.401413	10.442512	18.194499	10.153713
100.000000	0.000000	21.345285	10.823171	18.130328	10.416379
100.000000	0.000000	20.863877	10.390708	18.193704	10.432796
100.000000	0.000000	21.774735	10.495933	18.361542	10.573008
100.000000	0.000000	21.198595	10.386304	18.266249	10.710139
100.000000	0.000000	21.311282	10.470136	18.147225	10.325768
100.000000	0.000000	21.064186	10.383509	18.138849	10.548939
100.000000	0.000000	21.402756	10.889851	18.195307	10.469051
100.000000	0.000000	21.012770	10.683924	17.967333	10.286806
100.000000	0.000000	21.112124	10.787742	18.225609	10.569466
100.000000	0.000000	21.372347	9.977714	18.574276	10.484080
100.000000	0.000000	20.842788	10.915057	17.637426	10.190888
100.000000	0.000000	20.879773	10.470786	17.826589	10.269625
100.000000	0.000000	21.054308	10.261143	18.016882	10.141987
100.000000	0.000000	21.201597	10.236546	18.231844	10.466141
100.000000	0.000000	21.193672	10.590675	18.086685	10.419161
100.000000	0.000000	21.083056	10.408978	18.032677	10.263329
100.000000	0.000000	21.191581	10.333330	18.058913	10.517493
100.000000	0.000000	21.112987	10.720761	18.187982	10.480306
100.000000	0.000000	21.277419	10.685480	18.175032	10.419300
100.000000	0.000000	21.453988	10.283988	18.251860	10.428672
100.000000	0.000000	21.309351	10.642406	17.779524	10.235547
100.000000	0.000000	20.790662	10.496483	17.879375	10.296322
100.000000	0.000000	20.985297	10.665927	18.103404	10.364637
100.000000	0.000000	21.534646	10.712860	18.538479	10.654047
100.000000	0.000000	21.502211	10.375666	18.027350	10.114736
100.000000	0.000000	21.072700	10.287896	18.394092	10.633470
100.000000	0.000000	21.189388	10.712650	18.215341	10.440331
100.000000	0.000000	21.259062	10.686778	18.177609	10.357190
100.000000	0.000000	21.485791	10.925879	18.552981	10.790770
100.000000	0.000000	21.310031	10.818104	18.179342	10.316705
100.000000	0.000000	21.379930	10.778872	18.421972	10.449302
100.000000	0.000000	21.103071	10.643248	18.096390	10.399119
100.000000	0.000000	21.400963	10.735619	18.347025	10.667246
100.000000	0.000000	20.739648	10.636854	17.999839	10.363382
100.000000	0.000000	21.317649	10.436620	18.377993	10.409664
100.000000	0.000000	20.993077	10.693092	18.313902	10.328373
100.000000	0.000000	20.822740	10.197659	18.256824	10.486641
100.000000	0.000000	21.230108	10.262255	18.042767	10.244737
100.000000	0.000000	21.338523	10.621605	18.355843	10.400292
100.000000	0.000000	21.104613	10.402999	17.981952	10.077154
100.000000	0.000000	21.299784	10.565454	18.226644	10.562708
100.000000	0.000000	21.406855	10.583163	18.206184	10.281097
100.000000	0.000000	21.258973	10.611030	18.138404	10.562935
100.000000	0.000000	20.974124	10.449395	18.144210	10.532842
100.000000	0.000000	21.252342	10.682926	18.268713	10.478852
100.000000	0.000000	21.503343	10.716049	18.154899	10.415104
100.000000	0.000000	21.306659	10.706458	18.137666	10.318140
100.000000	0.000000	21.420443	10.323398	18.420509	10.287837
100.000000	0.000000	21.209596	10.313941	18.409109	10.689964
100.000000	0.000000	20.986235	10.522100	17.921953	10.327281
100.000000	0.000000	21.468136	10.697683	18.465083	10.657310
100.000000	0.000000	21.262419	10.668471	18.232103	10.363837
100.000000	0.000000	21.176074	10.903388	18.116853	10.214560
100.000000	0.000000	21.139070	10.244176	17.923017	10.255130
100.000000	0.000000	21.376978	10.600429	18.495651	10.535935
100.000000	0.000000	20.676311	10.652495	17.916949	10.346207
100.000000	0.000000	21.655815	10.659955	18.282038	10.602557
100.000000	0.000000	21.285409	10.670661	17.911524	10.127005
100.000000	0.000000	21.125407	10.269627	18.096120	10.209965
100.000000	0.000000	21.578765	10.990179	18.264847	10.508028
100.000000	0.000000	21.116020	10.591309	18.471038	10.689271
100.000000	0.000000	21.282615	10.703730	18.410727	10.426874
100.000000	0.000000	21.154910	10.897777	17.809902	10.161845
100.000000	0.000000	21.331321	10.861476	17.890633	10.223989
100.000000	0.000000	21.132021	10.335081	18.179977	10.501914
100.000000	0.000000	21.188998	10.726317	18.187834	10.457721
100.000000	0.000000	21.067474	10.461141	18.301607	10.348138
100.000000	0.000000	21.507723	10.901203	18.432929	10.535045
100.000000	0.000000	21.074782	10.785321	17.978186	10.297345
100.000000	0.000000	21.270774	10.824457	18.338691	10.229760
100.000000	0.000000	21.291736	10.704837	18.168306	10.757989
100.000000	0.000000	21.403603	10.276494	18.127842	10.502139
100.000000	0.000000	21.276919	10.418421	18.345358	10.611819
100.000000	0.000000	21.465003	10.543512	18.327685	10.490318
100.000000	0.000000	21.180311	10.547057	18.221065	10.362632
100.000000	0.000000	21.345236	10.290653	18.518266	10.741068
100.000000	0.000000	21.027297	10.465417	18.280716	10.532693
100.000000	0.000000	21.184045	10.748406	18.034235	10.059111
100.000000	0.000000	21.319196	10.417518	18.152249	10.347690
100.000000	0.000000	21.322368	10.907320	18.220623	10.388279
100.000000	0.000000	21.008902	10.724089	18.105440	10.300901
100.000000	0.000000	21.056622	10.877118	18.019278	10.240985
100.000000	0.000000	21.417272	10.795618	18.235486	10.291994
100.000000	0.000000	21.485831	10.611071	18.002934	10.299205
100.000000	0.000000	21.199497	10.597573	18.117206	10.394431
100.000000	0.000000	21.077353	10.545892	18.218100	10.448404
100.000000	0.000000	21.280956	10.701371	18.494162	10.750385
100.000000	0.000000	21.386397	10.671102	18.392845	10.546604
100.000000	0.000000	21.064974	10.538673	18.236192	10.412465
100.000000	0.000000	21.110302	10.540455	18.029850	10.182388
100.000000	0.000000	20.987933	10.421358	17.870954	10.241076
100.000000	0.000000	21.241605	10.175787	17.869508	10.023645
100.000000	0.000000	21.062365	10.376367	17.800903	10.459873
100.000000	0.000000	21.153114	10.222722	18.355372	10.470211
100.000000	0.000000	21.250460	10.547415	18.193972	10.762796
100.000000	0.000000	21.071317	10.938421	18.313700	10.444124
100.000000	0.000000	21.338827	10.603389	18.175126	10.445060
100.000000	0.000000	21.289888	10.431961	18.306186	10.573083
100.000000	0.000000	20.827889	10.485823	17.929641	10.048752
100.000000	0.000000	21.729948	10.611077	18.543307	10.512692
100.000000	0.000000	21.472010	10.614925	18.463365	10.557873
100.000000	0.000000	21.346625	10.610688	17.969277	10.370414
100.000000	0.000000	20.777886	10.173725	18.263472	10.431842
100.000000	0.000000	21.354150	10.682213	18.240791	10.295414
100.000000	0.000000	20.967839	10.799560	18.067053	10.259539
100.000000	0.000000	21.375229	10.716639	18.362041	10.431183
100.000000	0.000000	21.279185	10.708404	18.109371	10.503629
100.000000	0.000000	21.555782	10.681782	18.325664	10.263833
100.000000	0.000000	21.024819	10.498412	18.010095	10.362925
100.000000	0.000000	21.287573	10.738613	17.953081	10.326108
100.000000	0.000000	21.121159	10.351302	18.120453	10.221669
100.000000	0.000000	21.318646	10.355052	18.678437	10.651929
100.000000	0.000000	21.228624	10.634297	17.992647	10.483226
100.000000	0.000000	20.884444	10.381854	17.927825	10.264994
100.000000	0.000000	21.281325	10.772663	18.452550	10.464951
100.000000	0.000000	20.915743	10.792347	18.450255	10.578690
100.000000	0.000000	21.556879	10.726938	18.603446	10.550850
100.000000	0.000000	21.424315	10.952254	18.475849	10.589915
100.000000	0.000000	21.353490	10.716515	18.169515	10.444614
100.000000	0.000000	21.420822	10.595611	18.148312	10.643573
100.000000	0.000000	21.333710	10.442403	18.443867	10.766271
100.000000	0.000000	21.222507	10.614722	17.905311	10.204541
100.000000	0.000000	21.062935	10.467949	18.306748	10.461126
100.000000	0.000000	21.509384	10.649563	18.219840	10.657548
100.000000	0.000000	21.326895	10.181537	18.136028	10.369213
100.000000	0.000000	21.159981	10.486613	18.203120	10.528795
100.000000	0.000000	20.846934	10.673630	18.063311	10.144593
100.000000	0.000000	20.956147	10.438242	18.244689	10.419852
100.000000	0.000000	20.809822	10.745242	17.893233	10.151193
100.000000	0.000000	21.138344	10.549417	18.309726	10.536041
100.000000	0.000000	21.367172	10.545121	18.031342	10.394158
100.000000	0.000000	20.909154	10.748540	17.948755	10.290461
100.000000	0.000000	21.514191	10.685026	18.379514	10.452315
100.000000	0.000000	21.383579	11.041750	18.158969	10.403688
100.000000	0.000000	20.958739	10.466806	18.207519	10.300075
100.000000	0.000000	21.109737	10.703566	17.987998	10.161599
100.000000	0.000000	21.267308	10.895909	17.976898	10.249105
100.000000	0.000000	20.932926	10.156515	18.078818	10.517442
100.000000	0.000000	21.618082	10.582098	18.538407	10.662040
100.000000	0.000000	21.510160	10.622682	18.290551	10.265506
100.000000	0.000000	21.036588	10.314320	18.179494	10.455861
100.000000	0.000000	21.219976	10.985963	18.252100	10.362658
100.000000	0.000000	21.152467	10.528845	18.416193	10.516626
100.000000	0.000000	21.315879	10.592744	18.263788	10.410274
100.000000	0.000000	21.095130	10.527992	18.076052	10.497309
100.000000	0.000000	21.441228	10.742449	18.477562	10.713104
100.000000	0.000000	21.480013	10.741290	18.241995	10.314593
100.000000	0.000000	20.787936	10.282128	18.139878	10.526973
100.000000	0.000000	21.204754	10.513109	18.276423	10.551719
100.000000	0.000000	21.203010	10.661629	18.304525	10.713963
100.000000	0.000000	21.002126	10.550845	17.827209	10.423513
100.000000	0.000000	21.456641	10.377505	18.298192	10.397233
100.000000	0.000000	20.873143	10.500983	18.261502	10.654978
100.000000	0.000000	20.919756	10.097597	17.982081	10.343893
100.000000	0.000000	20.937445	10.491326	18.243364	10.406519
100.000000	0.000000	21.300015	10.867839	18.203472	10.158536
100.000000	0.000000	21.220487	10.516599	18.334843	10.610437
100.000000	0.000000	21.495748	10.504864	18.276857	10.422097
100.000000	0.000000	20.981966	10.761765	18.231403	10.434623
100.000000	0.000000	21.366338	10.896048	18.111615	10.286815
100.000000	0.000000	21.107712	10.555550	18.184101	10.376417
100.000000	0.000000	21.497213	10.664406	18.453809	10.790553
100.000000	0.000000	21.421428	10.852938	18.426715	10.546020
100.000000	0.000000	21.684223	10.738032	18.068002	10.406327
100.000000	0.000000	21.141326	10.218141	18.126600	10.491902
100.000000	0.000000	21.169547	10.624587	18.055929	10.339635
100.000000	0.000000	21.097189	10.286268	18.409392	10.735479
100.000000	0.000000	21.274576	10.720682	18.432147	10.816597
100.000000	0.000000	21.491744	10.831932	18.288765	10.338290
100.000000	0.000000	21.105268	10.625132	17.937349	10.259881
100.000000	0.000000	20.743586	10.509089	18.158494	10.066363
100.000000	0.000000	20.969407	10.536748	17.868651	10.316352
100.000000	0.000000	21.410259	10.420554	17.943966	10.766884
100.000000	0.000000	21.045662	10.511513	18.286170	10.484415
100.000000	0.000000	21.179460	9.946323	17.996711	10.386461
100.000000	0.000000	21.442376	10.567049	18.328510	10.451004
100.000000	0.000000	21.340484	10.694351	18.301786	10.381896
100.000000	0.000000	20.950148	10.268888	18.004014	10.289550
100.000000	0.000000	20.808414	10.300204	17.994407	10.235547
100.000000	0.000000	21.492323	10.480395	18.457201	10.570347
100.000000	0.000000	21.379802	10.552058	18.215567	10.441233
100.000000	0.000000	21.399619	10.547362	18.062673	10.194453
100.000000	0.000000	21.392137	10.707391	18.049098	10.536344
100.000000	0.000000	20.814339	9.989893	18.094367	10.320257
100.000000	0.000000	21.154274	10.734825	18.132402	10.328638
100.000000	0.000000	21.092057	10.578629	17.963919	10.213960
100.000000	0.000000	21.068431	10.859125	18.226942	10.456379
100.000000	0.000000	21.045799	10.625843	18.470483	10.679297
100.000000	0.000000	21.072512	10.352360	18.089804	10.349802
100.000000	0.000000	21.302114	10.988014	18.220665	10.494346
100.000000	0.000000	21.058573	10.521959	18.195070	10.546193
100.000000	0.000000	21.041044	10.475833	18.123323	10.350868
100.000000	0.000000	21.332805	10.548760	18.350992	10.463459
100.000000	0.000000	21.293172	10.404166	18.502544	10.533749
100.000000	0.000000	21.121656	10.439745	18.012074	10.083676
100.000000	0.000000	21.167301	10.292236	18.069055	10.203934
100.000000	0.000000	21.266917	10.692698	18.247050	10.613166
100.000000	0.000000	21.061596	10.829081	17.621545	10.069265
100.000000	0.000000	21.678965	10.467350	18.210584	10.422896
100.000000	0.000000	21.400674	10.728003	18.201053	10.363140
100.000000	0.000000	21.307292	10.594457	18.208305	10.239650
100.000000	0.000000	21.422011	10.762675	18.452474	10.591019
100.000000	0.000000	21.295153	10.339488	18.019484	10.289415
100.000000	0.000000	20.999384	10.649522	18.340268	10.379860
100.000000	0.000000	20.819289	10.623146	18.070627	10.309660
100.000000	0.000000	20.821544	10.812955	18.313888	10.353062
100.000000	0.000000	21.120378	10.563731	17.810887	10.141747
100.000000	0.000000	20.986283	10.150961	18.238864	10.440409
100.000000	0.000000	21.639215	10.672342	18.483202	10.611856
100.000000	0.000000	21.550763	10.459525	18.252686	10.612137
100.000000	0.000000	21.024938	10.326895	18.115877	10.365194
100.000000	0.000000	21.205787	10.340951	18.020099	10.176530
100.000000	0.000000	21.332480	10.410791	18.224585	10.329974
100.000000	0.000000	21.357848	10.925831	18.265314	10.394743
100.000000	0.000000	21.114795	10.834576	18.344295	10.255385
100.000000	0.000000	21.034289	10.411801	17.922460	10.166325
100.000000	0.000000	21.154833	10.657260	18.501511	10.625172
100.000000	0.000000	20.908901	10.574382	17.928135	10.246517
100.000000	0.000000	21.421962	10.764168	18.300743	10.526163
100.000000	0.000000	21.349266	10.819218	18.372416	10.653580
100.000000	0.000000	21.461676	10.818335	18.254460	10.305522
100.000000	0.000000	21.185413	10.552881	18.270149	10.144382
100.000000	0.000000	21.388028	10.555098	18.035351	10.425038
100.000000	0.000000	20.968953	10.255047	18.123328	10.292532
100.000000	0.000000	21.103233	10.618581	17.916557	10.191955
100.000000	0.000000	21.250414	10.203626	18.101423	10.424219
100.000000	0.000000	21.469828	10.613491	18.536230	10.564473
100.000000	0.000000	21.390619	10.734625	18.610225	10.510801
100.000000	0.000000	20.914447	10.703878	17.890316	10.280103
100.000000	0.000000	21.382485	10.463017	18.136435	10.435241
100.000000	0.000000	20.798594	10.019589	18.045428	10.091235
100.000000	0.000000	21.108078	11.054747	18.041696	10.407628
100.000000	0.000000	20.940912	10.699425	18.212698	10.545897
100.000000	0.000000	21.041572	10.534101	17.894661	10.290039
100.000000	0.000000	21.312561	10.649513	18.380875	10.512479
100.000000	0.000000	20.959110	10.515714	17.702840	10.116503
100.000000	0.000000	21.420230	10.520367	18.302519	10.533203
100.000000	0.000000	20.594025	10.696631	17.899820	10.454292
100.000000	0.000000	21.315541	10.519983	18.308742	10.669686
100.000000	0.000000	21.336264	10.650625	18.626688	10.652438
100.000000	0.000000	21.151674	10.607316	18.512923	10.668157
100.000000	0.000000	21.005923	10.375892	18.232914	10.430757
100.000000	0.000000	21.586278	10.642169	17.817311	10.399631
100.000000	0.000000	21.390925	10.762883	18.062457	10.395386
100.000000	0.000000	21.196485	10.550460	18.212098	10.488078
100.000000	0.000000	21.341615	10.701361	18.410724	10.460243
100.000000	0.000000	21.385928	10.633844	18.390041	10.603179
100.000000	0.000000	21.038337	10.278264	17.879767	9.995184
100.000000	0.000000	21.415233	10.569382	18.148760	10.431719
100.000000	0.000000	21.139371	10.512833	18.054831	10.265907
100.000000	0.000000	20.987658	10.374833	18.649399	10.646311
100.000000	0.000000	21.551421	10.246687	18.451373	10.653044
100.000000	0.000000	21.421645	10.645313	18.336492	10.294672
100.000000	0.000000	21.659062	10.631519	18.499888	10.536628
100.000000	0.000000	21.171434	10.362004	18.014488	10.133086
100.000000	0.000000	21.148988	10.598884	18.171073	10.355535
100.000000	0.000000	21.158334	10.397574	18.046401	10.528061
100.000000	0.000000	21.602626	10.636266	18.035247	10.399174
100.000000	0.000000	21.113985	10.509910	18.150127	10.294549
100.000000	0.000000	21.225742	10.757422	18.370608	10.467080
100.000000	0.000000	20.868881	10.545802	17.746515	10.243826
100.000000	0.000000	20.620299	10.518807	17.768743	10.294980
100.000000	0.000000	21.537586	10.685919	18.551452	10.701611
100.000000	0.000000	21.152698	10.667018	18.103776	10.410184
100.000000	0.000000	21.106719	10.532091	17.915220	10.353207
100.000000	0.000000	21.305477	10.851370	18.055649	10.344507
100.000000	0.000000	21.003159	10.458731	18.056254	10.259192
100.000000	0.000000	20.977657	10.141431	18.293100	10.422877
100.000000	0.000000	21.137300	10.579988	18.063803	10.352762
100.000000	0.000000	21.185740	10.472459	18.264009	10.199379
100.000000	0.000000	21.423434	10.207567	18.250417	10.485235
100.000000	0.000000	21.171208	10.598033	18.361715	10.385613
100.000000	0.000000	21.323519	10.732693	18.422262	10.488460
100.000000	0.000000	21.395215	10.505081	18.417290	10.565767
100.000000	0.000000	21.009583	10.451120	17.789900	9.889417
100.000000	0.000000	21.411921	10.827918	18.120776	10.302344
100.000000	0.000000	21.235767	10.729621	18.193002	10.509524
100.000000	0.000000	20.962187	10.674686	18.000606	10.297906
100.000000	0.000000	21.289854	10.651460	18.210305	10.643747
100.000000	0.000000	21.008975	10.533571	18.153122	10.403117
100.000000	0.000000	21.452889	10.770984	17.921742	10.077538
100.000000	0.000000	21.327472	10.874749	18.178807	10.296755
100.000000	0.000000	20.801382	10.634400	18.105779	10.455860
100.000000	0.000000	20.856739	10.632023	18.025630	10.237058
100.000000	0.000000	20.950466	10.727542	18.094592	10.507782
100.000000	0.000000	21.431920	10.821145	18.255580	10.471394
100.000000	0.000000	20.947973	10.602750	17.953138	10.433229
100.000000	0.000000	20.994198	10.453568	17.966721	10.429579
100.000000	0.000000	21.015342	10.232391	18.183739	10.472449
100.000000	0.000000	21.053252	10.144394	17.735635	10.128036
100.000000	0.000000	21.242770	10.622419	18.092617	10.451306
100.000000	0.000000	21.131158	10.616344	18.080341	10.477798
100.000000	0.000000	21.384520	10.615342	18.278832	10.366921
100.000000	0.000000	21.319558	10.698076	18.196351	10.566977
100.000000	0.000000	21.056348	10.515169	18.306607	10.473095
100.000000	0.000000	21.196557	10.762565	18.341046	10.522897
100.000000	0.000000	21.307548	10.492165	18.079522	10.200594
100.000000	0.000000	21.396349	10.525797	18.012405	10.499429
100.000000	0.000000	21.108691	10.412953	18.127856	10.237833
100.000000	0.000000	21.681598	10.651747	18.327586	10.516814
100.000000	0.000000	20.833386	10.350435	18.151029	10.486941
100.000000	0.000000	20.851638	10.821943	18.137534	10.327164
100.000000	0.000000	21.237721	10.605621	18.070334	10.415093
100.000000	0.000000	21.661457	10.389913	18.384388	10.858582
100.000000	0.000000	21.770160	10.272150	18.479919	10.568210
100.000000	0.000000	20.595224	10.325262	17.848174	10.196557
100.000000	0.000000	21.025706	10.600539	18.359820	10.499410
100.000000	0.000000	21.188390	10.662281	18.168471	10.407211
100.000000	0.000000	20.901135	10.271053	18.057125	10.362654
100.000000	0.000000	20.916026	10.398932	18.060197	10.453191
100.000000	0.000000	21.262234	10.469499	18.316881	10.612915
100.000000	0.000000	21.009645	10.483311	18.357622	10.149675
100.000000	0.000000	21.672679	11.055592	18.445192	10.502360
100.000000	0.000000	21.238661	11.090580	18.198609	10.561157
100.000000	0.000000	21.149067	10.820586	18.247302	10.471191
100.000000	0.000000	21.270725	10.893813	18.152737	10.203475
100.000000	0.000000	20.760424	10.250567	18.018018	10.401926
100.000000	0.000000	21.082788	10.590717	17.868097	10.425711
100.000000	0.000000	20.935261	10.248214	18.241595	10.636038
100.000000	0.000000	21.257385	10.656363	18.340016	10.465142
100.000000	0.000000	21.113546	10.405908	18.177228	10.395366
100.000000	0.000000	21.438109	10.439004	18.020169	10.206509
100.000000	0.000000	21.172780	10.269691	18.115416	10.400783
100.000000	0.000000	20.920473	10.319367	17.854769	10.191765
100.000000	0.000000	21.017088	10.489745	17.921030	10.451396
100.000000	0.000000	20.953580	10.494421	18.095416	10.104039
100.000000	0.000000	20.867029	10.487340	18.186388	10.601187
100.000000	0.000000	20.890542	10.768924	17.927500	10.193039
100.000000	0.000000	21.370534	10.655585	18.048899	10.408441
100.000000	0.000000	21.166062	10.701054	18.177259	10.277262
100.000000	0.000000	20.918048	10.074075	18.105852	10.381452
100.000000	0.000000	21.154852	10.650570	18.571899	10.552412
100.000000	0.000000	21.313333	10.622459	18.058391	10.168056
100.000000	0.000000	21.497604	10.651048	18.180391	10.452045
100.000000	0.000000	21.319906	10.578130	18.072123	10.262784
100.000000	0.000000	21.559245	10.828467	18.326905	10.369123
100.000000	0.000000	21.198068	10.308576	17.999972	10.066143
100.000000	0.000000	21.617255	10.731382	18.493294	10.535843
100.000000	0.000000	21.367333	10.356519	18.163074	10.395979
100.000000	0.000000	21.263905	10.784415	18.287896	10.359967
100.000000	0.000000	20.865203	10.326756	18.110603	10.653073
100.000000	0.000000	21.331305	10.392836	18.323389	10.568583
100.000000	0.000000	21.184383	10.503553	18.069922	10.558884
100.000000	0.000000	20.838323	10.683042	18.331792	10.464868
100.000000	0.000000	20.876370	10.214019	18.027532	10.195111
100.000000	0.000000	21.074369	10.711157	18.206687	10.415804
100.000000	0.000000	21.360027	10.193233	18.210513	10.517338
100.000000	0.000000	21.356895	10.643449	18.008515	10.435406
100.000000	0.000000	20.757587	10.511220	17.873896	10.171445
100.000000	0.000000	20.746746	10.588731	17.992288	10.399198
100.000000	0.000000	21.488804	10.733153	18.250219	10.410030
100.000000	0.000000	20.988096	10.682320	18.282964	10.458686
100.000000	0.000000	21.233196	10.784229	18.033255	10.128284
100.000000	0.000000	21.328765	10.743505	18.133907	10.731810
100.000000	0.000000	21.496296	10.884516	18.201748	10.527599
100.000000	0.000000	20.989124	10.418967	18.046571	10.363093
100.000000	0.000000	20.990481	10.326766	17.926207	10.322330
100.000000	0.000000	21.096890	10.686174	18.269997	10.422770
100.000000	0.000000	21.401424	10.346374	18.098461	10.395976
100.000000	0.000000	20.953366	10.436111	18.149920	10.402319
100.000000	0.000000	21.240374	10.877922	18.062150	10.212621
100.000000	0.000000	21.513991	10.902485	18.294453	10.510360
100.000000	0.000000	21.304029	10.501857	17.965527	10.282355
100.000000	0.000000	21.401162	10.558895	18.404828	10.710350
100.000000	0.000000	21.267583	10.611207	18.253528	10.280532
100.000000	0.000000	21.168192	10.764925	18.215844	10.358135
100.000000	0.000000	21.273376	10.788084	18.217420	10.270847
100.000000	0.000000	21.150684	10.255830	18.050903	10.557143
100.000000	0.000000	21.371935	10.463791	18.243114	10.208671
100.000000	0.000000	21.378074	10.265217	18.104337	10.342146
100.000000	0.000000	20.885602	10.645423	17.982833	10.306072
100.000000	0.000000	21.071306	10.338255	17.884741	10.006902
100.000000	0.000000	20.772302	10.413145	18.036934	10.308830
100.000000	0.000000	21.128357	10.330299	18.052832	10.345328
100.000000	0.000000	21.235223	10.750767	18.352389	10.641496
100.000000	0.000000	21.192188	10.544130	18.053632	10.371859
100.000000	0.000000	20.980242	10.435434	18.370702	10.530666
100.000000	0.000000	21.025203	10.309698	18.162589	10.413514
100.000000	0.000000	21.186576	10.556865	18.085600	10.545796
