100.000000	-5.703441	21.236701	10.608814	18.163551	0.712080
100.000000	-5.353013	21.168966	10.747348	18.459902	0.917203
100.000000	-5.562798	21.365158	10.497290	17.931277	0.829506
100.000000	-5.322445	21.070709	10.594204	18.159475	1.105218
100.000000	-5.532850	21.339652	10.606168	18.059232	0.631637
100.000000	-5.726572	21.118440	10.416896	18.370081	0.887701
100.000000	-5.845743	21.404165	10.677015	18.489092	0.755366
100.000000	-5.803683	21.328552	10.885963	18.165907	0.624034
100.000000	-6.154654	21.396725	10.616085	18.125093	0.474024
100.000000	-5.357917	21.247481	10.733098	18.250369	0.649032
100.000000	-5.755850	21.430669	10.444475	17.906928	0.847626
100.000000	-5.611428	20.840827	10.404520	17.942645	0.969308
100.000000	-5.985171	21.018701	10.982661	18.462439	0.395067
100.000000	-5.216118	21.195454	10.837918	18.073760	0.914935
100.000000	-5.225038	21.182553	10.576109	18.034912	0.752701
100.000000	-5.755890	21.561906	10.748379	18.241686	0.392703
100.000000	-5.026391	21.000902	11.049024	18.220702	1.077778
100.000000	-5.867207	21.572886	10.821813	18.155194	0.549969
100.000000	-5.922297	21.311324	10.923047	18.179720	0.729424
100.000000	-5.581677	21.305046	10.811654	18.223317	0.503996
100.000000	-5.331818	21.094422	10.671516	18.183648	0.831762
100.000000	-5.316030	21.080883	10.404985	18.379667	0.990049
100.000000	-5.100531	21.299408	10.303916	18.089963	0.764153
100.000000	-5.029149	21.432776	10.546622	18.209961	0.650337
100.000000	-5.326592	21.336595	10.637415	18.016511	0.867915
100.000000	-5.147088	21.346639	10.630020	18.136726	0.704546
100.000000	-5.596098	21.450942	10.720426	18.582625	0.364954
100.000000	-5.879182	21.493586	10.515089	18.273374	0.428916
100.000000	-5.302636	21.357503	10.465478	18.098124	0.975453
100.000000	-5.305725	21.171002	10.403712	17.834846	1.171136
100.000000	-5.334903	21.415244	10.695738	18.335533	0.811092
100.000000	-5.276925	21.451724	10.473866	17.834502	1.086964
100.000000	-5.512608	21.640150	10.729030	18.208070	0.169723
100.000000	-5.232175	21.229068	10.686634	18.140615	0.662435
100.000000	-5.251790	20.743302	10.722905	18.056283	0.655512
100.000000	-4.980274	20.933418	10.398945	18.229997	0.701980
100.000000	-5.650653	21.554481	10.662718	18.250243	0.416649
100.000000	-5.915055	21.179794	10.368984	18.270014	0.206080
100.000000	-5.576891	21.133259	10.584256	18.137185	0.909645
100.000000	-5.324856	21.009606	10.242773	18.110737	1.036581
100.000000	-5.201767	21.474107	10.548281	18.281514	0.309117
100.000000	-5.232792	21.183008	10.833270	18.192525	0.892965
100.000000	-5.201982	20.934079	10.479065	17.913632	0.776960
100.000000	-5.324238	20.963917	10.204971	17.810966	1.092624
100.000000	-5.249173	20.857736	10.402839	18.156512	0.680246
100.000000	-5.655228	21.050683	10.776991	18.303365	0.540597
100.000000	-5.058388	20.893295	10.512531	18.420922	0.675683
100.000000	-5.077683	21.039552	10.495728	18.091962	1.019592
100.000000	-5.868202	20.847330	10.536131	18.176055	0.593156
100.000000	-5.162420	21.344416	10.585909	18.131672	1.096083
100.000000	-5.526172	21.213918	10.443433	18.266392	0.654431
100.000000	-5.234061	20.698985	10.388045	18.070662	1.025996
100.000000	-5.135876	21.316339	10.770005	18.001027	0.988998
100.000000	-5.517550	21.077086	10.473498	18.144702	1.025613
100.000000	-5.441534	21.059481	10.260588	18.304133	0.786512
100.000000	-5.608607	20.665365	10.294064	17.946978	0.736609
100.000000	-5.777820	20.828552	10.581529	18.009859	0.701139
100.000000	-5.561494	21.230820	10.281313	18.459394	0.834363
100.000000	-5.430751	21.109399	10.546316	18.318324	0.770984
100.000000	-5.669668	21.278450	10.549728	18.062888	0.548015
100.000000	-5.489555	21.319246	10.536742	18.541626	1.060729
100.000000	-5.323340	20.967754	10.239627	18.597842	0.741213
100.000000	-5.486368	20.851684	10.179282	17.978322	0.533687
100.000000	-5.720125	21.344730	10.593627	18.188175	0.882746
100.000000	-5.482847	21.011024	10.713585	18.330851	0.708368
100.000000	-5.018740	20.658596	10.608568	18.050381	0.713792
100.000000	-5.313713	21.355678	10.764861	18.078382	1.013015
100.000000	-5.341826	20.825330	10.460493	18.250681	0.634962
100.000000	-5.467170	21.440426	10.574050	18.498469	0.368070
100.000000	-5.741644	21.133970	10.327221	17.910621	1.169995
100.000000	-5.132488	21.392516	10.144816	18.287928	0.763907
100.000000	-5.633564	21.301232	10.595650	18.086912	0.709403
100.000000	-5.689188	21.154221	10.550456	18.152214	0.867860
100.000000	-5.171643	21.051287	10.335062	18.112295	1.214983
100.000000	-5.530841	21.649486	10.493845	18.029842	0.377854
100.000000	-5.687369	21.513366	10.675902	18.198097	0.937305
100.000000	-5.048217	21.096974	10.711650	17.829433	1.030356
100.000000	-5.893958	21.298821	11.123741	18.247636	0.414621
100.000000	-5.380948	21.035226	10.728650	18.250998	1.245880
100.000000	-6.053748	21.524287	10.923381	18.235432	0.294148
100.000000	-5.617220	21.413314	10.325348	18.327554	0.635805
100.000000	-5.486475	21.138959	10.515570	18.154732	0.772624
100.000000	-6.023973	21.365752	11.040251	18.042036	0.750653
100.000000	-5.217166	20.938237	10.375048	18.076767	1.012483
100.000000	-5.592452	20.994826	10.459538	18.209294	0.776882
100.000000	-5.466422	21.323153	10.316646	18.178154	1.018788
100.000000	-5.950052	21.148948	10.682778	18.288302	0.623579
100.000000	-5.671884	21.483329	10.690030	18.402101	0.544809
100.000000	-5.308949	21.062692	10.295784	18.325648	1.446770
100.000000	-5.187233	20.866380	10.390901	18.021534	1.008761
100.000000	-5.387924	21.153738	10.576215	17.781921	1.137298
100.000000	-4.842045	21.387487	10.583433	17.847390	0.431934
100.000000	-5.013654	21.454949	10.441487	17.867242	0.881241
100.000000	-5.368943	20.893305	10.685555	18.014812	1.114548
100.000000	-5.583290	21.274061	10.670273	18.113973	0.630025
100.000000	-5.525014	20.903598	10.634326	18.269097	1.071897
100.000000	-5.276197	21.156457	10.833136	18.558005	0.854778
100.000000	-5.901846	21.199107	10.686666	18.062633	0.598087
100.000000	-5.238156	20.807706	10.748730	18.110634	1.052707
100.000000	-5.307931	21.121692	10.424713	17.836822	0.945681
100.000000	-5.488349	20.821997	10.643341	17.849784	0.696923
100.000000	-4.986515	21.398290	10.784411	18.101290	0.705425
100.000000	-5.297554	20.809301	10.567926	18.188809	0.886374
100.000000	-5.432570	20.888251	10.459525	18.049513	0.895383
100.000000	-5.142929	21.301089	10.490070	18.319986	0.682033
100.000000	-5.727924	21.044967	10.538845	17.857462	0.406289
100.000000	-5.447006	21.422797	10.356472	18.334595	0.462335
100.000000	-5.450095	20.998831	10.876525	18.576615	0.463689
100.000000	-5.873906	21.273596	10.575015	18.085815	0.372183
100.000000	-6.037719	21.247071	10.562415	17.856482	0.390408
100.000000	-6.143119	21.464994	10.559433	18.268299	0.545680
100.000000	-5.614858	21.315796	10.569146	18.092513	0.775145
100.000000	-5.317560	20.924372	10.458281	18.085356	0.990276
100.000000	-6.471510	21.609741	10.470482	17.950913	0.778794
100.000000	-5.504147	21.222792	10.721943	18.037104	0.388992
100.000000	-5.463130	21.457392	10.208073	18.327789	0.473939
100.000000	-4.999951	21.069771	10.655711	18.234809	0.440268
100.000000	-5.647797	21.628576	10.617015	18.258545	0.911833
100.000000	-5.807786	21.215950	10.440639	18.145774	0.714293
100.000000	-5.270319	20.940496	10.677415	17.923712	0.716527
100.000000	-5.688615	20.989902	10.485041	18.268622	0.433380
100.000000	-5.324059	21.327705	10.454882	18.332161	0.721064
100.000000	-5.518752	21.332654	10.656170	18.319599	0.432059
100.000000	-5.853759	21.230687	10.626580	18.429196	0.589641
100.000000	-5.533232	21.246459	11.013731	18.548983	0.932146
100.000000	-5.486086	21.145074	10.324057	18.278047	0.518895
100.000000	-5.994953	21.244650	10.629505	18.217942	0.668146
100.000000	-5.880957	21.233527	10.762869	18.160014	0.328842
100.000000	-5.270376	20.893830	10.407213	18.311105	1.126429
100.000000	-5.109096	20.994967	10.673737	18.103508	1.198343
100.000000	-5.562863	21.192473	10.208159	17.804029	0.983624
100.000000	-5.497799	21.467152	10.679198	18.111297	0.448147
100.000000	-5.013307	21.191775	10.544281	18.055917	0.667074
100.000000	-5.701872	21.094565	10.575351	18.337565	0.417878
100.000000	-5.318343	21.171462	10.516646	18.130874	0.589721
100.000000	-6.025926	21.179358	10.728381	18.740589	0.101087
100.000000	-5.404139	21.098545	10.509937	18.587993	1.206385
100.000000	-5.233510	20.751590	10.466025	18.415885	0.901181
100.000000	-5.464469	20.865597	10.617195	18.239868	1.255518
100.000000	-5.079017	21.149366	10.654690	17.838069	1.310191
100.000000	-6.002280	21.173118	10.581070	18.573269	0.775786
100.000000	-5.956876	21.418213	10.731218	18.040614	0.683569
100.000000	-5.343824	21.536353	10.623896	18.109981	0.786524
100.000000	-5.436189	21.245549	10.447001	18.132772	0.395675
100.000000	-5.836294	20.913310	10.503870	18.258132	0.531621
100.000000	-5.632548	21.072942	10.629993	18.031143	0.665649
100.000000	-5.377888	21.133647	10.568003	18.425796	0.718734
100.000000	-5.448933	21.487127	10.334215	18.234964	0.497269
100.000000	-5.894194	21.396580	10.591730	18.173440	0.204726
100.000000	-5.119401	21.140398	10.595567	18.067834	0.382030
100.000000	-5.744826	21.484222	10.611715	18.441964	0.086409
100.000000	-5.557996	21.287539	10.494820	18.031362	0.823059
100.000000	-5.556392	21.396873	10.786821	18.643810	0.497979
100.000000	-5.986568	21.313256	10.810009	18.305816	0.697511
100.000000	-5.759290	20.973947	10.836814	18.264338	0.562843
100.000000	-5.220199	20.787333	10.472784	18.293525	0.533998
100.000000	-5.721400	21.536290	10.591432	18.200241	0.450903
100.000000	-5.851243	21.402889	10.572881	18.252074	0.365048
100.000000	-6.231643	21.348242	11.035673	18.226769	0.411053
100.000000	-5.499057	21.405536	10.484943	18.328672	0.651682
100.000000	-5.428059	21.291657	10.645835	18.240161	0.688789
100.000000	-5.499448	21.426229	10.692199	18.198721	0.424313
100.000000	-5.579922	21.431390	10.265212	18.259215	0.633341
100.000000	-5.673148	21.224621	10.644602	18.318635	0.564431
100.000000	-5.189911	21.159519	10.642655	18.192196	0.646778
100.000000	-5.916260	21.020189	10.271205	18.293725	0.827163
100.000000	-5.370806	21.479407	10.470926	18.069692	0.507825
100.000000	-5.636197	21.499264	11.069455	18.069392	0.107839
100.000000	-5.627110	21.124900	10.611476	18.218600	0.695514
100.000000	-5.439949	21.092399	10.926419	18.186516	0.587705
100.000000	-6.001493	21.523557	10.597776	18.157686	0.185221
100.000000	-5.859445	21.262108	10.648272	18.321239	0.619077
100.000000	-5.377671	21.651662	10.468717	18.280064	0.580476
100.000000	-5.451888	21.180907	10.336487	17.958948	1.133095
100.000000	-5.625429	21.356194	10.627683	18.276173	1.090050
100.000000	-5.531716	21.100630	10.439384	18.407413	0.708335
100.000000	-5.669286	20.821512	10.622223	18.243327	0.714342
100.000000	-5.274464	21.273844	10.795522	18.089667	0.818375
100.000000	-5.101863	21.147627	10.772593	18.292472	0.851473
100.000000	-5.783916	21.314443	10.673302	18.154584	0.531016
100.000000	-5.184101	21.433113	10.809457	18.324303	0.657286
100.000000	-4.930788	21.066966	10.576631	18.108240	1.161004
100.000000	-5.365588	21.140631	10.337944	18.496902	0.822952
100.000000	-5.712602	21.235551	10.502935	18.597869	0.601613
100.000000	-5.705783	21.143840	10.554382	18.298090	0.715861
100.000000	-5.519558	21.076553	10.145602	18.112635	0.620268
100.000000	-5.811771	21.223848	10.511333	18.093685	0.547141
100.000000	-5.736801	21.435400	10.516151	18.143655	0.440542
100.000000	-5.627471	21.056833	10.580460	18.003383	0.928197
100.000000	-5.358265	21.112170	10.362893	18.041148	1.010907
100.000000	-5.236679	21.259403	10.706464	18.112252	0.518863
100.000000	-5.380783	21.512685	10.597883	18.148541	0.625913
100.000000	-5.380036	21.586249	10.651647	18.140273	0.745637
100.000000	-5.368481	21.010954	10.465058	18.126898	0.590534
100.000000	-5.471109	21.064528	10.469927	18.116037	1.024161
100.000000	-5.749072	21.095987	10.736598	18.206856	0.908390
100.000000	-5.550694	21.260353	10.689338	18.449553	0.666887
100.000000	-5.594931	21.283426	10.594816	18.254420	0.648420
100.000000	-5.515707	20.583289	10.676335	18.236777	0.735335
100.000000	-5.383229	21.138017	10.385583	18.208570	0.529672
100.000000	-5.441156	21.278691	10.576614	18.237638	0.872072
100.000000	-5.579067	21.366678	10.585130	18.098554	0.772939
100.000000	-5.584701	21.315310	10.753478	18.166959	0.680765
100.000000	-5.684443	21.033729	10.635674	17.957450	0.369496
100.000000	-5.626831	21.302280	10.547475	18.040503	0.812488
100.000000	-5.457179	20.810546	10.975550	18.514538	0.385466
100.000000	-5.682499	21.429843	10.464004	18.464524	0.828290
100.000000	-5.212547	21.251433	10.344961	18.274831	0.746511
100.000000	-5.175943	21.372301	10.409517	18.145853	0.856851
100.000000	-5.655542	21.123695	10.500406	17.964398	0.270818
100.000000	-5.699472	21.167907	10.582175	18.304858	0.691164
100.000000	-5.453691	21.159049	10.509745	17.985194	0.580280
100.000000	-5.463023	21.162440	10.511865	18.170636	0.394202
100.000000	-5.933099	20.915844	10.453463	18.482575	0.500526
100.000000	-5.531715	21.306508	10.546884	18.168876	1.145506
100.000000	-5.698120	21.473210	10.782169	18.198622	0.427217
100.000000	-5.699014	21.195249	10.671666	18.255468	0.562226
100.000000	-5.609043	21.068502	10.698818	18.151908	0.898012
100.000000	-5.028725	20.960470	10.583600	18.048006	1.275137
100.000000	-5.730378	21.018498	10.762169	18.095077	0.744151
100.000000	-5.763242	20.929780	10.381939	18.133913	0.722291
100.000000	-5.595394	21.164000	10.757712	18.457709	0.726080
100.000000	-5.386263	21.350084	10.260972	18.197599	0.837652
100.000000	-5.584281	21.542659	10.506870	18.356118	0.504590
100.000000	-4.928662	20.872813	10.357467	18.304114	0.753996
100.000000	-5.421233	20.990100	10.197854	18.100362	0.594857
100.000000	-5.439688	20.998100	10.557485	18.116361	0.725966
100.000000	-5.421036	21.115780	10.665515	18.287892	0.501787
100.000000	-5.289814	20.922692	10.267335	18.271187	0.797032
100.000000	-5.368166	21.425250	10.570602	18.291965	0.561348
100.000000	-5.316270	20.925480	10.839128	17.901275	0.536597
100.000000	-5.764585	21.438596	10.677683	18.292417	0.472150
100.000000	-5.277842	21.140931	10.491833	18.068486	0.860957
100.000000	-5.141946	21.162836	10.456152	18.325283	0.842076
100.000000	-5.651368	20.794670	10.441939	18.139318	0.227950
100.000000	-4.986480	21.267830	10.207245	18.204525	1.048224
100.000000	-5.855275	21.009407	10.450325	18.042273	0.680313
100.000000	-5.831834	21.347414	10.600799	18.298402	0.752256
100.000000	-5.686900	20.957437	10.708248	18.341620	0.954785
100.000000	-5.687586	21.402834	10.488497	18.055157	0.814777
100.000000	-5.539737	21.468691	10.812706	18.051977	0.247171
100.000000	-5.105403	21.158187	10.843805	18.466108	1.149893
100.000000	-5.764458	21.320306	10.658884	17.892478	0.518841
100.000000	-5.182087	20.843120	10.549530	18.303291	0.551769
100.000000	-5.247017	21.192508	10.439888	18.014883	0.850903
100.000000	-5.620187	21.005149	10.545725	17.823883	1.045811
100.000000	-5.705454	21.166438	10.716347	18.404488	0.520014
100.000000	-5.524862	21.210015	10.458827	18.094022	0.680745
100.000000	-5.010382	21.114866	10.707234	17.783214	1.143750
100.000000	-5.787551	21.269136	10.720732	18.302886	0.711814
100.000000	-5.827805	21.182194	10.652966	18.138521	0.362545
100.000000	-5.457045	20.884243	10.615340	18.362225	0.996663
100.000000	-5.569828	21.387992	10.508683	18.126306	0.618518
100.000000	-5.459780	21.002729	10.227264	18.147681	0.621008
100.000000	-5.707776	21.452006	10.791450	18.141904	0.510593
100.000000	-5.323620	21.128077	10.102412	18.096660	0.628738
100.000000	-5.388815	20.924376	10.688405	18.228657	0.742921
100.000000	-5.708390	21.283570	10.645885	18.135664	0.744184
100.000000	-5.422749	21.535475	10.577996	18.006465	0.494272
100.000000	-5.750146	21.295280	10.521706	17.910395	0.527101
100.000000	-5.551151	21.449417	10.571421	18.062784	0.666124
100.000000	-5.435325	21.041132	10.455286	17.756507	0.924227
100.000000	-5.787168	21.429804	10.805215	18.159486	0.865852
100.000000	-5.319024	21.102369	10.415138	18.014520	0.903387
100.000000	-5.523171	21.054922	10.776930	18.284214	0.849069
100.000000	-5.645056	21.431157	10.862125	18.397285	0.445674
100.000000	-5.182559	21.008967	10.445998	18.043386	0.932277
100.000000	-5.113771	21.351199	10.832047	18.116796	1.073546
100.000000	-5.650503	21.179426	10.716550	18.177575	1.063013
100.000000	-5.156734	21.340954	10.523168	18.085496	0.807212
100.000000	-4.973980	20.960015	10.773872	18.068277	0.558887
100.000000	-5.430238	21.268477	10.663777	18.299492	0.860192
100.000000	-6.059921	21.423205	10.515167	18.120615	0.495685
100.000000	-5.754337	21.772549	10.726445	18.222840	0.266421
100.000000	-5.797743	21.448739	10.488856	17.945154	0.762952
100.000000	-5.689395	21.337345	10.574796	18.362134	0.588552
100.000000	-5.647544	21.528870	10.796875	18.152302	0.752134
100.000000	-5.432016	21.271399	10.140062	18.294578	0.757768
100.000000	-5.492965	21.038180	10.316396	17.899435	0.957140
100.000000	-5.457209	21.240644	10.609137	18.068091	0.535675
100.000000	-5.432808	21.048784	10.461097	18.065702	0.486497
100.000000	-5.184837	21.219084	10.371123	18.196473	0.888136
100.000000	-5.917888	21.805476	10.749628	18.307262	0.419995
100.000000	-5.724753	21.544940	10.510902	18.050567	0.499803
100.000000	-5.492744	21.316991	10.552410	18.001560	0.443133
100.000000	-5.431898	20.991955	10.871822	18.342187	0.947899
100.000000	-5.397863	21.213747	10.666724	18.319537	0.569636
100.000000	-5.917437	21.098606	10.416104	18.036032	1.151688
100.000000	-5.449393	21.098728	10.569463	18.458627	0.649670
100.000000	-5.425765	20.848264	10.580379	18.339698	0.580027
100.000000	-5.637775	20.887373	10.572044	18.066560	1.012080
100.000000	-5.291015	21.209657	10.591627	18.269915	0.734260
100.000000	-5.321945	20.895319	10.588886	17.949885	0.581457
100.000000	-5.653232	21.004081	10.813917	18.256454	0.407007
100.000000	-6.044369	21.162606	10.650204	18.193792	0.689570
100.000000	-5.572466	21.305812	10.575199	18.152337	0.563826
100.000000	-5.499691	21.112385	10.574004	18.378343	0.878621
100.000000	-5.370869	21.280081	10.463907	18.385766	0.559844
100.000000	-5.462995	21.524150	10.609211	18.460444	0.291530
100.000000	-5.233897	20.931029	10.202333	18.306350	0.766479
100.000000	-5.623951	21.027439	10.270390	17.930578	0.767695
100.000000	-5.640207	21.176079	10.512288	18.139963	0.759565
100.000000	-5.672540	21.453597	10.572279	17.930353	0.702572
100.000000	-5.120000	21.301014	10.575890	18.403962	0.985071
100.000000	-5.131907	21.039462	10.332579	18.222842	0.759571
100.000000	-5.424243	20.795359	10.725532	17.834854	0.912463
100.000000	-5.736449	21.206695	10.505305	17.815645	0.770222
100.000000	-5.617587	21.383649	10.699544	18.112904	0.523428
100.000000	-5.550274	21.032497	10.642646	18.067137	0.640274
100.000000	-5.657314	21.290928	10.333592	18.191933	0.978682
100.000000	-5.523832	21.491814	10.650358	18.632098	0.446678
100.000000	-5.490590	21.186435	10.618328	18.438774	0.846487
100.000000	-5.405470	20.691776	10.167430	18.482537	1.067745
100.000000	-5.678259	21.212252	10.439870	18.422070	0.693321
100.000000	-5.504534	21.271554	10.476478	18.090939	0.982398
100.000000	-5.220433	20.906965	10.242339	18.343117	0.958621
100.000000	-5.230159	21.368460	10.179843	18.120480	0.943466
100.000000	-5.580045	20.910338	10.613473	18.186313	0.911917
100.000000	-5.041678	20.933923	10.517502	18.120783	0.978364
100.000000	-4.794581	20.671351	10.279380	18.100641	1.297116
100.000000	-4.798254	20.978717	10.550161	18.408465	0.685506
100.000000	-5.685188	21.347047	10.544538	18.230853	0.670669
100.000000	-5.429601	20.923237	10.709430	17.961913	0.770178
100.000000	-5.133775	21.245880	10.546441	18.091246	0.616692
100.000000	-5.989483	21.126322	10.973770	18.052834	0.570627
100.000000	-5.469855	20.944594	10.384851	18.018769	1.026664
100.000000	-5.380251	20.816812	10.199889	18.146273	0.899340
100.000000	-5.027216	21.132051	10.575726	18.296786	0.556011
100.000000	-5.422231	21.239001	10.363257	18.036667	0.983414
100.000000	-5.194605	20.932638	10.320076	18.252026	0.783434
100.000000	-5.964736	21.231663	10.912272	18.411389	0.624726
100.000000	-5.856281	21.328263	10.696371	18.380438	0.713725
100.000000	-5.519892	21.213953	10.562490	18.207995	0.836209
100.000000	-5.268105	20.951961	10.391773	18.377654	0.702478
100.000000	-5.841480	21.432275	10.922449	18.250269	0.575812
100.000000	-5.773795	21.100469	10.623289	18.387522	0.673790
100.000000	-4.955636	21.164130	10.088137	18.152133	0.952124
100.000000	-6.072049	21.743751	10.667884	18.141840	0.556123
100.000000	-5.835808	21.103079	10.657337	17.564758	0.522654
100.000000	-5.255241	20.987678	10.524013	18.071869	1.260776
100.000000	-5.317608	20.995461	10.140171	17.933189	0.778336
100.000000	-5.055009	21.020738	10.604082	18.517096	0.727484
100.000000	-5.395667	20.987920	10.530216	18.418766	0.518855
100.000000	-5.065127	20.849177	10.139300	18.008828	1.291883
100.000000	-5.937669	21.647032	10.463706	18.278484	0.879719
100.000000	-5.140627	21.173973	10.898764	18.213372	0.632237
100.000000	-5.345010	21.441975	10.714391	18.229463	0.394768
100.000000	-5.885189	21.076747	10.600489	18.135548	0.572825
100.000000	-5.702608	20.929463	10.343435	18.292455	0.593378
100.000000	-5.162307	21.111056	10.648400	18.253087	0.698051
100.000000	-5.660303	21.120203	10.700571	18.397506	0.342774
100.000000	-5.255138	20.979762	10.439627	18.398921	0.531507
100.000000	-5.620640	21.063953	10.593628	17.928897	0.335494
100.000000	-5.468481	21.274837	10.704932	17.882595	0.937582
100.000000	-5.262092	21.234880	10.375935	18.061973	0.587890
100.000000	-5.684981	21.205421	10.530006	18.459238	0.731993
100.000000	-5.099921	20.862065	10.429597	18.119504	0.743759
100.000000	-5.174838	21.456101	10.337819	18.152864	0.638869
100.000000	-5.458238	21.202301	10.675128	17.995525	0.904404
100.000000	-5.214096	21.197312	10.412423	17.996238	0.908308
100.000000	-5.550743	21.648269	10.490367	17.982281	0.579595
100.000000	-5.243360	21.162224	10.590064	18.519888	0.812744
100.000000	-5.169740	21.156697	10.526905	18.173752	1.086031
100.000000	-5.547607	21.525152	10.677483	18.012521	0.731835
100.000000	-5.667139	21.226106	10.616396	18.239580	0.646736
100.000000	-5.402611	21.087368	10.558917	18.184472	0.544482
100.000000	-5.394130	20.841232	10.425839	18.087979	0.895302
100.000000	-5.715671	21.173155	10.658863	18.302226	0.974876
100.000000	-5.494061	21.283665	10.189081	18.351686	0.896280
100.000000	-5.696962	21.585391	10.760413	18.075866	0.837863
100.000000	-5.046658	20.876815	10.420291	18.357788	0.989118
100.000000	-5.130019	20.796553	10.605388	18.448875	0.556385
100.000000	-5.169962	20.927908	10.589884	18.162040	0.975833
100.000000	-5.526515	21.091212	10.712861	18.394739	0.631325
100.000000	-5.951486	21.738159	10.906933	18.230889	0.623457
100.000000	-5.067740	21.027434	10.253154	18.011017	1.117379
100.000000	-5.807066	21.001063	10.512083	17.943569	0.595387
100.000000	-5.153377	21.228742	10.445185	18.145017	0.977844
100.000000	-5.689070	20.863498	10.599978	18.197771	0.702664
100.000000	-5.473343	21.172321	10.279486	18.310265	0.918033
100.000000	-5.957581	21.029359	10.686847	18.267474	0.421252
100.000000	-5.484775	21.162018	10.393909	18.274520	0.770578
100.000000	-5.490770	21.389216	10.554713	18.017546	0.862835
100.000000	-5.582175	21.141406	10.711044	18.207043	0.582085
100.000000	-5.402528	21.655723	10.948758	18.319446	0.160874
100.000000	-5.687538	21.230522	10.847873	18.266095	0.589727
100.000000	-5.604291	21.051574	10.556731	18.037399	0.741868
100.000000	-5.521398	21.209228	10.758104	18.010864	0.972276
100.000000	-5.446511	21.153486	10.358953	18.263224	0.909200
100.000000	-5.561187	20.744480	10.482527	18.122884	0.921847
100.000000	-5.657773	21.065205	10.419555	18.541941	0.191563
100.000000	-5.563256	21.155347	10.719508	17.962879	0.302789
100.000000	-5.259372	21.374012	10.671620	18.190765	0.824550
100.000000	-5.407713	21.205097	10.910102	18.051941	0.937226
100.000000	-5.817571	21.224684	10.642761	18.312078	0.452754
100.000000	-5.762008	21.201133	10.679004	18.446272	0.670287
100.000000	-5.815008	21.554668	10.723739	18.384896	0.158767
100.000000	-5.687470	20.965929	10.637398	18.400073	0.879775
100.000000	-5.352373	21.374032	10.640691	18.126146	0.321753
100.000000	-5.276960	20.982345	10.221699	18.230678	0.581624
100.000000	-5.476899	21.265732	10.396233	18.228283	0.619745
100.000000	-5.463235	21.401018	10.249003	18.149553	0.464506
100.000000	-5.309655	20.652162	10.295957	17.935852	1.117505
100.000000	-5.695399	21.563575	10.414503	18.128286	0.676339
100.000000	-5.038774	20.928076	10.274183	18.128209	1.195573
100.000000	-5.356786	21.394274	10.979252	18.043026	1.005281
100.000000	-5.764315	21.756589	10.742252	18.360682	0.205357
100.000000	-5.862206	21.397812	10.555688	18.222744	0.683439
100.000000	-5.098503	21.340610	10.393226	18.338880	0.563762
100.000000	-5.777080	21.172834	10.571539	18.045436	0.925748
100.000000	-4.852075	21.372403	10.401452	18.179199	1.086576
100.000000	-5.597041	21.300906	10.485413	18.344534	0.635476
100.000000	-5.170036	20.714492	10.275833	18.247757	0.786392
100.000000	-5.590270	21.767723	10.542326	18.195206	0.420292
100.000000	-5.465771	21.299684	10.769737	17.879264	0.573086
100.000000	-5.083580	21.195423	10.358179	18.039134	0.728076
100.000000	-5.468473	21.165663	10.473813	18.091360	0.789052
100.000000	-5.266854	21.404056	10.696348	18.139226	0.470896
100.000000	-5.802607	21.286024	10.687096	18.353386	0.419194
100.000000	-5.514913	21.299987	10.729984	17.919210	0.134503
100.000000	-5.621715	20.942404	10.542065	18.174552	0.680875
100.000000	-5.759204	21.304365	10.625864	18.377715	0.712435
100.000000	-5.498664	21.089198	10.243948	18.179658	0.492262
100.000000	-5.520345	21.164500	10.408720	18.339870	0.620711
100.000000	-5.315917	21.247975	10.474188	18.187241	0.881516
100.000000	-5.456680	21.396405	10.708783	18.411618	0.365615
100.000000	-5.643352	21.131137	10.507951	18.278892	0.729559
100.000000	-5.537788	20.966362	10.623559	18.313048	0.647282
100.000000	-5.458389	21.694349	10.880791	18.094236	0.486379
100.000000	-5.716814	21.313454	10.365065	17.981385	0.667426
100.000000	-5.591110	21.112670	10.583730	18.087575	0.544417
100.000000	-5.926626	21.289295	10.794947	18.205649	0.703990
100.000000	-5.725333	21.061378	10.652844	18.121587	0.665592
100.000000	-5.445277	21.170688	10.314301	18.259161	0.755887
100.000000	-5.326494	21.118770	10.336739	18.175006	0.686583
100.000000	-5.557588	21.262849	10.820047	18.339970	0.875912
100.000000	-5.788099	21.172908	10.685223	18.272570	0.462462
100.000000	-5.601057	21.181883	10.653342	18.273177	0.518707
100.000000	-5.159242	20.988635	10.641908	18.235813	0.859326
100.000000	-5.646523	21.739613	10.932032	18.182012	0.298990
100.000000	-5.795635	21.408739	10.473861	18.166048	0.614996
100.000000	-5.198894	20.983855	10.415050	18.035957	1.031991
100.000000	-5.502047	21.105095	10.692075	18.184547	0.212686
100.000000	-5.332564	21.073429	10.349270	18.391605	0.921582
100.000000	-5.207745	21.008510	10.597192	18.317118	1.002473
100.000000	-5.419396	21.279053	10.510395	18.135957	0.585622
100.000000	-5.300887	20.753216	10.385877	18.147315	0.958520
100.000000	-5.677080	21.494768	10.873606	18.399180	0.891034
100.000000	-5.793417	21.438949	10.615711	18.640114	0.503254
100.000000	-5.159770	20.877208	10.424055	18.319071	0.926083
100.000000	-5.271207	21.346207	10.772449	18.203712	1.146361
100.000000	-5.880366	21.180236	10.545593	18.265392	0.675360
100.000000	-5.421001	20.997679	10.373933	18.140912	0.457295
100.000000	-5.312875	21.565854	10.555437	18.225422	0.860482
100.000000	-4.969746	21.327345	10.661569	18.345923	0.777165
100.000000	-5.487894	21.094331	10.529568	18.389985	0.878398
100.000000	-5.523015	21.016742	10.481220	18.168392	0.800158
100.000000	-5.287908	21.142450	10.311635	18.037300	0.661987
100.000000	-5.382853	21.232986	10.865840	17.985731	0.800381
100.000000	-5.261376	21.100931	10.608827	17.953801	1.117276
100.000000	-5.268619	21.267401	10.841507	17.822227	0.764210
100.000000	-5.753487	21.299536	10.816219	18.277872	0.318943
100.000000	-5.718624	20.904553	10.421954	18.369362	1.319380
100.000000	-4.822336	20.843285	10.141355	18.153780	1.189787
100.000000	-5.655718	21.369274	10.484004	17.891732	0.792940
100.000000	-5.477968	21.239311	10.494609	18.068834	0.802584
100.000000	-5.095656	21.246813	10.521264	18.121399	0.985929
100.000000	-5.371535	21.015230	10.307118	18.299937	0.719938
100.000000	-5.207041	21.098605	10.434213	18.234614	0.605495
100.000000	-5.277434	21.276809	10.616259	18.284040	0.785698
100.000000	-5.781930	21.562774	10.590370	17.626681	0.782276
100.000000	-5.279456	21.006972	10.609675	18.061798	0.937682
100.000000	-6.089482	21.192814	10.455857	18.193534	0.516378
100.000000	-5.448606	21.158795	10.351728	18.009445	0.781258
100.000000	-5.355557	21.240491	10.584596	18.140575	0.641934
100.000000	-5.326303	20.874529	10.683436	18.106809	0.545570
100.000000	-5.412035	21.121061	10.654519	17.977315	0.768985
100.000000	-5.562819	21.234787	10.632804	18.201594	0.668288
100.000000	-5.447972	21.394173	10.742396	18.397997	0.529812
100.000000	-5.273054	21.079016	10.432018	18.363194	0.489964
100.000000	-4.902991	20.878352	10.034972	18.301924	1.109632
100.000000	-5.951927	21.424484	10.573773	18.400588	0.192606
100.000000	-5.396247	21.039014	10.619995	18.296141	0.773935
100.000000	-5.331675	21.326108	10.674257	17.803759	0.778275
100.000000	-5.056699	20.783418	10.492938	18.188782	0.805793
100.000000	-5.491309	21.432483	10.993368	17.979202	0.573908
100.000000	-5.210498	21.248118	10.646703	18.225444	0.670725
100.000000	-5.420489	21.137081	10.663112	18.164898	0.620675
100.000000	-5.483941	21.558275	10.676848	18.387761	0.924495
100.000000	-5.752657	21.392025	10.674179	18.341888	0.434819
100.000000	-5.502519	20.949704	10.350700	18.149670	0.652140
100.000000	-5.602591	21.293313	10.430105	18.163938	0.706149
100.000000	-5.614987	21.009165	10.236791	17.910722	0.953718
100.000000	-5.526753	20.819652	10.454310	18.109869	1.140314
100.000000	-5.132110	21.097279	10.879688	17.903962	0.960474
100.000000	-5.671172	21.228297	10.608390	18.291018	0.727987
100.000000	-5.798968	21.114726	10.316521	18.047037	0.640929
100.000000	-5.258621	21.119385	10.840237	18.438748	0.605631
100.000000	-6.023832	21.267764	10.814732	18.228600	0.555698
100.000000	-5.198440	21.420236	10.318868	18.480356	0.619700
100.000000	-5.603612	21.153852	10.424791	18.385747	1.011026
100.000000	-5.418505	21.150244	10.393207	18.180351	0.715839
100.000000	-5.693594	21.296221	10.653653	18.154258	0.737546
100.000000	-5.766186	21.271107	10.318985	18.117102	0.603275
100.000000	-5.819625	20.998928	10.722902	18.218004	0.792412
100.000000	-5.005456	20.871807	10.552124	17.902776	1.047502
100.000000	-5.349891	21.130080	10.081945	18.376354	0.666437
100.000000	-5.801091	21.215080	10.721784	18.241196	0.268792
100.000000	-5.645720	20.953545	10.565875	18.250307	0.508149
100.000000	-5.898702	21.409224	10.247599	18.043899	0.739021
100.000000	-5.760221	21.509865	10.729725	18.141212	0.416513
100.000000	-5.847625	21.433153	10.982430	18.557011	0.708758
100.000000	-5.464571	21.165466	10.209322	18.290280	0.922989
100.000000	-5.097870	21.021727	10.586063	18.604929	0.844119
100.000000	-5.445788	21.263982	10.702329	18.212618	0.888160
100.000000	-5.309649	21.220728	10.686597	18.167349	0.955758
100.000000	-5.660064	21.425323	10.692960	18.213799	0.773526
100.000000	-5.107844	21.337469	10.370461	17.952600	1.053769
100.000000	-5.737279	21.520832	10.495477	18.183216	0.587242
100.000000	-4.999373	21.298885	10.280171	18.257134	1.017308
100.000000	-5.317491	21.119144	10.252144	18.442379	0.758740
100.000000	-5.049615	21.176352	10.671217	18.064025	0.788366
100.000000	-5.373709	21.300412	10.809718	18.054054	0.403023
100.000000	-6.076134	21.451074	10.653676	18.384697	0.345107
100.000000	-5.391338	21.052290	10.621561	18.306934	0.927508
100.000000	-5.375318	20.781576	10.340647	18.227842	0.806048
100.000000	-5.263132	21.083307	10.309840	17.872748	0.838606
100.000000	-5.286763	21.256464	10.602589	18.401076	0.596174
100.000000	-5.007528	21.319784	10.612391	18.181305	0.990081
100.000000	-5.581813	21.099136	10.885818	18.085285	0.987704
100.000000	-5.447641	21.707005	10.535337	18.088586	1.321778
100.000000	-5.596512	20.981731	10.743797	18.045429	0.835892
100.000000	-5.950654	21.257470	10.687247	18.405587	0.414419
100.000000	-5.252959	21.235345	10.349807	18.507093	1.166714
100.000000	-5.170177	20.983902	10.714123	18.384928	0.951211
100.000000	-5.361166	20.938348	10.498460	18.267636	0.879581
100.000000	-5.147474	21.094269	10.336333	18.461235	1.054694
100.000000	-5.636001	20.877127	10.757052	18.326411	0.415312
100.000000	-5.444201	21.139348	10.521828	18.143452	0.884841
100.000000	-5.265120	20.917127	10.450274	18.223604	1.177113
100.000000	-5.301314	20.860558	10.532161	18.271188	0.564379
100.000000	-5.783736	20.756964	10.581348	17.926362	1.031587
100.000000	-5.370496	21.209346	10.436413	18.091750	0.934625
100.000000	-5.624347	21.290846	10.348560	18.345363	1.168547
100.000000	-5.552711	20.943037	10.785109	18.226497	0.784716
100.000000	-5.697653	21.163535	10.498405	17.999894	0.634360
100.000000	-5.878245	21.349700	10.725356	18.206621	0.701357
100.000000	-5.300154	21.048788	10.761820	18.394737	0.275105
100.000000	-5.355446	21.334389	10.685029	18.353308	0.323531
100.000000	-5.750691	21.013717	10.627174	18.370337	0.609531
100.000000	-5.509653	21.119634	10.668785	17.944555	0.535758
100.000000	-5.704925	21.279578	10.520680	18.316905	0.739421
100.000000	-5.981697	21.197225	10.969454	18.296816	0.646866
100.000000	-5.344163	21.139986	10.288295	18.383851	0.896706
100.000000	-5.748346	21.173561	10.768363	18.204365	0.297769
100.000000	-5.329699	20.979244	10.704276	18.541040	0.702212
100.000000	-5.713770	21.049170	10.642619	18.091278	0.689021
100.000000	-5.659766	21.252374	10.577542	17.877114	0.796156
100.000000	-5.404124	20.822460	10.127343	17.946664	0.955620
100.000000	-5.528496	21.360731	10.753464	18.280830	0.980304
100.000000	-5.580428	21.214373	10.543818	17.957915	0.979644
100.000000	-5.765745	21.049440	10.638117	18.263802	0.221754
100.000000	-5.713204	21.325737	10.934943	18.419496	0.200621
100.000000	-5.781203	21.325853	10.680521	18.410003	0.615918
100.000000	-5.210541	20.815087	10.513230	17.985313	1.015922
100.000000	-6.004773	21.510916	10.755494	17.956627	0.505003
100.000000	-5.218781	20.911719	10.379755	18.337953	0.598352
100.000000	-5.509730	20.846407	10.920248	18.353739	0.860671
100.000000	-5.383666	21.084365	10.621974	18.042036	0.561651
100.000000	-5.308225	20.797982	10.507236	18.306669	0.832267
100.000000	-5.172009	20.785139	10.183865	17.935988	1.264252
100.000000	-5.610225	21.459733	10.500911	18.510548	1.036639
100.000000	-5.092645	21.275415	10.407599	18.103476	0.757476
100.000000	-5.449290	21.260846	10.508325	18.631093	0.550745
100.000000	-5.002684	20.932638	10.406444	18.133454	0.797645
100.000000	-5.299633	20.946667	10.637964	18.341037	0.795081
100.000000	-5.583605	21.368988	10.362516	18.250486	0.592928
100.000000	-5.278181	20.956422	10.545468	18.073814	0.781019
100.000000	-5.059721	21.056223	10.226656	17.845966	1.180318
100.000000	-5.335042	21.124453	10.530054	18.469569	0.740796
100.000000	-5.062654	21.268017	10.217175	18.131577	0.883106
100.000000	-5.109980	21.371913	10.426607	18.466509	0.650936
100.000000	-5.529684	21.543713	10.696828	18.224826	0.592302
100.000000	-5.500009	21.258253	10.650092	18.530422	0.468119
100.000000	-5.364252	21.350471	10.447473	18.109432	0.973990
100.000000	-5.801051	21.003330	10.389017	18.007584	1.314339
100.000000	-5.304028	21.053868	10.560281	18.055981	1.159325
100.000000	-5.564865	20.963463	10.333895	17.925653	1.067264
100.000000	-5.314411	21.187338	10.442904	18.483879	0.639054
100.000000	-5.842223	21.317260	10.811737	18.507189	0.028288
100.000000	-5.348938	21.051944	10.624670	18.035654	0.348418
100.000000	-5.927213	21.603765	10.883509	18.362521	0.374219
100.000000	-5.598562	20.884725	10.553452	18.369694	1.141001
100.000000	-4.790731	21.244941	10.382307	18.316200	1.170944
100.000000	-5.982989	21.511891	10.859633	18.171192	0.365350
100.000000	-5.080953	21.082266	10.342172	18.357292	1.114102
100.000000	-5.838028	21.391653	10.940545	18.126324	0.295008
100.000000	-5.186998	20.931889	10.413285	18.195419	0.967379
100.000000	-5.841492	21.084602	10.579579	18.360280	0.457104
100.000000	-5.819614	21.318937	10.961086	17.995002	0.826014
100.000000	-5.227428	21.331478	10.728850	17.963419	0.785464
100.000000	-5.760645	21.422492	10.638757	18.032146	0.849484
100.000000	-5.473203	21.142366	10.625647	18.219706	0.600070
100.000000	-5.249833	21.236382	10.361112	18.184153	1.360133
100.000000	-5.182444	21.063424	10.457246	18.415734	0.880360
100.000000	-5.714475	21.549568	10.619079	18.198636	0.446016
100.000000	-5.878557	21.111059	10.611423	18.035388	0.728658
100.000000	-5.510216	21.297809	10.867286	18.168373	0.790551
100.000000	-5.681577	20.993494	10.632329	17.946036	0.594624
100.000000	-5.814939	21.159450	10.423642	18.230225	0.492105
100.000000	-5.097027	21.199538	10.426506	17.869500	0.923267
100.000000	-5.602679	21.366160	10.368931	18.291808	0.627915
100.000000	-5.420739	20.903033	10.583185	17.862733	1.003808
100.000000	-5.554642	20.994702	10.655315	18.204428	0.705524
100.000000	-5.095676	21.361182	10.358072	18.036272	0.777568
100.000000	-5.076441	21.373448	10.633570	18.222522	0.850593
100.000000	-5.982943	20.753590	10.436498	18.327678	0.782664
100.000000	-5.938212	21.244231	10.510241	18.349654	0.440565
100.000000	-5.618847	21.245279	10.924740	18.190417	0.711772
100.000000	-5.451112	21.002875	10.660693	18.232930	0.941439
100.000000	-5.235304	21.035571	10.448014	18.348043	0.722396
100.000000	-5.577126	21.409149	10.651180	18.106621	0.655319
100.000000	-5.360295	21.100718	10.411480	18.009485	0.889691
100.000000	-5.280480	21.547173	10.685001	18.010730	0.847643
100.000000	-5.590179	21.299962	10.454936	17.991846	0.670083
100.000000	-5.633635	21.131225	11.034441	18.220318	0.792546
100.000000	-6.172882	21.282611	10.841892	18.377366	0.216016
100.000000	-5.068259	21.265107	10.586933	18.423450	0.520860
100.000000	-5.312539	21.205640	10.277870	17.825494	0.882556
100.000000	-5.280674	20.727426	10.430850	18.211483	0.927688
100.000000	-5.794971	21.024716	10.368063	18.381103	0.918806
100.000000	-5.498932	21.572896	10.235417	18.022995	0.868599
100.000000	-5.429896	21.453694	10.764587	18.188981	0.426220
100.000000	-5.455964	21.486020	10.726136	18.159442	0.346921
100.000000	-4.928711	21.188396	10.793848	18.340714	1.195805
100.000000	-5.392415	21.029427	10.738191	18.552521	0.152479
100.000000	-5.689957	21.489322	10.603696	18.234630	0.361378
100.000000	-5.519686	21.376331	10.286531	18.052827	0.434965
100.000000	-5.302425	21.474010	10.378783	18.289801	0.691688
100.000000	-5.610433	21.262978	10.509111	17.958637	0.548105
100.000000	-5.941326	21.319240	10.615748	18.211117	0.651804
100.000000	-5.353272	20.859276	10.411710	18.380724	0.887882
100.000000	-5.677565	21.357222	10.576310	18.041983	1.047761
100.000000	-5.424543	21.299814	10.658958	18.109814	0.301074
100.000000	-5.373311	20.896026	10.584142	18.106505	0.989141
100.000000	-5.353338	21.248408	10.218072	18.058486	1.108645
100.000000	-5.603600	20.929577	10.658659	18.175461	0.902954
100.000000	-5.541763	21.017794	10.469995	18.070475	0.930225
100.000000	-5.096398	21.156142	10.586239	18.030414	0.674196
100.000000	-5.207662	21.089087	10.329244	17.828312	0.515778
100.000000	-5.688327	21.054210	10.896040	18.250143	0.306176
100.000000	-5.443191	21.138325	10.718357	18.196208	0.668981
100.000000	-5.345426	20.932555	10.682188	18.352163	0.771026
100.000000	-5.986049	21.608272	10.710608	18.410841	0.038412
100.000000	-5.225767	21.238084	10.519201	18.035545	1.009036
100.000000	-5.713599	21.141276	10.688682	18.134443	0.684076
100.000000	-5.185748	20.960538	10.505227	18.359537	1.031022
100.000000	-5.645313	20.980359	10.393703	18.137359	1.093777
100.000000	-5.414741	21.202760	10.318246	17.793210	0.844896
100.000000	-5.192400	20.965555	10.415669	17.945268	1.382591
100.000000	-5.616657	21.260294	10.666468	18.195513	0.623745
100.000000	-5.930119	21.269671	10.745350	18.087394	0.831114
100.000000	-5.314385	21.296048	10.705718	18.154738	0.829359
100.000000	-5.582771	21.255919	10.640750	18.155834	0.531816
100.000000	-5.814949	21.274391	10.841818	18.160531	0.676322
100.000000	-5.778832	21.224371	10.565606	18.212703	0.936677
100.000000	-5.268167	21.522427	10.413020	18.223303	0.381824
100.000000	-5.300175	21.138935	10.582585	18.220934	1.023453
100.000000	-5.395748	20.951037	10.973064	18.364690	1.080182
100.000000	-5.354932	20.975803	10.794441	18.344056	0.405898
100.000000	-5.211366	21.388475	10.581485	18.319289	0.379590
100.000000	-5.460254	21.298107	10.492117	18.113982	0.719655
100.000000	-5.662395	20.868014	10.430097	18.199345	0.591248
100.000000	-4.943408	21.132639	10.554378	18.396075	0.814602
100.000000	-5.723063	20.985751	10.357511	18.141856	0.732613
100.000000	-5.429285	21.388366	10.844022	18.207767	1.087514
100.000000	-4.843952	20.726459	10.508626	18.075593	1.169709
100.000000	-5.395984	20.828685	10.716412	18.022697	1.231733
100.000000	-5.580196	21.177605	10.666678	18.127761	0.836258
100.000000	-5.365209	21.442291	10.442015	17.935844	1.047483
100.000000	-5.997320	21.436579	10.831624	18.097919	0.521359
100.000000	-5.259249	20.662570	10.170508	18.070442	1.066601
100.000000	-5.753200	21.373950	10.703065	18.311654	0.555068
100.000000	-5.365206	21.091434	10.603444	18.190829	0.718447
100.000000	-5.600048	21.215001	10.513732	18.024914	0.419252
100.000000	-5.698761	21.071141	10.644984	18.123261	0.328383
100.000000	-5.362826	21.030180	10.237451	18.026950	0.841445
100.000000	-5.606503	21.095498	10.539919	18.345762	0.593671
100.000000	-5.212745	21.367162	10.389234	18.180221	0.984410
100.000000	-5.577937	21.040297	10.807285	18.379976	0.618539
100.000000	-5.246004	21.379215	10.537220	18.302919	0.740249
100.000000	-5.500913	21.093254	10.552874	17.972375	1.174366
100.000000	-5.620271	21.016641	10.580207	17.962705	0.622795
100.000000	-5.156543	20.722232	10.437770	18.253077	1.132754
100.000000	-5.138414	21.080574	10.669722	18.173337	0.826701
100.000000	-5.644674	21.237588	10.400798	18.252826	0.511606
100.000000	-5.524169	21.417693	10.615736	18.203743	0.797987
100.000000	-5.442145	21.151143	10.017701	18.292299	0.721000
100.000000	-5.416277	21.127136	10.343617	18.040631	1.120828
100.000000	-5.911774	21.162163	10.729759	18.146875	0.820552
100.000000	-5.726329	21.366667	10.496467	18.251414	0.415368
100.000000	-5.491514	20.979772	10.692242	17.994941	0.836994
100.000000	-5.950875	21.155790	10.776829	18.315878	0.559565
100.000000	-5.256939	21.380516	10.628264	18.181410	0.923469
100.000000	-5.293824	21.592873	10.495842	18.453647	0.506698
100.000000	-5.148512	21.042409	10.609169	18.190399	0.849910
100.000000	-5.935453	21.445468	11.117640	18.183878	0.556461
100.000000	-5.039746	21.303333	10.307758	18.208204	0.813743
100.000000	-5.079551	21.076366	10.557093	18.072526	1.119179
100.000000	-5.504869	21.232336	10.591779	18.284716	0.740169
100.000000	-5.429445	21.230545	10.586504	18.194105	0.899017
100.000000	-5.547827	21.751713	10.687335	18.137213	0.822468
100.000000	-5.755288	21.421519	10.713961	18.364950	0.454299
100.000000	-5.661591	21.456906	10.560504	18.272713	0.668766
100.000000	-5.717233	20.884694	10.473772	17.945986	0.881378
100.000000	-5.456013	21.142559	10.613867	18.287421	0.659075
100.000000	-5.552212	21.693487	10.756577	17.811054	0.599217
100.000000	-5.879434	21.534239	10.815064	18.440797	0.438554
100.000000	-5.493923	20.723628	10.615676	18.224184	0.885060
100.000000	-5.776448	21.192198	10.235029	17.716757	0.749855
100.000000	-5.629219	21.192591	10.769591	18.555288	0.717641
100.000000	-6.020546	21.377377	10.297696	17.792429	1.278720
100.000000	-5.488806	20.990383	10.578072	18.040196	0.602136
100.000000	-5.089513	20.772699	10.553854	18.150736	1.176238
100.000000	-5.565399	21.510679	10.610513	18.350118	0.525897
100.000000	-5.577414	21.294649	10.060002	18.085552	0.642321
100.000000	-5.822862	20.906950	10.586209	18.275503	0.601880
100.000000	-5.773396	21.111181	10.568431	18.147898	0.726467
100.000000	-5.173676	21.070943	10.293721	17.878411	1.248606
100.000000	-5.861790	21.087629	10.481949	18.462492	0.190428
100.000000	-6.170455	21.196337	10.649145	18.329047	0.455157
100.000000	-5.051125	20.822498	10.388555	18.235056	1.088934
100.000000	-5.481151	21.021412	10.567385	18.468997	1.049655
100.000000	-5.396055	21.353652	10.908752	18.421961	0.438471
100.000000	-5.368855	21.043747	10.283986	18.282332	0.642157
100.000000	-5.121935	21.191215	10.601858	18.157435	1.040577
100.000000	-5.512401	21.081201	10.690945	18.273067	0.622994
100.000000	-5.556754	21.287262	10.378439	18.390336	0.572529
100.000000	-5.776943	21.569038	10.527145	17.894503	0.478654
100.000000	-5.204278	21.211557	10.213193	18.158545	0.830654
100.000000	-5.541218	21.042462	10.344608	18.201722	1.032425
100.000000	-5.831904	21.215732	10.611241	18.379418	0.572664
100.000000	-5.320753	21.187709	10.477971	18.197696	1.040210
100.000000	-5.244606	20.994714	10.440387	17.953150	0.917778
100.000000	-5.523764	21.113041	10.577306	17.945378	0.732154
100.000000	-5.299112	21.092109	10.333832	18.085096	0.284516
100.000000	-5.150708	20.920608	10.621142	17.993883	0.681156
100.000000	-5.685155	21.883041	10.447630	18.142115	0.613831
100.000000	-5.388186	21.195635	10.808900	18.334996	0.662518
100.000000	-5.028099	21.253707	10.450212	18.068686	0.859278
100.000000	-5.162941	21.523003	10.288715	18.167961	0.850211
100.000000	-5.337451	20.944366	10.607966	18.281520	0.666608
100.000000	-5.239207	21.381035	10.366685	18.521746	0.565641
100.000000	-5.500293	21.095983	10.495657	18.269385	0.654876
100.000000	-5.750783	21.105783	10.923681	18.411678	0.881601
100.000000	-5.363631	21.421675	10.577111	18.235817	0.771649
100.000000	-6.068776	21.589149	10.752570	18.148456	0.283230
100.000000	-5.497400	21.505728	10.892894	18.239859	0.738405
100.000000	-5.089774	20.996049	10.463627	18.113040	0.522892
100.000000	-5.680656	21.724892	10.654301	18.498549	0.124808
100.000000	-5.512038	21.135598	10.806391	18.053292	0.647364
100.000000	-5.208005	21.242051	10.460416	18.186616	0.492146
100.000000	-5.335336	21.370217	10.391619	17.976354	0.874400
100.000000	-5.641291	21.278746	10.921071	18.228442	0.531100
100.000000	-5.744382	21.094479	10.427340	18.158186	1.061316
100.000000	-5.619478	21.051442	10.733979	18.000387	1.037995
100.000000	-5.553712	21.441314	10.671194	18.210992	0.867841
100.000000	-5.967840	21.295890	10.786861	18.335860	0.527083
100.000000	-5.826556	20.876322	10.914848	17.977640	0.744942
100.000000	-5.741170	21.570170	10.646868	18.206950	0.537298
100.000000	-5.603574	21.444447	10.530414	18.368449	0.462135
100.000000	-5.575124	21.496892	10.438107	18.181523	0.664928
100.000000	-5.132718	21.120441	10.503825	18.271856	0.611712
100.000000	-5.496083	21.721370	10.413059	17.951435	0.830050
100.000000	-5.494688	20.846466	10.419069	18.218149	0.367209
100.000000	-5.830312	21.276274	10.385485	18.355274	0.319497
100.000000	-5.722919	21.281539	10.467526	18.434200	0.933585
100.000000	-5.181349	21.613854	10.637389	17.965344	0.792298
100.000000	-5.707501	21.046715	10.293226	18.235472	0.872643
100.000000	-5.381860	21.017569	10.957129	18.154644	0.741775
100.000000	-5.275908	20.914162	10.659179	18.587427	1.060860
100.000000	-5.703498	21.006706	10.761213	18.313956	0.290365
100.000000	-5.378983	20.898997	10.522866	18.241111	0.872764
100.000000	-5.026283	20.884056	10.322642	18.139613	0.747080
100.000000	-5.607859	21.188834	10.626719	18.291418	0.574003
100.000000	-5.860604	21.295253	10.995233	18.257511	0.916035
100.000000	-5.786801	21.358089	10.291431	18.092187	0.585820
100.000000	-5.383980	21.503610	10.937584	18.132733	1.040188
100.000000	-5.579607	21.210938	10.464258	18.309683	0.670410
100.000000	-5.302299	21.289226	10.450768	18.226594	0.538732
100.000000	-5.519606	21.196724	10.299458	18.016593	0.949548
100.000000	-5.391801	20.997081	10.584106	17.982752	1.001265
100.000000	-5.644972	21.316405	10.526046	18.036903	0.606841
100.000000	-5.327865	21.075446	10.547124	18.097403	0.632931
100.000000	-4.970451	21.171570	10.204587	18.058100	0.998725
100.000000	-5.044199	21.297821	9.928842	18.286518	0.822779
100.000000	-6.030051	21.468228	10.921829	18.391847	0.137399
100.000000	-5.762743	21.180827	10.485367	18.265037	0.503519
100.000000	-5.781672	21.229329	11.220494	18.239841	0.567176
100.000000	-5.899485	21.203026	10.739129	18.143326	0.208049
100.000000	-5.369534	21.127736	10.544241	18.370395	0.556967
100.000000	-5.294803	21.052113	10.506882	18.081190	0.879956
100.000000	-5.269782	21.146227	10.572591	18.260461	0.591166
100.000000	-5.825426	21.732684	10.517863	18.235314	0.648501
100.000000	-5.443515	21.171100	10.550690	17.989586	0.836430
100.000000	-5.027607	21.391775	10.267082	18.182433	0.541756
100.000000	-5.987180	21.253540	10.720770	18.232493	0.523846
100.000000	-5.698536	21.090678	10.747787	18.327432	0.434349
100.000000	-5.624345	21.185921	10.445391	17.892017	0.495723
100.000000	-6.015231	21.360207	10.444788	18.016107	0.805223
100.000000	-5.538628	21.098457	10.571486	18.553820	0.514905
100.000000	-5.776258	21.078942	10.433233	18.252760	1.041579
100.000000	-5.819138	21.540393	10.292835	18.438812	0.469266
100.000000	-5.423831	21.168349	10.573692	18.233611	0.678962
100.000000	-5.599491	21.617712	10.505025	17.867984	1.008072
100.000000	-5.329933	21.171467	10.447392	18.040891	1.260971
100.000000	-5.301172	21.265862	10.625281	17.892654	0.940394
100.000000	-5.576666	20.647776	10.459948	18.013051	0.937796
100.000000	-5.174997	21.023117	10.090977	18.143852	0.831622
100.000000	-5.606283	21.329176	10.517652	18.245028	0.718635
100.000000	-5.638370	21.233162	10.515577	18.023412	0.826598
100.000000	-5.369833	21.449036	10.220878	18.174835	0.797584
100.000000	-5.839945	21.402568	10.538987	18.088145	0.130732
100.000000	-5.440432	21.227385	10.641417	17.996145	1.189591
100.000000	-5.510384	21.245833	10.804599	18.409558	0.258865
100.000000	-4.800855	20.783516	10.335386	17.910542	1.175902
100.000000	-5.229861	21.277247	10.867450	18.070573	0.483714
100.000000	-5.160709	21.246080	10.476397	18.197375	0.559274
100.000000	-4.881392	20.795929	10.699060	18.138748	0.819567
100.000000	-5.765123	21.353516	10.493291	18.333925	0.617272
100.000000	-5.426504	21.270235	10.029292	18.123107	0.569317
100.000000	-5.558000	21.213542	10.294996	18.163944	0.758603
100.000000	-4.966939	21.176108	10.745451	18.029484	0.969056
100.000000	-5.402096	21.277331	10.765932	18.491724	0.826236
100.000000	-5.828543	21.426523	10.864013	18.531138	0.373198
100.000000	-5.841012	21.316308	10.561283	18.118537	1.058206
100.000000	-5.666703	21.249239	10.262318	18.404212	0.690684
100.000000	-5.640879	21.444622	10.901972	18.091014	0.499465
100.000000	-6.026866	20.896962	10.195939	18.314119	0.903691
100.000000	-5.111741	21.165470	10.164849	18.348908	0.576031
100.000000	-5.614517	20.805329	10.495306	18.586553	0.117396
100.000000	-5.464136	21.186969	10.626319	18.327410	0.600884
100.000000	-5.679006	21.432689	10.934994	18.202596	0.877645
100.000000	-5.642692	21.459078	10.644157	18.146907	0.764855
100.000000	-5.863479	21.301983	10.678733	18.074145	0.781247
100.000000	-6.107679	21.039647	10.654290	18.547616	0.588851
100.000000	-5.855938	21.184749	10.271429	18.150088	0.668289
100.000000	-5.715360	21.193062	10.673341	18.542676	0.591054
100.000000	-5.881185	21.387983	10.452889	18.365896	0.119447
100.000000	-5.159237	21.002157	10.310615	18.081252	1.070874
100.000000	-5.557538	21.134322	10.509005	18.249274	0.515486
100.000000	-5.403211	20.937090	10.249182	18.245562	0.869250
100.000000	-5.941076	21.504541	10.600228	18.378823	0.281453
100.000000	-5.441883	21.032382	10.082402	18.261984	0.863073
100.000000	-5.301511	20.690138	10.535114	18.085681	1.085688
100.000000	-5.653762	21.148282	10.861103	18.026919	0.828967
100.000000	-5.619351	21.428833	10.382364	18.097694	0.798937
100.000000	-5.891416	21.520950	10.870625	17.872220	0.507056
100.000000	-5.586315	21.282532	10.512173	18.391755	0.658196
100.000000	-5.791890	21.304260	10.826499	18.251952	0.616255
100.000000	-5.327071	21.030547	10.862716	18.373252	0.771909
100.000000	-5.387893	21.408647	10.686199	18.207443	0.326651
100.000000	-5.954873	21.222675	10.690192	18.284138	0.926146
100.000000	-5.725139	20.898186	10.521844	18.073879	0.576831
100.000000	-5.682177	21.169026	10.638971	17.928352	0.460264
100.000000	-5.857960	21.015634	10.577933	18.427323	0.551910
100.000000	-5.099198	21.200296	10.544597	18.217672	1.009869
100.000000	-5.697854	21.244578	10.462227	17.960946	0.821824
100.000000	-5.320331	20.931927	10.361281	18.387161	0.665720
100.000000	-5.017948	20.853556	10.320746	18.373001	0.964133
100.000000	-5.600786	21.431504	10.341269	18.353273	0.753192
100.000000	-5.405301	21.084854	10.646081	18.234724	0.622175
100.000000	-5.990076	21.188523	10.935308	18.353874	0.439860
100.000000	-6.066972	21.364978	11.013568	17.974796	0.512260
100.000000	-5.134454	21.034765	10.387460	18.030694	0.771886
100.000000	-5.400505	21.436559	10.744209	18.069376	0.739858
100.000000	-5.875341	21.455415	10.570312	18.501045	0.619123
100.000000	-5.816178	21.584575	10.633773	18.281983	0.517503
100.000000	-5.752224	21.317490	10.435125	18.670895	0.696009
100.000000	-5.532026	21.393377	10.774670	18.277652	0.659733
100.000000	-5.636944	21.371563	10.457149	18.417995	0.514625
100.000000	-5.386341	21.287159	10.384466	18.110887	0.676316
100.000000	-5.541592	21.346655	10.772344	18.476585	0.755275
100.000000	-5.399348	21.228687	11.005815	17.869062	0.965450
100.000000	-5.722077	20.949411	10.399674	18.116131	0.515472
100.000000	-5.640148	21.431630	10.531099	17.788548	0.617926
100.000000	-5.295620	20.961046	10.760940	18.236886	0.891183
100.000000	-5.297206	21.281458	10.314150	18.513727	0.725942
100.000000	-5.363270	20.944536	10.278952	18.202637	0.372548
100.000000	-5.187340	21.009027	10.223735	18.048123	0.423234
100.000000	-5.465285	20.924474	10.460031	18.370454	0.780835
100.000000	-5.537692	21.367271	10.937876	18.122246	0.569177
100.000000	-6.318149	21.492152	10.589735	18.070236	0.644667
100.000000	-5.693799	21.354985	10.407447	18.002033	0.903381
100.000000	-5.443505	21.169510	10.694864	18.173784	0.997850
100.000000	-5.315098	20.854139	10.489504	18.250348	0.988209
100.000000	-5.462449	21.306007	10.759599	18.378114	0.494886
100.000000	-4.835481	21.028321	10.389515	18.205389	1.005957
100.000000	-5.890390	21.130984	10.530125	18.227892	0.625449
100.000000	-5.247472	20.966684	10.263160	18.356410	0.768763
100.000000	-5.383227	21.058875	10.748678	18.083108	0.625331
100.000000	-5.566732	21.123474	10.356247	18.127863	0.594719
100.000000	-5.231828	21.070834	10.538736	18.147363	0.793242
100.000000	-5.391910	21.278337	10.019050	18.071524	0.941004
100.000000	-5.811588	21.369871	10.740899	18.371968	0.340070
100.000000	-5.482795	21.011024	10.454288	18.261651	0.752028
100.000000	-5.139205	20.998350	10.512271	18.181826	1.011459
100.000000	-5.249140	21.478728	10.179159	18.082110	0.879055
100.000000	-5.540174	20.833295	10.239983	18.322717	0.984618
100.000000	-5.289733	21.264313	10.615521	18.137945	0.747590
100.000000	-5.252090	21.027926	10.493264	18.002653	0.786094
100.000000	-5.373964	21.328671	10.697655	18.492034	0.478089
100.000000	-5.339439	21.302161	10.415062	18.249390	0.850176
100.000000	-5.349709	21.113971	10.374304	18.489300	1.024589
100.000000	-5.393549	21.273468	10.677557	18.090071	1.009250
100.000000	-5.693060	21.441667	10.632825	18.129002	0.225823
100.000000	-5.422374	21.539341	10.489799	18.017832	0.266966
100.000000	-5.087396	21.312168	10.665055	18.299623	0.791080
100.000000	-5.458417	20.801521	10.516833	17.980219	1.094038
100.000000	-5.520786	20.948612	10.421699	18.547787	1.206926
100.000000	-5.445979	21.197049	10.386450	18.215930	0.724558
100.000000	-5.750975	20.823544	10.814829	18.386480	0.836628
100.000000	-5.399902	20.957537	10.511078	18.224963	0.998047
100.000000	-5.441608	21.133664	10.576520	18.356880	0.933699
100.000000	-5.153588	21.426415	10.568076	17.693994	1.322653
100.000000	-5.978658	21.472597	10.879578	18.361591	0.173930
100.000000	-5.441900	21.329348	10.579324	18.007083	0.539769
100.000000	-5.559758	21.493033	10.629552	18.187313	0.545265
100.000000	-5.341326	20.972776	10.599954	18.335977	0.796994
100.000000	-5.174714	21.323269	10.408265	18.425136	0.811160
100.000000	-5.315905	21.061019	10.538288	18.388642	0.250169
100.000000	-5.138278	21.276342	10.667810	18.579321	0.767359
100.000000	-5.029948	21.147739	10.378517	18.155033	0.895724
100.000000	-5.298061	21.053074	10.651326	18.640285	0.614635
100.000000	-4.955293	21.076015	10.208686	18.444758	0.857904
100.000000	-5.102564	21.122829	10.383307	18.218113	1.047241
100.000000	-5.420528	21.017558	10.480164	18.288504	0.825952
100.000000	-5.700773	21.351752	10.849651	18.207413	1.066731
100.000000	-5.391645	21.678520	10.471313	18.215201	0.430241
100.000000	-5.426580	21.268032	10.547410	18.317025	0.691956
100.000000	-5.782892	21.077768	10.380592	18.351387	0.277240
100.000000	-5.265750	20.985917	10.491527	18.131985	0.463733
100.000000	-5.457373	21.163625	10.431631	18.326688	0.987928
100.000000	-5.084018	20.964609	10.693357	18.393554	0.525066
100.000000	-5.066498	21.147276	10.670916	18.029945	0.532328
100.000000	-5.677784	21.369509	10.815692	18.201739	0.298272
100.000000	-5.747622	21.014834	10.612025	18.534716	0.485353
100.000000	-5.465757	21.077946	10.411974	17.801102	0.840398
100.000000	-5.763782	20.992126	10.643005	17.939091	0.201681
100.000000	-5.752933	21.170065	10.719105	18.437516	0.378258
100.000000	-5.334623	21.243359	10.760669	18.182965	0.497978
100.000000	-5.637174	21.108813	10.407392	18.449226	0.577441
100.000000	-5.300517	21.041250	10.728382	18.261176	0.947744
100.000000	-5.783295	20.947280	10.487138	17.887704	0.365747
100.000000	-5.307377	20.639192	10.239351	18.468585	0.996217
100.000000	-5.304081	21.333069	10.619722	18.170011	0.684921
100.000000	-5.181655	21.038627	10.575696	18.104719	1.001710
100.000000	-5.684698	21.308462	10.601031	18.344192	0.318132
100.000000	-5.536573	21.058629	10.358907	18.025753	0.957912
100.000000	-5.215561	21.354990	10.448771	18.139594	0.753620
100.000000	-5.950342	21.582600	10.685222	18.111942	0.555017
100.000000	-5.430942	21.075018	10.625161	18.421225	0.740673
100.000000	-5.082394	20.789340	10.412510	18.089246	0.972839
100.000000	-5.775178	21.403692	10.457527	18.257969	0.540192
100.000000	-5.860269	21.387170	10.608789	18.275091	0.697894
100.000000	-5.749433	21.292253	10.504884	17.808658	1.062994
100.000000	-5.416882	21.041380	10.403732	18.007859	0.993676
100.000000	-4.903713	20.975668	10.480353	18.051180	1.159612
100.000000	-5.117976	21.222603	10.249403	18.075193	0.661873
100.000000	-5.445373	20.991389	10.299527	18.342915	1.140817
100.000000	-5.641929	20.967390	10.603968	18.167215	0.495568
100.000000	-5.709308	21.096600	10.547613	18.410078	0.650830
100.000000	-6.186731	21.428720	10.376526	18.154408	0.763711
100.000000	-5.035296	20.953235	10.362701	18.248319	1.128799
100.000000	-5.832633	21.412924	10.251628	18.059023	0.417144
100.000000	-5.823556	21.164207	10.511449	18.021009	0.601446
100.000000	-5.523151	21.448147	10.567601	18.352979	1.055349
100.000000	-5.308793	21.085590	10.519967	18.111831	0.865164
100.000000	-5.753082	21.196368	10.435304	18.274774	0.364034
100.000000	-5.853745	21.416947	10.525494	18.439184	0.514857
100.000000	-5.395778	21.159599	10.559644	17.872361	0.908529
100.000000	-5.981285	21.222790	10.428527	18.093322	0.371254
100.000000	-5.783592	21.455314	10.444486	18.379912	0.639727
100.000000	-5.368357	21.035653	10.446592	17.782767	0.770562
100.000000	-5.473461	21.126248	10.775939	18.025345	1.002125
100.000000	-5.685085	20.981693	10.412722	18.009261	0.579152
100.000000	-5.544902	21.288952	10.768195	18.220917	0.576229
100.000000	-5.574086	21.627644	10.953006	18.125105	0.310486
100.000000	-5.535759	21.318422	10.913403	17.991578	0.819888
100.000000	-4.897220	20.949136	10.609950	18.243384	1.068327
100.000000	-5.835552	21.292200	10.689757	18.421322	0.438891
100.000000	-5.506859	21.526219	10.643769	18.215929	0.734998
100.000000	-5.466213	21.110694	10.617152	18.076085	0.529696
100.000000	-5.195219	20.998692	10.335179	17.970915	1.232533
100.000000	-5.171001	21.012941	10.748388	18.486014	1.171280
100.000000	-5.158601	21.301197	10.481284	18.381740	0.549505
100.000000	-5.554450	21.516863	10.636084	18.352861	0.533697
100.000000	-6.214871	21.504188	10.789259	18.250290	0.452977
100.000000	-5.764236	21.279196	10.788205	17.863889	0.742556
100.000000	-5.410288	21.320674	10.373712	18.144562	0.586600
