18.284791	1.119925	61.348597	16.654424	-99.816738	91.521965
59.054665	1.582267	43.584248	49.693598	-100.000000	-93.124636
46.611730	-36.646024	85.140519	-14.994332	100.000000	71.117532
-61.537512	-41.041155	-66.244045	81.141504	-100.000000	32.110347
-51.336020	10.998229	-64.331679	-21.229714	100.000000	-67.581315
75.895431	-47.364162	89.438044	79.534535	-98.827491	-39.605944
3.936018	-76.012071	24.274411	-2.635923	86.247686	-13.979912
98.417843	40.389742	72.412640	74.864402	-100.000000	-99.989375
41.190331	38.008563	-6.394068	38.953079	-100.000000	-99.753744
-66.533497	-37.682262	6.897632	-23.545644	99.927801	99.449299
-51.590610	47.032586	-90.167997	-19.826259	99.513574	-25.549798
51.470567	-54.034711	74.039219	-47.139358	100.000000	-12.783341
-24.859175	-16.099580	9.486499	24.792319	-99.948625	99.176751
60.192855	-23.826829	79.138167	-60.419172	100.000000	56.356008
-44.001943	-79.659602	-26.304415	79.672717	-100.000000	5.161814
19.788017	-12.125022	-26.812723	-16.821483	99.961722	-99.937264
65.033599	53.586464	55.007514	-19.497457	100.000000	9.142804
25.082529	-49.928531	55.939200	71.525701	-99.957609	88.584941
15.546946	-45.278505	53.422632	71.322398	-99.894978	95.277742
-10.169021	-83.536697	23.663119	63.502948	-99.939163	100.000000
66.736254	35.939456	15.962576	17.781263	-99.748417	-99.591860
42.531387	24.417655	0.723491	2.800489	100.000000	-99.331353
-20.227076	-78.364725	1.079825	94.805487	-100.000000	-18.089640
76.661647	45.891978	76.391333	57.110213	-99.854931	14.743428
-40.956889	-46.964333	-22.213009	-60.367412	100.000000	87.785765
66.199382	-37.859753	62.866803	68.779887	-99.927395	-99.811861
-63.834751	-20.929971	-65.218730	-35.638544	100.000000	47.047810
-28.151277	85.670772	-57.200506	-6.919423	99.824135	16.211325
56.806804	27.514154	60.985113	18.867521	-99.899929	42.201532
-54.485941	-25.305428	-56.544212	61.560282	-99.634444	-35.161337
69.287793	-11.098715	34.141522	74.209449	-100.000000	-99.867416
-9.378437	-85.392147	26.337283	53.202754	-100.000000	97.730090
44.871649	-10.836174	67.976230	-69.753284	99.872290	73.618902
-16.170368	47.104825	-34.249042	-22.413645	99.724559	45.517225
-77.827242	-7.710857	-87.818128	-10.575831	99.990247	-35.753173
73.722950	-20.147914	85.990339	-8.039247	-77.847325	35.926670
-28.583554	-58.551814	10.181860	-97.008187	100.000000	99.714738
43.509638	-19.893406	35.777748	79.258559	-100.000000	-51.205424
40.699355	47.854849	9.667654	77.398099	-100.000000	-99.924688
48.625583	76.868291	30.384631	65.504991	-99.319294	-0.156693
24.391923	-3.660658	65.709043	-69.328554	100.000000	89.277425
2.852299	-37.735583	44.677618	82.576868	-99.805884	95.920324
11.618741	-40.457454	15.700431	19.363664	-99.725934	-67.897212
-57.115092	1.798188	-87.594130	12.995763	-98.927759	-57.218566
45.449259	-60.906987	79.133308	-27.552042	100.000000	14.074265
34.555053	-16.185900	83.239844	-25.534852	99.977594	84.145859
-40.991932	3.059299	-79.346718	-12.951627	99.872815	-79.344829
89.030174	42.679614	73.311273	36.883517	-99.985735	-90.379712
61.760352	-72.552428	79.632090	-48.780536	100.000000	-29.437570
17.924015	47.332546	22.478395	-20.211083	100.000000	63.945499
12.526403	-65.033707	66.435362	28.045899	-100.000000	95.857872
-94.242073	-20.714382	-85.849430	14.977461	-99.602306	98.365744
75.754349	16.738968	46.378515	-44.745969	99.852056	-99.295185
47.929746	-24.451906	73.130126	-29.474530	100.000000	76.304146
-11.214530	-12.016598	-58.443082	-31.365378	99.997574	-96.723567
36.008404	2.838205	29.042091	34.152467	-99.930803	53.443534
-73.792418	-30.997713	4.608663	27.381673	-99.994132	99.645211
6.949917	-31.248628	39.365189	-27.139184	99.872404	98.380899
42.436711	86.743000	10.316987	29.136222	-98.724223	-25.833522
58.796863	84.411017	11.489370	19.174537	-100.000000	-99.282867
5.477665	48.083199	23.943143	-63.848847	99.916484	77.101042
63.879562	37.362299	-8.590063	50.078295	-99.992155	-100.000000
-51.229361	-81.893771	-20.008133	71.210464	-100.000000	82.803961
69.439350	-17.158822	98.985095	76.096841	-99.894190	58.125945
-64.890318	23.397170	-97.515823	-62.657015	99.821767	-63.666344
39.224343	57.732098	20.097182	38.071512	-100.000000	11.200147
18.130995	-30.841944	45.918883	63.295280	-100.000000	88.521044
55.079828	33.189205	42.980316	64.716721	-99.943606	-99.242266
89.355868	-6.193423	53.820068	-97.291710	99.943773	-99.604008
74.000315	-30.122779	77.541533	25.937550	-99.857517	-96.334497
-14.927757	-67.090237	-14.563616	-78.788172	100.000000	-44.756603
85.314097	60.023794	54.388036	-74.053884	100.000000	-99.516032
52.673820	-15.110908	86.020924	-54.562021	100.000000	71.036833
-98.628459	21.125677	-99.972738	-13.054061	99.436141	72.881224
-74.128972	2.003437	-85.840109	78.452143	-99.316906	39.053941
-38.786537	64.150427	-51.785288	-63.787034	99.815668	50.822829
2.758965	15.370014	-11.747168	-9.720366	-85.961266	-99.216831
44.339387	-2.815580	83.925067	61.740145	-100.000000	81.390961
41.240600	0.836599	82.024793	95.797115	-99.909600	68.928782
79.346527	5.452042	87.100629	96.673057	-100.000000	-55.017788
-6.149918	-65.985040	13.292265	-37.713840	100.000000	77.124230
54.901125	-14.931880	60.760577	-23.233059	99.915442	-57.016804
60.788549	40.461435	65.651105	-80.529226	99.905822	32.904246
-43.331988	-39.421034	44.377484	-38.708798	100.000000	99.701563
-25.398466	-55.512432	2.213373	42.212666	-100.000000	99.966482
-66.806182	41.082032	-72.414184	-18.197055	99.921812	89.257118
-48.272207	-24.982712	-31.291337	17.804656	-99.817562	-40.452421
-36.007143	22.857144	-81.151442	-44.493671	100.000000	-84.913701
93.433660	36.352118	60.195196	-28.956808	100.000000	-99.838453
77.177516	-29.582304	65.943655	58.270677	-100.000000	-99.647827
28.654841	23.988859	-24.264880	15.474692	-100.000000	-98.613022
52.637910	-59.878901	64.133843	-70.549885	100.000000	-48.492414
3.930020	52.508358	-50.664970	32.093240	-99.906384	-99.394774
-14.547950	39.761193	-41.979031	-31.880658	99.981632	-94.701455
-88.476722	-9.493229	-14.456905	89.736751	-99.976488	99.993935
71.467691	53.688646	65.257677	-40.214403	99.431667	7.944172
-13.489195	75.357343	-24.608223	-13.387789	100.000000	55.168256
82.257352	73.673787	45.906378	-60.024139	100.000000	-99.809815
-6.815923	-34.980569	-22.719737	-13.568704	99.862130	-76.479284
18.515003	-30.620302	-12.621645	34.423416	-99.984243	-99.771628
87.949803	54.800510	53.343944	-44.507339	99.725177	-100.000000
70.903741	79.091579	29.601172	-32.255231	99.879585	-99.825515
-38.521843	-56.803010	-4.664641	-69.576966	99.931010	99.830888
46.939569	63.482420	30.342571	-34.748563	99.964990	16.449258
50.272919	47.821479	25.534553	92.611352	-99.954392	-99.166749
-15.406559	-81.702964	12.651935	-54.704138	100.000000	78.059897
27.810105	-26.983358	64.544063	25.579043	-99.916816	91.080298
-66.001297	19.243084	-56.130717	-31.900983	100.000000	100.000000
-12.280916	50.137478	-22.157607	-63.118243	100.000000	84.498394
-85.250210	-21.367632	-89.574419	53.212872	-99.870758	-23.489566
59.158313	24.143543	81.858004	-11.315365	100.000000	57.115798
-9.624338	-18.200667	51.052748	81.729151	-99.870321	99.591246
-60.041312	-20.087798	-79.370533	-35.235028	99.655517	-49.323907
7.127674	62.828620	-10.091444	53.409763	-99.904813	29.333311
1.528408	-52.374119	40.520027	-78.006392	100.000000	98.452946
-87.131797	-29.584113	-25.956206	-25.493814	99.995986	99.147262
7.672611	73.922890	-21.541491	57.053813	-100.000000	-99.321899
26.348768	-54.254422	79.329431	-11.983573	100.000000	91.506306
-18.639886	-29.317119	-2.800628	52.062836	-99.438773	-28.702398
23.959379	-6.111441	61.012515	-99.378790	99.822005	75.352410
87.625175	20.938794	72.230689	18.447580	-99.901001	-99.645846
62.896489	-5.247031	57.079801	47.901560	-100.000000	-82.677972
96.496422	37.471501	83.293116	-19.307387	100.000000	-99.871515
85.750309	-34.759674	84.622327	79.823212	-99.859861	-99.688941
-70.099776	-45.362762	-63.794207	-34.879691	99.905162	48.154565
-11.535643	64.244785	-13.431322	3.026415	-68.364862	60.988264
51.636022	-60.497755	73.849620	54.017920	-100.000000	-29.681785
-87.330629	37.345702	-89.047345	-22.052926	99.855127	82.639650
-74.008366	21.573133	-80.295200	36.602721	-99.628987	75.452415
68.218717	-41.008467	55.588087	47.373304	-99.845392	-99.080009
-13.443213	-53.926915	33.744120	-37.306163	99.923926	99.582296
-67.646251	38.549870	-90.413991	42.781849	-100.000000	16.752283
-18.889434	10.462171	-52.702564	0.759358	80.477223	-87.259839
-14.943169	-21.606194	-32.601107	19.251022	-100.000000	-76.276792
-78.786211	-56.564710	-29.355037	68.569865	-100.000000	99.182546
28.521870	-29.656349	40.631777	-23.878020	100.000000	86.108436
44.116370	-2.395456	-34.943876	76.959338	-100.000000	-97.791736
-77.866207	-69.866549	-37.568607	-41.041889	99.969972	99.723188
66.977864	79.624442	26.333935	-78.103661	100.000000	-99.309497
36.139178	-28.489727	63.826519	29.329452	-100.000000	82.141715
69.203552	69.911374	53.056934	65.590904	-99.760834	-41.692231
-83.074884	22.187120	-88.363869	14.275857	13.945883	89.686806
85.829981	6.767718	61.287422	-96.661894	100.000000	-99.258011
-53.293810	-25.309640	3.134822	-34.347072	100.000000	92.371716
33.199035	-20.374661	3.152691	-73.396191	99.996799	-99.830993
-18.096338	-53.675353	48.168102	9.620090	-100.000000	99.221539
-23.458337	-36.294469	26.409505	30.004911	-99.950563	99.796026
21.872867	43.459993	14.348308	20.612156	-99.746500	-55.691268
-58.516526	-48.558346	-56.160511	-87.707621	100.000000	-24.943377
29.413021	5.520163	73.200062	-99.497841	100.000000	78.870439
-48.759635	-31.108848	-5.262936	66.563590	-99.986418	98.152324
38.064360	-60.494672	29.203718	-76.747065	100.000000	-94.163779
-33.432409	-16.753736	-44.444446	61.876510	-99.887234	-59.338250
68.868168	71.791734	19.358264	-21.713846	99.933302	-100.000000
23.273472	90.304396	-15.068669	16.976402	-100.000000	-37.482162
22.137721	-12.079019	62.985896	98.176513	-100.000000	93.692584
17.073390	64.442619	-29.007792	54.655466	-99.791227	-25.292488
-99.821027	2.595279	-91.215055	6.984451	35.182401	89.703747
43.803427	82.482902	12.351430	53.839501	-99.645357	-26.865253
68.426328	54.227714	48.329694	33.643129	-99.988438	-99.423136
-71.296384	-21.738960	-49.161370	35.138989	-100.000000	75.078474
20.728153	35.363089	44.866508	-16.454935	99.957805	79.699209
-76.687333	-16.290805	-72.512280	19.715064	-100.000000	2.974412
-15.963242	42.793180	-9.778596	98.366331	-100.000000	93.018998
95.159088	24.866633	39.403138	50.814112	-99.669419	-99.976511
-27.947731	26.220319	-23.651538	71.304322	-99.698140	93.928487
82.035250	21.180216	36.872056	55.840479	-99.894225	-99.878599
83.126461	48.201847	63.210714	19.223167	-100.000000	-100.000000
78.916896	-37.490716	80.315258	-44.356385	99.631500	-83.477321
38.895914	-55.808912	83.918757	83.099919	-99.854499	50.478358
94.750315	10.741337	49.811936	28.972897	-99.766688	-99.744785
-61.546084	-9.466964	-74.208588	14.062906	-99.881143	-13.791628
57.415164	-41.335080	20.660785	40.455465	-100.000000	-100.000000
45.274191	-13.940248	55.867419	-94.845785	99.882117	39.199921
23.923924	65.248813	27.346827	13.971418	-100.000000	45.202994
-99.586216	-25.471665	-86.334294	30.256008	-99.806427	99.995394
-80.076475	-36.298663	4.455609	52.591779	-100.000000	99.825213
83.064945	-47.758944	98.933376	86.117342	-98.840824	-37.183821
-42.737333	-35.167588	-49.170262	-69.231756	99.995465	-44.781112
99.484690	4.591662	51.398972	7.862583	-99.926385	-100.000000
53.942959	-14.130463	76.847354	-16.075720	99.940798	68.967942
80.607446	-54.326628	90.722676	-93.226004	99.053042	-47.416731
-69.527399	-50.553237	-61.312222	-9.902436	33.376893	-15.253264
-8.258335	82.726505	-59.991315	-6.677942	-75.270398	-95.093083
38.498898	-1.581821	71.634638	61.765841	-99.908149	72.532818
55.563377	8.503927	57.245604	53.825915	-100.000000	-69.221284
-30.844573	27.109127	-6.312608	-30.465219	100.000000	97.266907
44.664706	65.119699	19.965888	-11.068783	-77.871211	-95.471015
47.527364	76.229348	20.462034	60.874687	-100.000000	-12.105042
60.302419	-16.147404	95.962959	-10.529154	100.000000	64.099861
82.937794	-14.855312	89.048037	-31.792864	100.000000	-64.176048
99.616375	6.519233	35.454667	33.678453	-99.912200	-98.274325
-6.166843	6.618693	-17.884182	11.043829	-99.894768	-89.242629
28.618905	-65.355502	66.998542	73.147581	-99.956924	87.617172
-4.578199	-54.414963	30.194556	21.816444	-99.931591	99.624716
-4.261795	-67.506025	5.187004	-35.089550	99.755810	35.082357
-43.616091	33.444283	-22.812755	24.941383	-99.765556	99.765523
16.388324	37.275212	35.794815	79.091749	-99.994503	80.505414
36.831918	40.997025	60.241790	-9.586598	100.000000	54.268180
62.003249	34.424100	-20.618766	32.515046	-99.880056	-98.292595
6.815926	-71.027134	24.443843	24.670186	-99.906465	-20.724558
52.002106	7.177057	86.179484	28.006869	-99.905691	64.594440
61.374710	-45.046643	54.535980	74.210060	-99.951173	-99.601946
74.061057	-13.593785	78.479512	-17.822960	99.106808	-54.185633
63.024980	9.613503	51.917832	53.553445	-99.836280	-99.958965
79.759921	-51.011481	99.120367	-11.857493	90.759593	-29.339157
31.797586	86.773357	-18.698579	38.034368	-100.000000	-99.944239
36.448745	-79.510813	65.919206	27.251948	-100.000000	-30.274019
-58.837772	-7.739487	-89.166608	36.567500	-99.857150	-44.424298
-30.755053	73.684521	-69.274221	85.401149	-100.000000	-20.414125
89.448053	36.596789	84.702746	67.368840	-100.000000	-20.983972
68.445961	-44.865824	81.367690	-45.778847	100.000000	60.492230
7.708926	74.349787	0.572368	-20.002891	99.852712	41.737117
-74.564305	-66.540245	-52.205515	41.617342	-100.000000	99.432099
79.319409	28.144945	86.923465	83.107149	-100.000000	-64.688817
-23.522965	-0.166361	-22.175128	46.325639	-99.970019	-81.600685
-69.226857	-14.360280	-90.362664	-10.215220	100.000000	-47.716920
33.266280	-23.534188	75.359374	41.580831	-100.000000	83.308423
0.287293	-21.525461	35.496456	32.550184	-100.000000	98.807894
22.691037	-83.488213	24.905096	-50.738045	99.863086	-56.537684
73.391472	42.126736	-6.915985	14.107758	-99.900385	-99.070775
2.997500	85.746239	-38.564042	31.223113	-99.893529	-11.832259
80.351337	-38.751088	99.356257	60.028253	-98.881607	-30.764952
-64.087178	-73.848571	-19.664823	7.154640	-100.000000	99.970261
36.609145	16.593544	52.415561	2.254812	99.731133	59.343964
6.892434	47.075388	-34.285634	-99.697828	100.000000	-99.738951
23.965259	-41.168106	74.846100	9.595052	-100.000000	91.932595
-30.030139	-87.359531	24.062037	-74.916309	99.983962	99.835408
-8.920201	24.351671	-50.569867	-27.189607	100.000000	-97.237801
22.075426	-78.301158	28.081642	62.865051	-100.000000	-49.910333
-63.160873	45.222909	-58.709581	12.823585	-99.865865	97.054598
77.822612	58.205195	51.236687	20.055370	-99.939638	-99.335700
-77.700928	20.021574	-86.456486	99.348087	-99.813342	63.524216
7.588256	-64.896896	55.465924	-33.268805	100.000000	98.451162
27.199327	-79.128152	76.173180	-16.015549	100.000000	91.486487
49.967347	4.763392	34.483937	-43.797144	99.858401	-99.394258
36.036713	65.759047	-12.992312	-28.408030	99.852344	-99.746313
71.438913	77.383868	30.903158	-60.015925	100.000000	-99.306729
-36.274801	-6.541932	40.949829	-72.291156	99.913657	99.321293
69.651273	19.751220	63.165692	-83.005882	100.000000	15.953312
-85.158802	-33.566917	-80.194097	43.158171	-99.146926	54.910626
-67.889466	-77.524074	-21.264795	-57.686059	100.000000	100.000000
-22.547404	-86.900605	38.722386	-15.142795	99.834014	100.000000
15.089989	-10.022467	-19.908271	16.394809	-99.782274	-99.969319
-27.819995	-11.773216	-17.778086	-38.999250	99.763407	99.512271
49.471756	-49.584142	83.234660	60.682327	-99.167076	-22.295545
-1.162044	46.911787	-46.148091	-34.359021	100.000000	-91.652567
52.972095	-53.521968	91.388751	15.139931	-99.719172	31.372122
-59.696428	58.612178	-49.072975	-7.293850	-70.699204	88.019388
98.516765	36.497875	82.720785	48.494177	-99.665057	-99.882750
57.387769	-34.798609	67.651445	20.500541	-99.231410	-39.435872
73.185190	7.906339	71.586111	19.287982	-99.812668	-78.945215
99.454623	1.500459	99.551841	17.394460	-99.937301	-84.399680
21.541025	-63.037732	41.656440	-67.714233	100.000000	-2.425388
82.293078	42.473264	51.965755	29.377561	-99.760145	-99.994018
91.846014	14.408856	88.969683	-7.715374	100.000000	-36.802746
9.825039	-51.457545	-28.827571	5.214386	89.852147	-100.000000
55.822443	-35.408225	51.097741	28.772706	-99.909381	-99.584862
80.320478	0.820434	62.619747	-36.554402	99.885653	-100.000000
-43.848097	-55.730662	-47.965662	-57.076732	99.958895	-37.152765
13.392359	-43.124891	40.731270	79.846654	-100.000000	18.161877
-83.198083	-68.169355	-51.843240	-37.843124	100.000000	99.479821
59.305063	-9.251923	59.973900	-35.256180	99.967035	-83.651555
23.446663	25.213543	-3.955417	72.148114	-100.000000	-99.973316
-37.046418	27.607409	-69.608199	40.701227	-100.000000	-84.550345
-53.812701	-64.795485	-29.228311	24.622953	-100.000000	91.613439
-67.258460	-74.100173	-18.886056	21.954712	-99.836062	99.768124
99.464637	-12.877273	88.420808	24.427287	-99.907814	-99.754715
62.572234	-56.634280	61.653439	40.584123	-100.000000	-100.000000
52.476784	-7.754837	92.716389	44.756828	-100.000000	69.782527
-26.190458	24.053512	-31.404782	30.691493	-100.000000	99.578887
28.346808	74.529547	19.775972	29.754100	-99.945536	27.314295
40.558365	56.170370	43.017825	4.726778	-100.000000	22.474703
-81.116419	29.564370	-94.567913	21.340123	-100.000000	41.113282
4.647440	-52.869768	61.452624	34.859230	-99.794057	99.017868
-57.532121	31.578613	-4.049422	-84.952935	100.000000	96.087601
29.308857	-82.989234	55.715156	22.030749	-19.384861	-29.118352
61.502564	67.769008	6.713788	58.538922	-99.927093	-98.379482
-86.221592	7.376016	-95.158498	24.169157	-99.886810	47.045972
-28.777030	-67.256519	-16.746124	10.137158	-99.773365	-26.129805
-7.291544	-35.090791	1.415729	-29.987076	99.759116	-64.699231
-5.406417	-37.464565	55.313641	-59.945931	99.852681	99.563139
42.536412	79.720772	-1.622181	79.779821	-99.899789	-95.290682
6.696051	-4.511929	39.931260	21.758296	-99.949339	98.527765
13.607527	-74.065418	49.054872	-40.511237	99.525738	-6.234888
-22.192437	-21.309282	-29.027441	86.063868	-99.787767	-74.370204
5.230776	-25.510909	61.996730	56.957256	-100.000000	97.085858
-43.176377	3.815773	-78.007654	9.120057	51.943112	-75.888152
90.315092	35.684201	64.239625	-98.802386	99.820437	-99.673033
-77.026831	40.712882	-75.216007	23.010247	-100.000000	77.655127
-41.784574	50.928367	-90.410632	-49.719066	99.823595	-83.462642
-16.872940	-72.429667	7.039974	13.444127	-97.842965	-3.466200
53.469177	62.365363	20.562315	37.644404	-99.893385	-99.158072
-21.492600	72.771676	-54.279456	84.550876	-100.000000	-18.743078
79.264367	18.846638	70.575402	96.941065	-100.000000	-62.883337
-70.216964	-4.822512	-51.478974	-56.509166	99.798823	99.854611
7.926362	-16.671667	25.643474	-84.022919	100.000000	-4.053282
87.835146	21.338472	86.225901	31.007034	-99.746922	-83.072634
60.135557	-20.816051	64.267138	86.528629	-100.000000	-98.867797
-19.658338	-35.981278	-42.866876	95.927918	-100.000000	-77.405070
20.003427	44.257400	20.500931	80.499846	-99.779802	59.765583
50.044741	-55.597981	61.661838	42.375437	-100.000000	-67.203670
-50.154517	-81.642776	6.717170	26.864329	-100.000000	96.525678
13.810241	-48.450519	26.343479	15.692524	-100.000000	-56.315629
100.000000	12.738850	91.869008	4.184287	-99.830192	-98.487184
72.718476	-10.047176	61.839646	61.867896	-99.937666	-99.096320
83.499561	17.777265	59.392879	94.097378	-99.992580	-99.253215
91.498092	-21.753014	96.955624	-40.389941	100.000000	-72.700954
-35.360806	-52.434644	-33.155409	70.197788	-99.713860	-42.992686
-52.328251	-36.080551	-49.522271	-20.925888	99.613864	20.813695
-49.914129	-58.506160	-43.266818	17.418837	-99.843305	-22.494789
15.734086	-41.042999	70.081435	-45.030092	100.000000	96.145967
-64.123005	32.566778	-89.418054	43.156366	-99.973751	-43.165757
-5.294780	-88.675722	29.768173	48.756172	-99.898305	99.942134
66.276077	-34.997513	91.812925	44.444110	-100.000000	-24.153184
-81.858297	36.904422	-70.646461	-27.064459	100.000000	99.321091
-30.119756	26.183970	-57.760854	-84.557923	100.000000	-85.679003
95.019764	27.057342	77.070966	-71.551647	99.817864	-99.891826
55.251158	-47.909115	46.136376	-66.292943	100.000000	-99.704516
16.527524	-44.453277	71.797260	99.504043	-99.892268	94.956162
-29.527405	-88.388643	26.389934	58.542212	-99.954418	100.000000
4.626207	71.881967	3.705320	-86.116908	99.925963	54.471779
5.002557	-33.812613	46.940419	-69.999699	100.000000	50.183842
-11.532036	42.924021	-38.772011	-21.532009	62.740679	-26.197661
77.072248	18.321987	16.354190	62.579930	-99.908682	-99.208056
59.449536	-56.549675	82.896529	-45.042736	99.472350	-25.044734
-59.507333	3.767210	-17.995421	-53.718620	99.912118	99.226636
-50.911784	-68.152734	-25.137413	12.073072	-100.000000	8.565739
56.423972	63.970519	37.174126	-15.067013	91.235571	-57.989908
20.295316	-63.211943	54.763481	-8.918669	100.000000	39.627970
51.572770	72.363178	-10.655544	31.141911	-100.000000	-98.749349
-41.441747	46.663506	-33.060053	-19.231449	99.986218	94.608680
33.561761	-52.590736	74.087823	36.387946	-99.826131	88.136859
58.615884	-65.065775	73.208011	60.338439	-100.000000	-70.388466
34.577081	62.705845	25.009564	48.814769	-100.000000	30.341490
31.970381	-19.944319	67.037200	53.634608	-99.996970	83.561481
30.913451	-57.892601	28.681699	-100.000000	99.834950	-88.696367
-49.619563	36.363734	-56.689776	37.383094	-100.000000	73.991234
79.868096	30.982779	61.971775	48.035796	-100.000000	-99.844027
88.923080	49.352835	33.319706	-51.332742	100.000000	-99.516459
55.583529	32.627957	69.796598	-23.302864	100.000000	41.569047
-6.455840	38.335884	3.801964	-23.666922	99.939836	95.648516
-80.497516	-41.065668	-49.875974	35.767103	-99.877866	99.608822
-6.888805	41.287378	-62.363986	69.828138	-100.000000	-96.888516
15.233881	-38.160490	-11.376280	-33.827108	100.000000	-99.981830
54.408119	75.961585	-2.698849	-7.720551	99.990201	-99.894816
-89.461488	16.866581	-74.250442	81.925253	-100.000000	99.999767
55.916277	-61.018232	82.852748	78.593669	-100.000000	-27.206449
-89.864278	-18.285169	-36.800076	41.193364	-100.000000	99.758558
6.908260	-44.767382	-9.004203	25.894506	-99.854314	-92.946403
10.317754	90.014481	-31.631185	29.754930	-99.951693	-100.000000
88.365941	55.129220	45.185929	-20.436232	99.911085	-99.349954
96.645557	-9.155477	89.426147	-85.926347	99.925462	-98.837330
3.027080	-95.020392	39.474942	-11.919232	98.878108	37.312075
4.258107	-76.802182	41.952437	13.872802	-100.000000	92.242046
3.674781	-48.820024	57.334598	77.829909	-99.835018	99.933520
81.398520	6.098708	77.438506	38.843931	-99.791721	-76.720516
21.868795	29.336900	47.905643	91.311584	-99.824907	78.968416
-49.936651	-79.115115	-28.702770	99.192880	-97.773711	-0.320309
-18.131130	87.396135	-55.399765	-90.993668	99.307286	-13.092914
54.622242	54.845457	6.091848	51.517982	-99.985909	-100.000000
13.829628	29.284564	35.867126	22.042296	-99.925063	82.147402
-99.975942	-18.631957	-72.426526	56.881551	-99.756734	99.718410
61.111737	-35.184303	60.333155	-27.129300	100.000000	-84.813943
17.583942	-52.259787	56.514864	-83.110929	99.853051	95.066547
29.703139	-55.210931	73.490290	28.335311	-99.803084	82.317402
-10.444568	-63.908372	22.083535	87.160400	-100.000000	99.857183
27.325297	-20.060383	72.344060	48.730125	-99.771819	87.224814
-83.298271	-53.269235	-53.746567	61.765396	-99.950127	99.962052
70.275890	13.553448	85.013042	-73.761712	100.000000	-49.134020
-46.703372	36.399593	-90.137307	47.233452	-100.000000	-79.510705
50.210532	-0.180475	79.525017	11.246466	-100.000000	68.168590
31.093093	32.423129	36.766652	-41.897476	99.940843	-23.435705
49.944024	-31.703178	57.379933	-29.494752	99.255543	-23.402006
-34.274184	-28.590100	25.772114	99.693052	-100.000000	99.816248
17.694893	85.749480	-30.964763	74.472745	-99.975841	-99.629624
67.295184	30.635802	69.963862	-57.611154	100.000000	37.328634
-55.526694	44.796599	-81.670269	-51.401619	100.000000	25.704175
99.801649	-8.891882	58.499272	-12.319387	99.980765	-97.809104
-16.647254	-53.861582	-8.164393	90.968193	-100.000000	-41.642001
-14.111502	54.152606	-67.069049	-27.164941	100.000000	-94.437501
-60.029935	45.585052	-50.311660	-15.656935	100.000000	99.904347
-20.764918	70.008496	-46.957296	88.345650	-100.000000	23.857062
-25.398146	-31.981434	10.132350	-18.558428	99.647636	-3.539718
52.637951	-0.341159	70.794440	53.117293	-100.000000	-51.897212
-14.863043	-71.900834	6.673113	-7.783884	-33.786847	22.880915
-13.145034	-28.589224	-38.748967	35.606511	-99.857141	-83.255897
-86.140869	12.311075	-94.810175	90.302723	-99.528816	34.764217
-45.160667	-9.208159	-74.255310	51.452586	-99.717187	-69.586805
39.811491	4.110756	34.202301	17.207075	-99.620489	69.326489
51.984573	60.098007	51.018640	82.112414	-100.000000	23.641336
-30.939583	49.803851	-39.335684	-79.590970	99.909318	57.594933
-35.291000	-49.160766	2.725712	-57.338189	99.956374	99.947059
35.093876	-72.471489	7.044771	-7.935360	99.853765	-91.444400
-37.223779	10.293408	-46.984805	52.489280	-99.796440	-78.999631
66.674102	-28.956374	81.516821	-94.396608	100.000000	-46.494769
65.367962	-55.865051	91.613285	-12.799932	99.907302	67.401231
-1.035192	-22.558747	14.429095	3.606976	-98.772144	97.308948
40.929118	-9.528255	76.897246	51.240913	-99.949457	75.263973
-91.940435	-15.258823	-43.745325	-80.671907	99.860124	99.869137
-15.239556	33.086974	-41.643219	-15.272043	99.960789	-96.332796
27.630283	57.853039	7.084950	90.438139	-100.000000	14.498457
-8.473115	-68.167388	53.467241	-60.812990	99.697575	99.947270
31.091292	-5.114346	70.590221	-77.849777	100.000000	82.930293
34.818789	13.306107	70.108387	-24.562013	99.833027	76.203538
-29.736571	8.348050	-49.019235	-24.942769	100.000000	-84.280238
22.670968	-48.804585	78.016004	-3.471685	-82.682572	75.575873
38.901308	-46.229602	2.503483	-32.974836	99.980173	-99.957217
56.981572	-31.762920	77.334231	-56.612852	100.000000	-47.016194
56.116530	38.673837	-3.864633	44.341072	-99.979840	-99.617368
23.187790	85.745005	-20.663136	22.091615	-99.773248	-27.546592
37.511390	39.992414	35.491574	51.855853	-99.953502	30.021495
49.328744	-42.101262	49.891288	-10.027383	100.000000	-92.095004
9.628302	44.445237	29.824685	-8.853172	99.833385	83.775718
-36.240016	-76.709806	7.165090	22.821130	-99.944642	99.988390
18.316578	23.211398	29.680223	61.542203	-99.919566	80.009526
38.130997	52.590152	52.937543	70.734075	-99.713977	44.802827
78.812118	-13.846856	41.551832	-9.390802	100.000000	-99.535027
-14.250626	23.259201	-7.261635	-57.549691	99.874563	98.926317
-18.140334	67.340503	-15.039808	-26.869036	99.845625	70.778088
39.292591	37.551102	-28.185298	69.158253	-100.000000	-99.643063
-1.812017	-76.778981	13.905814	64.508612	-100.000000	-10.852161
59.288556	58.449663	58.250609	53.371030	-99.987566	16.171412
35.005709	-47.383589	23.742259	18.430313	-99.732805	-99.678610
-77.096349	-62.171852	-32.335843	54.155010	-99.889910	99.980161
-75.936871	-11.969647	-83.436439	55.735789	-100.000000	43.684177
-36.952839	81.852203	-76.342594	23.249904	-100.000000	16.701004
39.131743	32.498618	67.887709	55.537680	-100.000000	66.349305
-9.350533	74.962623	-41.007302	-38.734110	100.000000	2.171326
16.588588	-50.820977	57.588072	-94.691080	100.000000	95.579310
87.734009	-22.978855	84.306679	-38.890497	99.987547	-93.046543
37.660318	13.051746	73.843266	-23.286008	99.780580	72.284928
-30.335877	-49.784622	33.643758	77.032961	-99.965499	100.000000
-19.618194	-3.125454	-55.589121	73.148445	-100.000000	-89.675089
96.507454	20.400317	77.490081	-60.449842	99.756528	-99.769514
46.088202	-38.422031	93.643994	48.972857	-99.955984	79.347091
16.507894	-54.793266	-8.824455	29.667216	-99.892695	-99.140950
-62.225749	-79.196992	-18.852537	-67.200652	100.000000	99.397527
48.254113	52.331562	44.978126	-60.520725	100.000000	14.652388
64.948679	64.835654	4.464241	-28.733206	99.938394	-100.000000
31.574139	67.262870	-11.378884	-78.017736	100.000000	-99.853553
70.202647	29.695617	67.885898	-8.730529	99.701257	-83.184100
-18.175754	-3.275579	-20.975253	10.817335	-99.871495	-11.211404
61.128225	-56.727495	76.455455	71.539205	-100.000000	-38.046495
-80.141997	-53.498367	-61.882245	-52.179652	100.000000	6.644089
60.323232	33.898326	67.258073	36.536943	-99.844371	35.900757
-50.282967	-19.695663	-12.473745	21.111141	-99.835368	99.044001
86.285212	-28.042734	100.000000	-32.970927	100.000000	-45.253335
71.065710	55.148156	33.595088	27.883205	-99.434327	-98.856235
37.063284	7.374341	59.709604	-52.639390	99.776845	70.890966
99.931284	-7.983212	99.966326	31.916392	-99.958438	-98.690702
49.960789	-36.700259	94.101146	-63.155382	99.917706	77.946195
51.329367	48.863733	59.654723	26.375067	-100.000000	34.140867
24.314673	-29.196045	40.819588	90.183284	-100.000000	15.718620
24.240361	-25.013939	2.909074	-71.768172	99.846237	-97.027619
16.998083	-80.257639	60.039351	45.924785	-99.314274	37.686764
-16.840906	-91.539948	17.319229	14.550396	-95.143327	-2.549603
66.572593	-27.467453	88.373102	72.764355	-100.000000	-26.784659
79.070489	69.700651	34.789830	14.719686	-99.953865	-100.000000
-54.096969	45.903486	-82.416296	-81.167615	100.000000	28.003194
-71.094697	-45.172095	-60.350338	-70.387326	99.701487	-2.602546
-82.469536	45.750202	-82.255238	-52.626749	100.000000	97.180688
-63.454005	28.140253	-73.789063	22.478413	-96.108963	47.691389
-88.664831	-3.319713	-54.059757	-17.236749	100.000000	99.195043
67.376839	60.039613	58.565460	1.052836	98.627852	-64.902677
22.397271	66.121871	22.071580	-15.040015	100.000000	43.746925
-17.873084	40.182341	-39.359432	69.548397	-99.908206	41.120134
-20.730852	-15.106511	41.238776	19.973218	-99.898092	98.223577
-3.839788	-39.535765	43.601800	81.261737	-99.978525	99.333168
-21.720097	-32.484214	-34.620010	34.902838	-99.943952	-76.882710
-75.652449	-43.625506	-79.853630	-31.217658	99.614908	49.814124
51.821390	9.597937	36.934354	-19.301473	99.945183	-99.786474
-23.027797	-86.796739	33.787223	-94.406862	99.942345	99.412622
71.774750	-9.184567	16.737698	-51.497887	99.957213	-97.698640
16.010540	-63.643613	12.258198	-95.835456	100.000000	-84.112182
-20.189430	78.305014	-66.493877	-97.994467	100.000000	-94.637970
-9.338415	32.678850	-47.361789	-17.067714	100.000000	-97.623643
-66.647056	-7.601609	-75.872777	-55.746347	99.780626	-5.550902
29.938676	73.933019	-8.359845	-39.074298	100.000000	-22.591817
-64.770851	-69.742587	-43.885215	-24.230118	100.000000	79.602048
88.843064	-13.709170	69.341251	31.137940	-100.000000	-99.987568
84.620277	-32.703956	96.445510	-24.831514	100.000000	-58.523356
4.337664	-91.574052	35.208319	44.337642	-99.584853	12.297104
62.883280	39.440069	75.811142	34.523155	-100.000000	36.789965
-22.499765	24.664096	13.723999	80.698329	-100.000000	99.693420
49.556216	47.908216	64.130626	52.252980	-100.000000	46.662031
54.900222	62.663219	49.064533	51.810805	-99.628652	21.698866
-6.993335	22.079413	-3.352421	26.442122	-99.873724	-80.422266
69.800663	33.946768	49.868241	30.032022	-100.000000	-40.569781
20.462953	77.546204	-43.718300	32.711016	-99.760519	-100.000000
28.917502	-68.533029	22.866129	-62.711009	99.900106	-83.215647
40.532981	4.882319	45.495659	-60.317546	99.854054	37.844318
64.130423	-11.509744	73.002456	-36.402526	99.956276	-63.350246
-52.238257	16.160098	-66.764713	-43.344116	100.000000	63.656953
-14.002292	69.678260	-17.715255	78.454567	-100.000000	54.573042
35.079288	16.228025	56.323046	45.570405	-99.715508	72.650272
3.378338	0.439660	45.406222	-42.795778	100.000000	94.401065
-86.703744	-40.537134	-22.901236	-33.814993	100.000000	99.780753
96.202870	1.679009	67.855477	50.008791	-100.000000	-97.758522
70.750936	66.502414	44.964759	79.588132	-99.807189	-100.000000
8.977811	87.795092	-13.446344	-84.283286	99.968113	8.588631
37.333073	60.693984	-32.993341	-20.384381	99.946532	-100.000000
-17.332917	-69.635936	7.257169	-16.568691	99.781043	-11.876996
-40.355587	72.533262	-58.740839	18.063105	-100.000000	54.402248
58.716506	-0.698169	83.194810	73.857234	-99.903890	43.222237
22.431968	-59.171008	21.433663	63.547508	-99.955398	-81.074449
-64.232346	-41.001570	-75.913381	30.809798	-99.842515	-32.459729
72.462292	57.288117	19.961543	-71.158779	99.826443	-99.544336
83.207918	21.456501	82.013696	71.861604	-99.835025	20.633196
51.539059	76.861599	8.781086	-49.058488	100.000000	-99.316024
-15.227931	67.770834	-47.213664	-24.506497	99.747102	-22.408652
-50.684542	12.817068	-85.687154	21.486736	-99.900867	-69.441748
-32.475319	5.860836	-51.400387	7.445095	-100.000000	12.774213
30.073291	-63.831236	25.805752	68.133172	-100.000000	-82.942212
-35.324415	-45.301643	-34.444512	72.402478	-100.000000	-47.518564
69.467311	-25.488443	79.707982	74.312902	-100.000000	-55.203983
100.000000	16.273901	90.837688	-61.913821	99.763599	-99.981570
9.884122	59.689461	0.887422	64.119014	-99.953706	43.603038
34.145079	-16.027828	46.481085	34.175664	-99.950244	66.206155
36.106493	89.058432	5.956535	15.253241	-99.947162	-27.337208
-27.327565	-76.232042	-2.957498	69.635000	-100.000000	24.629349
-69.865233	-54.725507	-34.242585	53.777878	-99.998614	99.940958
32.655470	61.898794	-4.614842	46.339061	-99.794957	-99.543833
-50.645439	-83.056609	-11.718926	-55.826120	100.000000	89.938550
75.186547	53.981011	66.770727	-17.459857	99.354687	10.608394
14.863935	-61.118371	39.831631	-10.102409	99.423586	6.790675
27.813166	70.120094	4.001452	20.108230	-100.000000	-83.620928
-52.729409	39.418549	-47.735902	-9.978825	99.936533	98.656072
-13.566133	-26.461416	-13.579521	-27.777125	100.000000	-75.043098
31.703614	-73.933129	23.762077	14.365142	-99.827561	-84.508242
-78.073181	31.475464	-97.318648	57.620333	-100.000000	33.104459
87.185192	35.263846	63.672179	49.502544	-100.000000	-99.644368
72.094686	-19.267633	86.062365	33.238234	-99.634020	-61.320532
-63.979091	-32.219348	-63.338697	-80.857283	100.000000	-42.730342
2.478396	-18.587078	46.357339	41.533163	-99.918653	94.615328
-9.286073	-51.422011	14.090689	-59.484260	99.879985	99.863914
51.854234	-76.466034	67.876404	-74.484773	98.802394	-40.331489
-47.367731	38.876045	-97.177258	50.671092	-99.826282	-79.653650
-2.787971	63.190114	-19.268453	58.109493	-99.659523	45.051116
-24.298391	67.052970	-72.636734	-21.915595	100.000000	-91.532316
17.630196	73.300046	-6.675772	-30.873943	96.778224	-3.269249
-18.380234	12.349412	-27.647477	-34.154398	100.000000	86.222386
69.021051	55.567532	48.844745	92.136495	-99.498635	2.831581
77.212426	-13.006800	79.881492	97.707044	-100.000000	-95.093051
40.879096	83.954899	-14.883653	-68.687041	99.977687	-100.000000
-54.112974	12.053353	-88.562204	43.032694	-99.955335	-71.328803
-69.680399	24.485502	-82.832681	41.961098	-100.000000	49.454030
58.077609	-76.808999	75.973990	-19.202441	99.098891	-37.862212
64.738856	14.742159	45.155808	8.369194	-100.000000	-99.869770
-48.654537	-26.133230	-33.800552	10.197172	81.902691	-4.391189
6.574006	94.500193	-27.623608	-89.081959	100.000000	-16.517308
-86.896434	21.985998	-98.534544	-99.261160	99.463454	38.664208
33.412014	45.468273	19.257533	63.181539	-99.845291	47.030641
-26.829998	-59.674184	-24.867486	64.592957	-99.959198	-45.303314
44.792619	20.928591	32.343695	53.438544	-100.000000	-98.890631
99.807441	-18.334322	99.689073	98.392052	-100.000000	-65.477434
9.585610	-48.777494	56.806459	64.449473	-99.814934	98.229451
11.612853	-2.212571	23.329083	81.969666	-99.711493	99.611065
-73.824057	-71.506211	-27.574963	14.328316	-99.964995	99.684238
80.843439	-34.393935	60.205974	-95.738101	99.967638	-99.902855
-83.286794	-26.334037	-4.688212	19.632854	-100.000000	98.359283
79.841049	-14.206445	99.935727	84.490197	-100.000000	48.343858
-0.960489	-73.352796	8.457992	53.226613	-99.619489	-28.335726
15.665693	80.459049	-22.173507	40.461813	-98.861719	-14.316024
-29.766913	71.774529	-21.373522	-92.624012	99.826506	84.359060
-93.124408	-47.357495	-66.730826	24.842798	-99.818282	99.876968
89.381966	8.181971	79.675441	77.599880	-100.000000	-96.115111
80.754099	33.590451	4.798723	92.953348	-99.913419	-97.531464
-8.850633	-2.320498	-28.632264	87.423117	-100.000000	-86.172229
-52.245989	-78.947777	6.466325	39.571461	-99.916035	99.733072
-6.984978	17.598674	-24.909081	28.871686	-99.996905	45.192239
-55.998676	-28.868733	-50.476763	59.845267	-100.000000	17.103112
77.590918	-52.270563	81.227346	-18.275712	99.666736	-55.673697
-99.820424	0.093595	-63.634523	82.059899	-99.980537	97.212711
12.660751	45.917685	21.215362	39.878248	-100.000000	68.957278
49.318229	-56.731288	71.292045	45.737179	-99.282869	-34.106641
41.500495	64.245411	18.714444	-98.354480	100.000000	7.246973
63.597490	-21.385392	84.262912	20.166415	-97.251781	-21.813430
13.147823	-7.984491	38.487604	-92.616996	99.938432	27.837279
-13.525901	27.025392	3.241938	51.456381	-99.896753	-40.258537
-44.202508	56.709771	-65.895774	43.402898	-100.000000	13.363263
-54.316201	63.711719	-24.033319	33.053210	-99.933908	99.979691
82.898466	35.138775	39.724373	68.171207	-100.000000	-99.991447
-14.260088	59.102188	-65.678521	-69.278252	100.000000	-95.661193
14.402002	35.164730	32.040306	80.630806	-99.972855	78.754230
80.621760	-9.937251	99.546138	-50.139216	99.692188	44.824342
-99.923292	17.858567	-92.870215	61.799775	-99.900769	99.502673
22.975683	-1.902762	-47.018808	-21.104941	99.680556	-96.236196
82.659632	34.811795	68.905545	90.092736	-99.947656	-100.000000
-26.742885	62.426895	-46.814802	14.278485	-100.000000	35.010211
-2.564610	79.455122	-56.538372	33.014422	-99.883363	-94.279490
37.684288	70.264395	30.346656	14.720342	-100.000000	19.958178
-47.297276	35.084959	-23.426976	-24.841484	100.000000	99.945455
-22.136847	62.764211	-76.928101	24.019287	-99.748031	-91.809867
13.422488	48.468977	34.823288	72.067176	-99.976189	71.950560
42.125004	-37.873174	82.688790	26.543530	-100.000000	57.675465
91.707351	53.541632	61.827286	-36.086033	99.818827	-100.000000
-41.065633	-32.553202	-13.407205	93.394526	-99.923482	99.828974
30.110247	59.907488	6.488551	-30.313018	100.000000	-35.815661
29.518829	-85.917957	56.588946	-21.342784	99.930454	39.069179
99.808600	25.327031	87.710194	-79.867701	99.824437	-100.000000
84.612712	-25.391871	79.488617	-54.388566	100.000000	-95.356631
-2.740184	-81.085588	17.210390	94.151520	-99.431172	-11.631341
-30.013859	26.998803	-57.851371	74.927701	-99.869322	-83.067567
59.619366	60.680092	57.340929	58.933399	-100.000000	18.764581
5.689171	73.148367	10.014537	-24.321590	100.000000	43.686620
92.944548	-20.296640	85.888692	-25.498145	99.718987	-99.873691
32.575983	87.311808	-15.498923	15.102915	-99.904637	-39.370906
-7.022663	-51.741421	6.701385	44.313567	-99.971323	66.370806
77.174632	38.790402	66.199288	-32.178705	99.822701	-76.729076
22.722079	45.366987	8.297355	6.023835	-99.961378	-66.263126
-32.013185	-90.748669	14.478688	-34.460266	100.000000	46.089650
-79.212930	-69.841073	-36.211067	54.976002	-99.893673	99.913976
79.378942	51.859825	51.421935	-27.705050	99.846389	-99.586615
76.329830	14.909235	84.506330	-77.618260	100.000000	34.552826
19.018474	87.541729	-19.706765	21.909798	-99.964986	-89.871596
-34.719570	60.460818	-38.723544	55.480553	-99.932538	69.303304
63.215054	-46.941832	94.229888	39.860185	-99.955597	68.746411
68.804065	51.248666	27.845955	-20.515345	99.969658	-99.898033
-47.531199	75.471759	-80.395928	19.836816	-99.778672	-3.880462
38.183497	-50.449347	57.256712	98.786768	-100.000000	-35.907383
-41.066447	-87.213407	10.033065	55.866650	-100.000000	99.996898
-35.604555	-84.011060	-8.623997	-47.857846	100.000000	7.005996
-31.253321	39.328887	-21.031207	42.995939	-99.715166	88.243911
55.640054	-17.408452	93.667289	43.904745	-100.000000	66.254019
-38.319076	-43.014917	2.677777	-72.837669	99.609842	99.306795
55.050844	-61.810749	74.191032	26.432938	-100.000000	-38.406310
47.247498	-56.084982	77.711676	-0.009488	-96.074671	51.286451
42.492469	-29.850443	64.622423	71.819207	-99.287064	1.256432
-34.074673	-9.823929	-3.055967	41.654255	-99.995340	99.026538
44.970148	45.759321	31.297805	-89.820190	99.842620	33.354428
78.162139	10.685621	48.556905	56.428174	-99.884819	-99.952154
-4.280723	-68.637145	3.255713	-15.867433	100.000000	-49.486264
80.782601	-52.072415	89.000467	89.919930	-100.000000	-70.258730
23.349922	93.957302	-32.605964	21.930892	-99.916711	-99.940140
-57.055527	-85.850534	-7.227241	79.747449	-99.752832	99.693724
82.406858	19.105587	88.178437	96.756953	-99.734751	26.692254
46.628251	75.948282	-2.976973	40.191457	-99.887951	-99.850801
45.749634	-74.465094	80.101721	21.678374	-99.586742	4.246456
81.020744	32.743346	70.643595	-35.128996	100.000000	18.403427
-6.212702	81.881327	-31.930840	-53.248813	100.000000	13.848654
-35.853907	35.841335	-29.552675	28.165085	-100.000000	94.710233
85.960776	-20.625195	92.827963	60.112792	-99.772767	-81.302001
-68.939336	-54.024355	-28.591691	-98.408167	99.946359	98.370339
-25.446961	-20.878353	2.550716	-47.189012	100.000000	99.135243
-50.805708	-6.423215	-70.459742	64.077894	-100.000000	-62.048719
48.131277	-64.109353	84.310309	-15.787216	99.789587	80.024670
28.645199	85.333331	-11.181431	14.352216	-100.000000	-91.483903
-4.139386	-13.838867	-4.204614	-22.403853	100.000000	-75.812319
14.445535	-40.921377	66.868823	38.979999	-100.000000	94.237390
-40.707566	13.064421	34.231323	25.863504	-100.000000	99.550208
70.190439	-35.493940	95.537779	81.154478	-99.897887	50.219476
67.033294	66.879835	24.605784	64.635373	-99.982081	-99.614644
6.372203	39.834897	7.307472	-88.102612	100.000000	70.584893
92.285014	0.280801	25.089358	-29.054617	100.000000	-99.770355
99.993677	24.076639	88.578413	-28.901914	99.703270	-7.347576
-99.888931	6.102565	-92.511730	-30.572211	99.947018	100.000000
85.846534	17.139290	37.324424	95.139811	-99.963361	-99.922749
-82.308442	-33.469106	-38.711123	-54.362642	99.974125	99.595001
99.965647	9.622749	77.200004	40.770376	-99.937458	-98.815599
-38.033439	-60.030389	18.815114	11.569037	-88.706562	99.544928
28.072099	-66.556442	80.916951	97.476684	-99.986180	90.821791
-57.845409	17.075051	-85.355359	-28.174735	99.938076	-65.303245
-20.274919	-87.222648	28.540107	-53.962246	99.871199	99.609467
10.262302	-32.760368	6.409713	58.993256	-99.833594	-90.564710
44.124893	-53.731183	50.327876	94.168966	-100.000000	-75.372571
-93.709897	15.854280	-96.868778	-47.512721	95.718248	23.273417
99.316549	1.358217	60.571767	-41.230960	99.722408	-99.938445
80.717342	14.140974	90.693048	28.932068	-100.000000	-30.933391
93.762320	39.135386	47.997183	36.719254	-99.988456	-99.639441
86.780473	-0.516709	99.576890	-28.271011	94.850725	-34.727454
12.763270	-65.713224	4.707720	76.320545	-99.719608	-72.560069
-6.223242	36.841632	-66.601583	-55.798733	100.000000	-97.478354
-18.779417	34.061927	7.133237	-40.300088	100.000000	99.516607
82.044587	41.858294	13.043567	9.830087	-100.000000	-98.765678
-91.773169	-55.121804	-65.112363	40.086000	-99.841844	99.299291
57.817983	8.625078	57.759526	-68.135372	100.000000	-79.875383
26.167348	34.418663	-45.466698	-74.409802	99.844267	-99.852996
52.544478	-5.578437	63.240067	19.429079	-100.000000	-65.308155
18.879376	-87.060701	59.114340	-43.717336	100.000000	45.384013
57.880168	-37.227246	70.954711	-74.040658	99.080565	-55.124518
52.980550	-49.054552	90.132960	-42.273533	99.932961	76.892612
41.978008	-38.969482	88.118236	-93.683877	99.894191	81.471809
-35.939593	56.202784	-80.727029	52.020692	-99.919441	-77.689714
12.621779	31.086699	-21.610791	26.038800	-99.862109	-99.358373
45.638462	-52.795403	78.798515	19.796106	-99.970093	12.728146
78.112339	-18.343858	100.000000	-68.653896	100.000000	-16.663912
-3.964296	-43.585955	-6.066961	82.698948	-99.942940	-67.284621
38.585628	72.121863	-28.836283	4.653419	-99.800059	-100.000000
45.189992	51.189028	29.875383	-68.414587	99.765105	18.031982
25.184795	70.328523	16.534177	-69.271835	100.000000	35.828014
16.123988	59.724855	-29.499384	98.348081	-99.767801	-99.721753
61.331225	61.600123	-4.654321	-27.857001	100.000000	-99.198845
59.865830	-46.011939	92.407310	92.796289	-100.000000	12.641899
-2.929533	6.013305	-7.392838	-66.051309	100.000000	-65.569780
31.205830	40.891911	7.979499	-59.309806	100.000000	2.227139
-68.846176	-27.439194	-11.846191	-86.389323	99.951682	98.693868
16.872927	-40.423420	66.429979	-30.964890	99.966991	91.288750
55.595952	10.186659	63.010843	24.495244	-100.000000	54.510177
-62.639883	43.263894	-76.675646	86.378804	-99.907063	-26.419864
-25.436256	38.169835	-48.026019	95.415438	-99.460192	25.342435
7.318424	76.449106	-48.617732	28.275519	-99.731835	-99.693744
-14.256511	-44.817318	18.543326	46.872880	-99.905792	-27.422141
-33.389294	6.641223	-77.552037	-13.687312	99.774188	-80.988703
81.850389	54.530817	66.633771	75.403389	-100.000000	-6.524720
44.926696	82.374838	15.460195	-42.547460	98.623516	-8.499867
-61.423716	-18.417112	-48.678257	37.847495	-100.000000	2.574360
78.639156	0.964900	99.913698	56.327347	-99.989820	42.155539
65.992711	40.712178	74.996461	25.764335	-99.858899	-73.695086
-61.521625	-8.744419	-24.634007	30.644871	-100.000000	99.871290
90.975161	23.095700	40.865675	-32.120972	99.924000	-99.885048
45.504615	-61.917204	84.883290	30.201250	-100.000000	-16.422759
-83.263295	-52.523438	-71.500382	-13.839380	100.000000	68.361364
74.128181	28.118236	78.569706	-51.785290	99.879236	29.936712
4.976285	-62.704141	1.386428	-18.450646	99.832179	-62.441990
-17.430863	-23.335116	46.276005	45.081133	-99.930799	99.782940
18.278994	65.899190	-8.432648	42.929546	-99.628056	24.657692
69.348398	-27.282680	84.696678	-14.303400	100.000000	-47.378025
-71.643825	32.130860	-74.503811	11.923271	-99.932331	93.501865
-10.863184	50.493815	-1.266418	3.070809	96.553244	68.082330
77.046580	1.727272	89.409806	-67.153609	98.831184	-15.399515
-76.376842	-63.300298	-32.001516	95.255474	-99.716989	100.000000
69.375760	-20.834431	29.441095	79.329542	-99.892720	-100.000000
80.578653	44.208545	65.162180	-48.395978	100.000000	-47.518732
-12.856153	-60.066075	-11.335690	85.000934	-99.790635	-57.978530
34.011113	85.092000	-5.863932	98.589000	-99.758803	-38.756763
69.599682	-59.084252	73.079175	99.410584	-100.000000	-76.953392
-46.294893	54.824804	-33.977059	37.473280	-99.772525	94.447903
58.439292	-20.611160	93.839417	94.080923	-99.583693	67.734830
-27.307046	92.345910	-40.636236	-37.192968	100.000000	32.699088
38.981761	-22.703463	44.023905	73.546463	-99.918131	-100.000000
-99.553825	-0.456578	-55.207092	32.951741	-99.864247	99.690633
-65.637448	-39.443969	-37.060378	23.539931	-100.000000	100.000000
-52.248921	-57.997569	-56.622975	-24.147091	99.384423	37.484847
26.824182	-47.600100	82.165882	73.034079	-99.764168	87.546902
76.770591	-5.513171	31.573904	-33.583235	99.890689	-98.869281
46.763500	-43.330816	30.006749	28.271928	-99.971752	-99.042768
6.992716	75.307711	-9.860728	-78.040056	99.960675	20.730529
38.107762	82.581323	-2.831629	-6.687227	100.000000	-99.996782
-83.968290	-37.010551	-60.438680	16.604484	-100.000000	99.919967
5.824284	-29.305003	26.122127	-7.189484	100.000000	96.495071
38.913536	11.402524	18.762661	-32.468776	100.000000	-99.988739
86.473016	62.782952	49.516951	96.515225	-99.933525	-99.869400
-4.424520	-19.527332	-8.177770	69.222593	-99.352740	7.294327
-7.979704	48.643621	-2.515246	-90.337577	100.000000	75.267537
-16.916795	-17.294663	38.912805	-7.953502	100.000000	96.956157
-60.696554	41.803536	-84.973171	20.246572	-99.856010	-69.719051
83.626583	43.114451	49.479369	-16.684931	99.890618	-99.849974
8.564960	38.974601	-28.546985	91.109420	-99.912118	-98.973494
68.505372	-21.266036	56.360422	15.906685	-99.845295	-99.196843
49.014331	-59.289241	76.779828	99.846668	-98.348866	-24.422436
-81.709548	44.260393	-57.888458	-71.143353	100.000000	99.582816
38.666560	-70.250330	81.292263	-32.918702	99.995305	82.683494
-7.947920	-69.382987	36.296115	72.594546	-99.880035	100.000000
75.458580	39.340437	63.853059	62.836230	-100.000000	11.234183
24.871004	35.976884	47.463887	5.639476	-100.000000	70.242932
-69.747462	-52.096160	-60.301127	57.598974	-100.000000	-10.057057
61.082293	-27.489841	99.795039	60.789326	-99.883027	69.458047
18.138139	-21.067816	-40.297077	49.687060	-100.000000	-98.941547
83.755108	-9.510393	44.532080	-69.348915	99.987930	-100.000000
-11.036918	21.174123	39.612546	44.354347	-99.749625	99.992672
-17.221135	57.699290	-58.667578	99.693425	-99.853748	-94.353532
55.360611	56.783781	52.181505	53.474109	-99.478519	13.009486
-11.584608	62.313775	-0.002899	-86.732640	100.000000	84.183796
66.713424	55.691152	28.407311	-33.859123	99.744094	-91.436149
59.417699	27.233674	40.625039	-60.787497	100.000000	-99.536205
81.013985	53.740635	52.512239	27.380232	-96.657481	-25.509388
37.883974	-59.198082	7.861957	-78.496384	99.857543	-98.605928
-45.250697	-31.737400	14.000860	47.429066	-99.966337	100.000000
-34.467611	-82.486817	20.263511	-11.458142	100.000000	99.767721
-20.965663	-6.504122	34.299491	-44.395947	100.000000	99.683342
78.989352	11.882125	83.089711	38.198995	-100.000000	-21.802644
61.689485	10.674160	76.861063	26.572477	-100.000000	51.151294
57.002853	-72.804575	75.759818	13.393840	-99.007831	-13.790888
-33.172566	67.683478	-38.158681	66.207767	-99.873436	75.498907
39.062229	-55.297614	85.942261	99.996082	-99.840691	81.944567
-4.475347	-75.489049	-15.215950	53.410710	-99.829534	-61.047316
-22.126573	-20.949203	-42.886925	-25.588658	99.894507	-82.396990
56.083968	44.100798	53.126047	32.024977	-99.884879	27.262985
-43.266046	65.092400	-42.025247	93.418481	-99.598464	77.414933
96.921301	1.269435	92.616929	38.731943	-99.864967	-99.950669
32.096237	-76.978787	76.362629	78.844309	-99.750208	65.122172
34.957741	-40.594814	36.898766	-41.818549	100.000000	-70.213765
98.549721	-20.377159	77.453030	-9.433850	99.977459	-99.267408
-26.811569	40.121135	-27.093594	58.988420	-100.000000	94.454113
42.296539	-11.353708	81.275065	-16.299165	99.802212	76.463231
-75.809594	-7.874919	-81.347204	45.022809	-100.000000	35.976858
-37.755475	-2.245897	-39.346507	-45.102521	99.978320	94.778554
17.234773	-44.558754	27.367923	58.549865	-100.000000	-68.283525
87.010918	5.821208	90.832740	11.100287	-99.525076	-54.692146
51.843844	9.166106	79.317324	76.007332	-99.793419	64.333899
-3.965042	-11.066962	50.108368	-69.193433	100.000000	98.080054
-64.152901	54.908838	-84.814547	-22.125651	68.589662	-55.371665
74.651503	21.706781	88.666177	-27.007986	100.000000	35.375758
13.448728	-6.489760	-37.380592	73.243648	-99.824535	-99.913224
-7.593606	-23.001264	16.449400	-50.323424	99.805424	99.901462
29.028872	16.073624	58.945012	-65.222006	100.000000	80.934854
27.622798	11.194105	36.136314	29.105209	-99.810735	70.985176
74.874263	0.300162	98.461217	-26.748835	100.000000	-5.728292
-56.837294	1.955748	-77.810937	-36.938798	100.000000	-61.568233
41.385600	-60.472965	84.031174	-14.806147	100.000000	86.618389
6.611523	35.328767	-43.407300	-37.685346	100.000000	-100.000000
100.000000	2.861690	77.628683	-23.702037	100.000000	-99.447836
64.187843	24.417460	83.974908	-30.455730	100.000000	-18.156164
-83.799291	48.661860	-65.724847	65.559037	-99.812904	100.000000
-24.019133	-20.052898	29.390021	16.171491	-100.000000	99.305889
-54.193332	46.888575	-24.078941	-54.244236	100.000000	99.799003
-59.931386	-34.649250	-12.933933	-7.254337	99.896963	98.197304
69.155030	-17.408900	97.465653	-44.582360	99.888425	54.655218
73.658080	72.348300	41.352503	-34.808937	99.952816	-99.932830
-42.499286	32.770405	13.508383	36.758723	-99.981517	97.745960
-8.701313	8.346962	41.591265	-32.303078	100.000000	98.633864
-80.801110	-24.394238	-87.919793	-30.791943	99.802562	-26.562112
-37.949625	-63.880504	24.416501	-15.519201	100.000000	100.000000
94.248358	-16.950915	97.518880	43.176721	-99.812394	-80.260571
-1.782071	67.644791	-32.248431	-50.248609	99.807916	-97.886904
-99.758980	11.168679	-86.232923	-19.013508	99.962009	99.967978
51.793527	44.288002	2.059701	85.275494	-99.848919	-100.000000
-32.073662	54.527725	-67.418080	73.641033	-99.895054	-90.068710
-45.428111	-58.805816	2.046204	-33.233185	100.000000	99.811304
53.449465	79.067342	2.489964	40.278921	-99.950166	-99.937109
-99.606955	-24.376959	-59.332144	85.516617	-99.787407	100.000000
-3.809849	56.577891	-43.821532	17.631814	-99.940661	-99.806278
23.801378	92.572505	-30.979574	12.645722	-99.938967	-99.461019
-63.023622	-56.757309	-63.585573	44.730616	-99.812527	-18.596724
10.064155	-91.514861	47.238783	65.869385	-100.000000	10.227971
-39.458152	10.740395	-53.055860	81.044363	-99.999794	-49.157634
-47.007724	-4.997079	-77.843977	-50.142133	99.886210	-72.437214
-3.208777	-23.814502	-26.255902	58.303652	-99.871402	-96.135651
71.420955	-8.153894	34.105484	59.374029	-99.957308	-98.619566
76.900065	-36.923814	68.495282	55.959237	-99.775182	-82.958290
44.945951	-40.555318	64.371540	27.519309	-99.985186	-52.402033
-37.121537	35.969758	-59.382042	22.653392	-32.545277	-74.065631
-58.048428	-22.676121	-28.085548	54.286859	-100.000000	99.581229
-34.927086	-41.532493	-52.217064	82.257427	-99.949849	-61.762207
-9.858578	77.363808	-59.520530	67.143956	-99.933977	-96.553099
34.432847	-53.121147	-4.837915	92.263287	-100.000000	-98.545140
4.067959	-10.277507	-1.616692	-56.586151	100.000000	-97.863896
26.832428	-50.901794	59.342108	43.924873	-100.000000	90.978790
-20.573778	-54.236959	30.083585	26.143695	-99.935315	99.667535
91.214743	-41.878595	99.006010	-58.017403	99.811302	14.915832
14.983503	74.616295	-11.285584	27.271497	-100.000000	9.213580
28.089050	55.092199	-31.650772	29.521226	-99.895482	-99.804352
53.962170	70.078661	26.240241	18.616704	-99.613245	-53.202424
45.282111	52.159702	51.702677	34.642891	-100.000000	38.592074
37.490406	-61.314821	70.538502	-89.790558	100.000000	26.742371
-17.202008	29.191301	-38.163179	-40.690762	100.000000	-92.343020
88.085862	-7.337746	86.228159	87.073330	-99.537394	-61.929051
17.249660	29.815071	-30.074159	53.297593	-99.941158	-99.830488
-10.059453	-14.239434	-58.021457	82.015258	-99.944560	-91.710995
84.550922	8.644346	90.955267	30.506931	-100.000000	32.429503
-8.245683	-50.653365	-5.562823	-2.479297	45.065901	60.517430
-81.538822	-49.683175	-42.837723	70.193048	-99.973948	99.626270
31.424985	44.857361	-9.673737	-73.560295	99.809240	-99.724716
6.028372	-53.094499	30.242466	26.742284	-100.000000	23.225055
6.384653	-11.466848	56.336621	-61.896732	99.961358	96.065992
47.329315	23.982792	4.847275	54.783308	-99.873746	-100.000000
64.461297	29.489628	71.153947	93.259681	-99.905288	35.625754
-8.255097	-59.135605	59.739263	-14.860419	99.958678	99.679187
-2.915819	-83.674639	26.171524	-8.390006	-58.783192	6.488241
0.414018	-68.979699	57.574636	-52.363015	100.000000	99.612756
-73.123606	-32.865780	-7.654805	-48.736833	99.854069	100.000000
-1.771897	-67.443897	35.938769	90.469459	-100.000000	37.528862
85.232414	-14.637369	93.088634	-56.222728	99.403565	-37.589456
59.960630	-12.796242	89.255942	-51.249980	99.777866	63.094283
57.215911	24.093934	63.011616	-13.766963	100.000000	35.414846
-68.625776	45.794199	-77.801685	80.023005	-100.000000	65.525338
21.448186	-2.443260	31.153718	28.498994	-99.850856	-96.346652
-40.376954	3.410896	28.284590	76.331042	-99.948479	99.916974
74.899485	13.848162	37.975390	-25.566138	99.873131	-99.743588
31.769891	-44.300161	66.258906	-51.142069	99.908944	88.789366
94.994534	7.748776	94.547731	87.917025	-100.000000	-60.646468
-60.982270	-48.864613	-59.785641	84.531683	-99.868593	-28.745492
46.684966	-72.283190	72.748957	-31.707244	98.390223	-27.324730
17.282408	42.518839	41.633371	55.579702	-99.922819	77.584555
-66.338279	48.220429	-38.468406	-59.231709	99.775733	99.953101
-32.268421	40.258776	-78.419310	-57.055341	99.968106	-45.355500
10.160725	11.486966	-15.613809	46.908844	-100.000000	-99.812062
41.011422	-2.709074	72.214792	15.585150	-99.905573	73.844860
72.595876	65.978449	19.293718	-33.955455	99.964207	-99.920050
73.498093	-1.605218	62.996526	-25.233945	100.000000	-95.928658
22.292866	76.058873	5.711441	-40.915341	99.734254	18.580497
69.540722	60.836093	58.927487	-46.472075	100.000000	6.279142
-14.518444	-57.316796	51.872474	59.036174	-99.780020	99.467511
-22.812091	-80.462766	30.800717	-24.894279	99.915721	99.796365
-42.483706	-6.344020	-64.971926	93.169877	-99.847132	-69.324249
29.052331	79.606421	14.142362	51.445147	-100.000000	16.734396
-29.814507	15.848126	-1.539582	35.394675	-99.949890	99.659794
84.576633	29.611280	38.463720	96.043030	-99.876371	-99.824573
8.364811	-44.962750	42.056082	75.673939	-100.000000	97.791489
65.769962	8.391265	15.951719	90.951523	-100.000000	-99.884905
-11.474744	-44.155737	22.477503	-44.350964	99.779647	99.962550
79.664150	-41.020276	75.361668	54.204911	-99.774757	-95.842014
50.312986	-1.903092	67.349378	3.702636	82.791998	39.478230
12.868706	-64.660444	59.749618	-26.893097	100.000000	96.348591
86.274750	-4.850379	88.470496	26.451836	-99.524539	-79.658185
-95.035892	-26.771380	-28.375301	4.995856	87.085914	99.615743
-70.197290	21.335718	-75.672790	35.224643	-100.000000	86.039820
-48.764334	10.912045	-88.410579	96.455519	-99.943834	-73.399130
-59.174021	-37.971512	17.046748	31.016031	-99.748544	100.000000
-69.002993	1.243233	-75.346843	-18.368399	99.785371	-33.869696
-65.874450	16.549591	-87.727473	-36.441109	100.000000	-58.388744
66.134618	33.552597	54.358764	33.820937	-99.851877	-97.247889
-90.604137	-14.988856	-70.470733	-24.258658	99.999666	73.532977
6.978809	-75.547643	52.795954	12.002536	-99.998609	95.306359
99.626276	-9.568358	85.376886	25.009773	-100.000000	-99.997211
-53.403789	53.522529	-71.549492	41.988027	-99.530678	45.855100
-83.046880	-54.643763	-31.163686	81.187393	-99.882928	99.865707
-6.494856	37.856296	16.779659	57.392075	-99.781517	100.000000
86.491467	10.424102	75.067157	-53.799850	100.000000	-94.942895
88.030377	42.714123	68.501382	8.115867	-100.000000	-92.149741
47.279924	-57.328415	63.204769	52.080600	-100.000000	-33.022573
-60.470008	-37.939977	14.875084	-19.098295	99.866101	99.900110
55.567881	-3.461424	87.937459	47.646370	-99.800207	70.146164
-66.398116	-6.572740	-82.912947	-47.272530	99.967064	-34.762918
5.932852	32.736046	-15.562753	42.408545	-100.000000	-90.039865
59.291778	-9.350653	52.104429	-15.052067	100.000000	-98.788812
64.761178	-34.419455	91.552725	39.193417	-95.458786	-17.367982
-44.711418	21.341892	-83.531020	-8.664179	99.981229	-78.722013
23.588271	-34.788609	33.186344	25.747378	-100.000000	91.019276
80.762463	59.314515	53.859893	15.117651	-99.761423	-99.869124
2.810334	8.348752	-46.135110	36.649138	-99.984797	-98.349817
54.188036	-27.146806	15.235543	60.602360	-100.000000	-99.357184
32.559306	50.647997	32.637734	-2.164278	-91.429783	7.988700
23.165438	-59.428516	17.483247	-89.279080	99.956532	-81.755633
-1.042950	-88.631154	32.583768	50.670696	-99.742171	92.550378
-0.769784	-44.446905	8.783000	-13.047834	99.849387	63.195906
-9.009537	-14.784002	43.978735	31.440381	-99.887816	97.977810
-50.747119	-49.587253	-27.037896	23.518133	-100.000000	100.000000
85.616241	32.867380	74.231107	17.914315	-100.000000	-15.744830
63.428703	-26.085286	100.000000	50.538275	-100.000000	68.272960
15.717324	60.819277	-25.832687	-69.967842	99.938440	-99.434897
38.672361	-23.430474	42.813411	-49.888108	95.323156	-13.510602
27.035995	49.117651	19.988044	83.689604	-100.000000	41.646642
-54.472039	49.141242	-46.133166	-89.120429	99.761306	78.281567
-82.994238	-56.514121	-42.936628	-93.334963	99.912289	99.890852
-2.205409	43.670547	-11.337089	-49.591907	99.785403	45.784922
46.361503	62.012422	10.888653	58.636079	-100.000000	-99.673328
43.612667	89.537250	5.614335	-53.241628	99.941969	-48.268361
-4.609440	76.957912	-41.994609	-29.419561	100.000000	-97.496585
-24.904337	26.682745	34.622602	-33.927898	100.000000	99.840281
48.055242	-40.356463	92.700614	42.892338	-99.765348	77.826660
-78.068505	-18.315022	-11.464849	43.217353	-99.843869	100.000000
14.949319	-28.780325	43.045854	23.892230	-99.885094	93.842933
33.002220	-39.597666	26.673486	47.642883	-99.893324	-94.740698
85.427650	-58.755030	99.744227	-62.739278	99.858780	-47.002651
72.948679	22.486355	76.300772	66.947275	-100.000000	29.900530
-28.111200	-10.238964	-78.881115	67.466578	-99.924147	-85.949720
10.626396	90.281570	-45.884241	-57.998346	99.826066	-99.603042
-78.029231	-60.598027	-35.264117	-74.666181	100.000000	100.000000
-77.636158	38.035484	-87.120782	-48.270695	100.000000	36.681356
37.596279	29.918771	-16.902631	73.832801	-99.938249	-99.092152
46.058407	-68.331695	38.204902	75.402099	-99.900074	-91.455793
-68.264149	8.656310	-60.668204	-99.764884	100.000000	96.574109
59.605094	-37.081640	68.159130	87.678412	-99.910897	-71.398543
83.733971	41.360800	52.723818	48.795937	-99.760205	-99.596648
15.336047	5.430606	33.161167	-70.928270	99.913687	36.727487
4.848920	82.864737	-24.851944	-9.213927	99.073804	12.560208
35.341574	39.719432	-31.987082	9.642662	85.536775	-99.076950
-31.648881	-64.451127	-38.032517	54.210654	-99.893329	-45.211511
-84.607485	31.645398	-41.644130	-14.566735	10.752029	99.797437
-68.823250	27.623292	-23.781406	-27.438171	99.848039	99.453697
67.086127	30.285400	73.324943	35.113145	-100.000000	35.456110
44.226439	63.843479	23.232826	34.455260	-100.000000	-66.385972
45.196279	53.172770	15.124318	91.560203	-99.977472	-99.307084
51.823166	-9.846451	79.231868	84.066443	-99.947910	69.902934
35.711764	-23.441194	72.218321	-75.943203	100.000000	84.228073
41.143492	-49.303293	86.230326	65.347597	-99.921885	83.837402
35.575504	-13.791291	48.930336	41.834273	-99.811118	78.941694
21.787266	-77.908286	30.212601	29.481990	-99.647683	-36.964272
86.682124	11.840177	72.356966	-27.067341	100.000000	-99.292895
99.744962	11.865260	94.416963	-87.526838	99.990882	-75.971318
-8.560430	5.118242	48.181971	37.422982	-100.000000	100.000000
-33.046979	49.259592	-29.461128	28.497029	-99.959611	99.359230
77.573942	-37.183496	98.639074	99.916034	-100.000000	-39.380053
-25.218409	-15.184641	22.955282	3.952976	-99.769701	100.000000
32.480450	-25.201712	61.110523	84.567666	-100.000000	86.495669
63.128998	-13.968389	90.722727	72.657319	-100.000000	5.253282
4.716705	-67.332399	46.534297	-40.865317	99.800447	97.062668
-10.512947	-25.883607	31.107241	-47.927524	100.000000	99.449927
80.353825	24.339456	53.024729	-87.108858	99.940757	-99.923818
57.489017	68.328829	8.874804	17.413918	-99.860156	-97.130012
-100.000000	-7.745792	-54.089901	13.814140	-99.832994	98.529483
32.068405	-55.103197	50.108896	63.170526	-99.694610	-44.230152
73.961713	-0.855704	92.834011	-22.102786	99.692800	22.973620
58.185172	12.412937	69.495669	-46.837444	99.898851	50.807531
25.568095	-37.195869	67.869364	62.853912	-99.758330	91.520967
-6.582610	32.948093	-27.887744	61.065519	-99.530693	-41.590027
17.691518	69.561354	-0.949504	-54.330923	99.550876	-55.189047
0.510525	-76.263360	48.203989	-18.516511	100.000000	99.586189
52.615801	-36.444264	93.356124	20.044368	-99.997497	76.456820
59.688328	75.844057	33.211867	40.854806	-99.933900	-81.690943
95.879597	-8.106325	74.068831	-75.062285	99.753694	-97.926713
-68.448985	-12.975194	-91.748112	-42.235349	100.000000	-49.731670
-22.516155	60.979746	-62.944236	66.076191	-100.000000	-92.517925
10.771489	8.479874	36.312756	-41.109446	99.802149	94.957971
-2.353536	-30.078929	30.652112	-99.949951	99.890453	99.632093
-12.078800	47.861048	-47.183820	-64.524090	99.977834	-96.521445
-57.279998	-17.941736	-62.064045	78.938848	-99.867850	-40.015320
16.023089	5.781676	-27.619015	17.025091	-99.865510	-99.841921
