-100.000000	85.682865	99.983627	55.135371	80.931093	-86.920187
-64.634763	99.939363	-64.676442	99.906758	-80.370188	-99.800682
-100.000000	100.000000	93.641768	63.272809	56.327215	-94.583946
-100.000000	99.995889	44.548505	82.824009	-4.085190	-99.125589
-100.000000	100.000000	97.162198	62.543283	62.798317	-92.745876
-100.000000	99.948332	42.048618	83.485133	-6.321799	-100.000000
-100.000000	100.000000	-9.164219	99.865488	-44.367460	-99.945488
-100.000000	100.000000	15.297759	94.132995	-30.150747	-99.923953
-100.000000	99.815859	24.366769	90.681710	-23.011346	-100.000000
-100.000000	82.966315	99.330903	53.803408	83.475075	-86.298262
-100.000000	88.147245	100.000000	60.320002	79.340165	-89.865233
-100.000000	100.000000	82.770766	67.689739	40.801829	-100.000000
-100.000000	100.000000	20.286465	91.754947	-25.380308	-100.000000
-100.000000	99.891237	31.703451	87.357320	-19.075177	-99.881716
-100.000000	100.000000	-38.891929	99.819571	-64.182224	-100.000000
-100.000000	99.977895	79.747328	68.880099	38.548868	-99.929385
-100.000000	99.985906	22.641545	91.622964	-23.993061	-99.848792
-96.206945	100.000000	-48.262412	99.863105	-68.621440	-99.944399
24.251544	59.251867	-99.725211	99.551062	-99.511884	-100.000000
-100.000000	100.000000	30.670661	88.196643	-18.963426	-100.000000
100.000000	-23.107014	-99.799693	30.119776	-99.705848	16.699264
-100.000000	99.972090	61.952305	75.639634	14.655894	-99.729604
12.849481	71.436957	-99.852504	99.697071	-100.000000	-99.678675
-82.730013	100.000000	-56.669830	99.981996	-74.740652	-100.000000
-100.000000	100.000000	79.495910	69.918934	37.459446	-99.871028
-100.000000	100.000000	49.401833	81.349986	-4.685081	-100.000000
-100.000000	100.000000	7.100795	97.079378	-34.955397	-100.000000
-100.000000	100.000000	99.813953	63.763577	66.277621	-92.401101
-100.000000	99.988714	58.343165	76.870701	12.965602	-100.000000
-100.000000	99.982341	92.134825	63.727869	52.594152	-95.897093
-100.000000	99.937375	30.893678	87.990206	-19.435788	-99.850656
-100.000000	99.972050	-42.023256	99.990296	-65.903118	-99.670212
-100.000000	100.000000	-8.360907	99.807673	-46.199948	-100.000000
-100.000000	73.324286	99.792211	43.096777	90.642854	-79.135939
-100.000000	99.788197	8.444472	96.196488	-35.594588	-99.712509
-100.000000	99.912685	46.411815	81.908347	-3.470130	-99.918294
-100.000000	100.000000	63.779500	75.669470	19.795882	-99.532304
-96.871622	100.000000	-47.932041	99.959588	-69.096826	-100.000000
100.000000	-99.888977	-15.292570	-94.394389	29.836497	99.708758
-100.000000	100.000000	82.263033	68.020983	41.143095	-100.000000
-100.000000	99.961624	-45.758083	99.915336	-67.887099	-99.892741
-100.000000	100.000000	8.100670	97.017689	-33.208908	-100.000000
-100.000000	100.000000	53.392308	79.538687	5.530871	-99.963014
-86.104453	99.950695	-53.715756	99.965267	-73.285403	-99.877380
-100.000000	100.000000	9.566578	94.344472	-33.635280	-99.777251
-100.000000	99.985649	37.593287	85.350682	-14.544927	-99.034644
-100.000000	99.855866	77.453852	70.775353	36.067022	-100.000000
-100.000000	35.987440	99.945549	6.353590	99.734401	-56.796754
-100.000000	99.901475	78.431218	69.703054	35.707439	-100.000000
-100.000000	99.973947	58.293413	77.358609	11.917870	-99.855189
-100.000000	100.000000	29.718181	88.582026	-21.107929	-100.000000
-100.000000	99.980385	-15.151926	99.955313	-48.054431	-99.963636
-100.000000	99.983152	15.764944	94.166256	-29.312605	-99.775397
-100.000000	99.662184	65.316373	74.618571	19.246146	-100.000000
-100.000000	100.000000	85.811901	67.012062	44.924073	-100.000000
-100.000000	100.000000	60.428602	76.748772	13.362938	-99.382535
-100.000000	95.004247	100.000000	65.509562	75.697781	-93.107034
-100.000000	99.939111	35.402947	85.822504	-16.678974	-100.000000
-100.000000	92.074871	99.998088	62.028208	66.559437	-90.754354
-100.000000	99.972860	-11.852152	99.734890	-46.352693	-100.000000
-100.000000	100.000000	46.049964	82.219676	-9.802883	-99.476068
-100.000000	100.000000	67.136705	73.853879	22.239460	-99.726879
-100.000000	72.203334	99.716118	41.010052	90.807362	-78.388987
-100.000000	100.000000	36.255033	85.956512	-16.596835	-99.911587
-100.000000	100.000000	49.235726	80.549736	-0.903859	-100.000000
-100.000000	100.000000	8.243838	96.786088	-31.972760	-100.000000
-100.000000	100.000000	14.108717	95.654959	-29.628930	-99.964743
-100.000000	99.921422	60.677751	77.025343	14.757560	-99.963694
-100.000000	100.000000	5.682901	98.353116	-35.415427	-99.920982
-100.000000	99.972499	-0.759214	100.000000	-33.123340	-99.933913
-100.000000	99.876729	8.169062	97.992249	-34.242067	-100.000000
-100.000000	99.935450	92.106733	64.662257	55.775402	-96.933907
-100.000000	99.920587	97.442025	61.286491	67.539888	-91.847221
-45.068610	100.000000	-76.135799	99.852636	-86.974261	-99.981756
-100.000000	100.000000	19.149478	93.104393	-27.621074	-99.101492
-100.000000	100.000000	78.311672	68.833271	37.638556	-99.960454
-100.000000	99.997514	-11.402799	99.987987	-46.710922	-99.965034
-100.000000	100.000000	-38.638266	99.811757	-63.873379	-100.000000
100.000000	-85.352193	-100.000000	-55.876292	-82.452321	87.021591
-100.000000	99.979195	72.828457	72.343537	29.021033	-99.945038
-50.713184	99.846652	-72.494585	99.984630	-85.444620	-99.950128
-100.000000	99.850981	92.038187	64.919939	52.263276	-97.176621
-100.000000	100.000000	7.268175	96.755040	-32.266477	-99.960875
-100.000000	98.223765	99.855507	62.944357	78.386608	-92.050976
-100.000000	100.000000	98.978574	58.215227	66.278210	-89.296852
-100.000000	99.915689	19.618197	92.050721	-26.990641	-99.568442
-100.000000	100.000000	-0.752343	100.000000	-45.337882	-100.000000
-100.000000	100.000000	-22.827751	100.000000	-53.723056	-100.000000
-100.000000	100.000000	61.330493	76.847529	12.655435	-99.773455
-100.000000	99.946567	-14.268455	100.000000	-48.434200	-100.000000
-100.000000	99.953613	-12.046437	100.000000	-47.153358	-99.965341
-100.000000	100.000000	-22.069978	99.835672	-52.904304	-99.986087
-100.000000	70.711525	99.717283	40.733414	91.567026	-77.864103
-100.000000	100.000000	32.902808	88.290539	-18.623980	-99.705264
-100.000000	100.000000	4.751851	99.509312	-33.258207	-99.926978
-100.000000	100.000000	88.550021	65.746302	48.054602	-98.793109
100.000000	-99.879080	-48.370070	-80.611816	2.255604	100.000000
-100.000000	99.973653	71.974864	71.706118	28.799630	-99.689702
-100.000000	99.998288	-4.462201	100.000000	-42.873502	-99.895484
41.756350	44.312084	-99.965294	100.000000	-99.491186	-99.918286
-100.000000	100.000000	73.150915	72.133820	29.178100	-99.501903
-100.000000	100.000000	68.495164	74.069913	24.243609	-99.847485
-100.000000	99.962741	86.840752	67.163926	46.264927	-100.000000
100.000000	-31.802680	-99.312301	7.336207	-99.368452	44.803586
-100.000000	100.000000	10.660223	95.043327	-31.964590	-100.000000
-100.000000	99.911473	100.000000	60.327628	64.754689	-89.826001
-100.000000	99.919205	-11.221275	99.760247	-46.185024	-99.902006
-100.000000	100.000000	52.840035	79.036378	6.849554	-96.944052
100.000000	-37.165823	-99.773976	-6.991318	-98.916182	56.930588
-100.000000	100.000000	13.799930	94.813561	-29.693865	-99.909748
-100.000000	100.000000	16.388082	94.194248	-28.198963	-100.000000
-100.000000	100.000000	53.700936	79.656152	9.523063	-98.603370
-100.000000	100.000000	10.118821	97.173939	-32.648447	-100.000000
-100.000000	99.954223	15.650172	93.143191	-28.055852	-99.661253
-100.000000	99.972574	-8.248965	99.952293	-44.724391	-99.329283
-100.000000	67.768517	99.942375	35.655265	94.742666	-74.638013
-100.000000	99.943232	-32.900843	99.982473	-60.098929	-99.950805
-100.000000	100.000000	3.592550	98.191971	-41.945941	-99.804879
100.000000	-100.000000	-59.287256	-77.119152	-14.980939	99.648391
-100.000000	52.238326	99.872245	19.632472	99.636594	-65.052625
-100.000000	99.891690	37.523552	85.808341	-15.276343	-99.616974
-100.000000	100.000000	60.803265	76.477846	13.898160	-99.844969
-100.000000	81.585153	100.000000	51.423418	85.321668	-84.613657
-100.000000	37.751281	99.519867	10.341123	100.000000	-58.589881
-100.000000	99.917640	28.646005	89.032072	-20.152348	-99.361246
-100.000000	100.000000	13.892938	94.663175	-29.762445	-100.000000
-100.000000	100.000000	69.845209	72.924176	23.623127	-99.834702
-100.000000	100.000000	24.211281	91.049815	-23.637780	-99.495072
-100.000000	100.000000	5.924185	100.000000	-34.473535	-99.999223
-100.000000	100.000000	82.037893	69.299809	41.296939	-99.721683
-90.476010	99.933291	-50.927040	99.672775	-71.290955	-100.000000
100.000000	-88.794949	-100.000000	-58.741821	-79.627243	88.969296
-62.907363	99.998242	-66.585577	99.826085	-81.193456	-100.000000
-100.000000	86.392391	100.000000	59.033841	81.178252	-89.022508
-100.000000	99.858340	27.776639	89.435227	-21.345976	-99.870809
-100.000000	100.000000	40.222730	83.995704	-12.996302	-99.826142
-100.000000	100.000000	6.165595	97.236129	-34.263881	-99.681502
-100.000000	99.751204	60.939849	76.214336	16.112097	-99.555269
-100.000000	90.373634	100.000000	58.965422	80.434874	-88.850599
-100.000000	99.943376	20.656372	91.473952	-26.210981	-99.927645
-100.000000	100.000000	41.609669	84.334429	-7.943761	-99.584246
-100.000000	100.000000	70.270816	73.392908	26.454998	-99.990559
-100.000000	68.520770	100.000000	37.593847	93.155027	-75.378341
-100.000000	99.986503	7.506713	98.844199	-33.392417	-99.764400
-100.000000	99.954204	29.947782	88.380241	-20.961715	-99.923643
-100.000000	99.999291	64.322482	74.969715	17.529068	-99.975654
-100.000000	99.946742	7.104746	96.597140	-34.847697	-99.952905
-100.000000	99.868749	45.974203	82.025365	-6.736669	-99.917407
-100.000000	100.000000	-10.686102	99.921157	-44.515319	-99.799292
-100.000000	99.880534	94.346659	64.269530	62.347110	-95.546165
-100.000000	100.000000	6.961999	98.034263	-33.897282	-99.847936
-59.428367	100.000000	-68.230871	100.000000	-82.356030	-99.845837
-100.000000	100.000000	6.740185	96.700456	-36.966861	-99.979279
-100.000000	100.000000	61.523962	76.459879	16.241196	-100.000000
-100.000000	91.145653	98.715759	62.794212	77.268725	-92.397897
-100.000000	100.000000	18.280175	92.046888	-27.283848	-99.896111
-100.000000	87.025789	99.810435	56.347572	81.450343	-87.474752
-100.000000	26.874937	99.864049	-15.455450	99.597188	-33.278654
-100.000000	87.195165	100.000000	58.644223	80.758462	-88.958748
-81.780007	99.920337	-54.975325	99.917266	-73.910252	-99.893680
-100.000000	99.985440	83.963261	68.797196	42.683561	-100.000000
-100.000000	99.933260	43.119472	83.279845	-7.562923	-100.000000
-100.000000	99.892616	-25.985440	100.000000	-55.314804	-99.713634
-100.000000	100.000000	2.790850	96.077092	-43.143842	-100.000000
-100.000000	100.000000	45.539818	82.142965	-7.307763	-97.597604
-66.327489	100.000000	-64.560394	100.000000	-79.813043	-99.796436
-100.000000	22.600584	98.703732	-31.914535	99.932890	-16.280356
-29.063035	-53.887664	99.671858	-100.000000	99.786481	100.000000
-100.000000	100.000000	25.814180	89.621958	-22.613767	-100.000000
-100.000000	99.674208	-35.706293	99.899010	-62.085710	-99.962437
-100.000000	99.962024	44.759977	83.223929	-5.989407	-98.869481
-100.000000	100.000000	32.150994	86.962368	-18.287189	-99.838096
-100.000000	100.000000	26.638693	89.109512	-22.846931	-99.216809
-100.000000	99.916984	13.054788	94.289470	-28.955727	-99.830600
-100.000000	100.000000	-1.647172	99.750632	-32.128710	-100.000000
-100.000000	100.000000	75.464443	71.671631	31.770233	-100.000000
-100.000000	82.507443	99.945651	53.053367	85.033995	-85.751652
-100.000000	100.000000	7.096601	99.960729	-33.873918	-100.000000
-100.000000	100.000000	-12.077263	100.000000	-44.985103	-99.961845
-71.232422	99.972178	-61.069891	100.000000	-77.456609	-99.863918
-100.000000	100.000000	31.484942	87.542978	-18.683777	-99.849475
-100.000000	99.857805	-30.622041	99.917603	-58.548728	-100.000000
-62.747163	100.000000	-66.781245	100.000000	-81.709629	-100.000000
-100.000000	99.908560	32.804140	87.405335	-17.412451	-98.917299
-100.000000	99.859273	42.387296	83.462831	-8.249914	-99.975831
-100.000000	100.000000	1.946556	99.944873	-36.607744	-99.943687
-100.000000	99.907672	91.578712	65.799122	52.282770	-97.476813
-100.000000	100.000000	-45.904961	100.000000	-67.990088	-99.938936
-100.000000	99.888786	47.076576	82.096381	-3.389288	-99.464134
-100.000000	100.000000	-35.447311	100.000000	-61.383818	-100.000000
100.000000	-100.000000	-2.322241	-92.435625	43.301463	99.699314
-100.000000	100.000000	50.997613	80.545084	5.422462	-97.595368
-100.000000	100.000000	80.030115	68.530138	38.091325	-100.000000
-100.000000	100.000000	-21.605226	99.889375	-52.091917	-100.000000
-100.000000	100.000000	81.830236	68.142558	40.462252	-99.823965
-100.000000	65.902543	99.088510	34.784144	94.810711	-74.763064
-100.000000	100.000000	79.474476	69.449919	38.440962	-99.885279
-100.000000	99.988510	26.517042	89.437616	-22.343974	-99.884559
-100.000000	100.000000	-25.377144	100.000000	-54.536254	-99.855592
-100.000000	99.991479	30.109486	88.500232	-18.793751	-99.238916
-100.000000	92.764231	99.694621	68.133060	66.921954	-95.164788
-100.000000	100.000000	22.494131	91.114854	-24.129248	-99.854007
-71.934235	100.000000	-61.271608	99.949183	-77.916871	-100.000000
-100.000000	99.959038	20.315102	91.150678	-25.199023	-100.000000
-60.991692	100.000000	-67.381510	100.000000	-81.967249	-99.964531
-73.295433	100.000000	-60.198695	99.997941	-77.349559	-99.762007
100.000000	-66.992551	-99.490663	-36.420393	-94.351407	75.372997
-64.121391	100.000000	-65.634097	99.760747	-80.568248	-99.596282
-100.000000	99.861124	12.169820	96.384438	-31.487636	-99.839744
-100.000000	100.000000	22.069669	91.586965	-25.990087	-99.964707
-100.000000	99.996837	12.340591	94.252644	-30.219657	-100.000000
-100.000000	99.909235	50.071410	81.112453	2.662038	-99.852832
-100.000000	99.840648	-20.587996	100.000000	-51.574727	-100.000000
-100.000000	99.996689	-46.744869	99.776542	-68.931035	-99.973118
-100.000000	68.361405	99.954503	37.590693	93.796639	-75.890182
100.000000	-83.524148	-99.339618	-55.393220	-83.355248	87.180007
-100.000000	99.919515	-4.566555	100.000000	-38.718049	-99.990141
-100.000000	71.770035	99.626652	42.151974	90.989172	-79.001992
-100.000000	99.470143	98.684220	56.847645	70.050770	-88.744355
-100.000000	100.000000	83.537637	67.448509	43.494566	-100.000000
-100.000000	99.818562	36.705760	85.743223	-14.812275	-99.555345
-100.000000	100.000000	99.331579	64.840243	68.933780	-93.599440
-100.000000	99.871567	16.126660	93.771930	-28.850057	-99.845987
-37.215476	99.767341	-76.242057	99.907321	-87.625714	-99.848129
-100.000000	100.000000	72.526810	71.941829	29.676704	-99.818276
-100.000000	85.085575	99.318268	55.438496	80.629363	-87.392217
-100.000000	100.000000	65.547935	74.625388	19.218099	-100.000000
-100.000000	99.901189	21.539522	90.990342	-25.830389	-99.844989
-100.000000	100.000000	-24.727201	99.850691	-54.410139	-99.966637
-100.000000	100.000000	18.687550	92.503450	-27.492010	-99.947184
-100.000000	99.952430	75.972255	69.756850	33.197371	-100.000000
-100.000000	100.000000	99.209774	60.047965	64.333578	-90.349645
-100.000000	75.796266	99.798895	44.961736	89.560661	-80.757458
-100.000000	99.915377	-7.795750	99.945427	-42.568658	-99.849831
-100.000000	100.000000	42.059320	83.558209	-11.899487	-99.965831
-100.000000	100.000000	93.013247	63.911167	56.372905	-95.774443
100.000000	-99.997873	-82.719005	-67.687802	-41.863024	99.904936
-100.000000	100.000000	32.135743	88.185283	-18.129531	-99.869619
-100.000000	84.557979	98.609199	56.886625	80.154267	-88.204734
-100.000000	100.000000	61.204252	76.821437	12.357239	-99.957447
-100.000000	99.787833	85.210482	67.262108	46.195304	-100.000000
-53.846148	100.000000	-70.646210	99.808062	-83.848155	-99.966613
-100.000000	99.946289	92.982210	63.804026	54.030812	-95.479273
-68.510222	100.000000	-62.854969	99.759389	-78.775309	-100.000000
-100.000000	100.000000	11.456474	93.922507	-31.793867	-99.993864
-100.000000	99.948476	71.455314	72.123272	29.720851	-99.874105
-100.000000	99.990260	41.615115	84.055868	-10.578052	-99.890776
-100.000000	66.804194	99.880134	35.785868	94.064663	-74.774896
-100.000000	100.000000	94.980316	61.715847	60.799375	-93.611732
-100.000000	100.000000	7.155430	99.324252	-36.665969	-99.779306
-100.000000	100.000000	22.079929	92.287925	-25.570799	-99.764017
-100.000000	100.000000	29.253738	88.110748	-19.624733	-99.577163
-100.000000	100.000000	61.402241	76.063375	14.563869	-99.881148
-100.000000	100.000000	-11.348034	99.723960	-44.336784	-99.834216
23.457783	63.151047	-99.638036	99.717785	-99.887561	-99.934547
-100.000000	100.000000	58.263574	77.927238	10.359056	-99.105414
19.600406	-99.620805	88.589090	-99.909427	95.620639	99.767411
-83.895772	100.000000	-54.074330	100.000000	-73.543059	-99.919704
-100.000000	100.000000	-34.628385	99.980598	-61.239123	-99.887640
-100.000000	99.946701	-36.105980	100.000000	-62.224956	-99.615385
-97.106444	100.000000	-47.964343	99.803716	-68.869277	-99.896985
100.000000	-21.916261	-100.000000	32.971618	-100.000000	13.544911
-100.000000	100.000000	84.542269	67.203773	43.914001	-99.979660
-100.000000	99.971609	-30.115083	99.852889	-58.681444	-100.000000
-100.000000	99.973751	-45.716592	99.928545	-67.558304	-99.840864
-100.000000	99.855776	62.136839	75.658443	17.370105	-99.485214
-100.000000	100.000000	-23.011731	99.883331	-54.459410	-100.000000
-100.000000	99.951323	28.828026	89.574116	-20.673329	-100.000000
-100.000000	99.849391	56.903856	78.795627	11.389814	-98.601009
-100.000000	62.682956	99.910001	31.502207	96.576440	-72.829031
-100.000000	100.000000	-33.921851	99.768269	-60.219141	-99.971098
-46.032950	99.910941	-74.469610	99.942932	-86.579142	-100.000000
-100.000000	99.980944	69.192253	73.252322	24.512137	-99.642848
-100.000000	100.000000	95.298968	63.689420	59.013071	-94.337384
-100.000000	100.000000	31.743300	87.937833	-18.772092	-100.000000
-100.000000	99.953062	61.966381	76.459882	14.238348	-99.920445
100.000000	-100.000000	-66.202077	-74.255959	-20.219832	99.487813
-100.000000	99.872892	7.834449	98.080683	-36.291763	-99.995993
-100.000000	100.000000	10.019486	97.569158	-30.379517	-99.786767
-100.000000	99.936147	23.323566	91.186718	-24.311093	-99.917067
63.393329	21.387637	-100.000000	100.000000	-98.167409	-99.997407
-100.000000	99.921914	72.160174	72.064549	27.982937	-99.977320
-100.000000	99.856582	-27.362182	99.884275	-56.751795	-99.682070
-100.000000	100.000000	99.905359	69.397949	73.897111	-95.718225
26.696927	55.819809	-100.000000	99.852342	-99.962577	-99.627371
-100.000000	100.000000	49.636817	80.971313	2.648241	-99.854926
-100.000000	100.000000	84.021168	68.147707	43.012140	-99.848568
-100.000000	35.345013	99.591695	5.294234	97.813418	-58.611388
-100.000000	50.321511	99.888765	17.307706	100.000000	-64.713117
-59.794912	99.982600	-67.798926	99.666868	-81.944271	-99.934875
-100.000000	99.995208	37.570425	85.489146	-15.405854	-99.495929
-100.000000	99.996061	43.663231	83.105460	-7.538333	-98.553464
-100.000000	100.000000	32.637830	87.716035	-18.660649	-99.435267
-100.000000	100.000000	45.505913	82.312038	-4.392637	-99.101009
-100.000000	100.000000	29.875535	88.901447	-19.390015	-99.918186
100.000000	-20.398329	-99.866383	48.198950	-100.000000	-3.077566
-100.000000	100.000000	26.105496	90.854921	-21.295072	-100.000000
-100.000000	99.954485	74.740048	71.811759	33.365163	-99.526837
-100.000000	100.000000	53.164626	79.971416	9.359159	-99.446039
-100.000000	99.905184	85.577928	66.952888	43.996163	-99.964045
-47.476085	99.979790	-74.015251	100.000000	-86.057771	-99.827210
-100.000000	99.989898	62.182886	75.620583	15.045599	-99.015560
-100.000000	99.953724	75.682417	70.816391	32.260208	-99.904715
-100.000000	99.924517	85.474310	67.386872	45.573368	-99.850247
100.000000	-100.000000	17.762290	-100.000000	50.062564	100.000000
-100.000000	100.000000	-0.336988	95.086362	-41.334407	-99.545471
-100.000000	100.000000	6.098638	97.843512	-34.269091	-100.000000
-40.999744	100.000000	-77.769820	99.583547	-88.474678	-99.672569
-100.000000	99.800397	42.656368	83.848043	-4.718143	-100.000000
-100.000000	99.871136	22.209701	91.543669	-24.758815	-100.000000
-100.000000	99.883412	53.070272	79.352377	6.706042	-99.576169
-100.000000	36.109231	100.000000	4.212216	99.960692	-52.513839
100.000000	-76.588021	-99.717686	-46.185235	-87.684994	81.618281
100.000000	-28.289436	-99.722000	16.524073	-99.281830	32.392863
-100.000000	99.985698	-39.050362	99.988197	-63.756060	-99.787010
100.000000	-13.514296	-99.012086	64.782634	-100.000000	-28.078288
-100.000000	33.288652	99.711560	-5.458606	100.000000	-49.603718
-61.403856	100.000000	-66.178848	100.000000	-80.550652	-100.000000
-100.000000	99.960581	62.129835	75.955655	17.185796	-100.000000
-100.000000	100.000000	-23.533103	99.997367	-53.781008	-100.000000
-100.000000	100.000000	-35.660397	99.980979	-61.574799	-99.814197
-100.000000	100.000000	16.944511	94.118176	-26.318717	-99.919528
-100.000000	69.481791	99.573959	38.815678	93.052671	-77.012011
-100.000000	51.945882	99.673527	21.804967	99.436879	-65.778051
-100.000000	75.346648	99.786777	45.045143	89.542873	-80.342185
-100.000000	99.973303	7.194706	96.675613	-31.695399	-100.000000
-100.000000	99.964823	31.220942	88.334213	-19.479355	-99.842355
-100.000000	99.990661	24.701678	90.670628	-23.433489	-99.572109
-100.000000	99.994925	73.947408	71.547889	29.927370	-99.889196
100.000000	-25.924400	-99.958122	23.706844	-100.000000	25.200723
-100.000000	100.000000	63.816601	76.254476	16.377061	-100.000000
-100.000000	100.000000	75.957437	71.418889	33.603096	-99.931895
-100.000000	100.000000	-18.941368	99.793681	-50.655823	-99.994646
-100.000000	99.850255	-7.453583	99.897255	-44.417945	-100.000000
-100.000000	99.910597	62.918476	75.410501	16.129520	-99.978367
-100.000000	20.366414	99.758623	-39.698975	99.995499	-5.009127
-100.000000	99.920458	-8.171510	99.837191	-41.740470	-100.000000
-100.000000	100.000000	5.866384	98.280358	-35.376138	-99.480382
-100.000000	99.974037	-22.538584	100.000000	-53.246082	-99.929874
100.000000	-20.762202	-99.927735	39.828870	-99.733131	4.091480
-100.000000	90.438720	99.807887	60.821641	80.218136	-90.929378
-100.000000	20.291830	100.000000	-41.358728	99.819344	-5.324319
-100.000000	99.957905	-9.561058	99.888527	-46.293118	-99.441188
-62.550731	100.000000	-66.134814	99.919991	-81.044417	-99.954411
100.000000	-99.898688	-84.800347	-65.946417	-42.433479	100.000000
-100.000000	72.722250	99.955330	40.195392	91.609818	-77.849723
-100.000000	100.000000	84.870952	67.343701	43.640189	-99.871382
-100.000000	100.000000	41.442165	84.131153	-9.868541	-99.808104
-100.000000	94.753685	99.974392	60.161780	77.398681	-89.878741
-100.000000	100.000000	72.612631	72.380770	29.126795	-99.898175
-100.000000	100.000000	11.906375	95.632292	-30.609292	-99.740341
-100.000000	99.976277	-5.114785	99.899097	-38.967369	-99.945296
-100.000000	99.912805	79.498865	69.888415	38.886028	-99.976483
-100.000000	100.000000	13.773103	95.841027	-31.174378	-99.659168
-100.000000	64.197634	99.957271	30.751785	95.851192	-71.137850
100.000000	-99.988647	-92.269823	-65.406254	-53.069923	96.388744
-100.000000	100.000000	31.594858	87.887365	-19.287284	-100.000000
-100.000000	100.000000	-28.250721	99.792805	-56.927240	-99.841394
-100.000000	100.000000	67.017354	73.360445	22.272668	-99.881836
-100.000000	99.975973	16.487153	93.993977	-29.376503	-99.928051
-100.000000	100.000000	57.490255	78.111977	13.474448	-99.513671
100.000000	-99.878545	36.099410	-100.000000	61.842764	100.000000
-100.000000	99.903588	8.636189	97.096361	-30.885536	-99.933316
-100.000000	100.000000	95.726571	63.282321	58.370228	-93.848666
-100.000000	100.000000	27.738599	89.094700	-20.677306	-99.906360
-100.000000	99.985811	10.380036	96.141331	-31.321413	-100.000000
-100.000000	99.903165	34.118590	86.879824	-16.823790	-100.000000
-100.000000	100.000000	-14.858356	99.760331	-47.984632	-100.000000
-100.000000	36.512496	100.000000	6.281742	97.722116	-54.799545
-100.000000	100.000000	15.002431	93.411026	-28.739702	-100.000000
-100.000000	100.000000	-16.975864	99.746943	-50.283595	-100.000000
-100.000000	99.954255	49.321573	80.834134	4.359398	-99.882677
-100.000000	89.895482	100.000000	61.481071	77.808526	-90.986892
-100.000000	56.645907	99.719439	24.412559	99.894108	-67.991293
-100.000000	76.492274	99.880945	45.496051	88.185426	-81.058171
-100.000000	99.981619	-42.833343	99.738600	-66.279262	-99.968396
-80.466353	100.000000	-56.692972	99.964573	-75.069251	-100.000000
-100.000000	100.000000	-29.911077	99.798804	-57.337363	-99.809037
-100.000000	99.979452	24.685642	90.969210	-23.187073	-100.000000
-100.000000	99.798761	-7.295158	99.907275	-45.711276	-100.000000
-100.000000	87.756050	100.000000	58.317321	81.284815	-89.168068
-100.000000	99.974006	47.543366	81.788001	0.823619	-99.864896
-100.000000	100.000000	-29.505791	99.882954	-57.400688	-99.925940
-100.000000	100.000000	74.606722	71.188997	32.205404	-99.918372
100.000000	-99.949071	-58.588705	-77.869014	-6.546135	97.574025
-100.000000	100.000000	62.301235	76.155272	14.896329	-99.762546
-100.000000	99.955454	45.029216	82.267034	-6.385479	-99.913666
-100.000000	99.883668	-31.075541	100.000000	-58.652281	-99.970904
-100.000000	100.000000	75.999051	70.355549	31.450863	-99.897351
-100.000000	99.950978	7.497363	98.846466	-32.930642	-99.672041
-100.000000	100.000000	8.987635	97.654428	-32.915745	-99.939285
-100.000000	30.956766	99.360792	-7.425000	99.798978	-43.842047
53.369436	33.782267	-100.000000	99.172944	-99.916088	-99.996471
-100.000000	99.916365	66.936107	73.989938	22.279277	-99.400679
-100.000000	26.369380	99.901869	-24.440892	99.895620	-23.798775
-100.000000	100.000000	28.310368	88.655988	-21.219445	-99.782790
-37.600908	100.000000	-80.390888	99.817257	-90.372876	-100.000000
-100.000000	87.055895	99.949131	56.870964	81.467362	-87.826656
100.000000	-65.015112	-99.853934	-33.261085	-95.992207	73.277910
-100.000000	99.938820	69.601674	73.082801	24.403385	-99.801733
-100.000000	99.993608	18.113787	93.359457	-27.716463	-99.802481
83.376624	8.997108	-97.758652	100.000000	-100.000000	-95.554635
-100.000000	99.924117	-11.695677	99.856402	-46.228982	-99.940020
-100.000000	100.000000	35.415882	87.300872	-13.997726	-99.725331
-100.000000	100.000000	29.109764	88.674897	-21.028853	-100.000000
-75.404678	100.000000	-59.530039	100.000000	-76.513104	-100.000000
-100.000000	100.000000	29.143579	88.670861	-20.583842	-99.759009
-58.325823	99.984164	-68.815334	100.000000	-82.710058	-100.000000
-100.000000	62.716042	99.567302	31.842854	96.782766	-72.577144
100.000000	-99.970771	-63.926621	-76.475970	-17.097759	99.942635
-100.000000	99.927968	96.394760	62.631528	58.946941	-93.204256
65.519293	20.435437	-99.761297	99.466460	-97.849316	-99.829548
-100.000000	85.224288	99.302643	55.785431	82.670429	-87.093950
-100.000000	100.000000	26.830213	89.619216	-21.833698	-99.487746
-100.000000	99.817245	-29.357079	99.945608	-57.438852	-99.924496
-100.000000	99.945032	9.495292	95.192327	-32.025086	-100.000000
-100.000000	34.123059	100.000000	-2.201613	96.520094	-48.573358
-100.000000	99.960208	85.348450	67.023890	43.260556	-100.000000
-100.000000	92.562669	98.207888	62.682895	76.282478	-92.123871
-100.000000	99.892703	59.221459	77.390840	12.789885	-99.947821
-99.997048	99.852082	-45.766760	100.000000	-67.981421	-99.824593
-67.592656	100.000000	-63.298775	99.987165	-79.564185	-99.950760
-100.000000	100.000000	-43.120057	99.566437	-66.322675	-100.000000
-45.958258	100.000000	-75.156281	99.917980	-86.789522	-100.000000
-100.000000	100.000000	-16.324182	99.884818	-48.867881	-100.000000
-100.000000	99.843429	22.797333	90.700070	-24.357597	-99.769827
-100.000000	99.978759	-5.734368	100.000000	-44.564308	-99.648869
-100.000000	99.989095	-12.508852	100.000000	-47.880967	-100.000000
100.000000	-100.000000	-40.953154	-84.277238	14.262724	99.591198
100.000000	-100.000000	-97.465053	-62.991964	-62.077044	92.958484
-100.000000	100.000000	32.774752	87.639789	-17.367535	-99.897280
-100.000000	100.000000	41.617182	84.112954	-10.087164	-100.000000
100.000000	-30.634482	-99.681344	9.861028	-99.707714	38.731022
-90.045797	99.845865	-51.593865	99.773961	-71.900293	-100.000000
-100.000000	63.297501	100.000000	31.680421	96.040414	-72.769353
-100.000000	99.945014	27.095244	90.029617	-21.723606	-99.809572
-4.242024	88.726316	-99.661129	99.833542	-100.000000	-99.830081
100.000000	-12.484773	-99.868835	67.225242	-99.733453	-32.522104
-96.721571	99.932032	-47.962867	99.987311	-69.151797	-100.000000
-100.000000	100.000000	-38.701762	100.000000	-63.355025	-100.000000
-47.882795	100.000000	-73.773353	99.871716	-85.983375	-100.000000
-100.000000	99.997078	14.512201	95.289106	-29.129382	-99.846113
-100.000000	63.009598	100.000000	32.204449	96.715434	-71.749729
-100.000000	100.000000	19.987578	92.561703	-26.232761	-99.793126
-100.000000	99.851516	68.381108	73.734894	22.500771	-100.000000
-100.000000	100.000000	15.138943	93.136320	-29.416470	-100.000000
100.000000	-99.917444	-9.505298	-96.954417	32.170788	99.655152
100.000000	-99.934343	-43.456667	-83.171328	9.931243	99.987764
-100.000000	100.000000	-46.063611	99.941290	-68.277985	-99.856600
-100.000000	99.854251	40.248777	83.651418	-10.912671	-99.330476
62.891886	26.743853	-100.000000	100.000000	-100.000000	-100.000000
47.286104	37.754584	-99.985300	100.000000	-100.000000	-100.000000
-100.000000	100.000000	73.140914	72.154297	29.598235	-99.688909
-100.000000	99.910456	-15.367025	99.885071	-50.499609	-100.000000
-100.000000	99.931803	28.846550	88.620692	-19.916056	-99.543629
-100.000000	99.923585	15.510766	94.048362	-29.763004	-99.771652
-100.000000	99.984319	6.846362	97.916441	-34.307992	-99.472752
-100.000000	99.813143	65.723899	75.300775	21.192927	-99.925914
-100.000000	100.000000	36.509110	85.397033	-14.749935	-99.921347
100.000000	-99.989542	-53.264091	-78.739272	-3.037872	100.000000
-100.000000	99.931508	7.862440	98.441016	-33.702105	-99.968016
-100.000000	36.882563	100.000000	4.535752	97.211981	-55.367744
-100.000000	100.000000	86.353788	66.077192	46.413438	-99.811318
-100.000000	100.000000	-46.032657	99.748835	-67.909406	-100.000000
-100.000000	99.976983	33.036048	87.561255	-18.189332	-100.000000
-100.000000	100.000000	31.041457	87.497866	-19.409494	-100.000000
-12.554673	95.292377	-93.514038	99.909107	-100.000000	-100.000000
-100.000000	99.956096	19.041148	93.626250	-27.181887	-100.000000
38.778955	49.454808	-99.522556	99.425772	-99.596852	-99.903029
-100.000000	99.952116	27.752256	89.289330	-21.035045	-99.920525
-100.000000	100.000000	-4.425119	99.827682	-45.609719	-99.988587
-28.574892	99.955009	-84.483569	99.873955	-92.793938	-100.000000
-100.000000	100.000000	-34.857740	99.853933	-60.614780	-99.900977
-100.000000	100.000000	29.249465	88.338211	-20.492815	-99.586819
-100.000000	91.439563	99.970013	61.166454	77.363160	-90.558119
-100.000000	100.000000	60.434374	76.849135	12.796214	-99.862968
-100.000000	100.000000	-15.170535	99.756437	-48.858055	-99.948394
-100.000000	100.000000	69.255735	73.207265	23.833537	-99.913940
-100.000000	99.913851	10.989888	95.633461	-32.162053	-99.840464
-100.000000	100.000000	32.979607	86.960998	-19.253899	-100.000000
88.972243	4.957077	-98.563057	99.936323	-100.000000	-85.723615
-100.000000	99.945955	-46.066779	99.703162	-68.135108	-99.795108
-100.000000	100.000000	60.428188	76.995530	16.039307	-99.876220
-100.000000	27.359995	99.812870	-19.297213	99.865369	-30.487421
-100.000000	99.976270	23.224273	91.402951	-24.603506	-99.487997
-100.000000	100.000000	11.554474	95.513628	-32.627011	-100.000000
-100.000000	89.001782	99.947413	61.559653	68.537052	-90.997038
100.000000	-58.773666	-99.634820	-27.439664	-99.242070	70.070092
-100.000000	99.889432	66.837990	74.183558	21.851919	-100.000000
-100.000000	100.000000	29.969010	88.275246	-20.707561	-99.827748
-100.000000	99.914041	63.302667	75.876464	17.504425	-99.968881
-100.000000	99.897460	6.702964	96.804503	-35.796033	-99.828990
100.000000	-66.795690	-99.850760	-35.910308	-94.970505	74.906403
-100.000000	99.973971	30.260683	88.452629	-19.321090	-99.722810
-100.000000	100.000000	79.041550	69.307618	38.311418	-100.000000
-100.000000	100.000000	74.181072	72.346697	32.498296	-100.000000
-100.000000	99.981585	65.554796	75.587702	20.595932	-99.936938
-100.000000	99.935875	-36.853077	99.967613	-62.775075	-100.000000
-100.000000	99.835164	82.597470	69.257799	40.450055	-100.000000
-100.000000	99.875048	-9.341227	99.800905	-46.069391	-99.872050
-100.000000	99.980397	3.631848	99.301284	-34.467473	-99.511671
-100.000000	100.000000	10.079957	95.921570	-30.253053	-100.000000
-100.000000	100.000000	32.881223	87.293791	-17.101442	-99.962350
55.420630	29.800021	-97.786438	100.000000	-99.758296	-99.746755
100.000000	-20.097669	-99.809227	47.064832	-99.925882	-4.763035
-100.000000	84.828983	100.000000	56.252944	83.049364	-87.383812
-100.000000	100.000000	-46.243489	100.000000	-67.486272	-100.000000
-100.000000	100.000000	29.059588	88.663969	-19.304661	-99.947980
-100.000000	99.995735	58.625040	77.589211	8.579820	-99.934815
-100.000000	99.996148	41.867952	83.509882	-11.150125	-99.979847
-100.000000	100.000000	44.813991	82.902364	-8.129355	-99.929258
-100.000000	92.666492	98.875059	61.622145	78.546646	-91.245014
-100.000000	100.000000	-35.242243	99.871968	-60.833858	-99.860005
-100.000000	99.965589	7.945551	96.830619	-35.436599	-99.925131
-100.000000	100.000000	81.816544	68.251294	42.272588	-100.000000
-100.000000	99.748066	25.273022	89.419441	-22.749254	-100.000000
-33.383459	99.905571	-77.755991	100.000000	-88.737829	-99.944281
-100.000000	100.000000	77.863950	70.935324	34.436776	-99.604813
-100.000000	99.815288	32.374375	87.077607	-19.244885	-99.914307
-100.000000	100.000000	41.417975	83.819781	-12.507635	-100.000000
-100.000000	100.000000	87.730400	66.172081	47.927075	-98.949952
-100.000000	99.942677	67.873367	73.841264	23.801735	-99.992984
-100.000000	99.996435	58.557916	77.407129	9.672505	-100.000000
-100.000000	100.000000	-46.737422	100.000000	-69.050911	-99.872025
-100.000000	99.922573	19.322189	92.955428	-26.717402	-99.500620
83.412344	9.942477	-100.000000	99.924095	-98.772449	-96.767132
-100.000000	100.000000	30.903804	87.889050	-20.017575	-99.465660
-100.000000	91.131177	99.079863	61.337151	79.363625	-91.196738
-100.000000	100.000000	43.515772	82.761741	-8.544932	-99.083361
-100.000000	100.000000	-22.995148	99.917279	-53.211290	-99.940438
-100.000000	69.287245	99.669612	38.322960	93.706532	-77.245424
-100.000000	100.000000	42.899609	83.916331	-8.426157	-100.000000
-100.000000	99.983141	54.419581	79.147975	-0.734796	-96.590452
56.271388	-99.847675	68.361083	-99.864982	82.456475	100.000000
-100.000000	99.863411	-9.927617	99.890103	-44.976392	-100.000000
-94.900353	100.000000	-47.961360	99.995723	-69.598207	-100.000000
-100.000000	80.279414	100.000000	49.006902	86.241063	-83.025125
-100.000000	99.994659	91.747214	65.548187	52.543194	-96.796162
-100.000000	100.000000	43.296186	83.138007	-6.009720	-99.002208
-100.000000	100.000000	16.091406	93.633863	-29.806270	-99.876052
-100.000000	100.000000	24.053887	90.731179	-24.175289	-99.815407
-100.000000	100.000000	74.216863	71.296197	32.015401	-99.914782
-100.000000	99.924701	32.932903	88.089735	-17.886484	-99.575463
-100.000000	99.909935	98.503541	61.641236	67.385459	-91.432796
-100.000000	100.000000	98.827128	60.709796	66.757408	-91.053878
-100.000000	100.000000	5.852535	97.585321	-31.849896	-99.961653
-100.000000	99.923176	5.243532	97.339145	-39.496190	-99.982559
100.000000	-11.322777	-98.256294	63.048048	-99.648529	-28.259029
74.393701	15.019316	-96.698065	100.000000	-100.000000	-99.952382
-100.000000	100.000000	45.916901	81.482742	-7.987896	-99.246905
-100.000000	100.000000	21.370113	91.935586	-24.748877	-99.890825
-100.000000	100.000000	-15.525485	99.770560	-48.967816	-99.833999
-100.000000	100.000000	50.067224	81.004351	-4.902418	-98.785071
-100.000000	99.906859	84.224604	67.725877	43.476820	-100.000000
-100.000000	100.000000	-40.856439	100.000000	-64.768968	-100.000000
-100.000000	100.000000	77.665495	69.530213	33.637684	-100.000000
-100.000000	99.771152	87.875537	66.033872	48.707425	-99.415897
-100.000000	99.946885	34.974532	86.428966	-15.822889	-100.000000
100.000000	-100.000000	-44.684804	-83.250489	9.676876	99.891657
-100.000000	100.000000	62.540241	75.825077	16.533418	-99.840678
-100.000000	99.781486	32.509935	86.952763	-19.486888	-99.935028
-100.000000	99.955371	65.043695	75.043828	19.323371	-99.945780
-100.000000	100.000000	81.339832	68.916038	40.405545	-99.927032
-100.000000	99.803074	90.983643	66.671995	50.351221	-98.116588
-100.000000	99.828049	-20.956931	99.858643	-51.845525	-99.963681
-69.279943	100.000000	-62.453876	99.771228	-78.693217	-99.932793
-100.000000	99.995300	15.091287	94.591955	-28.079207	-99.633165
50.287586	35.784682	-99.650470	100.000000	-100.000000	-100.000000
-100.000000	100.000000	29.809062	89.150722	-19.641802	-99.753485
-100.000000	100.000000	37.797756	85.562010	-15.866786	-100.000000
-100.000000	99.988369	5.265383	98.064422	-35.841552	-99.717330
-59.471444	99.980269	-68.073129	100.000000	-82.343135	-99.903575
-100.000000	99.762320	12.529268	95.587513	-31.006155	-99.532494
-100.000000	100.000000	-20.588931	100.000000	-52.451960	-99.847908
-100.000000	74.425803	99.992788	42.792716	89.903940	-79.241952
-92.004200	99.860262	-50.996026	100.000000	-71.915284	-99.947652
-100.000000	22.237927	99.493467	-29.195073	99.560452	-16.522183
-100.000000	100.000000	38.451823	85.198897	-15.971123	-99.997479
-100.000000	78.078406	100.000000	48.382466	85.796029	-82.614646
100.000000	-99.833941	-92.267268	-64.951217	-54.565945	97.063199
-100.000000	99.753658	28.917431	88.628534	-20.567313	-99.618279
-100.000000	100.000000	-10.657321	100.000000	-44.676928	-99.784490
-100.000000	100.000000	-11.946889	99.908977	-46.156690	-99.746105
-100.000000	100.000000	42.054391	84.237983	-10.645086	-98.848194
-100.000000	100.000000	98.925304	61.022668	68.689637	-90.993993
-100.000000	99.986009	2.932663	100.000000	-37.823407	-99.582112
-45.800536	100.000000	-75.476259	99.778814	-87.143340	-99.930769
-100.000000	99.944654	24.369951	90.099015	-22.781528	-100.000000
-100.000000	100.000000	-8.300659	99.785453	-43.710402	-100.000000
-100.000000	100.000000	42.651437	83.898336	-9.758538	-99.062688
-100.000000	99.966705	20.998683	92.154626	-25.369168	-99.976987
-100.000000	100.000000	27.148757	89.251760	-22.329588	-99.749833
-100.000000	100.000000	7.727289	96.018056	-33.303717	-100.000000
-100.000000	100.000000	80.592020	68.919040	38.458400	-100.000000
-100.000000	88.372099	99.983226	58.950441	80.384971	-89.214493
-100.000000	100.000000	91.250497	63.502620	51.852024	-96.341342
-100.000000	99.905267	42.178200	82.938876	-10.039886	-98.616068
-100.000000	100.000000	45.279611	82.449577	-7.037402	-99.418483
-87.745378	100.000000	-52.988242	100.000000	-71.993468	-100.000000
-100.000000	100.000000	-38.549382	99.906388	-63.190461	-99.860495
-100.000000	99.969826	-20.015432	99.826858	-52.137233	-99.894496
-100.000000	59.892921	99.031423	28.153833	98.476661	-70.302877
-100.000000	73.844644	100.000000	44.022203	90.253892	-80.118258
-100.000000	100.000000	27.911675	89.383273	-20.946208	-100.000000
100.000000	-16.353339	-99.786043	61.663255	-100.000000	-23.995746
95.926536	-3.733959	-97.602152	87.386220	-99.630547	-60.352874
-100.000000	99.842477	-10.673661	99.935121	-45.090459	-99.981674
-100.000000	99.948714	7.741641	95.037713	-32.481613	-99.845738
-100.000000	100.000000	13.343306	94.042645	-31.271986	-99.993459
-100.000000	99.946711	9.012101	96.685885	-32.186234	-99.937109
-100.000000	100.000000	15.494159	93.923459	-28.203079	-99.877401
-100.000000	99.928664	-37.004445	99.913711	-63.205252	-99.692628
-100.000000	99.966345	2.507411	100.000000	-36.750362	-99.178619
-100.000000	100.000000	66.871921	73.508308	21.557253	-99.908188
-99.517643	100.000000	-46.479098	99.883421	-68.043248	-99.754526
-100.000000	100.000000	61.776742	76.306454	16.513086	-100.000000
-100.000000	100.000000	64.995477	75.618210	19.098001	-99.779854
-100.000000	99.897168	68.198212	73.016809	24.545080	-99.579584
-100.000000	100.000000	99.924588	58.481496	68.566207	-89.219353
-100.000000	63.599720	99.966588	31.511281	96.521168	-72.045445
-100.000000	99.875143	-11.387746	99.628244	-45.487930	-100.000000
-100.000000	99.985378	81.325290	68.944243	39.701870	-99.581354
-100.000000	100.000000	22.302949	91.939321	-24.129109	-99.289357
-100.000000	100.000000	-25.462836	99.978183	-54.997036	-99.884708
-32.712172	100.000000	-80.538653	99.870378	-89.931643	-99.976544
-100.000000	99.946616	-23.013546	99.829925	-53.779764	-99.863133
-100.000000	88.618632	100.000000	59.038733	79.445186	-89.274137
-100.000000	100.000000	29.311135	89.497042	-19.102680	-99.658489
-100.000000	99.886179	-8.111317	100.000000	-43.714173	-100.000000
-100.000000	100.000000	24.172946	91.141241	-22.885690	-100.000000
-100.000000	100.000000	-12.863209	99.855768	-46.951556	-99.499873
-100.000000	100.000000	41.838685	83.847044	-9.182776	-100.000000
-100.000000	98.445339	96.783470	63.633747	74.128344	-93.203772
-100.000000	99.996482	73.044328	71.906453	28.122105	-99.984219
-64.364856	100.000000	-64.776574	99.769985	-80.282082	-100.000000
-100.000000	99.937350	75.420227	71.765271	33.124329	-99.976089
-100.000000	100.000000	-20.541390	99.793525	-51.355382	-99.938982
-100.000000	89.062671	98.950586	59.620630	79.289409	-90.085772
-100.000000	99.939301	40.386286	85.155871	-10.893805	-99.910301
-100.000000	100.000000	40.265957	84.222374	-14.392533	-99.991389
-100.000000	100.000000	61.406441	75.855316	9.482292	-99.893136
-100.000000	100.000000	38.533971	85.622116	-14.420806	-99.423538
-100.000000	99.968408	48.993245	81.099690	-4.063161	-98.942185
-100.000000	99.878525	37.780741	85.279187	-14.386191	-99.766189
-100.000000	99.908090	56.592756	78.230508	7.724147	-99.649302
-100.000000	99.945051	95.663156	63.548391	62.920035	-93.799048
-100.000000	99.891019	2.135816	98.687190	-37.655159	-99.916017
-100.000000	99.984782	-20.412688	100.000000	-51.576929	-99.886390
-100.000000	99.967167	62.081388	75.947037	15.265310	-99.931685
1.717494	74.772433	-95.456999	99.934408	-99.932117	-99.925945
-100.000000	99.948444	45.892634	82.364845	-4.565552	-100.000000
-100.000000	99.795600	54.658083	79.161211	0.741856	-100.000000
-100.000000	99.989606	97.642157	64.782279	66.172164	-93.639165
-100.000000	99.990940	67.259662	74.032959	22.257232	-99.675144
-100.000000	100.000000	93.789887	65.152097	58.728412	-95.452772
-100.000000	99.939712	49.595328	80.971396	-6.738341	-99.606888
-100.000000	51.861155	99.741020	20.748665	99.908479	-64.956871
-100.000000	100.000000	64.075212	75.106160	16.764236	-99.977265
-100.000000	100.000000	26.569018	89.498528	-21.929497	-100.000000
-100.000000	99.860589	-43.269446	100.000000	-66.290936	-99.945736
15.987777	67.944492	-99.925177	100.000000	-100.000000	-100.000000
-100.000000	99.925250	42.511929	83.537151	-9.422298	-99.978735
-100.000000	99.978113	-27.913639	100.000000	-56.697409	-99.898861
-100.000000	100.000000	8.662068	96.813598	-33.439248	-99.644425
-100.000000	99.940340	5.327341	94.616706	-35.380346	-99.723580
-100.000000	100.000000	30.393339	88.537453	-18.912960	-100.000000
-64.026586	100.000000	-65.507438	100.000000	-80.816431	-99.956185
-100.000000	99.980475	53.032675	79.312356	-5.410842	-97.546183
-100.000000	99.950109	60.807713	76.136832	14.372277	-99.905579
-100.000000	100.000000	3.671218	99.790537	-37.099870	-99.845956
-100.000000	100.000000	83.270829	67.719914	40.345799	-100.000000
-100.000000	100.000000	93.598640	64.014085	55.721704	-94.878144
28.546747	54.947795	-99.342952	99.936204	-100.000000	-99.958014
-100.000000	21.035560	98.965724	-38.507770	100.000000	-6.775243
-20.457252	99.991946	-87.633390	99.870469	-94.369055	-99.973629
-100.000000	100.000000	60.297214	76.744905	14.748397	-99.864994
-100.000000	99.937178	50.932857	80.612360	2.183629	-100.000000
-100.000000	99.907137	74.934099	70.917425	31.335738	-99.569544
-100.000000	99.941629	69.222204	73.351353	24.532788	-99.987125
-35.503093	99.968787	-80.451419	99.921515	-90.586316	-99.976623
-68.597772	100.000000	-62.282333	100.000000	-78.455380	-99.744208
-100.000000	20.505988	99.626811	-47.796389	99.885309	8.045298
-100.000000	99.926331	4.428612	98.373610	-37.778283	-99.625097
-100.000000	97.304414	100.000000	64.845774	76.074263	-93.032113
-70.065356	100.000000	-62.292396	100.000000	-78.971264	-100.000000
-100.000000	100.000000	-10.267604	99.768571	-44.342865	-99.820774
-100.000000	100.000000	85.922731	66.531822	45.181870	-99.958193
-100.000000	99.990787	62.991173	75.713505	19.249728	-99.963401
-100.000000	100.000000	64.738306	74.574277	19.139531	-99.546882
-100.000000	99.930271	63.907862	75.328143	18.137921	-100.000000
-100.000000	92.013960	100.000000	61.153797	78.770775	-90.760109
-100.000000	100.000000	66.108239	75.200949	20.170113	-99.693456
-100.000000	99.961745	-7.327066	100.000000	-45.017318	-99.776125
-45.441239	100.000000	-75.296545	100.000000	-86.964144	-100.000000
-100.000000	100.000000	95.904562	63.437420	68.122677	-93.867589
-100.000000	100.000000	25.052248	90.318151	-23.093299	-99.888546
-100.000000	82.406931	99.580207	52.757865	84.567256	-85.387887
-100.000000	100.000000	44.413947	82.242863	-9.738062	-99.580281
-100.000000	99.870019	32.613066	87.545298	-17.380567	-100.000000
-100.000000	65.994195	99.129827	35.363135	94.193800	-75.691899
-100.000000	99.955278	85.995725	67.160893	46.020138	-100.000000
-100.000000	100.000000	100.000000	59.886203	66.243649	-89.130046
-100.000000	100.000000	-7.851783	99.932406	-41.618153	-99.943985
-100.000000	100.000000	-13.481830	100.000000	-48.102928	-99.799545
-100.000000	100.000000	43.274271	83.641555	-12.600209	-99.979756
-100.000000	99.905594	-14.865199	100.000000	-48.577067	-99.989130
-100.000000	100.000000	52.918923	79.330186	2.940258	-95.984078
-100.000000	99.838732	8.016618	96.391690	-34.241975	-99.711820
-100.000000	54.652352	100.000000	22.888731	99.900925	-66.490593
-3.542559	79.344216	-97.368079	99.848449	-99.722739	-100.000000
-100.000000	100.000000	-6.344065	99.957517	-42.385530	-100.000000
-75.321589	100.000000	-59.255426	100.000000	-76.955263	-100.000000
-100.000000	100.000000	75.179241	70.877507	32.797774	-99.397180
-100.000000	99.894742	60.939631	76.606172	12.384543	-99.950152
-100.000000	100.000000	6.746174	99.313407	-34.609783	-99.923087
-100.000000	99.970039	27.393011	89.400610	-21.893305	-99.983936
-100.000000	100.000000	89.547456	64.796822	50.666144	-97.753981
-100.000000	100.000000	12.208292	96.179128	-30.446791	-99.986210
50.588631	38.359918	-99.035289	100.000000	-99.829087	-99.975475
-100.000000	99.911884	12.667179	94.744368	-31.263612	-100.000000
-100.000000	100.000000	-40.746087	99.887843	-65.285573	-99.903529
-100.000000	100.000000	22.685472	91.235510	-23.587004	-99.601874
-100.000000	100.000000	31.845238	87.777553	-18.093776	-100.000000
-100.000000	99.871942	-35.915757	99.899004	-62.264192	-100.000000
-93.800143	100.000000	-49.450806	99.978148	-70.526069	-99.988568
-100.000000	99.961470	97.636745	61.428101	64.137579	-91.763219
-100.000000	99.990869	42.668166	83.733266	-6.749333	-99.736661
-100.000000	99.879924	61.597631	76.310052	11.013486	-99.896837
-100.000000	100.000000	30.312624	88.891400	-18.372387	-100.000000
-24.858793	100.000000	-86.102133	99.850099	-93.862289	-100.000000
-100.000000	100.000000	-21.808225	99.813975	-52.376144	-100.000000
-100.000000	99.991407	62.345183	75.721082	15.659855	-99.763633
-100.000000	99.989393	85.245865	68.021030	44.736093	-99.660421
-100.000000	100.000000	52.712416	79.681394	6.249617	-99.363852
-100.000000	99.884332	-5.420837	99.936330	-40.527065	-99.576276
-100.000000	99.964132	30.231495	87.942276	-20.112083	-99.451788
14.347664	69.070212	-99.875760	100.000000	-99.877180	-99.947852
-100.000000	91.634050	99.801074	61.360446	79.854429	-90.794101
-100.000000	99.970053	84.487088	68.367961	44.326443	-100.000000
-100.000000	99.955426	15.858249	93.205622	-29.681043	-99.688738
71.325502	18.762842	-100.000000	99.111228	-100.000000	-100.000000
-100.000000	99.885318	45.448157	82.185980	-6.405962	-99.995551
-100.000000	99.894592	-0.282646	99.684797	-38.235070	-99.942933
-100.000000	71.840538	99.820976	40.827685	91.587252	-77.794223
-100.000000	31.073098	99.495572	-11.389434	100.000000	-39.312663
-100.000000	100.000000	84.851715	68.177510	44.343387	-100.000000
-100.000000	100.000000	47.340816	81.810095	-6.872347	-99.975829
-100.000000	99.890956	59.779917	77.215478	13.386347	-100.000000
-100.000000	99.831976	78.839762	69.419104	36.491971	-99.598557
-100.000000	100.000000	33.294626	86.684551	-19.436911	-100.000000
-100.000000	99.877854	-36.479432	99.974583	-62.055088	-100.000000
-100.000000	99.985687	-18.321845	100.000000	-50.702194	-99.921115
-100.000000	99.884370	97.579592	63.976676	62.488282	-93.089866
-100.000000	99.855848	84.336725	67.244712	43.517403	-99.612986
-100.000000	99.968074	77.859768	70.345509	36.301057	-100.000000
-100.000000	99.999577	20.978975	91.878356	-25.243053	-99.770171
17.174372	-100.000000	88.750241	-99.773837	95.250784	99.901311
-100.000000	100.000000	86.735928	66.336558	47.125523	-100.000000
-100.000000	99.767741	14.995587	94.091183	-29.114254	-100.000000
-100.000000	99.835350	-45.665494	100.000000	-67.905589	-99.856374
-100.000000	100.000000	14.559861	94.802781	-28.474457	-100.000000
-100.000000	52.679161	99.370888	20.678374	100.000000	-65.948122
-100.000000	99.894908	-12.447509	100.000000	-46.386869	-99.825081
100.000000	-100.000000	8.562185	-99.952820	45.846674	100.000000
-100.000000	99.913845	89.862158	65.452048	51.015470	-98.199968
-100.000000	99.948589	38.910661	85.390120	-13.177152	-99.397364
-100.000000	100.000000	64.986406	74.330166	20.815370	-99.893292
-100.000000	99.899026	65.900517	74.984379	20.124371	-99.951999
-100.000000	100.000000	22.481918	91.346651	-25.332445	-99.613160
-100.000000	99.856403	38.143420	85.556505	-14.524456	-99.921305
-100.000000	99.923024	58.748741	77.272092	11.639117	-99.873608
-100.000000	99.941880	5.213282	96.487894	-37.686687	-100.000000
-39.460171	99.866765	-78.645380	100.000000	-89.106114	-100.000000
-100.000000	100.000000	-46.545637	100.000000	-68.621280	-99.962528
-100.000000	99.948062	-7.140376	99.734833	-42.603162	-99.944047
-100.000000	66.494426	99.887927	34.980859	95.065394	-74.685770
-100.000000	99.952216	3.320152	99.807139	-33.682305	-99.936018
-100.000000	100.000000	-38.241942	100.000000	-63.392125	-99.915780
-100.000000	99.881741	14.256988	94.376383	-29.745836	-99.890910
-100.000000	100.000000	24.650161	90.374503	-24.690775	-100.000000
-100.000000	100.000000	86.358404	66.526008	46.720639	-99.679283
-100.000000	99.898339	-25.825402	100.000000	-56.242272	-99.963238
-33.573202	100.000000	-82.193638	99.616372	-91.536134	-99.874440
-100.000000	100.000000	6.020868	98.342250	-35.302001	-99.905307
-100.000000	99.992570	20.305336	91.924680	-25.220918	-99.965681
-100.000000	99.913425	69.028017	73.772621	24.705090	-100.000000
-100.000000	100.000000	63.846545	75.536822	17.096620	-99.952197
-100.000000	100.000000	84.999518	66.780465	44.709084	-99.954538
-100.000000	100.000000	-12.554829	100.000000	-47.282201	-99.811594
-100.000000	100.000000	-21.842029	100.000000	-52.362784	-100.000000
-100.000000	100.000000	-6.440885	99.820827	-42.984894	-100.000000
-100.000000	100.000000	59.805663	76.969599	13.236984	-99.910429
-100.000000	100.000000	11.294444	95.790160	-31.457843	-100.000000
-100.000000	100.000000	73.296362	72.350576	31.851600	-100.000000
-78.682212	99.911840	-58.345380	99.861006	-76.231832	-100.000000
-100.000000	100.000000	66.529934	74.203049	21.515104	-99.668377
-100.000000	99.942250	24.806419	90.546957	-22.962304	-99.700587
-100.000000	100.000000	-30.145515	99.795057	-58.358969	-100.000000
-100.000000	99.897891	93.040579	65.331577	55.716692	-96.490813
-100.000000	99.929591	70.816152	72.474489	26.194862	-99.835063
-100.000000	100.000000	1.311435	96.068519	-29.615586	-99.952379
-100.000000	99.982876	-44.822787	100.000000	-67.151444	-99.823964
-100.000000	100.000000	-21.715552	99.874099	-52.480360	-99.914596
-100.000000	100.000000	19.519926	91.699013	-25.947382	-98.975925
-100.000000	99.897717	88.792184	65.520600	49.067284	-98.346398
-100.000000	100.000000	-21.278748	99.858040	-52.425943	-99.845484
73.406892	16.649797	-99.704348	97.815731	-98.401437	-99.809232
-100.000000	99.996416	47.124125	81.266764	-1.792614	-99.948082
-100.000000	99.863855	-1.724253	99.667345	-42.450042	-99.903571
-100.000000	100.000000	97.839189	62.085076	62.404292	-92.273071
-100.000000	99.885255	66.322977	74.053225	20.845987	-99.330281
-100.000000	100.000000	61.796747	76.338100	14.751398	-99.989955
-100.000000	100.000000	42.114470	83.943555	-8.045154	-99.813075
46.802876	39.492597	-100.000000	99.745075	-99.409927	-99.747540
-100.000000	99.977812	5.491149	98.672551	-34.621356	-99.975232
-100.000000	99.988403	34.433438	86.810380	-17.528599	-99.322507
100.000000	-100.000000	-44.171523	-83.737009	10.559474	98.865341
-100.000000	38.393263	99.658906	11.674074	100.000000	-59.782801
-100.000000	100.000000	62.597546	76.369175	16.548273	-99.963116
-100.000000	99.962811	-26.253621	100.000000	-55.578455	-99.924445
-35.396327	100.000000	-77.041727	99.920052	-88.244520	-99.838842
100.000000	-99.952393	-27.473015	-89.241513	22.454126	99.830720
-100.000000	100.000000	31.946220	86.742434	-18.421042	-99.853929
-95.410603	99.936418	-49.049149	100.000000	-70.232811	-99.947818
-100.000000	99.807612	84.033101	66.869687	42.749557	-99.978679
-100.000000	30.581156	99.284020	-7.622484	100.000000	-43.539298
-100.000000	99.870413	62.128839	76.278089	10.882029	-100.000000
-100.000000	99.904956	-24.552907	99.885257	-54.142420	-99.972391
-100.000000	99.904763	-13.736370	99.940659	-48.054563	-100.000000
-100.000000	93.231197	99.873602	57.602935	66.016095	-88.627305
-100.000000	99.963590	94.714816	62.690042	54.678701	-93.556510
24.882312	57.300489	-99.982038	100.000000	-99.802697	-99.818086
-100.000000	99.944626	45.647071	81.859747	-6.102491	-98.720053
-100.000000	65.770572	99.698701	34.206900	94.899697	-73.727211
-100.000000	100.000000	93.995059	63.967562	58.914553	-94.765737
-100.000000	100.000000	37.257082	86.434752	-15.472912	-99.918257
-100.000000	20.964608	98.811764	-41.014209	99.876083	-7.346646
-100.000000	100.000000	45.058279	82.716217	-5.028335	-100.000000
-100.000000	100.000000	31.893620	88.096006	-19.032532	-100.000000
-100.000000	100.000000	77.851263	69.715628	36.248467	-99.741000
-100.000000	100.000000	-30.296588	99.946232	-58.867364	-100.000000
-100.000000	99.954435	-12.417015	100.000000	-45.606206	-99.850541
90.760293	2.895672	-98.651209	99.638727	-99.884405	-81.725907
-100.000000	100.000000	35.733950	86.880238	-15.908541	-99.033197
-100.000000	99.846404	60.836711	76.704009	14.460428	-99.915334
-100.000000	99.954841	-10.163988	99.956732	-46.436262	-99.761478
-100.000000	100.000000	82.095687	69.193889	41.087045	-99.757308
-100.000000	79.221611	99.713541	48.282120	86.909546	-83.001933
-100.000000	99.915058	7.230830	97.325193	-34.423637	-99.983738
-100.000000	99.834598	69.584633	74.204529	26.186746	-99.596021
-100.000000	99.933073	81.361427	68.648171	40.395543	-100.000000
-5.554953	90.804423	-95.126824	100.000000	-100.000000	-100.000000
-100.000000	80.496224	99.713058	49.469499	86.099542	-83.002868
-100.000000	100.000000	76.175385	69.727294	34.025327	-99.509339
-100.000000	99.988542	31.593970	88.416406	-17.898101	-100.000000
-100.000000	45.590190	99.761017	14.891001	100.000000	-62.272857
-100.000000	100.000000	-45.627490	100.000000	-67.530806	-99.982549
-100.000000	99.976542	93.221213	64.830752	56.758441	-95.785226
-100.000000	100.000000	0.569321	96.232835	-38.138835	-99.983572
-100.000000	99.988078	54.480792	79.368809	-0.368968	-99.960476
-100.000000	100.000000	31.412099	88.222752	-17.619264	-100.000000
-16.496721	99.274362	-89.103824	99.663377	-95.973229	-100.000000
-100.000000	100.000000	96.301871	64.125459	64.559220	-94.450206
-100.000000	99.720462	16.481666	93.895722	-28.706767	-99.277231
-59.542976	100.000000	-67.996357	99.871146	-82.293336	-100.000000
100.000000	-100.000000	-39.981228	-85.194904	11.591474	98.935221
-100.000000	74.550042	100.000000	42.194227	90.101708	-78.444573
-100.000000	99.971216	-16.064301	100.000000	-49.946391	-99.951360
-100.000000	99.965385	-22.433535	99.787816	-53.369844	-99.947559
-100.000000	99.963579	45.856561	82.121652	-2.782945	-100.000000
-100.000000	100.000000	8.040540	96.557721	-33.923953	-100.000000
-100.000000	99.922962	41.946511	84.313606	-10.430363	-99.948874
-100.000000	100.000000	53.492635	79.414733	4.523353	-99.876389
-100.000000	100.000000	-13.887736	99.781608	-47.763715	-100.000000
-100.000000	100.000000	49.601853	81.112781	4.963701	-100.000000
-91.471563	99.881879	-51.068924	100.000000	-71.210872	-100.000000
-100.000000	99.883357	-26.892723	99.998475	-56.795154	-100.000000
-100.000000	69.183501	99.914277	38.422728	91.596767	-76.294109
-100.000000	99.955654	35.067915	87.166483	-16.495144	-99.197126
-100.000000	99.979614	-30.078678	100.000000	-58.025841	-100.000000
-100.000000	99.945028	67.824828	73.454774	21.975574	-99.998554
-100.000000	100.000000	68.647010	73.214715	23.987756	-100.000000
-100.000000	100.000000	-9.536549	100.000000	-45.239801	-100.000000
38.647891	-99.767843	76.928873	-99.904852	88.121889	99.869450
-100.000000	100.000000	-3.788671	100.000000	-44.793352	-99.939383
81.513109	10.088624	-99.979664	100.000000	-99.807569	-98.486475
-100.000000	100.000000	15.916605	94.439930	-28.471853	-100.000000
-100.000000	70.630238	99.897397	41.530075	92.062658	-78.319504
-100.000000	99.992582	78.799758	69.732248	37.945327	-100.000000
-100.000000	100.000000	69.808186	72.984041	25.238490	-99.817762
-100.000000	100.000000	15.432900	93.351980	-28.390085	-99.863530
-100.000000	100.000000	-10.875009	100.000000	-44.605933	-99.683897
-100.000000	100.000000	59.800862	77.476958	12.100517	-100.000000
100.000000	-53.157860	-100.000000	-20.067968	-100.000000	64.709472
-100.000000	99.836468	14.982378	93.824795	-28.424167	-99.766048
-100.000000	99.933574	-0.621794	99.246178	-39.954294	-99.971454
44.068562	44.738897	-100.000000	99.678311	-99.937304	-99.985281
-100.000000	99.909964	-8.226685	99.652659	-43.755000	-99.772394
-100.000000	99.805019	-45.882112	100.000000	-68.305536	-99.986205
-62.636491	99.938463	-65.697199	99.943481	-80.979369	-99.706238
-49.263553	-37.463256	99.504623	-99.541671	99.532421	99.949767
-28.462070	99.938394	-84.791784	99.865145	-93.015869	-99.979902
-100.000000	99.872951	47.704122	81.637936	-2.832662	-100.000000
-100.000000	99.944153	41.071741	84.357448	-12.295522	-99.156945
-100.000000	99.992959	-12.835899	99.856938	-47.138667	-100.000000
-100.000000	100.000000	26.801061	89.589064	-21.920909	-99.578227
-100.000000	99.864744	100.000000	61.572836	66.505737	-90.455586
-100.000000	99.944396	7.840496	95.895273	-34.116731	-99.909133
-100.000000	55.600180	99.810952	23.578931	99.436927	-66.716099
-100.000000	100.000000	-34.157198	100.000000	-60.327116	-100.000000
-100.000000	99.968537	-16.316547	99.851026	-49.145344	-100.000000
-100.000000	100.000000	22.974021	91.820157	-24.639728	-99.955452
-100.000000	99.944826	70.124022	72.744313	27.506376	-99.949882
-100.000000	99.880018	9.513439	95.745216	-32.750162	-100.000000
-100.000000	100.000000	60.035921	76.598358	10.161252	-100.000000
-100.000000	100.000000	82.744531	68.811835	41.749917	-99.850190
-100.000000	100.000000	51.318083	80.364510	1.723191	-98.152675
-100.000000	99.894838	68.815330	73.021714	23.053480	-99.998354
-100.000000	100.000000	65.945094	74.856362	20.530011	-99.607333
100.000000	-24.771133	-99.985636	27.047735	-99.746397	19.153196
-100.000000	100.000000	7.741687	97.168258	-33.954374	-100.000000
-5.423424	89.616475	-96.029973	100.000000	-100.000000	-99.982377
-100.000000	87.349639	99.801404	56.618785	80.753761	-88.399844
-100.000000	99.991471	-16.663708	100.000000	-48.201551	-99.924543
-100.000000	99.929422	15.063907	93.267017	-29.928258	-99.666942
-100.000000	100.000000	5.803006	96.618500	-35.240264	-99.661182
-100.000000	99.862131	9.406684	96.772254	-33.843321	-100.000000
-100.000000	100.000000	-22.034484	99.900115	-53.434830	-100.000000
-100.000000	100.000000	9.381278	96.392050	-35.421623	-99.966992
-100.000000	100.000000	69.145427	74.004351	25.030473	-100.000000
-83.195092	100.000000	-55.058752	99.749719	-74.166445	-99.760401
-100.000000	100.000000	-26.669188	100.000000	-55.510287	-99.832669
-100.000000	100.000000	7.403228	98.610086	-33.690029	-99.836293
-100.000000	99.840753	35.511971	86.521777	-16.010774	-99.822169
-100.000000	99.875131	-8.521264	99.932048	-46.079746	-99.997917
-100.000000	100.000000	-8.451563	100.000000	-43.352007	-100.000000
-100.000000	100.000000	60.428483	76.504353	11.488538	-99.163460
-69.910437	99.996427	-61.930283	100.000000	-78.246387	-100.000000
-100.000000	100.000000	59.202316	76.932935	10.162352	-99.910254
-100.000000	100.000000	98.419087	64.002119	62.990637	-92.819018
-100.000000	100.000000	90.341802	65.150621	51.575891	-97.788293
-100.000000	68.527969	100.000000	38.493465	93.720885	-76.560914
-100.000000	99.922317	43.522078	83.382714	-10.660973	-99.296870
-100.000000	100.000000	25.588989	90.069760	-23.181321	-99.137179
-100.000000	84.954432	99.450513	56.393770	81.603801	-87.746858
-100.000000	100.000000	27.504336	88.911106	-21.389730	-100.000000
-100.000000	100.000000	29.478263	87.837167	-19.687449	-100.000000
-100.000000	99.849707	73.196865	71.080332	28.754127	-100.000000
-100.000000	99.948212	18.597312	92.754478	-27.264090	-100.000000
-100.000000	87.513011	99.992553	57.964730	80.443486	-89.055786
100.000000	-64.874232	-99.343529	-35.765648	-96.157333	75.068308
-100.000000	52.539657	99.924787	21.431043	99.976807	-65.758385
-100.000000	99.870641	8.132195	98.030077	-32.382742	-99.667504
-100.000000	99.904292	17.120373	93.679662	-28.054559	-99.995304
-100.000000	100.000000	95.771935	61.965595	63.968766	-93.395437
-100.000000	100.000000	40.522265	84.527616	-12.320745	-99.417830
-100.000000	99.976550	-39.977474	99.771252	-64.383695	-99.821206
-100.000000	50.456704	99.663579	17.972716	99.559494	-63.151003
71.936457	17.491008	-98.072738	100.000000	-95.634638	-99.909105
-100.000000	99.944340	34.482250	86.804972	-16.197056	-100.000000
-100.000000	99.989396	4.376212	99.939889	-36.831019	-99.733223
-83.658271	100.000000	-54.822435	100.000000	-73.664325	-99.959656
-100.000000	100.000000	6.596686	94.554788	-36.832774	-99.981163
-100.000000	100.000000	-20.772362	99.915638	-51.533301	-100.000000
-100.000000	100.000000	-29.234253	99.902201	-57.254542	-100.000000
-100.000000	100.000000	44.010967	83.197235	-7.029903	-98.638043
-100.000000	100.000000	-34.393919	99.684497	-60.483677	-99.755002
-100.000000	99.999980	42.311597	84.031217	-10.548238	-100.000000
100.000000	-20.321440	-99.418040	42.445011	-100.000000	-0.183160
-100.000000	100.000000	29.588102	88.674141	-19.478220	-100.000000
-100.000000	100.000000	-25.890075	99.812586	-55.152308	-99.980881
-100.000000	99.955916	25.884502	90.350667	-22.766971	-99.974116
-62.331948	99.986868	-66.531092	99.707948	-81.108685	-99.965099
-19.182560	100.000000	-88.585994	100.000000	-95.374645	-100.000000
-100.000000	100.000000	19.955344	91.564185	-25.122290	-100.000000
-100.000000	100.000000	-46.355082	100.000000	-68.552846	-100.000000
-100.000000	100.000000	16.239856	93.568795	-28.639855	-99.787868
-100.000000	100.000000	59.571825	76.776828	14.837251	-99.830133
-94.262780	99.965813	-49.050004	99.878084	-69.748147	-99.833696
100.000000	-20.059816	-100.000000	47.679908	-100.000000	1.986826
-100.000000	99.992183	-43.915320	99.979069	-67.365689	-99.595333
-100.000000	100.000000	74.212213	71.444366	30.482126	-100.000000
-100.000000	99.941809	22.046401	92.261323	-24.762232	-99.654373
-100.000000	81.657767	100.000000	51.503410	85.269857	-84.334703
-100.000000	100.000000	82.716299	67.906125	41.470567	-99.998383
-100.000000	100.000000	31.887734	87.320317	-18.653498	-99.878049
-100.000000	97.151599	99.927112	60.318618	72.725693	-90.489791
-100.000000	100.000000	61.237925	76.530531	12.075994	-99.866066
-100.000000	99.941299	81.760899	68.154061	39.475035	-100.000000
-100.000000	100.000000	-46.363169	99.895008	-68.291694	-99.790031
-100.000000	100.000000	41.017076	83.950704	-10.480233	-99.389360
-94.875516	100.000000	-49.060403	99.904249	-69.827981	-99.986434
-100.000000	99.917886	7.989683	97.454547	-35.281665	-100.000000
-100.000000	99.951626	0.818180	91.639416	-31.156436	-99.932843
-100.000000	99.999197	42.547774	83.351149	-8.062104	-98.786021
-72.728263	-17.526976	99.743792	-100.000000	98.789855	100.000000
-100.000000	99.967816	-9.549390	99.813034	-46.744141	-99.872141
-100.000000	99.886876	-12.511468	99.839202	-47.280996	-99.976531
-100.000000	100.000000	99.983082	59.163612	67.371103	-89.182491
-100.000000	100.000000	-36.530024	100.000000	-61.786671	-99.887324
