100.000000	35.658239	100.000000	100.000000	99.972758	-40.752711
100.000000	35.610966	100.000000	100.000000	100.000000	-40.757517
100.000000	35.583111	100.000000	100.000000	100.000000	-40.734027
100.000000	35.622689	100.000000	100.000000	99.987025	-40.726580
100.000000	35.568675	100.000000	100.000000	99.974129	-40.682996
100.000000	35.634318	100.000000	100.000000	99.980389	-40.738492
100.000000	35.626650	100.000000	100.000000	100.000000	-40.737858
100.000000	35.604562	100.000000	100.000000	99.971864	-40.720061
100.000000	35.694863	100.000000	100.000000	100.000000	-40.727255
100.000000	35.611310	100.000000	100.000000	100.000000	-40.732387
100.000000	35.572410	100.000000	100.000000	99.987161	-40.737047
100.000000	35.596234	100.000000	100.000000	100.000000	-40.764271
100.000000	35.615533	100.000000	100.000000	100.000000	-40.715061
100.000000	35.630582	100.000000	100.000000	99.983815	-40.752159
100.000000	35.627121	100.000000	100.000000	100.000000	-40.731609
100.000000	35.626125	100.000000	100.000000	99.935802	-40.740775
100.000000	35.587050	100.000000	100.000000	100.000000	-40.710476
100.000000	35.617277	100.000000	100.000000	99.973148	-40.709310
100.000000	35.616880	100.000000	100.000000	100.000000	-40.715279
100.000000	35.585694	100.000000	100.000000	100.000000	-40.764049
100.000000	35.596739	100.000000	100.000000	99.989124	-40.740169
100.000000	35.609838	100.000000	100.000000	99.986338	-40.717563
100.000000	35.621466	100.000000	100.000000	99.999783	-40.739526
100.000000	35.585250	100.000000	100.000000	99.995915	-40.718748
100.000000	35.556222	100.000000	100.000000	99.982966	-40.729498
100.000000	35.643688	100.000000	100.000000	99.967933	-40.733117
100.000000	35.627257	100.000000	100.000000	100.000000	-40.744730
100.000000	35.608443	100.000000	100.000000	100.000000	-40.737315
100.000000	35.641125	100.000000	100.000000	99.999069	-40.759221
100.000000	35.604901	100.000000	100.000000	99.996732	-40.749045
100.000000	35.632844	100.000000	100.000000	100.000000	-40.751608
100.000000	35.589946	100.000000	100.000000	100.000000	-40.734913
100.000000	35.555884	100.000000	100.000000	100.000000	-40.742290
100.000000	35.641713	100.000000	100.000000	100.000000	-40.737206
100.000000	35.633814	100.000000	100.000000	100.000000	-40.718882
100.000000	35.626945	100.000000	100.000000	99.983900	-40.784505
100.000000	35.632712	100.000000	100.000000	99.983200	-40.741882
100.000000	35.585569	100.000000	100.000000	99.988401	-40.743162
100.000000	35.665866	100.000000	100.000000	99.986425	-40.717388
100.000000	35.571694	100.000000	100.000000	100.000000	-40.750193
100.000000	35.649250	100.000000	100.000000	99.994709	-40.727377
100.000000	35.597591	100.000000	100.000000	99.994583	-40.754511
100.000000	35.600661	100.000000	100.000000	99.961346	-40.731845
100.000000	35.583390	100.000000	100.000000	99.988130	-40.763686
100.000000	35.637239	100.000000	100.000000	100.000000	-40.741093
100.000000	35.637483	100.000000	100.000000	99.984298	-40.766761
100.000000	35.575070	100.000000	100.000000	100.000000	-40.724715
100.000000	35.607913	100.000000	100.000000	99.992423	-40.724841
100.000000	35.616510	100.000000	100.000000	99.974981	-40.738575
100.000000	35.642938	100.000000	100.000000	100.000000	-40.741429
100.000000	35.641977	100.000000	100.000000	100.000000	-40.746001
100.000000	35.633932	100.000000	100.000000	100.000000	-40.755577
100.000000	35.668490	100.000000	100.000000	100.000000	-40.775436
100.000000	35.642305	100.000000	100.000000	99.994605	-40.712243
100.000000	35.595853	100.000000	100.000000	99.993180	-40.710744
100.000000	35.621909	100.000000	100.000000	99.997971	-40.699636
100.000000	35.599525	100.000000	100.000000	99.981763	-40.735564
100.000000	35.640407	100.000000	100.000000	99.992003	-40.751489
100.000000	35.630293	100.000000	100.000000	99.999812	-40.736629
100.000000	35.650664	100.000000	100.000000	99.997222	-40.735451
100.000000	35.621996	100.000000	100.000000	99.998603	-40.748294
100.000000	35.622667	100.000000	100.000000	100.000000	-40.777911
100.000000	35.656562	100.000000	100.000000	99.998899	-40.725320
100.000000	35.641456	100.000000	100.000000	100.000000	-40.733497
100.000000	35.674304	100.000000	100.000000	99.992165	-40.729593
100.000000	35.639443	100.000000	100.000000	100.000000	-40.735912
100.000000	35.651943	100.000000	100.000000	100.000000	-40.701176
100.000000	35.679409	100.000000	100.000000	100.000000	-40.755063
100.000000	35.633040	100.000000	100.000000	99.993099	-40.722819
100.000000	35.618353	100.000000	100.000000	99.992916	-40.742451
100.000000	35.647498	100.000000	100.000000	99.974267	-40.737733
100.000000	35.687702	100.000000	100.000000	99.975150	-40.731762
100.000000	35.626068	100.000000	100.000000	99.991819	-40.744591
100.000000	35.557856	100.000000	100.000000	99.999531	-40.744349
100.000000	35.660614	100.000000	100.000000	99.985849	-40.755871
100.000000	35.609280	100.000000	100.000000	99.980714	-40.743615
100.000000	35.655181	100.000000	100.000000	100.000000	-40.703790
100.000000	35.638275	100.000000	100.000000	99.982172	-40.708982
100.000000	35.629822	100.000000	100.000000	100.000000	-40.723229
100.000000	35.647303	100.000000	100.000000	100.000000	-40.724191
100.000000	35.676944	100.000000	100.000000	99.988081	-40.741283
100.000000	35.623366	100.000000	100.000000	99.987644	-40.738592
100.000000	35.622280	100.000000	100.000000	99.999563	-40.707506
100.000000	35.629279	100.000000	100.000000	100.000000	-40.756696
100.000000	35.605522	100.000000	100.000000	99.988273	-40.716421
100.000000	35.647034	100.000000	100.000000	99.989995	-40.733210
100.000000	35.646610	100.000000	100.000000	100.000000	-40.725389
100.000000	35.673178	100.000000	100.000000	99.993385	-40.718891
100.000000	35.625133	100.000000	100.000000	100.000000	-40.704728
100.000000	35.631918	100.000000	100.000000	99.976634	-40.758104
100.000000	35.599287	100.000000	100.000000	100.000000	-40.770029
100.000000	35.636983	100.000000	100.000000	99.991240	-40.715908
100.000000	35.638732	100.000000	100.000000	100.000000	-40.752188
100.000000	35.634377	100.000000	100.000000	100.000000	-40.690100
100.000000	35.687197	100.000000	100.000000	100.000000	-40.752944
100.000000	35.579353	100.000000	100.000000	100.000000	-40.725605
100.000000	35.594899	100.000000	100.000000	100.000000	-40.716684
100.000000	35.633190	100.000000	100.000000	100.000000	-40.724087
100.000000	35.624974	100.000000	100.000000	99.996634	-40.797364
100.000000	35.603281	100.000000	100.000000	99.986798	-40.766576
100.000000	35.614378	100.000000	100.000000	99.964997	-40.715207
100.000000	35.614744	100.000000	100.000000	100.000000	-40.751648
100.000000	35.628543	100.000000	100.000000	99.980114	-40.738555
100.000000	35.599298	100.000000	100.000000	99.995849	-40.712163
100.000000	35.613925	100.000000	100.000000	100.000000	-40.752432
100.000000	35.593641	100.000000	100.000000	100.000000	-40.729976
100.000000	35.667923	100.000000	100.000000	99.957534	-40.718751
100.000000	35.614219	100.000000	100.000000	100.000000	-40.746594
100.000000	35.664827	100.000000	100.000000	100.000000	-40.773834
100.000000	35.635098	100.000000	100.000000	99.970703	-40.702455
100.000000	35.624444	100.000000	100.000000	100.000000	-40.714259
100.000000	35.641437	100.000000	100.000000	100.000000	-40.710590
100.000000	35.630788	100.000000	100.000000	99.995127	-40.728195
100.000000	35.648165	100.000000	100.000000	99.978834	-40.743286
100.000000	35.601330	100.000000	100.000000	100.000000	-40.760333
100.000000	35.549918	100.000000	100.000000	100.000000	-40.760686
100.000000	35.658806	100.000000	100.000000	100.000000	-40.721219
100.000000	35.654144	100.000000	100.000000	99.972884	-40.747409
100.000000	35.605757	100.000000	100.000000	99.984379	-40.704856
100.000000	35.643990	100.000000	100.000000	99.983424	-40.659625
100.000000	35.618075	100.000000	100.000000	100.000000	-40.721713
100.000000	35.655498	100.000000	100.000000	100.000000	-40.730389
100.000000	35.596333	100.000000	100.000000	99.991869	-40.737033
100.000000	35.649263	100.000000	100.000000	99.986462	-40.756606
100.000000	35.626517	100.000000	100.000000	100.000000	-40.759238
100.000000	35.652867	100.000000	100.000000	100.000000	-40.721491
100.000000	35.629712	100.000000	100.000000	99.996822	-40.757098
100.000000	35.627149	100.000000	100.000000	99.986097	-40.718505
100.000000	35.634361	100.000000	100.000000	100.000000	-40.742573
100.000000	35.627939	100.000000	100.000000	99.979271	-40.708432
100.000000	35.586670	100.000000	100.000000	100.000000	-40.699096
100.000000	35.637887	100.000000	100.000000	99.987631	-40.741814
100.000000	35.599473	100.000000	100.000000	100.000000	-40.752904
100.000000	35.651557	100.000000	100.000000	99.989255	-40.736921
100.000000	35.637248	100.000000	100.000000	100.000000	-40.749083
100.000000	35.611891	100.000000	100.000000	100.000000	-40.722006
100.000000	35.652534	100.000000	100.000000	99.990030	-40.748239
100.000000	35.639602	100.000000	100.000000	99.996601	-40.742319
100.000000	35.632975	100.000000	100.000000	100.000000	-40.735605
100.000000	35.615121	100.000000	100.000000	100.000000	-40.733088
100.000000	35.609288	100.000000	100.000000	100.000000	-40.738282
100.000000	35.612913	100.000000	100.000000	99.997970	-40.734213
100.000000	35.629405	100.000000	100.000000	99.958884	-40.753319
100.000000	35.640867	100.000000	100.000000	99.987746	-40.712498
100.000000	35.660724	100.000000	100.000000	99.982257	-40.757023
100.000000	35.600987	100.000000	100.000000	100.000000	-40.762832
100.000000	35.607573	100.000000	100.000000	99.954138	-40.716165
100.000000	35.617193	100.000000	100.000000	99.982112	-40.731124
100.000000	35.652860	100.000000	100.000000	100.000000	-40.743797
100.000000	35.636954	100.000000	100.000000	99.999044	-40.703676
100.000000	35.647990	100.000000	100.000000	100.000000	-40.718276
100.000000	35.654753	100.000000	100.000000	100.000000	-40.727166
100.000000	35.619683	100.000000	100.000000	100.000000	-40.744415
100.000000	35.639786	100.000000	100.000000	100.000000	-40.703501
100.000000	35.611977	100.000000	100.000000	99.996991	-40.737231
100.000000	35.639623	100.000000	100.000000	99.998044	-40.741641
100.000000	35.619405	100.000000	100.000000	99.993173	-40.766362
100.000000	35.613155	100.000000	100.000000	99.970423	-40.765501
100.000000	35.630322	100.000000	100.000000	100.000000	-40.719090
100.000000	35.628041	100.000000	100.000000	100.000000	-40.730957
100.000000	35.605386	100.000000	100.000000	99.981015	-40.712527
100.000000	35.590437	100.000000	100.000000	99.990747	-40.766534
100.000000	35.599164	100.000000	100.000000	100.000000	-40.766703
100.000000	35.619061	100.000000	100.000000	99.982163	-40.722826
100.000000	35.597807	100.000000	100.000000	99.974149	-40.721001
100.000000	35.573578	100.000000	100.000000	99.979378	-40.690272
100.000000	35.607371	100.000000	100.000000	99.980157	-40.784065
100.000000	35.669154	100.000000	100.000000	100.000000	-40.738297
100.000000	35.617468	100.000000	100.000000	100.000000	-40.739188
100.000000	35.646297	100.000000	100.000000	99.981353	-40.744791
100.000000	35.636121	100.000000	100.000000	99.993150	-40.713257
100.000000	35.603426	100.000000	100.000000	100.000000	-40.712335
100.000000	35.657077	100.000000	100.000000	99.983765	-40.728474
100.000000	35.669092	100.000000	100.000000	100.000000	-40.721637
100.000000	35.588945	100.000000	100.000000	100.000000	-40.721509
100.000000	35.594532	100.000000	100.000000	99.990764	-40.747402
100.000000	35.694312	100.000000	100.000000	100.000000	-40.720177
100.000000	35.649847	100.000000	100.000000	99.977435	-40.717935
100.000000	35.618486	100.000000	100.000000	99.996148	-40.741277
100.000000	35.662741	100.000000	100.000000	99.972656	-40.734488
100.000000	35.667612	100.000000	100.000000	99.994792	-40.762409
100.000000	35.601668	100.000000	100.000000	99.950057	-40.703910
100.000000	35.616525	100.000000	100.000000	99.988520	-40.710192
100.000000	35.648845	100.000000	100.000000	99.979173	-40.725505
100.000000	35.626417	100.000000	100.000000	99.998939	-40.705450
100.000000	35.643552	100.000000	100.000000	99.986622	-40.711053
100.000000	35.611178	100.000000	100.000000	100.000000	-40.752873
100.000000	35.665761	100.000000	100.000000	99.989213	-40.724716
100.000000	35.630189	100.000000	100.000000	99.983334	-40.727810
100.000000	35.629252	100.000000	100.000000	100.000000	-40.732765
100.000000	35.652306	100.000000	100.000000	99.953083	-40.707732
100.000000	35.625143	100.000000	100.000000	99.967863	-40.787884
100.000000	35.629785	100.000000	100.000000	99.985591	-40.711876
100.000000	35.641301	100.000000	100.000000	100.000000	-40.728949
100.000000	35.634058	100.000000	100.000000	100.000000	-40.753613
100.000000	35.622437	100.000000	100.000000	100.000000	-40.728015
100.000000	35.633980	100.000000	100.000000	100.000000	-40.702131
100.000000	35.631774	100.000000	100.000000	100.000000	-40.708938
100.000000	35.623675	100.000000	100.000000	99.994416	-40.759931
100.000000	35.608573	100.000000	100.000000	99.996609	-40.745427
100.000000	35.625070	100.000000	100.000000	99.996729	-40.735020
100.000000	35.611643	100.000000	100.000000	99.991507	-40.751224
100.000000	35.623343	100.000000	100.000000	99.997225	-40.728165
100.000000	35.620778	100.000000	100.000000	99.970317	-40.762825
100.000000	35.619848	100.000000	100.000000	100.000000	-40.746125
100.000000	35.623680	100.000000	100.000000	100.000000	-40.725949
100.000000	35.627382	100.000000	100.000000	99.996509	-40.741237
100.000000	35.626310	100.000000	100.000000	99.973482	-40.733552
100.000000	35.630876	100.000000	100.000000	100.000000	-40.760462
100.000000	35.624998	100.000000	100.000000	99.998593	-40.730677
100.000000	35.656062	100.000000	100.000000	99.982330	-40.720394
100.000000	35.642096	100.000000	100.000000	100.000000	-40.749032
100.000000	35.555897	100.000000	100.000000	99.974284	-40.743926
100.000000	35.649491	100.000000	100.000000	99.981253	-40.743375
100.000000	35.629454	100.000000	100.000000	99.988642	-40.725328
100.000000	35.646316	100.000000	100.000000	100.000000	-40.741959
100.000000	35.638250	100.000000	100.000000	100.000000	-40.718812
100.000000	35.608926	100.000000	100.000000	99.991335	-40.730517
100.000000	35.616489	100.000000	100.000000	99.993309	-40.738910
100.000000	35.664930	100.000000	100.000000	99.995814	-40.768317
100.000000	35.601514	100.000000	100.000000	99.989891	-40.732766
100.000000	35.624385	100.000000	100.000000	99.993460	-40.742740
100.000000	35.631416	100.000000	100.000000	99.982081	-40.724301
100.000000	35.628846	100.000000	100.000000	99.990122	-40.731054
100.000000	35.635823	100.000000	100.000000	99.981573	-40.763256
100.000000	35.616667	100.000000	100.000000	99.977131	-40.750957
100.000000	35.636287	100.000000	100.000000	99.988795	-40.796394
100.000000	35.623130	100.000000	100.000000	99.999273	-40.732165
100.000000	35.627742	100.000000	100.000000	100.000000	-40.744695
100.000000	35.617021	100.000000	100.000000	99.985201	-40.699583
100.000000	35.663394	100.000000	100.000000	100.000000	-40.756086
100.000000	35.624660	100.000000	100.000000	99.982743	-40.705418
100.000000	35.625344	100.000000	100.000000	99.992764	-40.723551
100.000000	35.624716	100.000000	100.000000	100.000000	-40.690434
100.000000	35.632711	100.000000	100.000000	99.978437	-40.731591
100.000000	35.654945	100.000000	100.000000	99.970315	-40.752669
100.000000	35.621077	100.000000	100.000000	99.995087	-40.741650
100.000000	35.636265	100.000000	100.000000	99.994788	-40.735439
100.000000	35.632493	100.000000	100.000000	99.998922	-40.701397
100.000000	35.567252	100.000000	100.000000	100.000000	-40.741758
100.000000	35.640627	100.000000	100.000000	99.987036	-40.748886
100.000000	35.620464	100.000000	100.000000	100.000000	-40.733152
100.000000	35.573335	100.000000	100.000000	100.000000	-40.701766
100.000000	35.595640	100.000000	100.000000	99.988191	-40.763117
100.000000	35.646251	100.000000	100.000000	99.982961	-40.718448
100.000000	35.578186	100.000000	100.000000	99.999374	-40.732381
100.000000	35.608488	100.000000	100.000000	99.993122	-40.729799
100.000000	35.629787	100.000000	100.000000	100.000000	-40.702372
100.000000	35.652666	100.000000	100.000000	99.986903	-40.720483
100.000000	35.623018	100.000000	100.000000	99.997888	-40.694891
100.000000	35.645326	100.000000	100.000000	99.986203	-40.731443
100.000000	35.655282	100.000000	100.000000	100.000000	-40.736852
100.000000	35.582543	100.000000	100.000000	100.000000	-40.702294
100.000000	35.622208	100.000000	100.000000	100.000000	-40.717861
100.000000	35.613924	100.000000	100.000000	100.000000	-40.758056
100.000000	35.607630	100.000000	100.000000	100.000000	-40.692325
100.000000	35.663311	100.000000	100.000000	99.997755	-40.747043
100.000000	35.651251	100.000000	100.000000	99.954568	-40.726444
100.000000	35.629557	100.000000	100.000000	99.973787	-40.729264
100.000000	35.634002	100.000000	100.000000	100.000000	-40.725436
100.000000	35.631979	100.000000	100.000000	100.000000	-40.723439
100.000000	35.635855	100.000000	100.000000	99.986208	-40.713696
100.000000	35.635509	100.000000	100.000000	99.989333	-40.716857
100.000000	35.601282	100.000000	100.000000	100.000000	-40.755761
100.000000	35.605978	100.000000	100.000000	99.972536	-40.730673
100.000000	35.584328	100.000000	100.000000	99.962832	-40.703978
100.000000	35.666235	100.000000	100.000000	99.998748	-40.748971
100.000000	35.636858	100.000000	100.000000	99.997833	-40.727440
100.000000	35.656571	100.000000	100.000000	100.000000	-40.732726
100.000000	35.626976	100.000000	100.000000	100.000000	-40.729477
100.000000	35.606098	100.000000	100.000000	100.000000	-40.719928
100.000000	35.594727	100.000000	100.000000	100.000000	-40.726097
100.000000	35.650475	100.000000	100.000000	100.000000	-40.743180
100.000000	35.635639	100.000000	100.000000	99.992159	-40.708437
100.000000	35.583013	100.000000	100.000000	99.926407	-40.728222
100.000000	35.610475	100.000000	100.000000	99.989123	-40.720518
100.000000	35.577177	100.000000	100.000000	100.000000	-40.760335
100.000000	35.620948	100.000000	100.000000	99.961826	-40.692711
100.000000	35.638461	100.000000	100.000000	99.985803	-40.717053
100.000000	35.619372	100.000000	100.000000	100.000000	-40.748213
100.000000	35.604820	100.000000	100.000000	99.982982	-40.737728
100.000000	35.627949	100.000000	100.000000	99.999677	-40.742667
100.000000	35.575652	100.000000	100.000000	99.991052	-40.748952
100.000000	35.638167	100.000000	100.000000	100.000000	-40.760849
100.000000	35.633736	100.000000	100.000000	99.954465	-40.751216
100.000000	35.599902	100.000000	100.000000	99.988702	-40.736953
100.000000	35.627898	100.000000	100.000000	100.000000	-40.730211
100.000000	35.600071	100.000000	100.000000	99.999085	-40.746498
100.000000	35.637901	100.000000	100.000000	99.992099	-40.688433
100.000000	35.559904	100.000000	100.000000	100.000000	-40.709112
100.000000	35.641167	100.000000	100.000000	99.980894	-40.728303
100.000000	35.642479	100.000000	100.000000	100.000000	-40.751795
100.000000	35.596738	100.000000	100.000000	99.996496	-40.733077
100.000000	35.612302	100.000000	100.000000	99.982251	-40.721444
100.000000	35.649082	100.000000	100.000000	99.995669	-40.741905
100.000000	35.593620	100.000000	100.000000	99.990166	-40.713069
100.000000	35.622669	100.000000	100.000000	99.996896	-40.724373
100.000000	35.613749	100.000000	100.000000	99.986348	-40.738670
100.000000	35.653017	100.000000	100.000000	99.987270	-40.739626
100.000000	35.600216	100.000000	100.000000	99.985087	-40.713095
100.000000	35.656055	100.000000	100.000000	99.961825	-40.749170
100.000000	35.646424	100.000000	100.000000	99.984289	-40.754205
100.000000	35.617513	100.000000	100.000000	99.970835	-40.722663
100.000000	35.603753	100.000000	100.000000	99.983756	-40.739209
100.000000	35.647056	100.000000	100.000000	99.983113	-40.740198
100.000000	35.584078	100.000000	100.000000	99.998822	-40.752782
100.000000	35.663633	100.000000	100.000000	100.000000	-40.773844
100.000000	35.622217	100.000000	100.000000	100.000000	-40.688655
100.000000	35.673801	100.000000	100.000000	100.000000	-40.721238
100.000000	35.604458	100.000000	100.000000	99.979337	-40.751048
100.000000	35.655565	100.000000	100.000000	100.000000	-40.722056
100.000000	35.595210	100.000000	100.000000	99.987691	-40.716595
100.000000	35.632745	100.000000	100.000000	99.991347	-40.708975
100.000000	35.629067	100.000000	100.000000	99.983910	-40.737477
100.000000	35.617107	100.000000	100.000000	99.967314	-40.728298
100.000000	35.582860	100.000000	100.000000	100.000000	-40.727852
100.000000	35.609504	100.000000	100.000000	99.960589	-40.728367
100.000000	35.643817	100.000000	100.000000	99.961430	-40.726952
100.000000	35.604624	100.000000	100.000000	99.985299	-40.753005
100.000000	35.626345	100.000000	100.000000	99.993259	-40.744107
100.000000	35.649044	100.000000	100.000000	99.984420	-40.694353
100.000000	35.658930	100.000000	100.000000	99.997651	-40.710702
100.000000	35.648906	100.000000	100.000000	99.978986	-40.733561
100.000000	35.633212	100.000000	100.000000	100.000000	-40.758862
100.000000	35.645234	100.000000	100.000000	99.987827	-40.748202
100.000000	35.561994	100.000000	100.000000	99.974668	-40.752349
100.000000	35.687537	100.000000	100.000000	99.971530	-40.726503
100.000000	35.671447	100.000000	100.000000	99.998970	-40.697804
100.000000	35.593574	100.000000	100.000000	100.000000	-40.769189
100.000000	35.640880	100.000000	100.000000	100.000000	-40.734970
100.000000	35.603612	100.000000	100.000000	100.000000	-40.741553
100.000000	35.607587	100.000000	100.000000	99.974620	-40.734277
100.000000	35.617486	100.000000	100.000000	99.969144	-40.794733
100.000000	35.600216	100.000000	100.000000	100.000000	-40.744586
100.000000	35.604448	100.000000	100.000000	99.959423	-40.744242
100.000000	35.634024	100.000000	100.000000	99.984061	-40.742708
100.000000	35.576362	100.000000	100.000000	100.000000	-40.767200
100.000000	35.648028	100.000000	100.000000	100.000000	-40.714510
100.000000	35.591113	100.000000	100.000000	100.000000	-40.743595
100.000000	35.586210	100.000000	100.000000	99.996121	-40.749682
100.000000	35.674541	100.000000	100.000000	100.000000	-40.718288
100.000000	35.621593	100.000000	100.000000	100.000000	-40.712430
100.000000	35.658692	100.000000	100.000000	99.979136	-40.688630
100.000000	35.650130	100.000000	100.000000	99.994350	-40.737095
100.000000	35.654024	100.000000	100.000000	100.000000	-40.709648
100.000000	35.622621	100.000000	100.000000	99.994819	-40.733386
100.000000	35.614025	100.000000	100.000000	100.000000	-40.734091
100.000000	35.677135	100.000000	100.000000	100.000000	-40.761381
100.000000	35.659684	100.000000	100.000000	100.000000	-40.729074
100.000000	35.597758	100.000000	100.000000	99.991908	-40.729655
100.000000	35.662111	100.000000	100.000000	99.992311	-40.754757
100.000000	35.618869	100.000000	100.000000	99.986812	-40.738188
100.000000	35.633848	100.000000	100.000000	100.000000	-40.726139
100.000000	35.624511	100.000000	100.000000	100.000000	-40.743395
100.000000	35.614479	100.000000	100.000000	99.997246	-40.772210
100.000000	35.636990	100.000000	100.000000	99.964945	-40.718198
100.000000	35.620558	100.000000	100.000000	99.993341	-40.750718
100.000000	35.587031	100.000000	100.000000	99.988110	-40.729272
100.000000	35.654687	100.000000	100.000000	99.988002	-40.736295
100.000000	35.607602	100.000000	100.000000	99.965892	-40.717321
100.000000	35.598357	100.000000	100.000000	100.000000	-40.725311
100.000000	35.599692	100.000000	100.000000	100.000000	-40.711953
100.000000	35.652641	100.000000	100.000000	99.989914	-40.721149
100.000000	35.646893	100.000000	100.000000	99.999716	-40.748720
100.000000	35.636917	100.000000	100.000000	100.000000	-40.761048
100.000000	35.620732	100.000000	100.000000	100.000000	-40.723502
100.000000	35.611991	100.000000	100.000000	100.000000	-40.719641
100.000000	35.633661	100.000000	100.000000	99.982821	-40.734614
100.000000	35.657388	100.000000	100.000000	100.000000	-40.742906
100.000000	35.652197	100.000000	100.000000	99.996627	-40.732176
100.000000	35.602427	100.000000	100.000000	99.979224	-40.733216
100.000000	35.617256	100.000000	100.000000	99.992482	-40.716514
100.000000	35.642600	100.000000	100.000000	99.992920	-40.738931
100.000000	35.593447	100.000000	100.000000	99.990321	-40.762721
100.000000	35.617390	100.000000	100.000000	99.955746	-40.726643
100.000000	35.571786	100.000000	100.000000	99.985978	-40.750777
100.000000	35.627419	100.000000	100.000000	99.983853	-40.768338
100.000000	35.636743	100.000000	100.000000	100.000000	-40.727971
100.000000	35.638894	100.000000	100.000000	99.978528	-40.728773
100.000000	35.632159	100.000000	100.000000	100.000000	-40.726695
100.000000	35.625779	100.000000	100.000000	99.998791	-40.749730
100.000000	35.622175	100.000000	100.000000	100.000000	-40.732091
100.000000	35.600055	100.000000	100.000000	100.000000	-40.734329
100.000000	35.648617	100.000000	100.000000	99.982048	-40.729909
100.000000	35.611570	100.000000	100.000000	99.997692	-40.730123
100.000000	35.642357	100.000000	100.000000	100.000000	-40.749329
100.000000	35.612137	100.000000	100.000000	99.977890	-40.745233
100.000000	35.649455	100.000000	100.000000	99.985977	-40.771893
100.000000	35.636482	100.000000	100.000000	100.000000	-40.720448
100.000000	35.598691	100.000000	100.000000	99.989509	-40.749158
100.000000	35.603869	100.000000	100.000000	99.991461	-40.690812
100.000000	35.621250	100.000000	100.000000	99.976152	-40.761804
100.000000	35.657851	100.000000	100.000000	99.989645	-40.732000
100.000000	35.585676	100.000000	100.000000	99.995403	-40.733629
100.000000	35.609907	100.000000	100.000000	100.000000	-40.742912
100.000000	35.593094	100.000000	100.000000	99.993402	-40.738344
100.000000	35.611047	100.000000	100.000000	100.000000	-40.725870
100.000000	35.617893	100.000000	100.000000	100.000000	-40.729307
100.000000	35.639168	100.000000	100.000000	99.984643	-40.742596
100.000000	35.667422	100.000000	100.000000	100.000000	-40.765772
100.000000	35.620095	100.000000	100.000000	99.991462	-40.723229
100.000000	35.638842	100.000000	100.000000	99.980122	-40.754856
100.000000	35.632693	100.000000	100.000000	99.995100	-40.778412
100.000000	35.593946	100.000000	100.000000	99.977478	-40.743211
100.000000	35.598722	100.000000	100.000000	99.975065	-40.685875
100.000000	35.636894	100.000000	100.000000	100.000000	-40.709662
100.000000	35.603776	100.000000	100.000000	100.000000	-40.742428
100.000000	35.592616	100.000000	100.000000	100.000000	-40.734466
100.000000	35.622684	100.000000	100.000000	99.962921	-40.726995
100.000000	35.649296	100.000000	100.000000	99.945205	-40.729219
100.000000	35.574813	100.000000	100.000000	100.000000	-40.760465
100.000000	35.622391	100.000000	100.000000	99.998765	-40.731291
100.000000	35.638079	100.000000	100.000000	100.000000	-40.707098
100.000000	35.640071	100.000000	100.000000	100.000000	-40.735730
100.000000	35.622478	100.000000	100.000000	100.000000	-40.749554
100.000000	35.620456	100.000000	100.000000	100.000000	-40.752843
100.000000	35.620499	100.000000	100.000000	99.987820	-40.733747
100.000000	35.682112	100.000000	100.000000	99.982770	-40.737404
100.000000	35.627700	100.000000	100.000000	99.996352	-40.763910
100.000000	35.574212	100.000000	100.000000	99.994949	-40.746313
100.000000	35.647881	100.000000	100.000000	99.996967	-40.704732
100.000000	35.632195	100.000000	100.000000	99.965731	-40.741651
100.000000	35.656828	100.000000	100.000000	99.967379	-40.736626
100.000000	35.622333	100.000000	100.000000	100.000000	-40.757354
100.000000	35.595287	100.000000	100.000000	99.992586	-40.760828
100.000000	35.633025	100.000000	100.000000	100.000000	-40.741240
100.000000	35.601089	100.000000	100.000000	99.994700	-40.746853
100.000000	35.648542	100.000000	100.000000	100.000000	-40.731604
100.000000	35.627411	100.000000	100.000000	100.000000	-40.720908
100.000000	35.593529	100.000000	100.000000	99.984743	-40.726433
100.000000	35.658255	100.000000	100.000000	99.942498	-40.724095
100.000000	35.637596	100.000000	100.000000	99.980307	-40.713195
100.000000	35.616288	100.000000	100.000000	99.979148	-40.738741
100.000000	35.621324	100.000000	100.000000	99.972659	-40.716721
100.000000	35.687690	100.000000	100.000000	99.976883	-40.715758
100.000000	35.620548	100.000000	100.000000	99.988006	-40.758678
100.000000	35.652786	100.000000	100.000000	100.000000	-40.747510
100.000000	35.598712	100.000000	100.000000	99.968319	-40.722988
100.000000	35.568979	100.000000	100.000000	99.974959	-40.740973
100.000000	35.607845	100.000000	100.000000	100.000000	-40.743684
100.000000	35.618067	100.000000	100.000000	99.984689	-40.730359
100.000000	35.616863	100.000000	100.000000	100.000000	-40.723458
100.000000	35.577628	100.000000	100.000000	99.983230	-40.736428
100.000000	35.592586	100.000000	100.000000	99.984361	-40.702285
100.000000	35.661217	100.000000	100.000000	99.983405	-40.723165
100.000000	35.620271	100.000000	100.000000	99.981959	-40.733367
100.000000	35.628999	100.000000	100.000000	99.976130	-40.727202
100.000000	35.640623	100.000000	100.000000	100.000000	-40.747102
100.000000	35.677156	100.000000	100.000000	100.000000	-40.741261
100.000000	35.639008	100.000000	100.000000	100.000000	-40.738333
100.000000	35.601199	100.000000	100.000000	99.976385	-40.694587
100.000000	35.638826	100.000000	100.000000	99.964391	-40.720423
100.000000	35.652866	100.000000	100.000000	100.000000	-40.707381
100.000000	35.608154	100.000000	100.000000	99.954803	-40.729202
100.000000	35.598464	100.000000	100.000000	100.000000	-40.739526
100.000000	35.656964	100.000000	100.000000	100.000000	-40.722335
100.000000	35.603559	100.000000	100.000000	100.000000	-40.732116
100.000000	35.596145	100.000000	100.000000	100.000000	-40.708819
100.000000	35.586298	100.000000	100.000000	99.996961	-40.709770
100.000000	35.614751	100.000000	100.000000	99.993864	-40.713746
100.000000	35.640286	100.000000	100.000000	100.000000	-40.730418
100.000000	35.631030	100.000000	100.000000	100.000000	-40.755137
100.000000	35.662583	100.000000	100.000000	100.000000	-40.779850
100.000000	35.643766	100.000000	100.000000	99.996769	-40.736711
100.000000	35.663799	100.000000	100.000000	99.975386	-40.761735
100.000000	35.643071	100.000000	100.000000	100.000000	-40.761826
100.000000	35.623353	100.000000	100.000000	100.000000	-40.738081
100.000000	35.640724	100.000000	100.000000	100.000000	-40.744404
100.000000	35.620617	100.000000	100.000000	100.000000	-40.747963
100.000000	35.543839	100.000000	100.000000	100.000000	-40.757471
100.000000	35.637701	100.000000	100.000000	100.000000	-40.719605
100.000000	35.640836	100.000000	100.000000	99.981759	-40.743799
100.000000	35.617871	100.000000	100.000000	99.936285	-40.702184
100.000000	35.646383	100.000000	100.000000	99.993484	-40.762155
100.000000	35.630010	100.000000	100.000000	99.984008	-40.703893
100.000000	35.658507	100.000000	100.000000	99.986150	-40.768572
100.000000	35.654592	100.000000	100.000000	100.000000	-40.713165
100.000000	35.657315	100.000000	100.000000	100.000000	-40.751166
100.000000	35.628274	100.000000	100.000000	100.000000	-40.767061
100.000000	35.585702	100.000000	100.000000	100.000000	-40.727580
100.000000	35.617980	100.000000	100.000000	99.999582	-40.748972
100.000000	35.621530	100.000000	100.000000	99.993440	-40.731933
100.000000	35.635192	100.000000	100.000000	100.000000	-40.736983
100.000000	35.652572	100.000000	100.000000	99.990988	-40.766379
100.000000	35.617832	100.000000	100.000000	99.981156	-40.749550
100.000000	35.593791	100.000000	100.000000	99.999733	-40.737468
100.000000	35.679171	100.000000	100.000000	99.985691	-40.710576
100.000000	35.642407	100.000000	100.000000	100.000000	-40.740384
100.000000	35.677060	100.000000	100.000000	99.980055	-40.728958
100.000000	35.645204	100.000000	100.000000	99.998732	-40.767190
100.000000	35.578556	100.000000	100.000000	99.977987	-40.726273
100.000000	35.629171	100.000000	100.000000	99.990955	-40.735155
100.000000	35.597586	100.000000	100.000000	99.990780	-40.722216
100.000000	35.615152	100.000000	100.000000	99.988887	-40.735118
100.000000	35.627527	100.000000	100.000000	100.000000	-40.752326
100.000000	35.648918	100.000000	100.000000	99.975879	-40.723097
100.000000	35.647133	100.000000	100.000000	99.995174	-40.725243
100.000000	35.619080	100.000000	100.000000	99.999908	-40.709451
100.000000	35.632139	100.000000	100.000000	100.000000	-40.752792
100.000000	35.592319	100.000000	100.000000	99.993035	-40.737399
100.000000	35.590653	100.000000	100.000000	100.000000	-40.750321
100.000000	35.607939	100.000000	100.000000	100.000000	-40.712965
100.000000	35.582749	100.000000	100.000000	99.975879	-40.712530
100.000000	35.597232	100.000000	100.000000	99.997244	-40.776019
100.000000	35.636167	100.000000	100.000000	99.953720	-40.744447
100.000000	35.636579	100.000000	100.000000	99.990188	-40.742508
100.000000	35.641823	100.000000	100.000000	100.000000	-40.740189
100.000000	35.645213	100.000000	100.000000	99.984937	-40.753603
100.000000	35.601788	100.000000	100.000000	100.000000	-40.744316
100.000000	35.656350	100.000000	100.000000	99.969409	-40.716834
100.000000	35.628071	100.000000	100.000000	99.982910	-40.713909
100.000000	35.620180	100.000000	100.000000	99.987432	-40.712991
100.000000	35.585899	100.000000	100.000000	99.995676	-40.735858
100.000000	35.593523	100.000000	100.000000	99.966099	-40.775713
100.000000	35.614954	100.000000	100.000000	100.000000	-40.757728
100.000000	35.616130	100.000000	100.000000	100.000000	-40.697027
100.000000	35.591077	100.000000	100.000000	99.959124	-40.708331
100.000000	35.637089	100.000000	100.000000	99.991286	-40.722308
100.000000	35.607042	100.000000	100.000000	99.998962	-40.702946
100.000000	35.589470	100.000000	100.000000	99.973580	-40.727520
100.000000	35.681024	100.000000	100.000000	99.973820	-40.698321
100.000000	35.691982	100.000000	100.000000	99.988259	-40.753215
100.000000	35.631484	100.000000	100.000000	99.995863	-40.733360
100.000000	35.594896	100.000000	100.000000	99.971191	-40.693354
100.000000	35.616583	100.000000	100.000000	100.000000	-40.721865
100.000000	35.601535	100.000000	100.000000	99.991417	-40.730801
100.000000	35.610909	100.000000	100.000000	100.000000	-40.749691
100.000000	35.630206	100.000000	100.000000	100.000000	-40.726442
100.000000	35.624669	100.000000	100.000000	99.998963	-40.734092
100.000000	35.651951	100.000000	100.000000	100.000000	-40.704587
100.000000	35.580389	100.000000	100.000000	100.000000	-40.754896
100.000000	35.649869	100.000000	100.000000	99.986548	-40.748670
100.000000	35.649829	100.000000	100.000000	99.983686	-40.731963
100.000000	35.608011	100.000000	100.000000	100.000000	-40.769531
100.000000	35.611023	100.000000	100.000000	100.000000	-40.761205
100.000000	35.620756	100.000000	100.000000	99.988794	-40.733169
100.000000	35.606963	100.000000	100.000000	99.997829	-40.766860
100.000000	35.598381	100.000000	100.000000	99.976463	-40.724921
100.000000	35.573912	100.000000	100.000000	99.998076	-40.738800
100.000000	35.668211	100.000000	100.000000	99.986483	-40.743432
100.000000	35.578248	100.000000	100.000000	99.975083	-40.734050
100.000000	35.648784	100.000000	100.000000	100.000000	-40.745992
100.000000	35.613754	100.000000	100.000000	99.990772	-40.728256
100.000000	35.602518	100.000000	100.000000	99.993430	-40.722540
100.000000	35.616536	100.000000	100.000000	99.987674	-40.750370
100.000000	35.554612	100.000000	100.000000	99.998996	-40.750570
100.000000	35.625603	100.000000	100.000000	99.983185	-40.734981
100.000000	35.609902	100.000000	100.000000	100.000000	-40.708303
100.000000	35.610804	100.000000	100.000000	99.991303	-40.746641
100.000000	35.620529	100.000000	100.000000	100.000000	-40.725136
100.000000	35.620332	100.000000	100.000000	99.991173	-40.759991
100.000000	35.631285	100.000000	100.000000	100.000000	-40.740575
100.000000	35.672791	100.000000	100.000000	99.996287	-40.743943
100.000000	35.601390	100.000000	100.000000	100.000000	-40.710783
100.000000	35.609444	100.000000	100.000000	99.989129	-40.691025
100.000000	35.593063	100.000000	100.000000	99.972772	-40.735186
100.000000	35.661668	100.000000	100.000000	99.962603	-40.775546
100.000000	35.672752	100.000000	100.000000	100.000000	-40.696249
100.000000	35.625029	100.000000	100.000000	100.000000	-40.707906
100.000000	35.571791	100.000000	100.000000	100.000000	-40.748488
100.000000	35.640467	100.000000	100.000000	99.986684	-40.738141
100.000000	35.645282	100.000000	100.000000	99.986482	-40.719189
100.000000	35.633382	100.000000	100.000000	100.000000	-40.733685
100.000000	35.595860	100.000000	100.000000	99.993461	-40.742777
100.000000	35.637460	100.000000	100.000000	99.983694	-40.725653
100.000000	35.673258	100.000000	100.000000	99.994674	-40.731167
100.000000	35.648459	100.000000	100.000000	99.951207	-40.756273
100.000000	35.608189	100.000000	100.000000	99.996253	-40.715647
100.000000	35.628876	100.000000	100.000000	99.986333	-40.739914
100.000000	35.611854	100.000000	100.000000	100.000000	-40.759784
100.000000	35.645291	100.000000	100.000000	99.991312	-40.714395
100.000000	35.662081	100.000000	100.000000	100.000000	-40.733678
100.000000	35.637346	100.000000	100.000000	99.994851	-40.767121
100.000000	35.623725	100.000000	100.000000	99.994101	-40.752870
100.000000	35.591630	100.000000	100.000000	99.989159	-40.758195
100.000000	35.622454	100.000000	100.000000	100.000000	-40.714840
100.000000	35.612827	100.000000	100.000000	99.997610	-40.737891
100.000000	35.646269	100.000000	100.000000	100.000000	-40.711197
100.000000	35.584738	100.000000	100.000000	99.987333	-40.754344
100.000000	35.616654	100.000000	100.000000	99.993148	-40.739469
100.000000	35.615902	100.000000	100.000000	99.983067	-40.717206
100.000000	35.649506	100.000000	100.000000	100.000000	-40.742821
100.000000	35.582926	100.000000	100.000000	100.000000	-40.729145
100.000000	35.650141	100.000000	100.000000	99.996195	-40.701407
100.000000	35.654437	100.000000	100.000000	99.985194	-40.729471
100.000000	35.663920	100.000000	100.000000	99.999453	-40.754630
100.000000	35.601173	100.000000	100.000000	99.981205	-40.781563
100.000000	35.605566	100.000000	100.000000	99.970512	-40.762183
100.000000	35.651029	100.000000	100.000000	99.991252	-40.710382
100.000000	35.629344	100.000000	100.000000	100.000000	-40.739480
100.000000	35.634079	100.000000	100.000000	99.966553	-40.714426
100.000000	35.604785	100.000000	100.000000	99.976041	-40.755415
100.000000	35.613210	100.000000	100.000000	100.000000	-40.737172
100.000000	35.640248	100.000000	100.000000	100.000000	-40.758851
100.000000	35.662025	100.000000	100.000000	99.970768	-40.707010
100.000000	35.617702	100.000000	100.000000	99.978974	-40.720932
100.000000	35.599660	100.000000	100.000000	100.000000	-40.747806
100.000000	35.621081	100.000000	100.000000	100.000000	-40.698575
100.000000	35.646020	100.000000	100.000000	100.000000	-40.710023
100.000000	35.639472	100.000000	100.000000	99.992667	-40.735892
100.000000	35.624718	100.000000	100.000000	99.998753	-40.716459
100.000000	35.603258	100.000000	100.000000	99.998839	-40.769741
100.000000	35.637931	100.000000	100.000000	100.000000	-40.714788
100.000000	35.592329	100.000000	100.000000	99.976307	-40.720145
100.000000	35.599675	100.000000	100.000000	100.000000	-40.743018
100.000000	35.633549	100.000000	100.000000	99.991701	-40.742954
100.000000	35.611519	100.000000	100.000000	99.998434	-40.723888
100.000000	35.621199	100.000000	100.000000	99.977954	-40.735007
100.000000	35.603974	100.000000	100.000000	99.989854	-40.713489
100.000000	35.636933	100.000000	100.000000	99.991694	-40.726731
100.000000	35.616782	100.000000	100.000000	100.000000	-40.744333
100.000000	35.645471	100.000000	100.000000	100.000000	-40.720650
100.000000	35.658357	100.000000	100.000000	100.000000	-40.742828
100.000000	35.630721	100.000000	100.000000	100.000000	-40.775237
100.000000	35.611883	100.000000	100.000000	99.977620	-40.733135
100.000000	35.602929	100.000000	100.000000	99.994478	-40.735088
100.000000	35.614095	100.000000	100.000000	100.000000	-40.743743
100.000000	35.578342	100.000000	100.000000	99.985820	-40.754658
100.000000	35.604308	100.000000	100.000000	100.000000	-40.738337
100.000000	35.600174	100.000000	100.000000	99.995466	-40.718190
100.000000	35.604132	100.000000	100.000000	100.000000	-40.698886
100.000000	35.680857	100.000000	100.000000	100.000000	-40.749526
100.000000	35.658440	100.000000	100.000000	99.980926	-40.764919
100.000000	35.630846	100.000000	100.000000	100.000000	-40.703829
100.000000	35.628078	100.000000	100.000000	99.962598	-40.739569
100.000000	35.634948	100.000000	100.000000	99.970812	-40.739257
100.000000	35.599689	100.000000	100.000000	99.990508	-40.708478
100.000000	35.629530	100.000000	100.000000	99.979375	-40.752926
100.000000	35.589856	100.000000	100.000000	99.976511	-40.746674
100.000000	35.634414	100.000000	100.000000	100.000000	-40.725796
100.000000	35.599590	100.000000	100.000000	99.989916	-40.772982
100.000000	35.633925	100.000000	100.000000	99.995044	-40.786111
100.000000	35.655134	100.000000	100.000000	99.991532	-40.731590
100.000000	35.616780	100.000000	100.000000	99.989965	-40.730958
100.000000	35.658692	100.000000	100.000000	100.000000	-40.738064
100.000000	35.622006	100.000000	100.000000	99.986227	-40.775590
100.000000	35.587939	100.000000	100.000000	99.996227	-40.754629
100.000000	35.656416	100.000000	100.000000	99.975929	-40.714530
100.000000	35.604791	100.000000	100.000000	99.973345	-40.740142
100.000000	35.668921	100.000000	100.000000	99.989226	-40.746417
100.000000	35.620963	100.000000	100.000000	99.981270	-40.727403
100.000000	35.663176	100.000000	100.000000	99.998743	-40.716993
100.000000	35.636032	100.000000	100.000000	99.976349	-40.786139
100.000000	35.618598	100.000000	100.000000	100.000000	-40.718038
100.000000	35.590063	100.000000	100.000000	100.000000	-40.727320
100.000000	35.585026	100.000000	100.000000	99.991261	-40.773028
100.000000	35.641865	100.000000	100.000000	100.000000	-40.740797
100.000000	35.629881	100.000000	100.000000	99.996136	-40.691974
100.000000	35.697951	100.000000	100.000000	99.998220	-40.727534
100.000000	35.615896	100.000000	100.000000	100.000000	-40.723573
100.000000	35.601251	100.000000	100.000000	100.000000	-40.733822
100.000000	35.626777	100.000000	100.000000	99.969618	-40.726949
100.000000	35.645994	100.000000	100.000000	99.994601	-40.720968
100.000000	35.636045	100.000000	100.000000	99.970988	-40.752495
100.000000	35.586005	100.000000	100.000000	99.977190	-40.747975
100.000000	35.648658	100.000000	100.000000	99.978045	-40.745828
100.000000	35.619638	100.000000	100.000000	99.993300	-40.736503
100.000000	35.636391	100.000000	100.000000	100.000000	-40.752241
100.000000	35.601960	100.000000	100.000000	99.995857	-40.707869
100.000000	35.611982	100.000000	100.000000	99.976715	-40.710479
100.000000	35.600608	100.000000	100.000000	99.983813	-40.720081
100.000000	35.628193	100.000000	100.000000	99.974607	-40.767052
100.000000	35.646712	100.000000	100.000000	100.000000	-40.764098
100.000000	35.604255	100.000000	100.000000	99.965872	-40.727476
100.000000	35.603250	100.000000	100.000000	100.000000	-40.704761
100.000000	35.623347	100.000000	100.000000	100.000000	-40.718876
100.000000	35.609673	100.000000	100.000000	99.989065	-40.773996
100.000000	35.659884	100.000000	100.000000	100.000000	-40.719623
100.000000	35.607735	100.000000	100.000000	99.986303	-40.741666
100.000000	35.625399	100.000000	100.000000	100.000000	-40.747762
100.000000	35.643713	100.000000	100.000000	100.000000	-40.720486
100.000000	35.669007	100.000000	100.000000	99.984015	-40.728235
100.000000	35.650323	100.000000	100.000000	100.000000	-40.751168
100.000000	35.616115	100.000000	100.000000	99.983299	-40.737432
100.000000	35.589216	100.000000	100.000000	100.000000	-40.746790
100.000000	35.586866	100.000000	100.000000	100.000000	-40.689821
100.000000	35.634517	100.000000	100.000000	99.977414	-40.755502
100.000000	35.622823	100.000000	100.000000	99.990958	-40.697865
100.000000	35.612378	100.000000	100.000000	99.967208	-40.740474
100.000000	35.648955	100.000000	100.000000	99.953034	-40.742460
100.000000	35.615279	100.000000	100.000000	99.982936	-40.728603
100.000000	35.632193	100.000000	100.000000	99.945640	-40.712851
100.000000	35.630324	100.000000	100.000000	99.978930	-40.778169
100.000000	35.637705	100.000000	100.000000	99.958199	-40.732961
100.000000	35.578562	100.000000	100.000000	99.999664	-40.703220
100.000000	35.663526	100.000000	100.000000	100.000000	-40.761072
100.000000	35.579699	100.000000	100.000000	100.000000	-40.714544
100.000000	35.620084	100.000000	100.000000	99.971287	-40.797170
100.000000	35.612541	100.000000	100.000000	99.991897	-40.714303
100.000000	35.629908	100.000000	100.000000	99.995948	-40.740084
100.000000	35.637427	100.000000	100.000000	99.969032	-40.747453
100.000000	35.671825	100.000000	100.000000	99.993677	-40.707057
100.000000	35.640998	100.000000	100.000000	99.994356	-40.727778
100.000000	35.618356	100.000000	100.000000	99.993638	-40.705919
100.000000	35.557693	100.000000	100.000000	99.994996	-40.754199
100.000000	35.574805	100.000000	100.000000	99.986643	-40.717242
100.000000	35.626299	100.000000	100.000000	100.000000	-40.719474
100.000000	35.647254	100.000000	100.000000	99.975293	-40.731609
100.000000	35.637827	100.000000	100.000000	99.981027	-40.706050
100.000000	35.635817	100.000000	100.000000	99.993771	-40.763871
100.000000	35.614807	100.000000	100.000000	100.000000	-40.727624
100.000000	35.674116	100.000000	100.000000	99.986885	-40.749508
100.000000	35.613708	100.000000	100.000000	100.000000	-40.734150
100.000000	35.623501	100.000000	100.000000	99.965294	-40.727196
100.000000	35.607973	100.000000	100.000000	99.999637	-40.719051
100.000000	35.657101	100.000000	100.000000	100.000000	-40.716491
100.000000	35.611811	100.000000	100.000000	100.000000	-40.713406
100.000000	35.640439	100.000000	100.000000	100.000000	-40.742352
100.000000	35.647440	100.000000	100.000000	99.969077	-40.705150
100.000000	35.615645	100.000000	100.000000	99.943716	-40.709380
100.000000	35.610175	100.000000	100.000000	99.979867	-40.733495
100.000000	35.580831	100.000000	100.000000	99.984157	-40.725003
100.000000	35.669531	100.000000	100.000000	100.000000	-40.768228
100.000000	35.673717	100.000000	100.000000	99.998501	-40.725142
100.000000	35.562646	100.000000	100.000000	99.987458	-40.696248
100.000000	35.614981	100.000000	100.000000	99.991123	-40.744688
100.000000	35.620104	100.000000	100.000000	100.000000	-40.743790
100.000000	35.600935	100.000000	100.000000	99.983174	-40.742050
100.000000	35.619744	100.000000	100.000000	99.984185	-40.740794
100.000000	35.600912	100.000000	100.000000	100.000000	-40.721828
100.000000	35.664426	100.000000	100.000000	99.988983	-40.749361
100.000000	35.603761	100.000000	100.000000	100.000000	-40.741177
100.000000	35.637776	100.000000	100.000000	99.994534	-40.720348
100.000000	35.616264	100.000000	100.000000	99.985983	-40.733072
100.000000	35.588859	100.000000	100.000000	99.987985	-40.746832
100.000000	35.635239	100.000000	100.000000	99.989202	-40.730282
100.000000	35.593062	100.000000	100.000000	99.973802	-40.735704
100.000000	35.671546	100.000000	100.000000	100.000000	-40.703526
100.000000	35.604318	100.000000	100.000000	99.993060	-40.711246
100.000000	35.617604	100.000000	100.000000	100.000000	-40.731917
100.000000	35.596105	100.000000	100.000000	100.000000	-40.731631
100.000000	35.591760	100.000000	100.000000	99.985827	-40.724805
100.000000	35.624694	100.000000	100.000000	99.969952	-40.759003
100.000000	35.602698	100.000000	100.000000	99.991961	-40.740952
100.000000	35.620155	100.000000	100.000000	99.989010	-40.706456
100.000000	35.609343	100.000000	100.000000	100.000000	-40.754528
100.000000	35.670985	100.000000	100.000000	100.000000	-40.747132
100.000000	35.615616	100.000000	100.000000	100.000000	-40.738067
100.000000	35.644929	100.000000	100.000000	99.974579	-40.743598
100.000000	35.609298	100.000000	100.000000	99.999367	-40.725451
100.000000	35.575603	100.000000	100.000000	100.000000	-40.739536
100.000000	35.652431	100.000000	100.000000	99.994369	-40.733798
100.000000	35.609935	100.000000	100.000000	100.000000	-40.763289
100.000000	35.628483	100.000000	100.000000	100.000000	-40.777373
100.000000	35.645306	100.000000	100.000000	100.000000	-40.753036
100.000000	35.607888	100.000000	100.000000	99.986097	-40.717156
100.000000	35.625312	100.000000	100.000000	99.988886	-40.723475
100.000000	35.621460	100.000000	100.000000	99.960884	-40.734504
100.000000	35.584408	100.000000	100.000000	100.000000	-40.741171
100.000000	35.611482	100.000000	100.000000	100.000000	-40.732122
100.000000	35.601154	100.000000	100.000000	99.993587	-40.706050
100.000000	35.667147	100.000000	100.000000	100.000000	-40.764445
100.000000	35.637404	100.000000	100.000000	100.000000	-40.746914
100.000000	35.629236	100.000000	100.000000	100.000000	-40.739644
100.000000	35.603239	100.000000	100.000000	99.983634	-40.728854
100.000000	35.650098	100.000000	100.000000	99.986352	-40.751874
100.000000	35.594681	100.000000	100.000000	99.962342	-40.734616
100.000000	35.631330	100.000000	100.000000	99.973494	-40.695959
100.000000	35.574722	100.000000	100.000000	100.000000	-40.737141
100.000000	35.603816	100.000000	100.000000	100.000000	-40.711273
100.000000	35.653470	100.000000	100.000000	100.000000	-40.706298
100.000000	35.674058	100.000000	100.000000	99.971667	-40.727121
100.000000	35.598235	100.000000	100.000000	99.963469	-40.722433
100.000000	35.625089	100.000000	100.000000	100.000000	-40.739646
100.000000	35.603782	100.000000	100.000000	100.000000	-40.693006
100.000000	35.612081	100.000000	100.000000	100.000000	-40.769220
100.000000	35.588438	100.000000	100.000000	100.000000	-40.740675
100.000000	35.616685	100.000000	100.000000	100.000000	-40.710561
100.000000	35.655526	100.000000	100.000000	100.000000	-40.731979
100.000000	35.618308	100.000000	100.000000	99.975268	-40.741679
100.000000	35.655903	100.000000	100.000000	99.970405	-40.752759
100.000000	35.636764	100.000000	100.000000	100.000000	-40.765066
100.000000	35.609217	100.000000	100.000000	99.992922	-40.699340
100.000000	35.592499	100.000000	100.000000	100.000000	-40.734153
100.000000	35.662806	100.000000	100.000000	100.000000	-40.714723
100.000000	35.629979	100.000000	100.000000	100.000000	-40.737137
100.000000	35.589305	100.000000	100.000000	100.000000	-40.689294
100.000000	35.598699	100.000000	100.000000	100.000000	-40.703688
100.000000	35.610247	100.000000	100.000000	100.000000	-40.715385
100.000000	35.601771	100.000000	100.000000	100.000000	-40.738669
100.000000	35.620819	100.000000	100.000000	99.995463	-40.712286
100.000000	35.638409	100.000000	100.000000	100.000000	-40.724545
100.000000	35.627638	100.000000	100.000000	99.981422	-40.730576
100.000000	35.643245	100.000000	100.000000	100.000000	-40.733466
100.000000	35.605456	100.000000	100.000000	99.978188	-40.702698
100.000000	35.616694	100.000000	100.000000	99.956773	-40.690705
100.000000	35.630841	100.000000	100.000000	99.996026	-40.750797
100.000000	35.620462	100.000000	100.000000	99.993171	-40.711374
100.000000	35.622594	100.000000	100.000000	100.000000	-40.694797
100.000000	35.649719	100.000000	100.000000	100.000000	-40.754262
100.000000	35.620344	100.000000	100.000000	99.952278	-40.753331
100.000000	35.633732	100.000000	100.000000	99.996428	-40.724534
100.000000	35.637305	100.000000	100.000000	99.981172	-40.704186
100.000000	35.707659	100.000000	100.000000	100.000000	-40.715565
100.000000	35.633890	100.000000	100.000000	100.000000	-40.713504
100.000000	35.635713	100.000000	100.000000	99.998324	-40.739048
100.000000	35.647085	100.000000	100.000000	100.000000	-40.717708
100.000000	35.634630	100.000000	100.000000	100.000000	-40.728243
100.000000	35.608189	100.000000	100.000000	100.000000	-40.760872
100.000000	35.599517	100.000000	100.000000	100.000000	-40.733606
100.000000	35.588349	100.000000	100.000000	99.991356	-40.736450
100.000000	35.632784	100.000000	100.000000	100.000000	-40.752102
100.000000	35.593798	100.000000	100.000000	100.000000	-40.758749
100.000000	35.645409	100.000000	100.000000	99.979485	-40.719020
100.000000	35.612116	100.000000	100.000000	100.000000	-40.705244
100.000000	35.660529	100.000000	100.000000	100.000000	-40.747331
100.000000	35.601896	100.000000	100.000000	99.981075	-40.751578
100.000000	35.646486	100.000000	100.000000	100.000000	-40.757943
100.000000	35.636038	100.000000	100.000000	100.000000	-40.715768
100.000000	35.633769	100.000000	100.000000	99.995503	-40.734063
100.000000	35.625825	100.000000	100.000000	100.000000	-40.739632
100.000000	35.646633	100.000000	100.000000	100.000000	-40.767264
100.000000	35.638439	100.000000	100.000000	99.976531	-40.712037
100.000000	35.591228	100.000000	100.000000	99.993391	-40.684027
100.000000	35.587756	100.000000	100.000000	99.994567	-40.755167
100.000000	35.617250	100.000000	100.000000	99.993739	-40.735236
100.000000	35.645312	100.000000	100.000000	100.000000	-40.693739
100.000000	35.610160	100.000000	100.000000	99.967926	-40.704513
100.000000	35.630431	100.000000	100.000000	100.000000	-40.726493
100.000000	35.605043	100.000000	100.000000	100.000000	-40.727415
100.000000	35.595310	100.000000	100.000000	100.000000	-40.719567
100.000000	35.609207	100.000000	100.000000	99.966341	-40.718555
100.000000	35.608729	100.000000	100.000000	100.000000	-40.732765
100.000000	35.613413	100.000000	100.000000	100.000000	-40.721006
100.000000	35.654859	100.000000	100.000000	99.997147	-40.751007
100.000000	35.627783	100.000000	100.000000	99.976598	-40.747988
100.000000	35.590027	100.000000	100.000000	99.995304	-40.701841
100.000000	35.617590	100.000000	100.000000	99.997059	-40.736500
100.000000	35.565874	100.000000	100.000000	100.000000	-40.712307
100.000000	35.629637	100.000000	100.000000	99.980300	-40.745750
100.000000	35.638388	100.000000	100.000000	100.000000	-40.758210
100.000000	35.647413	100.000000	100.000000	99.980352	-40.742830
100.000000	35.617730	100.000000	100.000000	99.998492	-40.742912
100.000000	35.648351	100.000000	100.000000	100.000000	-40.737236
100.000000	35.621649	100.000000	100.000000	99.988972	-40.734745
100.000000	35.597228	100.000000	100.000000	99.992276	-40.717636
100.000000	35.571926	100.000000	100.000000	99.975263	-40.744694
100.000000	35.626842	100.000000	100.000000	100.000000	-40.760179
100.000000	35.647022	100.000000	100.000000	99.977313	-40.722879
100.000000	35.554727	100.000000	100.000000	100.000000	-40.750693
100.000000	35.617318	100.000000	100.000000	99.988924	-40.714797
100.000000	35.633632	100.000000	100.000000	100.000000	-40.745806
100.000000	35.624684	100.000000	100.000000	99.993233	-40.709379
100.000000	35.617638	100.000000	100.000000	99.989036	-40.760522
100.000000	35.614192	100.000000	100.000000	99.997659	-40.710529
100.000000	35.592270	100.000000	100.000000	100.000000	-40.751536
100.000000	35.651410	100.000000	100.000000	99.982002	-40.740420
100.000000	35.604393	100.000000	100.000000	100.000000	-40.754294
100.000000	35.604525	100.000000	100.000000	99.986567	-40.702827
100.000000	35.654838	100.000000	100.000000	99.994479	-40.724621
100.000000	35.583299	100.000000	100.000000	100.000000	-40.753534
100.000000	35.631071	100.000000	100.000000	99.996755	-40.739567
100.000000	35.665954	100.000000	100.000000	100.000000	-40.765122
100.000000	35.613539	100.000000	100.000000	100.000000	-40.750880
100.000000	35.651232	100.000000	100.000000	99.989469	-40.716356
100.000000	35.613540	100.000000	100.000000	99.998297	-40.730833
100.000000	35.638126	100.000000	100.000000	99.984476	-40.714919
100.000000	35.647071	100.000000	100.000000	99.990518	-40.741016
100.000000	35.630897	100.000000	100.000000	100.000000	-40.752978
100.000000	35.590360	100.000000	100.000000	100.000000	-40.736519
100.000000	35.663130	100.000000	100.000000	100.000000	-40.740636
100.000000	35.630400	100.000000	100.000000	100.000000	-40.755610
100.000000	35.606546	100.000000	100.000000	99.983504	-40.755671
100.000000	35.634233	100.000000	100.000000	99.984569	-40.719525
100.000000	35.656902	100.000000	100.000000	99.992117	-40.709578
100.000000	35.626525	100.000000	100.000000	99.976855	-40.747746
100.000000	35.675178	100.000000	100.000000	99.988370	-40.734372
100.000000	35.625776	100.000000	100.000000	99.988616	-40.710568
100.000000	35.585342	100.000000	100.000000	100.000000	-40.729677
100.000000	35.610462	100.000000	100.000000	100.000000	-40.746963
100.000000	35.644330	100.000000	100.000000	100.000000	-40.723526
100.000000	35.629147	100.000000	100.000000	100.000000	-40.711739
100.000000	35.617991	100.000000	100.000000	100.000000	-40.732038
100.000000	35.632624	100.000000	100.000000	100.000000	-40.692691
100.000000	35.636322	100.000000	100.000000	100.000000	-40.736365
100.000000	35.608725	100.000000	100.000000	99.986577	-40.721309
100.000000	35.625832	100.000000	100.000000	99.977877	-40.720565
100.000000	35.593513	100.000000	100.000000	99.995557	-40.760590
100.000000	35.623618	100.000000	100.000000	99.988638	-40.708623
100.000000	35.620763	100.000000	100.000000	100.000000	-40.731096
100.000000	35.628906	100.000000	100.000000	99.981898	-40.762736
100.000000	35.624502	100.000000	100.000000	100.000000	-40.688267
100.000000	35.619584	100.000000	100.000000	99.957832	-40.730406
100.000000	35.653645	100.000000	100.000000	100.000000	-40.731952
100.000000	35.626245	100.000000	100.000000	99.973980	-40.736418
100.000000	35.641629	100.000000	100.000000	99.999816	-40.735899
100.000000	35.604684	100.000000	100.000000	100.000000	-40.723414
100.000000	35.597315	100.000000	100.000000	99.997296	-40.719362
100.000000	35.591476	100.000000	100.000000	99.991165	-40.720643
100.000000	35.614480	100.000000	100.000000	100.000000	-40.722313
100.000000	35.618232	100.000000	100.000000	100.000000	-40.750534
100.000000	35.617152	100.000000	100.000000	100.000000	-40.745043
100.000000	35.621357	100.000000	100.000000	99.975614	-40.748369
100.000000	35.596372	100.000000	100.000000	100.000000	-40.744217
100.000000	35.639380	100.000000	100.000000	99.985739	-40.743326
100.000000	35.617872	100.000000	100.000000	99.965895	-40.726190
100.000000	35.583323	100.000000	100.000000	100.000000	-40.712211
100.000000	35.614796	100.000000	100.000000	99.973182	-40.752362
100.000000	35.601516	100.000000	100.000000	99.985332	-40.693523
100.000000	35.632527	100.000000	100.000000	100.000000	-40.747226
100.000000	35.611104	100.000000	100.000000	99.975372	-40.699667
100.000000	35.658584	100.000000	100.000000	100.000000	-40.717140
100.000000	35.619339	100.000000	100.000000	99.984717	-40.756987
100.000000	35.622948	100.000000	100.000000	100.000000	-40.763623
100.000000	35.650608	100.000000	100.000000	100.000000	-40.731177
100.000000	35.652143	100.000000	100.000000	99.978677	-40.717526
100.000000	35.608851	100.000000	100.000000	100.000000	-40.744197
100.000000	35.592060	100.000000	100.000000	100.000000	-40.718264
100.000000	35.622310	100.000000	100.000000	99.977718	-40.723714
100.000000	35.631423	100.000000	100.000000	99.997469	-40.701712
100.000000	35.594569	100.000000	100.000000	99.993327	-40.740318
100.000000	35.616592	100.000000	100.000000	99.980398	-40.757218
100.000000	35.640711	100.000000	100.000000	99.990340	-40.756012
100.000000	35.594711	100.000000	100.000000	100.000000	-40.764675
100.000000	35.637023	100.000000	100.000000	100.000000	-40.709541
100.000000	35.637813	100.000000	100.000000	100.000000	-40.737641
100.000000	35.618765	100.000000	100.000000	99.980934	-40.749079
100.000000	35.646347	100.000000	100.000000	99.999265	-40.780211
100.000000	35.605467	100.000000	100.000000	100.000000	-40.716587
100.000000	35.676459	100.000000	100.000000	99.997521	-40.712842
100.000000	35.591906	100.000000	100.000000	99.986432	-40.743879
100.000000	35.616279	100.000000	100.000000	100.000000	-40.760798
100.000000	35.599129	100.000000	100.000000	100.000000	-40.736351
100.000000	35.599460	100.000000	100.000000	100.000000	-40.729306
100.000000	35.614997	100.000000	100.000000	99.985127	-40.719369
100.000000	35.607402	100.000000	100.000000	100.000000	-40.717128
100.000000	35.680184	100.000000	100.000000	100.000000	-40.720433
100.000000	35.599959	100.000000	100.000000	100.000000	-40.703725
100.000000	35.644656	100.000000	100.000000	99.989869	-40.721587
100.000000	35.601178	100.000000	100.000000	100.000000	-40.718114
100.000000	35.634566	100.000000	100.000000	99.990660	-40.740772
100.000000	35.654679	100.000000	100.000000	100.000000	-40.754805
100.000000	35.633265	100.000000	100.000000	99.979868	-40.755032
100.000000	35.617499	100.000000	100.000000	99.968423	-40.757621
100.000000	35.625510	100.000000	100.000000	99.978778	-40.753377
100.000000	35.587651	100.000000	100.000000	99.986674	-40.775417
100.000000	35.644915	100.000000	100.000000	100.000000	-40.743102
100.000000	35.609085	100.000000	100.000000	100.000000	-40.697609
100.000000	35.661565	100.000000	100.000000	99.982096	-40.742503
100.000000	35.605754	100.000000	100.000000	100.000000	-40.738736
100.000000	35.608027	100.000000	100.000000	100.000000	-40.742878
100.000000	35.592756	100.000000	100.000000	100.000000	-40.710696
100.000000	35.625716	100.000000	100.000000	100.000000	-40.731932
100.000000	35.655482	100.000000	100.000000	99.963364	-40.705009
100.000000	35.660649	100.000000	100.000000	99.988773	-40.746770
100.000000	35.637379	100.000000	100.000000	100.000000	-40.715505
100.000000	35.614427	100.000000	100.000000	99.993947	-40.737857
100.000000	35.634965	100.000000	100.000000	100.000000	-40.734388
100.000000	35.610782	100.000000	100.000000	99.977693	-40.760333
100.000000	35.631850	100.000000	100.000000	99.993740	-40.754200
100.000000	35.640960	100.000000	100.000000	100.000000	-40.775107
100.000000	35.581503	100.000000	100.000000	100.000000	-40.750408
100.000000	35.639752	100.000000	100.000000	99.996236	-40.703691
100.000000	35.675385	100.000000	100.000000	99.998343	-40.768009
100.000000	35.620579	100.000000	100.000000	99.979855	-40.722051
100.000000	35.588333	100.000000	100.000000	99.990703	-40.767121
100.000000	35.608055	100.000000	100.000000	100.000000	-40.750515
100.000000	35.592575	100.000000	100.000000	99.978219	-40.738292
100.000000	35.613403	100.000000	100.000000	99.994508	-40.720305
100.000000	35.629468	100.000000	100.000000	100.000000	-40.692131
100.000000	35.606696	100.000000	100.000000	99.999912	-40.740952
100.000000	35.639229	100.000000	100.000000	99.971723	-40.742019
100.000000	35.645978	100.000000	100.000000	99.985030	-40.732647
100.000000	35.632535	100.000000	100.000000	99.964003	-40.745329
100.000000	35.596801	100.000000	100.000000	100.000000	-40.722590
100.000000	35.619040	100.000000	100.000000	100.000000	-40.761032
100.000000	35.600512	100.000000	100.000000	100.000000	-40.739907
100.000000	35.591463	100.000000	100.000000	100.000000	-40.732990
100.000000	35.613013	100.000000	100.000000	99.975303	-40.763016
100.000000	35.624849	100.000000	100.000000	100.000000	-40.744345
100.000000	35.620816	100.000000	100.000000	99.980018	-40.732736
100.000000	35.652826	100.000000	100.000000	99.989127	-40.721015
100.000000	35.603227	100.000000	100.000000	99.992877	-40.774063
100.000000	35.644819	100.000000	100.000000	100.000000	-40.741480
100.000000	35.613375	100.000000	100.000000	99.990723	-40.719201
100.000000	35.688588	100.000000	100.000000	99.979813	-40.730995
100.000000	35.619342	100.000000	100.000000	100.000000	-40.741679
100.000000	35.627032	100.000000	100.000000	100.000000	-40.714295
100.000000	35.648163	100.000000	100.000000	99.961066	-40.729088
100.000000	35.608901	100.000000	100.000000	100.000000	-40.748196
100.000000	35.608108	100.000000	100.000000	99.967678	-40.749715
100.000000	35.620431	100.000000	100.000000	100.000000	-40.730692
100.000000	35.612879	100.000000	100.000000	100.000000	-40.704211
100.000000	35.634985	100.000000	100.000000	100.000000	-40.733215
100.000000	35.577907	100.000000	100.000000	100.000000	-40.701523
100.000000	35.640715	100.000000	100.000000	99.993134	-40.724245
100.000000	35.658871	100.000000	100.000000	99.993718	-40.755759
100.000000	35.597909	100.000000	100.000000	100.000000	-40.716046
100.000000	35.594123	100.000000	100.000000	99.984994	-40.756387
100.000000	35.615776	100.000000	100.000000	100.000000	-40.717223
100.000000	35.679044	100.000000	100.000000	100.000000	-40.713030
100.000000	35.625186	100.000000	100.000000	100.000000	-40.743522
100.000000	35.640269	100.000000	100.000000	99.970193	-40.754497
100.000000	35.637335	100.000000	100.000000	100.000000	-40.715130
100.000000	35.625618	100.000000	100.000000	100.000000	-40.730306
100.000000	35.623544	100.000000	100.000000	99.993190	-40.711187
100.000000	35.631354	100.000000	100.000000	100.000000	-40.741950
100.000000	35.618003	100.000000	100.000000	99.980343	-40.731635
100.000000	35.626094	100.000000	100.000000	99.990818	-40.694387
100.000000	35.580914	100.000000	100.000000	100.000000	-40.740120
