-19.192758	64.840120	28.940728	-28.200588	11.273532	83.840378
-96.156757	-16.261541	17.472728	84.985541	-50.544383	98.181699
23.119089	-72.069520	-75.899866	31.410869	-89.048787	75.132982
11.615558	22.330788	-76.574868	-35.147207	53.114185	-61.338135
-66.864291	-88.455439	-18.714095	-31.446340	19.483124	-38.073245
-28.085663	-63.063940	1.675633	78.357482	-50.222018	-18.261403
-65.077061	66.631247	48.272933	48.957794	6.031520	69.123332
-23.034901	41.645344	-89.526213	-76.271227	95.426107	-85.758250
5.356307	-94.722700	98.802382	-33.825801	-87.335255	-46.175739
2.720157	-8.539354	-2.138317	-94.384593	92.442126	-7.061747
34.953471	100.295634	39.224112	8.565215	-71.031615	-75.756002
-23.440933	92.955572	-74.883846	-15.622792	42.681136	-53.290811
-34.711188	-86.948922	-29.235537	-8.518639	-29.686389	54.312870
33.708951	-81.508380	-29.268195	27.425280	-26.474651	-30.076752
48.417114	-20.340630	78.240614	73.538630	94.371021	-9.658287
50.440887	-20.476283	71.578935	96.706734	83.217263	90.682106
75.760503	45.462708	96.076439	-32.021025	-85.969689	-6.555962
-89.294375	34.267836	58.194641	35.876208	-12.986353	23.012874
-82.425797	97.082945	77.906696	79.908771	85.553237	-25.454492
23.506278	12.253434	86.845653	5.020759	35.106306	-84.603465
40.201613	-41.138160	-22.163967	23.465171	17.417507	-96.795859
-40.035958	66.441205	-81.055135	46.925380	-65.077165	81.276089
-62.665373	68.033854	73.377292	-5.680228	-69.273368	-98.765907
42.215065	-53.619561	-70.764543	-74.071334	-85.178763	90.377807
-44.258989	-27.341330	-97.973549	34.919259	-6.985588	-4.523864
-8.411768	57.236604	44.495456	19.212573	20.716480	-40.112638
-22.120447	-28.471213	55.101625	-41.887335	87.182028	14.422054
-29.567415	31.674076	18.668039	78.012426	16.790407	61.183361
-17.631976	-69.978678	-24.627717	42.183453	-31.002654	85.201569
-17.335168	-85.883374	-34.542836	-88.100940	57.431517	94.933175
-92.204982	68.019609	-87.456816	89.825531	-70.749644	31.841230
6.318081	-88.354308	-76.759219	53.049554	66.217583	7.183266
77.852524	25.280296	-65.383342	-36.250563	89.333128	-61.414179
29.767973	21.715198	-78.052247	68.846665	-86.545086	-74.198704
96.776005	90.025589	-40.211818	15.826385	39.093117	-75.483081
15.401200	-94.238707	-22.465004	40.981425	78.469133	51.328699
32.932826	-60.463634	-10.158756	-33.727923	83.414289	-28.006086
-13.855948	-85.448633	-10.636161	40.731138	-36.110350	16.416265
-82.392956	19.547637	-74.325232	-17.701431	88.932324	38.931090
100.597787	-17.053014	29.053483	-25.740716	73.993603	29.869137
-31.534897	-30.063322	-24.348132	13.463491	-20.654348	-18.920001
96.552311	4.216787	-2.598887	41.107218	-25.973138	56.918562
-48.937238	79.423326	57.216995	77.745105	-3.790822	-9.662312
94.543868	56.921300	-84.999016	41.383409	-76.055020	37.651961
28.031693	-3.126191	23.476095	94.987092	8.616429	94.051873
-88.297848	-64.589411	4.965936	14.743308	67.805973	-31.055338
-42.237118	53.299772	3.582774	-43.365544	73.263389	35.450234
-70.111001	6.238237	-64.062433	-76.111632	23.108405	65.256958
80.714891	-49.474112	-50.482088	-22.014333	92.090687	-0.698574
100.404833	-0.369471	-98.774825	16.434670	2.550719	33.608713
29.384563	54.331412	-54.911643	-88.562732	-68.933566	59.939881
-97.324593	-33.041348	-98.348154	-59.002447	-82.194567	59.558224
-9.351133	7.082275	67.868600	90.345035	-16.335231	-25.943766
96.894263	-93.036554	67.788027	-94.551808	-98.971120	-94.326462
66.320772	-64.905658	76.685708	-21.124929	-41.339671	-57.838075
8.431972	67.067829	-23.362154	46.337827	-29.798211	27.917459
-55.439032	63.492594	-49.047257	-19.740575	75.810502	74.092698
-78.563444	31.958983	-47.296903	-78.937826	77.936569	-20.871874
8.354219	-35.435038	-82.159091	96.955883	14.045477	91.808679
5.856937	-52.140357	-60.809747	43.998859	-2.998103	-39.867770
3.312953	-63.119568	60.922280	-41.844527	-51.622634	66.431155
3.629945	-84.265858	-55.774631	-42.949321	81.892891	-10.633726
-22.504772	43.411958	-17.152414	68.421328	15.882874	70.143084
-70.204297	100.709805	-67.962183	79.090798	21.553492	-82.455831
31.673764	65.668552	67.309040	54.749325	28.015612	-46.823968
-40.699201	-68.018598	28.678582	-93.317444	46.561673	58.866808
-92.887562	66.938133	96.782459	74.830398	48.273986	93.322578
-15.901956	-41.842776	14.007135	18.442725	-90.253169	73.002331
-28.108983	-7.144527	-89.226311	-56.270199	-33.426960	-1.301170
93.646661	-91.974831	-11.309115	30.076440	100.051338	81.757146
50.820694	-15.519579	-60.836282	45.240231	-30.160705	67.464074
-18.172324	46.147693	-91.479858	96.286739	-64.042301	-56.212149
-69.269160	77.864344	32.270579	-72.980553	52.792265	51.968795
11.926332	97.305524	56.467905	-91.017695	86.227394	-83.607681
13.424726	30.932045	-17.287549	-45.804249	-76.717402	70.759998
-21.620785	16.654741	-63.483478	-96.703161	72.312266	-64.393257
52.375972	95.129172	-91.899121	-43.239778	-38.466218	-48.537112
-14.472781	-29.097126	-29.228142	90.805036	49.128526	62.078734
68.633057	49.061280	56.250845	49.188545	-24.204571	-27.844319
0.788204	-71.309654	-30.229838	-56.897954	16.216629	-24.903590
-7.855323	-83.022855	72.643802	-97.765141	72.516305	15.940648
42.912668	50.452139	63.067341	-99.972484	29.315890	-31.272834
-33.190128	11.391624	61.873703	29.172908	64.352956	-22.348027
10.883767	71.905955	-95.062769	-18.502430	-69.447111	33.310276
-77.289922	-94.017624	8.287187	-84.980842	-31.583206	56.006154
-70.960426	41.801964	59.035945	-73.058239	31.725910	67.452762
77.927945	-18.994717	-40.403580	65.541100	52.752974	-57.875724
18.803497	-36.527467	-25.895703	-98.535357	50.915050	-76.777694
-88.993370	-85.991716	-94.687637	2.892142	-70.275199	-28.697893
-92.911221	-5.014324	67.615812	-72.248781	-6.997566	-93.893633
55.440623	22.237295	14.512776	81.557193	52.126648	17.297918
-49.428709	10.517899	-89.870002	15.874342	-16.847106	-0.293088
35.662020	-28.411684	-91.401420	-46.685814	-23.037115	-96.770335
-15.960739	9.456396	-15.549980	-71.621582	79.317887	26.430582
-42.074099	26.687457	-27.217253	86.421593	-37.518327	-53.693979
-63.505187	-67.789733	62.265362	-68.368699	62.587153	92.845635
80.019059	-3.638528	-42.379396	87.867649	85.997393	45.869004
10.554314	-89.222945	-82.962340	-66.503132	68.384977	-85.172254
68.397811	-78.354527	-51.551583	-9.836419	33.232455	-48.151748
-86.120662	-56.197928	88.279262	-72.760636	57.797087	36.669765
-17.681642	-64.174345	-30.244973	-44.635262	19.483796	-77.679092
-73.831245	-31.405990	-15.310947	57.394443	35.450342	27.011307
-17.448780	-65.444331	24.897642	-22.262144	-35.445437	38.525607
-95.115213	22.049394	49.691742	13.003067	45.125478	-20.724787
-64.626267	81.658612	39.300254	40.643935	-33.435446	-79.195286
41.604426	-22.728014	28.478299	-1.780212	48.885808	-22.761612
25.010063	-18.233998	-5.008693	14.492337	-4.940070	-5.612300
37.067988	31.613347	69.244673	33.626140	-14.173675	21.966721
-47.018808	-38.613936	-91.198587	47.283593	-69.607750	-94.437516
79.080044	-31.177408	-71.776861	-13.134168	-17.708515	-10.309586
-98.236148	-66.489700	-45.634148	-77.704846	37.891102	-44.799982
-93.352098	31.408415	-55.895712	94.646820	6.087959	-18.078452
72.323869	98.514684	-6.297012	-66.927536	-31.393919	-52.485660
57.101415	40.312124	22.020770	75.129816	0.698059	-44.820326
-74.563622	-6.898892	42.998292	-86.035176	-68.201780	-79.070413
42.852351	-53.569673	69.396049	40.968928	-39.616085	76.659101
-16.460857	59.186321	-14.961498	48.651947	-58.445126	95.201708
-10.925831	97.483483	-46.702974	-65.200766	1.024305	-75.699344
-29.329072	19.202939	85.974971	-14.011965	-25.327226	-31.690477
-5.785833	61.308655	71.529645	-56.111313	-64.885204	-84.403533
-78.273592	95.086942	-88.683046	-13.282715	26.224489	64.480290
48.944633	26.113721	71.102071	-88.065923	-42.553962	93.040567
61.299330	2.128601	24.882341	44.138559	-27.344959	-38.837005
-18.126966	-43.994488	89.242669	10.725251	-31.405521	47.624046
-9.674932	-56.013028	3.995847	30.737869	-21.712500	-48.315234
-52.393129	-96.570147	83.192853	-96.653411	-59.605868	-21.195033
95.109556	-28.522145	88.557658	67.370950	15.436855	22.064099
-8.519030	-61.032701	-39.646664	58.765317	-58.699409	-80.988029
97.165450	23.660855	35.049580	21.113935	-75.865875	-67.150379
-69.334899	87.513798	39.757005	-2.519186	44.492144	26.192873
48.501881	-25.691240	80.139966	66.894923	14.325871	-67.172917
-28.429713	-19.898871	13.062751	-52.572907	72.597248	-35.966938
-85.632933	82.693088	77.243887	83.582739	-95.204566	76.083162
45.822690	76.064058	-86.667630	-67.015555	27.182956	-44.939696
-69.750993	-51.414247	66.039523	-32.098983	-13.414901	15.249351
22.055662	13.824313	-53.855899	38.226870	-74.867466	28.386182
65.637050	42.489243	-56.413666	-93.052642	72.341607	-57.978949
-35.377876	100.167307	-3.274308	53.083661	14.832075	38.581159
9.177620	-68.848015	13.163693	-3.471602	-94.897397	74.853423
49.566245	-3.232845	2.962016	-74.671712	-62.454813	-22.809791
2.208855	-72.484180	83.089648	94.521716	27.401361	22.516914
70.185835	85.901122	-46.023765	-42.089493	13.105908	43.895062
73.343934	-99.799993	95.173881	-26.961493	-81.989001	-10.035240
-45.975877	-95.468654	72.498736	8.160322	1.825494	37.276558
96.712307	56.936466	27.232783	-37.751779	25.783280	24.632242
-12.077146	45.229841	71.281693	89.743153	53.797223	98.218850
100.625811	80.445593	-80.117280	-11.861467	95.203159	70.682654
75.089708	-18.608558	68.892612	87.178209	-83.125006	72.016776
85.534471	-39.764068	-48.278922	21.866428	74.027767	-35.302685
-4.184050	23.073692	-60.848551	-98.781916	-19.086471	-81.659701
-2.228228	-55.626876	82.347106	-29.701392	-26.171397	35.515745
-39.881218	-17.556648	94.958430	91.365461	-80.089164	55.638318
-61.502882	-61.449075	-17.335075	-62.726076	-8.603333	43.160004
-76.150826	-22.695787	46.623176	-33.308345	49.129728	29.687050
-78.185095	1.105118	-73.196182	16.625400	38.132498	88.925486
-67.238368	2.434714	-70.608928	-99.075184	60.341860	-45.035739
-17.411772	12.994524	9.206335	42.708972	22.521078	2.384632
5.358270	96.263562	23.097545	16.290089	-38.620071	90.811911
66.934962	-62.298441	-7.032674	38.570303	47.200889	-63.267677
26.265777	8.225935	61.137205	-47.951708	33.666501	53.116866
51.966333	-95.118998	-15.497882	86.308247	-84.193575	52.533642
0.323364	-83.622549	-72.083322	18.869782	-11.772182	15.669557
9.072495	52.880672	83.962806	29.106140	-58.351597	47.481358
3.459350	93.248357	63.076557	-83.104061	0.389597	43.612117
-13.249405	83.814957	89.904627	14.063111	38.092549	-82.925319
-29.329199	-87.744044	36.512919	-22.662266	-98.026761	25.327665
-72.015152	-9.235406	1.681093	-10.374957	0.042350	84.263459
62.339729	-60.114640	-58.314019	-4.472153	-5.877290	87.866041
61.978969	-19.140039	-31.175284	0.156355	18.796355	76.478035
-66.237257	-69.383811	-47.498620	60.127755	-4.314612	-69.716806
79.790470	-50.553738	-16.672152	14.133368	90.871663	3.369614
16.305881	88.626960	-85.018750	-23.765710	16.776767	-65.813233
15.792871	41.006590	29.043419	38.341209	-4.882160	-58.085882
-28.212003	59.830539	-95.976535	83.735344	65.389872	-95.267466
92.169198	97.544255	-63.343456	-95.057487	-32.594633	66.808954
96.673946	94.180298	51.570918	58.751996	35.694509	52.385371
90.264616	100.973683	60.874024	-21.533038	-36.185672	-77.624615
-87.586057	-41.666886	67.135086	29.770555	-16.661273	35.104123
-44.941177	73.417557	7.239039	-60.839731	9.236688	92.430535
-2.918592	42.196199	-3.895160	-29.214245	64.971841	-64.848176
55.535236	84.322505	50.941841	58.551422	80.039366	-39.467633
-91.479415	31.288248	66.029299	4.440178	-87.281822	-2.684586
-48.295830	-88.866809	88.617094	-92.014387	-75.365690	-47.205950
55.611767	-11.192660	3.650816	29.325451	66.248740	70.341050
83.193267	61.676610	27.362340	-7.218741	5.678505	-68.788188
-62.212231	45.522928	-43.974288	-76.138008	-32.007945	69.828290
54.313626	-79.467621	83.731424	-90.424322	64.236071	43.991690
-74.204913	83.006412	-38.975404	-69.291741	-16.118095	77.009232
-39.522722	-26.555623	94.714746	-62.793305	7.209226	10.173280
76.888638	47.175272	66.717593	35.867149	29.371137	41.905992
61.269131	91.570067	27.751657	-32.108698	-56.605965	-61.667772
-92.584638	29.039599	13.997856	-52.437026	97.928239	-78.518628
-47.181706	-22.824475	51.559616	-83.484969	51.034366	-32.120362
87.004960	31.238758	15.602617	64.878941	-58.609345	-1.959898
-90.860186	45.667021	-20.766197	79.832053	-92.204672	3.572664
-0.399576	-1.072412	96.336518	0.770544	-13.552004	85.973731
94.389057	64.653724	14.108539	27.419683	52.659219	-37.393907
-59.202988	-23.970056	-39.867646	-27.055712	48.937943	-3.799069
-43.153992	-1.531401	1.627726	-42.986039	57.159044	15.689737
90.095175	26.227242	85.072981	-57.888880	27.644037	-36.191619
-43.228536	23.861533	-33.961064	47.254122	59.052137	72.129822
-1.827126	23.430005	-95.918015	-13.483955	-49.951541	62.804339
37.026788	57.127945	30.851895	24.786554	70.383781	1.524695
60.527787	-38.830237	-89.224230	-68.883983	43.203101	56.449495
95.139899	-34.449564	62.083494	-21.021758	-15.750828	-91.613397
85.579347	85.264420	69.764110	28.089272	56.452185	30.403636
99.576501	85.975547	-73.593827	-0.205703	-32.225300	81.807637
58.678048	-70.434124	-85.766874	43.040291	-42.441023	-96.919028
100.559054	-79.103882	-24.913927	-30.140754	78.382531	-68.577139
-31.195713	-27.464549	72.162334	-87.281533	-95.520466	28.248493
-60.945554	38.623710	30.682938	1.585339	94.882817	-73.848214
50.269583	-37.689042	40.409983	81.714869	-55.800927	-11.296288
-35.946956	99.575637	-88.254260	-20.337640	-72.282072	45.603216
54.791437	-50.593635	36.548929	53.096825	63.592283	-7.974455
51.955570	-81.935860	-57.420268	74.496315	-62.835277	16.511580
-58.621682	-73.221023	87.445872	79.154323	35.946418	74.204974
-48.065616	-13.457360	-76.207033	97.968314	67.782780	-17.359830
-69.090418	6.051599	-4.099360	57.590126	-92.786525	74.273975
-10.594229	-51.620837	-94.718327	89.405282	-54.911186	-70.274521
-59.407260	64.371291	27.483454	-40.723350	45.570110	76.514408
92.853343	80.236165	98.247842	48.502608	94.621635	64.346520
-1.341627	-22.282764	28.264960	-97.018914	-46.320114	-60.416009
-24.119613	-58.166213	-80.047207	-61.564257	34.555365	87.768569
74.434595	87.334806	14.831953	18.654286	74.309488	-74.555318
-95.553933	-21.893310	88.283886	-57.694424	8.483812	-91.537475
90.770538	71.278737	-61.729377	52.078866	5.793761	-36.510315
39.135301	-12.000802	-94.724323	-80.542876	-36.976331	-27.414485
67.836748	-53.713374	13.162244	-14.754728	100.693238	79.018896
-65.914163	-72.252499	-85.585985	41.078692	-9.653737	72.480493
-14.443110	-54.690188	86.720246	87.966665	-42.428772	25.928379
56.337701	-44.963310	-8.055224	71.236070	-84.507504	46.723590
-39.862740	79.607070	46.638226	99.163360	-60.264222	35.812430
30.919351	97.350771	2.905603	48.376971	45.413251	84.738838
-79.917564	-58.284376	15.531213	-75.044979	-12.357542	-33.521739
67.139346	28.909737	-71.438043	65.538680	37.912156	90.245258
59.458160	55.698998	-43.066208	100.586582	-53.508449	70.023698
6.992489	-14.058947	17.736991	-37.484431	-29.151606	-19.331188
69.239215	-5.734601	-18.752836	82.409084	0.475592	6.106775
-76.333199	14.680371	45.132534	-39.936842	97.372855	-56.750170
20.366034	56.819880	-46.691399	47.251870	-21.073856	49.765317
29.342339	-60.330968	88.315083	-62.451110	1.819632	-48.973614
-89.129183	-92.589658	96.919041	-40.080616	63.661261	-73.941516
-81.546262	38.544360	-62.725612	-63.913578	-57.411812	79.657536
66.354522	31.348073	-30.218729	66.937178	-15.780634	20.269352
39.688753	77.340598	-54.949004	-46.709093	-79.644871	72.560750
-38.041165	13.114613	23.905229	-73.437848	45.197627	-90.449184
-0.433885	25.445199	2.040581	-4.637785	53.911753	-86.100669
13.433147	-23.873207	28.076462	75.959890	26.604871	-25.879545
85.074413	-52.296408	-74.234425	63.686206	-3.872739	-84.616440
-10.899882	-1.937034	-82.862658	64.623119	-46.688601	78.356329
20.897366	-81.331964	-35.125106	15.318337	84.783042	-2.335281
41.124934	-49.792875	-30.489127	95.503771	31.048643	79.734634
-14.343682	-65.908051	79.599786	85.279459	3.502997	34.212741
33.070259	53.340243	68.476050	-41.986702	-99.429908	3.526034
-49.433711	59.315447	62.587558	32.484694	-0.259988	58.035011
91.691991	-78.082917	87.190498	-42.119442	74.197333	22.780910
41.625034	-61.637829	-19.831089	63.312558	-9.694674	11.993787
-18.156779	20.874130	-27.922783	-57.075546	29.331566	15.614077
54.797912	-96.499999	-23.692001	57.442449	-95.150575	39.260496
-30.459923	-61.424076	-23.295317	-12.377068	-7.820602	-17.750465
-58.333536	46.462927	81.817945	-54.826380	-99.106814	-11.432209
-53.528376	69.108476	64.366600	87.724380	-92.426038	-15.513959
16.341712	-34.555641	-38.115061	-94.621765	98.410367	-25.591907
-61.023374	-33.108156	-43.838339	70.467467	48.187670	85.893401
-66.237698	47.773742	-62.023958	32.468115	-28.372190	-77.711179
93.244596	-76.574206	14.366968	45.754119	75.563395	76.207815
89.746920	33.114344	-86.381603	49.176123	-53.237518	15.538150
72.096976	-56.605020	33.572126	-70.901786	22.109620	52.773593
54.463246	13.292453	97.603255	79.195632	19.285234	64.851330
-31.766914	-17.688800	-79.355943	-85.044806	-66.196402	38.605192
-66.297552	-89.621998	16.987421	-59.293153	56.565346	-76.270420
62.603950	67.521429	21.287517	-53.782671	92.424941	-14.937789
57.972891	-28.057336	-14.070408	50.949441	17.551214	92.521608
-53.205089	62.265757	-13.835465	67.839294	36.317064	49.346629
89.904593	67.358779	-90.039738	76.376361	47.860969	-20.481443
-70.318391	53.693795	-32.335209	22.671198	75.838395	80.845244
-76.524390	-21.820971	-97.251699	-88.550037	-65.869065	-58.107670
-98.059665	-43.150217	16.033428	-16.654587	-17.759793	82.433622
78.147592	35.242529	63.426548	-92.976111	52.296701	-32.860902
-65.556490	-24.551701	-95.520874	87.834875	-54.027329	-60.057256
32.352905	-42.892816	-57.705153	85.266940	50.230256	-52.996119
-7.698814	98.063545	-79.692235	5.753466	-35.825436	-65.296572
-42.502351	-91.667723	-86.141271	88.706908	75.906063	52.607338
23.524190	-93.130085	76.397546	-4.015560	73.161418	-63.247258
-47.701340	-75.964185	-32.206471	-68.776261	-43.064393	-87.034322
-22.676450	-61.612303	-74.466985	53.008628	40.521958	46.436739
58.831411	82.406456	-32.492078	-50.434745	28.042346	-9.190712
96.535439	66.898594	99.708762	-11.986281	79.684357	-31.384989
-72.018352	-99.112658	-8.757271	-95.094598	-23.571606	82.806302
72.797767	90.472707	-48.994464	44.786162	-95.510847	69.231874
-9.795908	-27.145275	-36.425928	-59.763139	15.688072	-28.265404
77.245255	-68.645683	40.832276	64.672137	-17.515756	-4.559285
-80.320772	-34.244883	-51.604475	21.401839	49.890916	1.714202
3.479437	-95.096518	-33.831924	-21.041661	48.884037	79.607299
2.032012	70.056418	54.523351	-79.441370	-58.429838	89.977457
-28.810728	37.512608	-75.564135	-52.856325	-22.026744	-43.975884
-89.512557	-8.931027	9.088919	-8.797254	13.031076	-7.628150
-91.883842	-72.882955	44.809982	3.976476	-92.417950	-28.595060
-47.208667	-63.433083	-47.909102	-67.002118	-80.920710	55.722819
74.379882	-39.614530	32.210028	-36.286433	-10.499029	42.427380
65.979398	53.893459	94.681852	-78.362394	42.476247	-39.244872
-60.201413	-90.769654	-72.782050	-72.508651	64.010902	36.777253
-27.632081	-36.023196	34.538395	-28.012048	96.095198	-40.163473
84.996994	80.174785	40.231409	42.047128	-4.646270	6.807333
-16.063004	22.879555	19.084483	-69.375613	-95.346147	-17.581240
-75.567008	-23.170176	-67.000878	-47.304861	53.867132	-9.602567
-49.706149	63.497894	-14.995510	-69.224101	-83.410348	-64.457043
31.244762	5.345894	-5.618600	53.971270	-23.814465	-56.373044
19.311268	-75.558263	35.415516	-73.241755	7.336773	-88.566236
7.250037	-53.680659	-48.609820	-63.263786	27.963319	-70.321434
8.597941	-60.334853	7.900824	-82.737022	9.179993	84.516680
76.614854	62.238951	-94.713023	-64.373500	27.436853	-1.730886
-82.096398	11.140581	69.970455	58.545889	-94.304770	20.026349
-85.158100	-46.369201	93.699718	-63.502331	-50.635098	-61.161881
-25.102558	-19.055966	-67.314500	28.376456	80.588424	-83.489398
54.014015	93.945674	76.338717	-42.176732	56.549385	34.114894
48.749490	46.138463	93.463209	54.858233	9.875913	31.619758
-15.584339	-83.515000	32.538987	-28.534683	58.257980	80.600912
100.654074	71.921958	-36.876343	47.251841	68.293847	-47.575086
-82.306547	-48.884741	-35.372473	-89.410452	90.263788	98.078248
-86.962706	80.740532	-49.964606	-86.052806	-16.262277	42.846594
55.898307	9.733561	31.460443	-24.909037	78.684880	-45.549625
88.443537	19.026306	-66.625672	-4.135717	-57.994027	-61.630322
-47.017924	17.371656	-87.417279	-47.749004	63.528125	-87.790768
-77.315954	-1.711943	59.834758	-42.404503	-37.666631	-82.815987
-79.214758	-22.538287	-16.117011	-76.994691	38.224830	2.131108
-29.418402	-23.586506	18.071277	34.241507	-87.290359	27.991492
94.871313	64.084044	-81.965932	-8.859071	-86.785414	65.155896
32.251304	-59.370956	-48.853091	97.987874	14.098194	-33.105104
-26.896291	28.497133	52.097652	-4.371636	-48.978600	-67.714407
12.584089	-47.488344	22.074458	-57.952559	71.460200	-25.269031
-60.541092	-86.632320	-49.936428	-99.530097	48.824406	-85.422757
20.938044	-35.397721	-17.456704	-93.530692	36.019960	-46.655359
47.358397	-95.602515	33.158552	1.649270	-26.802494	75.663859
-91.513002	-77.346696	99.824883	69.969057	17.396082	35.111844
50.252520	-57.714311	-97.590159	89.680377	38.212525	-79.772137
3.566327	-97.217280	-38.793989	-0.507786	-86.784992	40.101377
79.051915	-10.104379	-51.683338	41.828177	-8.189566	17.518030
20.049796	61.234352	-99.167768	36.834833	-71.264310	-18.862511
38.728838	-89.145040	9.573459	61.021332	-49.831155	-13.571107
-32.412795	94.174453	54.209444	32.938250	-5.393003	-3.116255
54.681619	-27.758208	7.236516	28.870830	-8.220268	-61.062931
50.683147	67.383063	85.198685	-98.919671	-62.233329	-46.351347
88.165576	5.746598	-18.856153	23.438919	96.533763	-56.567685
-61.824275	57.855129	-13.682844	11.334653	-5.465458	-20.636350
-73.913947	100.798651	-25.379087	32.756721	22.810100	100.066749
-54.599340	22.042447	39.483641	91.307610	-74.864781	43.063578
81.541631	46.757638	-16.209715	-55.377140	50.378358	60.952540
37.586115	85.738112	-76.310489	-68.377479	56.007579	53.990462
-26.138015	-2.556624	-71.627061	15.835492	29.536422	58.461756
-44.987698	-41.913654	-37.058874	-54.498781	-92.697604	26.732436
-58.189150	19.865935	-77.418040	-73.698753	2.469817	33.540345
-84.115307	56.254841	-36.267222	57.324015	-43.955749	85.571445
-1.875149	-16.371333	85.110401	-87.501240	61.137353	60.249362
-11.083106	-33.127312	-24.754053	86.714374	-10.892667	-80.399535
-34.633856	-36.588055	18.357595	82.364285	-37.844711	-4.375700
-61.949928	-2.083640	66.748200	-16.113436	-87.559614	76.810384
42.648591	70.337853	-29.640090	-76.392662	-43.494844	13.178973
-62.092834	70.127732	-79.422059	-7.525876	-30.972655	65.629083
-40.385968	-44.171421	86.766385	-44.722988	-26.387474	-24.896044
82.083108	-24.648438	54.770002	-77.403764	72.706720	-27.608982
-92.620864	1.059789	-47.373387	-20.942113	29.177557	52.512722
-6.852190	92.334929	-95.479328	-8.526158	79.369689	39.341307
-45.647420	-41.125474	-0.568964	-88.205631	24.784998	-80.288484
59.296458	23.950120	-98.420934	43.198960	21.882988	9.968363
22.186919	50.767027	92.612588	-25.262091	14.484072	22.696280
-60.948546	-6.055580	-22.230215	98.552830	61.644335	-26.501529
-89.279281	-9.161057	43.053899	54.689629	-95.016767	30.299760
-13.821797	8.398708	78.515165	-88.385273	16.710261	77.608729
81.706883	-33.320036	-19.998572	-52.848579	-63.785274	77.595231
89.517253	63.794193	-16.130989	74.206459	-64.951867	100.919138
36.194751	6.899030	29.134493	-49.307691	21.136706	-28.293184
57.835395	29.248951	26.468169	31.866275	70.766551	75.027783
4.224361	-66.829296	62.293992	73.385824	19.556160	-45.387842
-13.176256	-24.281060	-76.239249	57.834425	-86.368385	-84.487451
-30.920846	79.752488	-14.120002	-15.094325	77.811511	-72.108337
-42.984784	92.644358	-68.856447	54.742629	95.254911	22.653123
49.297332	-7.596566	-15.426128	83.256550	68.353899	-62.745799
-72.951328	-85.264523	63.289227	41.557380	-13.924201	25.082704
46.783616	33.943638	-40.645719	-53.645940	3.574400	-81.101076
81.617107	-33.124960	19.782538	50.576963	-23.891614	-70.316102
82.165745	-48.922404	-70.060283	25.127685	-82.404185	79.972839
-18.608355	-59.018073	-18.903587	-12.003147	10.698853	-88.581449
-19.368172	75.380744	-17.380807	85.769713	89.377606	-6.218672
35.129010	8.621872	49.356154	19.750998	41.077783	32.836620
79.478902	90.319663	34.287414	34.149810	-63.448169	-51.364169
-69.487598	-67.753268	48.396501	-93.852855	45.168128	-83.475345
-4.038846	-27.806450	-69.562329	-77.189235	66.768196	6.297980
-0.555158	54.099666	-67.159563	-49.432508	-96.281915	71.953173
95.311167	-90.444247	-43.373685	-79.624847	3.337453	-79.537183
21.296171	-52.054079	-34.485498	15.560666	24.752730	-68.400854
43.913241	2.153538	-23.114080	58.288686	-2.164499	4.692881
-90.609969	96.795798	-88.480031	42.723392	-33.239608	89.283786
58.507977	-63.365887	4.705412	92.851098	84.696650	76.903207
33.851653	98.968629	65.850207	70.322261	-35.681045	-1.913675
34.638908	31.304032	-96.093659	78.609449	-82.057119	-56.240096
-92.332551	-95.407247	-80.365253	0.069174	35.088768	-42.954214
22.650895	-17.903342	-18.716469	-15.114184	-60.394308	-37.757215
10.965404	34.134854	-71.253084	64.375814	-66.409326	-93.536726
-15.626088	-24.130035	22.018425	-26.274954	-49.005526	-32.384926
-74.233906	50.603715	10.181705	-24.222492	-3.757395	-4.554710
-34.795477	-14.513485	10.695810	-60.422745	-82.020910	1.892149
-79.127518	-8.987413	9.847385	-44.745375	-58.057346	-58.478465
-2.810926	-51.192782	-2.932238	17.309423	-19.506009	-13.386054
93.769362	-95.451355	27.589058	-85.815668	10.017707	49.327711
-16.227947	-13.082645	-6.811271	-7.494036	71.215029	90.247016
-65.168027	-67.324363	-64.582639	37.878627	-55.269273	31.179763
-43.150534	77.605880	47.349175	14.263849	39.603727	-39.110818
67.596639	13.073403	4.821573	37.566378	75.250966	-68.835882
86.482363	-13.625921	-10.669407	31.319174	-55.054965	-2.091656
96.675228	56.491421	-46.492625	-58.539707	-40.993580	-67.156249
34.094820	10.186700	56.272449	64.087276	-52.216815	-36.067562
-54.130420	87.082827	-57.481392	-16.800575	26.197565	33.755211
68.136576	-88.038649	64.756429	-84.924730	31.374314	9.663673
-73.815138	58.483475	-91.125656	-44.520981	-72.330888	39.879007
20.403640	66.968167	-96.415810	-44.755716	-84.163966	5.448516
18.851766	95.505093	-96.776760	-67.437545	55.590773	-11.603438
73.374951	57.893152	76.967340	-83.656027	11.683396	99.492789
-98.274674	-44.067408	-27.747448	64.268856	38.592878	-30.783943
44.886057	-58.281159	-6.203690	-34.160626	63.597159	-54.206109
-93.316187	-18.395119	29.048045	-45.970048	-28.040966	80.455691
43.287007	31.172987	36.927229	96.492821	-72.409195	-39.417280
33.844396	91.629069	25.853601	7.793394	11.987270	23.248641
31.599294	-37.604623	97.018653	-93.843323	76.366337	-84.445911
-16.359361	-95.235192	-25.572753	-69.639284	-32.334647	34.328174
41.055144	32.841724	82.511087	9.480641	-83.712198	43.733205
66.071414	-76.532020	-84.679052	-32.932489	24.938923	34.488110
-87.900481	54.610188	8.006856	21.089120	-57.830834	-6.347123
-44.738522	19.645225	13.601929	-56.959819	-84.311642	-0.769022
-23.973870	-9.654948	-56.611841	97.504849	91.058627	87.789548
-17.340301	-33.057756	-45.067562	40.878973	-15.623450	90.743735
-74.243492	-66.314263	-26.184105	44.018173	47.345802	-86.051251
-45.273997	-79.354959	49.223090	71.565571	-50.106496	-50.614603
-58.353123	22.446894	-55.283916	-30.947118	-3.105956	54.651082
-0.144623	33.059153	33.074193	93.473675	-20.031136	45.112816
41.498891	-99.258821	63.051926	-96.098745	13.040305	81.855905
-82.494048	72.733402	-36.850372	67.032552	-65.216214	-84.168495
7.770053	24.703970	-42.391320	-55.784223	40.786190	-7.813690
-82.070019	87.234247	-82.864508	88.257543	41.183981	48.296890
-40.981123	-94.359929	35.226122	-87.858944	-74.100932	-72.967892
21.221208	18.875691	66.420441	28.984984	33.857141	72.229684
-16.910233	-49.252507	15.275423	-13.192881	-47.853947	-68.172380
96.126645	86.342297	-19.768194	-36.976467	38.013985	-53.567883
37.133762	16.322912	-97.186178	-46.579702	-93.111926	-47.359608
-1.147083	-9.471561	-66.244047	-40.085405	51.987849	96.398527
4.173408	80.427069	70.416849	-60.060015	-27.124201	-65.287538
-60.911708	44.823517	58.777435	33.478293	-13.484768	31.289728
49.975767	0.188549	94.818672	93.141470	23.474988	71.775053
-54.927648	78.847441	77.819867	-6.968179	46.596520	-75.623782
-70.440844	-33.051695	-52.164296	-19.423924	-72.552603	32.588771
-9.135858	-70.546367	49.084260	35.922855	-92.152408	-42.370500
87.550683	-29.769790	-27.827041	21.469585	-77.242921	-63.665448
-69.781714	0.755535	-75.276004	-68.503935	-62.131618	39.664313
83.643983	-18.723331	16.988979	-68.820237	-77.200229	41.522943
-69.024998	100.990087	51.500160	66.544107	-4.973341	42.759865
72.087789	-20.545843	-0.280382	-60.390821	-81.289931	76.885630
99.097560	95.765693	-35.081917	27.147331	-53.447917	0.788109
96.290601	59.099876	95.494367	-95.424588	83.405204	81.561676
-61.182959	68.385741	95.103284	-26.269065	-14.391049	22.699856
-67.028687	82.479132	-9.487749	63.974115	-48.694123	-80.307094
13.472446	-88.158603	-91.578859	75.243683	12.172968	-97.161057
-89.143071	45.009685	-35.846086	-39.438669	-70.233848	-77.561587
91.518931	98.918643	6.100249	41.108041	90.168443	95.873224
-49.733251	52.698135	-13.384160	-18.700328	-17.521639	87.235607
19.999875	20.724638	25.112873	64.458564	80.434373	-62.472548
22.066869	-70.080023	90.373031	-49.587269	-37.538650	-61.083968
-63.376149	75.863555	-32.028603	45.796912	-88.586393	72.019906
63.894645	21.329992	-42.446472	14.251475	-26.795757	51.821925
-90.313183	-14.409689	11.744272	-5.133657	-89.897471	-82.949494
91.078847	-0.540254	49.154206	-83.226428	79.496296	34.820702
-14.421934	16.670184	29.444029	39.591000	52.226482	-5.010544
38.157851	59.163395	-37.969718	-47.200393	-91.667137	-2.741043
-31.417389	20.384324	-50.835058	5.300682	-35.499767	18.922151
7.896093	-47.876841	-29.832653	-25.092537	28.505796	83.419817
57.458165	22.638149	-49.508493	41.388683	-20.060936	51.069432
-3.117192	16.930300	30.412043	92.392933	30.013732	40.544635
-86.310358	-47.944478	5.593116	12.965349	28.723314	-95.457223
71.684440	-74.426700	25.283043	-68.415825	45.441686	29.338298
45.695875	-35.179518	6.805402	44.093323	4.746196	3.453017
-64.130946	71.852037	-74.138531	11.333726	66.679976	-8.416440
-12.342877	-4.583828	-88.276552	49.306665	41.961540	73.395942
99.437947	45.301026	-24.452567	-75.931594	37.807821	86.302262
37.051284	-72.719935	-79.047265	-75.048758	60.160818	-38.206321
52.883193	-29.539843	-49.446253	-15.280525	22.113804	-84.097517
44.343861	50.564554	-74.668415	-20.658284	19.762577	-90.344546
-41.997585	56.187667	41.812017	68.973613	8.191872	47.346509
-49.616039	-19.520465	-51.387520	65.419843	-93.747371	-39.044007
91.150724	-97.605902	92.349079	33.800839	8.832388	-99.100345
-74.981926	-27.915757	10.483431	-43.048711	-47.070424	61.242375
85.412067	90.146147	-56.211841	-11.600014	85.599920	80.005043
2.881330	51.821367	44.719850	-19.466808	79.222217	-59.686659
75.759171	8.681215	-9.354595	77.547134	-44.476983	-3.817648
37.807048	-48.621214	-53.486035	22.878024	-40.677506	-9.934017
-71.320617	-59.664326	-9.749459	89.101171	-28.480894	-26.032101
19.347969	4.533784	-20.293826	-42.071188	88.001069	68.057658
20.591785	-24.374366	57.363218	87.424257	80.733624	51.716973
60.745899	-77.274460	27.400331	57.452403	14.528038	15.578794
24.804779	91.382951	-24.388756	-73.693988	28.136180	-81.726105
1.682927	16.074701	3.392659	88.998268	-94.715426	-25.454294
-0.535868	-30.662232	-26.754964	42.917646	-58.169654	76.138668
41.454580	-23.934386	-45.411817	-24.046341	-98.474445	-84.479558
81.309013	23.393796	38.739735	22.514630	-34.511908	81.283044
-43.127918	-42.001089	94.221253	40.956107	75.625600	83.328618
39.693032	-17.612601	38.493724	59.386878	-8.636345	-45.579265
-20.665394	6.192737	-58.385243	-60.324405	-62.559575	-28.899418
34.992064	62.248857	-34.723562	16.608502	59.602278	-40.038464
-37.238702	-22.767661	-29.268412	87.114931	-37.435837	88.500343
-85.691762	-70.922376	95.531549	56.158127	-70.051741	21.359351
-78.243715	-64.965256	66.477624	53.621925	-75.922035	-2.848340
-29.279104	-37.486731	-44.573576	-82.522901	-31.961173	82.679262
-92.037284	-8.844291	-93.887216	32.091210	-93.810525	-36.517116
-3.332547	65.780257	-90.039766	-36.375831	8.179778	-90.510579
0.956385	56.126866	4.187495	89.212426	20.788993	-22.125708
81.049808	-46.064131	-32.146942	7.147193	-32.091820	-20.212677
-37.629304	27.550730	-56.552847	55.318786	91.699127	45.042253
-34.711921	-79.898827	-50.528783	55.594342	-10.110915	18.966611
-69.373083	-8.795995	-95.928719	73.679866	-9.928374	9.305871
23.633986	-87.372258	0.185976	-71.873480	-98.296361	-9.053355
42.272485	95.569896	70.333359	15.257381	-71.671522	60.159768
82.034529	-10.283978	-55.249238	-71.125469	-30.100765	-16.955410
-92.846546	12.792331	81.221201	71.465497	36.372920	-42.524419
82.614239	-86.902918	-70.295863	93.421238	-96.240211	-24.438435
-95.825846	-6.373908	27.089774	-37.135308	-66.789246	-61.564611
48.215695	-51.791922	-6.085041	49.892041	27.195965	-8.118799
48.364915	80.222359	9.725089	66.523758	-41.782366	-41.441370
-92.741507	2.441278	6.664123	-59.075624	68.044151	-81.437587
73.967008	72.026969	68.026391	49.312904	16.047696	-39.216295
-88.713344	62.920764	83.295260	94.118722	-94.855618	-64.217548
-54.553584	76.335208	-53.977412	58.560613	-32.826175	-93.341348
58.053960	-84.873725	-4.366793	-15.855212	-53.230842	-10.883670
46.674421	-38.054198	75.003660	60.433617	-64.692841	11.971989
48.787890	-68.581582	-58.878849	10.550468	-77.704325	-27.761246
23.008483	-98.260087	56.141433	-64.533805	-31.305222	68.062014
42.554271	-96.715991	-63.193882	53.725218	47.029340	-33.436599
47.791730	-76.030563	-21.269465	45.078038	-19.845602	-89.131630
-84.677708	57.360665	-35.638440	32.780099	-54.068011	-13.708115
-66.696086	-24.932434	-9.988142	-54.720430	-2.392048	93.838959
56.283100	-16.646454	-28.808197	-76.012836	-12.206587	50.114410
-45.636420	-88.706041	-7.623610	76.856154	47.656343	27.326406
-27.030050	32.216438	27.593524	-10.557150	-85.154252	-0.421914
28.665829	-91.782479	75.691766	41.826041	45.949813	-72.123326
-3.837473	-68.932128	-71.936357	88.706774	-90.330809	69.578904
72.797770	50.012719	45.229850	45.705399	-27.403563	-90.794370
-93.102759	26.866229	-21.402333	8.613656	-44.485594	-95.658680
-25.538408	-98.035220	26.972878	-34.262704	83.549620	40.220290
-15.773651	-17.171559	-32.953230	-41.780721	13.445440	48.959250
-84.080401	99.801960	66.561052	47.674347	23.517627	87.662372
58.468868	28.730925	-67.305622	-88.166248	-6.086885	-31.630553
-81.101124	50.139473	-55.059907	21.231852	43.710786	-98.038483
75.533923	2.288327	-49.858713	-5.868713	52.776220	71.254974
-44.770174	95.492386	73.389673	17.860373	0.894544	-30.108030
-17.694201	75.688022	-67.355092	90.866821	6.025386	78.639094
-4.703203	-9.492615	-30.135070	-67.849188	-31.242182	30.499407
22.717757	-69.831025	-36.918148	-52.894364	-48.393524	-99.551602
-28.374852	53.376384	-89.164330	85.256634	-36.227128	71.786513
6.673653	99.061454	44.095342	37.098241	99.680386	93.698258
-14.067762	-97.491368	80.134046	-66.590738	-56.929475	-96.757273
20.143693	-50.084912	18.815202	-33.028709	50.612557	-54.643306
-96.588291	-20.110977	32.414678	72.357126	92.553205	94.819159
-32.716708	-72.728140	-62.989500	82.067129	-41.317320	34.995355
-18.147054	81.098933	18.459939	52.657527	46.655813	-83.500764
-41.685292	-36.906564	-64.232842	66.315006	-16.925634	3.599456
-11.291685	-58.131599	93.725793	37.855806	-17.240624	-86.062572
7.116150	-79.448524	-81.981099	99.139512	-17.949679	30.665979
76.865157	51.421191	79.762465	-75.570635	59.908534	-54.063827
68.870650	-40.033504	-34.618430	71.883691	0.250887	-72.034959
54.166566	-48.356681	-32.751407	83.967366	2.035653	86.052207
66.984691	37.370645	47.158358	-19.929656	-59.134967	-87.549909
90.522598	-86.083869	7.519253	79.356548	-16.418832	15.730005
-11.517693	35.365757	-20.400267	47.113605	70.043999	19.947686
44.017938	87.315627	99.709548	-32.765637	82.144173	18.340121
-67.207893	-37.244800	-53.532210	76.506888	-35.290639	-86.930119
47.137077	25.022523	-90.471681	48.600413	65.267897	-1.171476
-62.466182	17.020877	38.655308	15.200551	-22.644762	-51.076070
18.107782	-3.838719	-30.649356	-65.244723	1.696087	-55.656469
34.432524	46.545824	-17.211323	-6.593854	85.178173	47.132623
-68.468101	88.044515	-7.596561	86.000662	-5.388157	-85.875990
-46.137786	-68.227285	-72.870632	-63.857074	94.884647	-84.998241
-40.269498	20.762628	23.417335	38.630704	97.196545	70.890782
-42.435504	88.049182	-32.214390	58.465033	-11.898764	-1.430266
16.780219	86.205436	68.254937	-46.160748	25.566679	-95.664604
30.897492	69.266073	50.836302	40.166992	-65.785564	-82.955854
-82.813020	62.017737	-42.563529	89.471655	46.129859	-56.661937
-36.007957	-57.635861	-48.059528	57.227788	17.823899	-91.203600
7.830456	67.012747	-28.656718	5.563141	-65.280170	80.413083
-40.444882	-49.872363	-86.768898	-74.028556	-7.235551	-30.393841
-95.885905	17.125574	32.097849	32.515481	-8.569179	2.619899
67.607497	-68.144679	-78.524244	-35.275774	-48.257000	-65.809871
-64.892717	-80.362407	-14.280634	49.807251	-43.289900	17.926102
52.251784	-0.943701	-80.256646	-75.287025	-90.755540	-85.989434
-54.874712	43.923023	-20.847124	-31.643420	63.675724	-31.699113
-55.940353	-9.202409	85.211420	54.313221	47.537600	-63.736853
-42.937991	-20.353192	55.555731	26.656326	-74.053238	33.581873
-92.779869	88.108231	83.679253	72.919362	-46.894750	5.869311
-44.970391	36.092036	96.509450	34.859987	-67.558746	97.942640
-62.249477	-28.949711	-59.456618	29.257611	93.212788	61.883391
-10.248921	39.675277	-94.847509	79.127211	15.172372	89.928465
-57.785257	84.800345	86.905033	-95.588899	-76.637170	-26.529129
60.853861	-27.073428	-89.537957	66.905821	37.169377	66.396037
33.529997	-85.490329	84.804630	-3.134123	-26.006906	63.803120
-76.059792	-57.732978	-85.322506	73.309705	39.150562	-13.078892
-85.910572	28.863074	29.366484	-57.592352	66.003560	76.581637
-83.362999	82.465423	-23.827807	21.928716	87.318754	-86.595258
-95.113749	-43.375470	-69.327712	7.278107	29.309427	77.354985
86.919505	49.869259	81.405727	93.680154	70.688599	72.773314
-44.790778	52.565694	70.624191	-8.980804	4.378103	99.761860
-80.876262	-30.187237	-9.360272	76.076751	-39.351936	89.458091
98.912228	-62.155883	86.634297	-43.532344	-85.757513	-9.714732
-39.748249	-22.285154	-59.303422	-86.875737	-97.831746	-95.982549
74.712235	-44.512674	64.326427	-78.082434	-66.913213	79.391239
57.715151	-68.970706	-0.470049	73.333773	-3.891524	97.542827
-19.529459	-14.733686	69.953466	-44.772805	-74.314818	55.103024
-48.453798	-69.642273	-80.044153	20.554383	-74.010070	32.092208
-5.020300	76.671400	44.946865	15.256870	82.194072	-9.492105
0.678440	-77.160533	51.483737	31.030478	-97.302347	98.551556
-70.666829	49.810479	13.463815	51.257492	35.157214	58.097224
-34.981855	71.041626	-1.424095	-0.126454	33.953279	49.132061
-3.181282	-76.437465	19.540102	-25.379150	61.624638	42.472646
-87.173298	-62.159599	46.758635	4.049647	84.516875	28.235843
61.031915	-5.724325	49.081084	69.416472	87.930536	82.049467
-73.056491	-11.050575	-49.395098	58.401633	-95.984483	4.040331
60.033387	-45.103300	30.466749	-42.689461	-23.625865	98.138422
-91.025007	-71.041145	65.902443	-50.814169	-72.943977	75.976381
-86.630391	51.969411	-3.648211	-69.160143	77.060462	81.563179
22.561971	2.710063	-17.420287	-50.375794	-30.932813	100.072910
71.712367	-65.061269	91.694303	-83.512505	-70.726224	-65.157341
-43.081243	42.335829	-58.988895	-42.899417	-79.627491	-91.424125
40.196550	8.503745	65.672221	-38.668214	-66.569847	74.735585
-2.555184	14.054082	30.080259	68.935670	71.834022	67.083888
19.753638	-93.960848	-67.440135	-30.452298	90.782567	-31.577152
-64.117786	86.184165	81.239823	-23.000047	65.265804	-3.404651
35.612397	-6.014666	25.859994	64.584801	-41.349874	20.014945
63.167836	-31.763518	17.489280	-79.732710	90.409717	-21.544099
1.374788	-6.816288	-16.295325	-26.675349	-14.227277	72.120567
57.873546	-43.402952	-48.997001	39.361740	44.527049	92.444088
4.404367	-26.832817	43.370858	-50.019392	8.245846	-58.084591
-26.230242	60.262750	13.136181	-93.891221	-38.129213	66.211410
94.212628	-54.007314	46.719816	-37.131533	-56.574816	-63.663727
-95.243396	40.281462	-54.846691	10.439406	-56.373159	34.419682
-35.928749	15.626832	55.781536	33.683463	92.591270	30.316508
-13.744167	-18.607232	95.377411	-51.194848	2.178655	-21.142035
20.252272	31.515130	-6.423903	24.815595	23.072474	-72.423554
-11.939418	92.776091	42.187590	-57.728249	-35.048020	58.212298
-78.836462	-55.288076	-22.529922	-11.876061	79.073106	-5.850124
-77.180713	-42.796816	-92.788560	-78.072455	-94.002334	39.598508
87.743628	83.864498	-85.268843	-74.830919	-26.084597	42.640244
55.501595	-34.715072	-9.780168	-27.486735	71.052932	94.616479
-22.685011	-36.093281	-42.001013	13.456697	82.689867	9.410453
68.259506	21.872062	-21.884494	57.808794	98.604004	90.081620
87.775235	53.800179	3.714307	45.258032	-90.751803	-54.197550
30.000144	-9.508909	-45.015027	-9.845767	37.844261	24.675690
77.097127	6.462324	-54.777334	-22.250043	55.236340	-58.596028
-25.495329	20.426750	30.123731	36.956226	12.472494	100.334330
5.825644	-27.883847	95.042127	-89.051452	33.461126	-40.927066
-10.402543	94.072362	-53.802265	24.180543	-36.655100	47.359149
-93.836718	9.551784	64.142226	9.769661	13.270565	-41.147884
-68.503341	-44.281616	-32.179860	-18.084439	19.292827	80.806012
78.960092	-79.864196	94.176541	-15.651775	91.482494	-95.343400
27.790174	81.016402	-54.568371	-50.738558	-88.704149	88.346464
80.141175	56.257461	90.417097	-75.954095	-48.101217	93.632977
-48.087812	-36.156475	80.241806	-37.993129	-12.543054	-75.083722
48.015365	96.469478	82.412617	-69.601430	-50.443387	98.733340
-58.439736	14.448012	-48.212572	0.183508	48.111279	-53.951726
50.620955	-92.570632	22.020630	-20.601224	-56.772835	-5.547862
-61.722283	-93.647282	91.099253	2.219283	90.936917	76.727571
78.010912	3.138394	-65.537991	-19.257986	1.085338	-61.137874
88.334229	-28.104539	89.375032	-82.794663	-22.748470	-84.477297
12.529821	26.444003	-67.447865	23.471841	-23.741415	68.449748
15.228629	26.440605	43.564583	-4.999441	-20.941268	-72.725931
54.243314	68.924147	-24.168233	52.829692	27.068329	-45.101128
-8.204852	53.008140	83.145845	64.246464	-23.754873	-18.601277
-20.204836	-89.334487	32.466634	-37.459156	64.355803	73.034451
-16.354205	29.017487	-25.656681	51.329838	58.332294	27.497760
94.927116	-41.542845	-21.514607	-60.399259	94.132114	-47.336142
-57.317159	-99.424528	-57.549429	10.933101	21.284372	-38.849055
-44.703833	-40.564146	-52.734174	94.956534	65.761046	-83.280387
100.019896	-33.281978	61.387909	-63.038177	77.905457	31.954079
82.476718	-4.827791	-51.788993	42.139222	-30.093755	-73.743866
50.551514	-49.676041	81.413640	-29.671667	-26.964325	-60.436807
90.816923	9.114512	76.529607	41.093127	91.190014	-18.532757
-38.516645	-1.137942	-86.169962	-76.926254	-84.286151	93.935900
47.063181	86.429262	-50.969389	-99.523346	-13.055789	-94.365389
97.478413	46.552519	-64.246776	38.155210	-30.752658	-24.431715
80.525035	36.083256	-52.035325	-48.668896	77.591738	80.326406
-38.159626	13.892733	-99.634385	42.020470	42.523836	-29.795632
-45.896012	71.249643	-17.925789	-6.641898	-7.662123	-77.437520
-26.752818	-51.393066	-58.930404	-0.877841	-77.889541	-43.368366
77.214514	-73.350722	-47.297036	-32.928345	29.555109	98.290859
92.306769	-75.284112	40.247617	96.369849	97.853548	-20.750524
-16.327916	-68.263340	-18.574708	57.245119	-13.603571	21.376335
-20.056959	73.058003	-59.263513	-13.596913	-74.053317	56.794373
59.059163	-87.516094	-75.177236	-91.689650	-74.301757	-11.759463
33.979562	-96.576089	-43.687106	97.257996	15.729945	-78.863155
-91.323751	61.833637	66.958515	-26.740268	97.894811	99.731862
66.566326	50.234659	-4.776377	-57.342509	36.099511	91.861470
68.370516	-26.337415	61.899870	26.090555	71.943870	-57.409685
-72.623831	67.483668	-34.723605	-68.208918	81.776561	-33.315651
-37.325785	-28.629666	-63.117464	-67.103907	15.909240	99.063040
11.626904	90.325997	-57.454054	-81.301698	-76.359789	-44.325786
-11.912691	-57.012091	-87.723236	20.963622	81.265644	-70.642935
93.543981	-10.570873	-13.621607	-64.734436	-78.206933	-8.627643
-84.816964	-90.221405	14.308930	-18.772555	4.170363	65.027974
-23.962735	8.602231	-41.410940	-45.888381	25.657230	51.511130
53.967403	-25.145504	-34.375767	-8.247964	-49.532379	-1.537378
-51.459122	19.123870	-88.883958	-83.889376	21.351929	-64.576367
-80.222470	-65.139243	-9.353551	3.235070	15.921666	-82.311145
-62.606255	0.299980	97.970247	7.296316	82.026774	-24.449908
86.769912	80.326605	54.345727	-50.091554	-16.383757	96.220069
-58.161774	-49.978954	67.398069	17.355352	8.823129	-76.359870
28.968274	82.203083	-93.606386	79.450406	9.176444	-94.884232
4.280088	63.322275	15.267247	95.783342	57.354706	31.524560
30.029016	-80.663236	-57.210395	65.743505	33.891232	5.318622
22.067479	18.833471	86.653591	100.749249	58.684587	31.039699
-20.675007	-85.523572	-80.611599	-11.826739	84.565756	8.586782
56.807416	51.790940	-1.015290	32.288875	-97.469667	-79.720619
-43.582755	7.336706	81.932251	-22.906332	3.627907	-3.771899
-55.949023	75.000755	21.579438	-29.799080	-95.259539	-53.099059
-28.563091	6.462228	48.433102	46.046256	79.763260	18.438335
-76.035598	-65.830242	-57.706391	25.215378	43.289917	-13.051955
-45.307087	-84.131504	-42.127463	20.057154	-66.700095	30.012443
28.318933	81.304993	-52.590339	-0.039772	-42.576966	87.388920
46.071209	51.592680	80.211208	-52.226976	-17.036273	66.043427
-75.294206	-69.833348	30.000312	30.100898	44.905543	-27.560702
-93.094148	-76.566764	-72.813462	-17.230020	-66.197894	-36.285041
-66.315743	-97.655702	-15.415685	-11.439254	82.357101	-66.848070
-33.275815	-18.417361	22.796444	-76.972264	65.131555	-98.630249
-96.870189	27.137679	46.972598	-99.916607	-0.626428	72.633805
86.101249	58.822098	-82.253234	59.095719	-40.445647	24.885070
59.021188	4.263926	34.771787	-64.144944	-6.447715	-32.547363
55.055077	73.046297	-94.167987	36.601065	-82.832909	42.895606
-95.201108	-61.175451	69.896805	5.439209	72.981867	52.124154
32.172684	20.700995	36.318361	63.509891	25.850510	62.851475
69.208050	-16.299548	79.956426	-40.788730	1.960245	82.822845
-0.040359	45.976479	66.613197	-94.880054	-52.394452	-15.119368
-39.519863	53.947596	-72.890980	-83.415256	-81.449368	16.868957
-17.971221	61.212249	-78.568299	-34.457712	40.107881	-0.234914
-34.808417	-79.683343	-63.333371	-70.634769	-72.887693	-68.554725
0.618671	-52.339793	-61.841149	57.129721	9.873552	-21.044484
-30.867121	29.826200	95.773435	-61.731550	-39.317818	-5.297194
78.729364	2.037123	82.729714	84.678544	-95.297314	-18.841110
5.128482	-1.338818	-77.126748	-95.475202	-9.243496	59.909761
-95.490112	23.582575	16.141367	48.214657	-95.884813	24.884153
10.053391	-56.594729	-88.688393	13.825873	84.401869	-87.812855
86.918220	-80.108998	3.662771	-76.433712	99.475621	-24.291993
-91.913119	26.805989	17.055489	-37.397802	39.391514	10.765077
54.954985	49.187075	-76.193829	-22.221442	67.257385	-23.826383
-64.793549	-16.548001	-14.090268	-87.513465	-9.082059	79.844117
-84.736502	-35.356273	-4.413684	3.356030	-4.671000	-14.190070
40.136692	53.169731	44.658168	7.798651	30.934535	28.453319
-83.106259	16.443703	30.717353	29.169108	57.847430	48.015662
-67.164935	-8.495662	-7.195694	-8.663080	-56.328839	4.985172
8.869039	33.354018	52.427244	-63.402944	86.030549	-14.169078
-65.439651	-62.837389	-86.470986	24.406877	-5.907348	13.686475
-94.821781	78.418025	75.750543	-57.471263	2.805046	-6.753473
-73.339755	-54.941219	-25.023731	46.550534	-76.620096	-42.563370
-37.361520	21.648377	54.315735	57.365583	-76.431081	-18.043930
90.315229	-86.281700	71.391718	-6.810499	-5.119469	-62.755016
88.776746	38.318847	-34.600313	42.946620	19.855669	91.490669
96.409478	80.772398	-21.818356	44.218702	-36.131809	-51.480774
3.992169	-13.852320	32.122039	-10.225116	-98.422289	-88.490811
39.499562	-24.891706	61.379225	-23.040938	-57.626048	-90.199458
84.986807	-91.005209	-90.691725	-24.404026	37.181950	-52.679060
77.407549	52.148208	60.772859	-52.515035	18.166618	39.199830
79.653652	50.871543	-65.681160	80.805565	47.491888	42.140636
29.789324	-40.330719	23.608722	88.174855	-81.619438	54.693421
4.127471	-76.332842	29.697027	90.572155	-5.389207	-76.819636
46.753732	-68.031219	-62.904357	82.401844	0.796985	41.717715
-10.266024	48.259148	-33.436301	-81.261959	23.013303	60.919475
18.822927	87.159138	-94.673473	-49.244438	39.321906	-72.869061
-93.580812	51.371178	-14.722416	-16.864635	15.847998	57.695738
25.175187	-47.428636	10.271528	17.398183	-96.421076	-12.706030
-48.885450	-13.265692	-60.690364	-23.982736	-15.057418	-76.508142
69.532972	-34.780745	-93.675316	-32.475283	10.870987	-20.954537
-8.742152	-34.711172	95.507583	-36.866545	-11.997639	50.871023
97.634904	88.971228	94.790650	-37.416166	56.658341	5.306517
56.905942	-22.160640	89.424154	-57.035932	43.283850	18.823551
-34.318325	-50.132512	26.060956	-76.642551	-43.628599	-53.143982
-56.528597	-51.889975	96.721605	-16.176802	-90.412312	35.677926
96.512205	-0.370480	-73.926266	-25.577269	97.490376	58.256231
-2.333915	-2.241633	61.401588	96.773024	-36.003993	34.692920
71.671945	74.317213	73.706635	18.820326	-64.626618	6.292634
11.155988	-56.511996	-48.095390	73.546865	-48.002857	-97.755966
10.987667	-33.367583	-0.673705	-39.260425	-33.290450	79.939191
-3.736923	-61.284385	-83.341816	-77.048617	26.058254	-65.975071
-77.567902	-8.910941	-17.067086	-87.002226	-27.352789	-5.376138
5.384342	34.000968	20.285919	-45.914018	-48.523521	-5.057887
-78.895012	12.751294	-45.021345	-53.647035	51.935094	97.178391
60.231846	6.699320	30.301885	10.983485	8.047969	-8.068381
-63.671239	89.763124	-91.120863	87.103700	34.949731	38.909936
5.941328	73.706496	4.303431	28.003209	-51.002283	73.276545
85.208131	38.362030	2.506874	-6.440842	-59.909155	-22.483613
25.520187	-33.309869	9.872307	-10.206303	90.973609	39.681491
2.013500	62.084029	6.132922	-81.074875	8.913983	-91.928121
40.373823	-2.355206	99.841109	54.425774	72.031114	-14.652969
-69.826457	-59.466143	71.691466	-79.347296	97.026339	36.935792
-26.214593	65.724233	84.336768	-88.721923	88.799532	-70.462796
86.207231	-13.963684	-15.236254	30.846641	-65.241615	55.010600
82.173028	1.342460	12.118312	-14.911392	-78.010551	-45.289733
-68.136667	-1.645527	-99.321536	-72.971594	11.982143	86.312444
-99.860285	85.718065	50.742733	-73.774356	-67.068887	14.830750
98.488648	32.649803	-83.751020	-90.690164	5.328977	79.076463
86.432850	60.266445	-97.299172	26.759479	98.567215	5.874199
-34.838060	34.849496	16.652487	-18.053617	-23.958102	97.097393
-49.935820	-17.118057	-86.043700	55.315834	-66.810881	-15.593182
-58.624128	6.176980	86.632000	-49.673375	3.984845	75.845331
-54.289692	-74.482952	25.666459	51.993344	54.021661	29.140943
71.442688	-0.081319	-67.712909	41.401448	64.130683	-56.648850
54.986976	-1.662865	-74.881369	-1.332715	-97.810608	53.584092
-40.554032	-76.019600	28.388653	-69.122538	-2.200753	27.717710
-79.037149	85.840565	100.431282	-43.720629	14.196825	-0.169650
43.550009	-61.487547	-81.706805	-84.085767	3.324232	54.911029
-55.839314	-4.157712	-65.928249	-99.821109	-69.836143	53.850331
-15.955509	-72.124727	77.796431	71.353971	-98.745818	-32.303136
85.606502	-73.957356	-69.292237	86.698893	-13.693411	42.366757
-53.672726	-25.440573	47.525893	78.646195	86.794411	7.770334
46.010239	-7.947907	-45.040658	45.471033	-11.732826	-70.511083
-62.861646	56.911806	91.830975	-31.367658	56.621868	-22.016008
-65.786464	39.876954	44.004689	13.264179	-62.609307	59.897626
15.174003	-94.520608	-53.218359	-14.100917	48.892485	29.257811
20.291489	73.510762	17.657896	-10.857675	-62.745713	-10.611313
-10.147355	69.418525	87.298207	-2.585252	-29.662239	-97.443602
65.728499	9.899219	29.703823	3.024240	-52.037343	58.600417
45.618698	89.711170	-0.096898	37.226729	-70.206551	71.275063
7.265823	84.728878	-20.983265	-5.879661	-71.400417	-56.008024
56.113335	62.486490	-22.625847	-35.291077	-2.693363	81.826629
-31.636841	-53.101596	49.846996	63.986714	5.978281	81.100109
-75.576395	-73.344355	7.980624	-63.947852	84.444601	-77.764570
-21.986677	39.068641	36.905625	100.208943	-44.760135	48.295207
60.731284	-22.877632	3.443545	-69.103844	18.434083	-3.651983
27.796268	8.536889	-72.300471	-85.921080	-35.662018	-48.646265
-37.237988	-57.213481	46.723393	42.130839	-34.047820	28.599311
-61.854082	3.335461	-62.464161	30.822278	-42.034561	55.263306
-18.785109	65.973975	77.532352	55.955911	28.640146	-21.774111
70.993410	-15.722552	40.726497	1.373759	86.143394	18.007381
-44.550709	9.817044	-80.378712	29.904651	-99.288506	61.733355
-5.590956	98.517239	-50.982265	72.485846	99.133790	-52.089850
16.171152	-76.170707	-51.963437	98.011466	-1.371726	88.486337
52.651208	98.342655	-1.991339	-23.558285	-24.223307	-13.231661
12.467738	77.514498	64.063737	24.355938	-69.367966	13.533247
36.592867	-15.261634	42.560300	-60.433383	-34.852343	-6.648533
-53.833536	-34.810863	51.361732	81.952764	18.719786	45.708333
-71.199538	65.554630	73.042715	-38.790531	64.601623	26.595235
46.873758	-15.863175	27.416391	-48.919070	81.472977	-39.893347
63.160514	45.747702	-70.223058	-79.787722	66.527227	5.034456
-64.700739	-15.839670	3.321582	15.170816	79.087783	-57.029553
-42.116892	-46.798834	40.641693	-93.717796	-77.511850	-47.700644
91.035237	-69.479380	-50.440051	55.548290	-50.348181	68.816083
-16.259559	48.178942	63.122501	12.191974	-42.413961	51.179338
-34.361062	-2.651054	78.489200	36.200963	56.485316	-65.800698
-77.335148	-27.488149	-97.115772	-1.542036	-2.790313	-99.869935
-98.024112	100.312851	7.961179	98.541368	76.914265	-90.924553
96.408346	31.724190	89.805132	-70.381479	-91.067198	57.000484
20.054401	40.616311	24.304926	-15.555394	81.852882	-87.758749
-15.050576	-78.133555	40.532955	-16.679190	71.235294	59.402438
80.926097	-70.288496	28.515038	-88.305523	-54.705234	-47.186866
-84.892298	27.822691	-30.241684	13.228571	-82.918141	35.419057
-53.669781	10.211194	-73.501731	-37.984342	79.027708	71.430596
31.442288	-25.401440	-7.170320	-11.368963	-34.121349	-61.011730
-51.240329	-60.502642	86.668092	23.741702	-43.096884	22.807294
41.073192	-97.106218	-4.805706	50.331051	71.505841	42.396910
-42.366578	55.939420	-69.826738	3.325899	71.357747	44.427164
24.439010	-72.374135	10.264536	37.190048	71.281196	68.652479
96.039220	-29.063479	37.213352	56.331181	-90.367346	-44.527098
64.454123	56.943555	76.012615	9.667209	-4.325853	5.428052
-16.737020	5.335552	20.510868	-84.872437	-86.789665	-1.252121
24.114332	2.880504	97.781619	-1.899838	18.315321	-7.894827
-46.424562	-3.693566	68.343447	42.329332	10.360098	-18.851765
4.520169	-9.369576	13.568125	69.229754	-28.203483	70.565119
-47.599623	76.948807	5.410573	74.536381	37.994260	32.521201
95.437803	-11.449612	-10.540816	-90.176703	-14.714246	-7.673593
92.177261	14.296819	32.293006	16.494734	-14.488025	-23.229948
-32.423007	63.894887	95.364254	-33.579801	65.769518	-65.039487
30.983415	-21.962801	95.457145	3.273274	84.692743	8.619656
-40.623876	-74.145079	-53.062756	-32.175161	-94.870281	37.755183
45.842025	90.670760	97.245225	96.307961	-14.466261	-86.443300
-7.100028	65.238782	87.669904	-48.112395	19.815883	100.574807
-49.517589	65.652574	-16.223299	-70.806756	36.550224	30.783059
-76.631728	-91.565932	-52.114987	19.861451	-69.724230	-35.037071
36.436030	-44.420974	-75.029700	86.317432	70.544084	87.530715
-6.725001	-49.300941	-0.216193	80.093167	-63.975622	-68.041166
41.387338	84.280882	91.647378	12.104344	94.434553	92.663046
74.243026	-23.270122	-48.277571	-76.262088	-22.103602	-35.348509
-10.003930	17.772667	97.163462	-1.298259	-67.869087	-59.833208
-80.247012	-2.545957	-26.682890	35.230710	-86.227361	-2.692427
72.680538	-92.215104	-95.244901	91.527469	76.878520	-2.146746
-40.853873	-20.273070	-74.762382	-86.356216	50.774942	-3.624603
-24.073594	93.963574	35.856689	-42.439140	63.330316	-15.407900
69.106308	-50.218636	-17.149820	-7.838774	82.037759	95.705188
49.238009	72.145293	-51.361810	-55.686902	-81.132198	80.079249
41.607925	-96.697529	-6.693603	-80.858990	-16.184390	5.486775
61.439249	46.830443	-53.334685	-18.401532	-61.761205	5.802092
-63.426444	-61.765161	-32.132525	10.404842	-83.304144	-45.230013
57.027377	-85.343929	-83.587338	73.395143	-22.450116	52.653204
93.993282	-57.415538	49.605391	56.974409	-52.538768	99.386380
-89.217647	-67.253291	-90.714055	95.439231	-10.876680	92.702609
-71.332786	1.515816	29.996989	-72.422743	-80.025644	-88.505690
34.424840	34.544640	61.960111	22.082462	-33.086465	-39.645894
-39.045898	-63.299286	55.133387	-41.325988	79.067267	20.768918
-88.002340	-89.829333	35.039232	-52.370863	73.245812	28.967090
38.105002	-83.088436	-37.955857	-10.809959	-75.360114	-14.489490
0.789210	90.361141	44.599394	50.478088	-18.647664	77.706190
63.510316	12.618824	78.501953	42.062732	-54.034185	-21.929323
-20.546313	81.845967	68.407242	-16.059467	64.371428	5.725204
-90.697217	-78.591903	-76.115934	-19.661070	36.544937	-20.404798
-37.921402	38.785583	78.987313	52.722135	86.563448	-92.675000
9.228035	83.908957	39.767068	17.755064	-61.432084	31.115896
64.830704	94.856263	-45.249370	95.608522	-30.081467	-89.773681
-99.514426	66.932814	-16.921490	-87.043046	-64.809081	63.978028
67.569429	-32.775592	-75.919527	-74.182315	-18.025538	17.655815
-34.267626	-99.520068	57.759575	-61.520048	-52.249340	59.614316
-41.864384	-91.244420	96.639433	-64.242134	87.423054	82.433908
94.251465	-55.929931	51.221929	-2.186971	28.487528	8.099260
-2.781107	-83.333646	-64.856787	-25.205692	52.713031	48.007706
86.274713	26.275641	-85.961495	-4.039468	38.960625	-85.843658
-8.234241	-30.158965	-2.521846	80.499600	-71.729118	-19.384559
42.733619	-86.842183	6.363274	-52.566361	65.047707	40.311748
-44.503517	69.953746	-29.636888	-52.261860	-78.708958	57.203980
76.327942	-37.545293	4.357768	77.102444	4.296854	-77.532043
86.348701	-92.972234	-69.679699	73.046863	-61.442892	-49.759669
89.976376	-75.411043	-49.315225	-82.271858	98.433744	10.487605
24.251911	18.149418	17.299522	-35.645055	-51.323681	49.338867
70.074860	41.319423	-28.690645	-75.664876	-60.993647	-48.038197
-37.033647	-33.609700	24.041206	5.767765	18.018795	-65.417958
66.908203	-86.823616	15.691042	61.563589	45.848160	22.945519
55.123918	13.766751	-35.461130	60.937921	59.724909	54.615589
92.939354	-53.932036	-84.166704	50.986006	11.883805	24.072923
-74.861722	-31.532827	-59.979710	74.703984	-6.400151	77.793045
48.909131	45.629569	34.281249	91.466647	47.009474	43.871717
-47.992025	16.006094	44.252405	-55.535863	21.408417	-33.839687
-57.601661	-50.685263	67.658796	-92.594317	14.984898	98.175233
-66.927935	-2.320950	64.602086	73.267787	-21.220716	-71.032422
94.343122	-84.910565	50.077915	-4.968609	21.856400	42.090937
65.772024	-80.386209	-29.139505	-70.629164	60.214756	55.033738
48.300490	74.830465	69.645993	-25.644107	53.726026	13.341066
70.171346	92.917795	46.432268	41.013992	5.055440	3.104025
-96.518554	12.578509	24.717570	-46.175696	-52.854233	58.800549
-80.301472	-26.073215	7.345620	-1.813386	-30.748274	16.755550
92.153612	27.283378	-6.024707	-40.165335	48.845998	-33.198277
12.324726	70.174828	-83.933562	-97.046022	24.022276	-25.555804
-80.842332	-71.356761	-74.026766	6.447521	56.239069	19.453006
74.729130	24.953751	-70.856602	-56.117894	4.920041	16.727261
57.669543	-94.879824	-78.746244	65.574795	-36.996476	77.654645
55.037772	-26.168197	-20.790807	-98.831003	67.164517	9.924152
-73.375458	34.498607	-17.695278	-71.284347	-30.125278	28.132027
4.449312	52.296477	46.274245	86.106540	-66.601514	78.217977
92.069083	45.835088	-52.873558	57.545347	8.615214	46.362253
62.090416	-26.781233	-99.547974	-4.775770	-41.956388	75.252367
97.255395	61.268440	55.557120	45.254538	11.700003	-37.389955
73.744829	-8.828444	-25.905771	-45.648480	-34.749723	90.851823
-4.720593	-88.423541	46.931132	33.329288	29.106826	26.256819
-20.692229	99.072594	87.623916	74.756766	6.972446	-45.301089
16.801761	39.726598	30.347362	3.421632	40.421036	-76.823400
84.349528	-53.071688	28.643768	-94.779629	-56.533785	85.932155
-10.321281	-55.568818	97.265321	97.180520	-49.463680	9.352668
27.108402	26.223413	4.037069	-30.237830	26.581451	-38.270643
-67.565262	6.407327	24.358535	5.638144	55.976871	70.066728
-72.319273	-55.863648	42.994907	89.527292	88.289102	-81.692887
5.497934	8.614089	-83.977870	-8.337444	65.316687	77.203285
-29.906363	58.956236	73.851024	72.532467	73.765483	-56.270516
-64.380660	-41.388024	73.296931	-16.782273	-61.616399	-63.236790
-65.175722	-34.393774	-22.221529	-67.068375	-8.882335	6.887321
-78.870235	-80.000163	15.970447	-72.555618	-26.517117	48.577367
-87.495407	-12.144093	-88.193129	45.871521	-47.671778	81.801320
-74.045340	35.628772	1.305933	-60.098962	-47.942979	72.803865
-53.696808	-66.858339	-30.167652	-36.848523	49.051385	-79.875566
62.891191	13.160683	-79.136830	-38.645803	-99.372294	55.040450
-2.405727	29.753152	-82.386800	52.492382	-6.519167	59.463304
45.361526	68.179824	-74.750066	27.224960	-63.618805	-43.567229
-14.321546	-66.085375	76.456550	5.315594	53.353621	-83.178195
-12.577348	33.475311	35.384014	-86.130529	-25.263275	-72.520554
92.140422	-94.320483	-85.728276	-80.276858	62.523743	89.093759
-79.129454	20.263906	-71.711938	52.786443	-72.372575	46.175388
59.136577	88.294251	91.024430	-77.741605	-55.689764	16.461698
31.264830	13.933308	-83.142716	-99.234815	30.099266	-58.820357
16.407902	-27.722350	64.605634	19.275927	94.449127	-19.538780
89.682958	-76.127916	-96.736259	-69.815727	58.892388	63.359024
46.541190	17.341977	40.571797	-48.030946	99.673520	-30.838986
-45.181370	9.677983	34.296329	-97.056894	76.828680	-44.889200
47.230073	-90.210121	-94.121991	-33.470400	67.347176	59.114993
79.230578	-54.037688	-66.249125	-84.617439	62.171279	41.271564
-94.300204	36.749278	-29.735985	49.122120	37.371872	-90.939418
-50.939563	-95.308696	98.819468	-34.235205	-93.890544	19.467165
-10.703809	100.520415	-80.281688	85.698418	18.831743	85.287607
48.440191	5.723652	-95.459833	92.331907	92.280149	70.627195
72.625318	-32.393849	28.567751	-50.806692	-4.392302	-31.776868
52.534965	44.376242	24.797671	-64.886321	-21.886015	-81.166038
-94.641726	-31.631223	-40.769023	64.846023	-7.866464	-10.874894
-2.266917	-6.013999	76.761138	-34.919872	-91.291166	21.482302
-36.597697	-39.800793	-82.629841	-33.632960	-90.023201	-18.281865
-56.715319	-81.844783	58.814176	-69.888441	-5.514326	-30.648619
9.862109	68.602202	-97.329387	95.087056	-75.935004	-54.094166
-16.052178	-34.748248	-53.468457	-30.745144	81.473186	79.613991
67.347072	-67.704369	-54.495190	57.185102	84.032776	24.121295
-56.087409	-42.424922	-89.701052	-85.963035	7.012222	-10.413966
97.699949	8.729858	58.106205	-7.884518	23.279948	19.031785
-59.312724	-50.487885	54.159286	-78.619321	81.276379	-52.172753
65.467193	3.658615	-50.219373	79.533578	47.528095	-47.949916
71.803342	-19.936507	25.442784	83.935771	67.415522	94.160963
-41.203136	15.132311	-32.365383	-12.535195	-8.813008	-15.832070
-54.971040	-92.491368	-40.882774	-75.070060	-31.890448	-14.387641
