100.000000	0.000000	16.894759	100.000000	100.000000	0.000000
99.999952	0.000000	22.271814	99.967956	100.000000	0.017514
100.000000	0.000000	22.309331	99.989665	100.000000	0.000000
100.000000	0.000000	17.168888	100.000000	99.991674	0.000000
100.000000	0.000000	16.912948	100.000000	99.998881	0.000000
100.000000	0.000000	12.413280	52.805928	75.862433	0.000000
100.000000	0.000000	22.299016	99.999550	100.000000	0.000000
99.999611	0.000000	12.522931	53.998379	77.199270	0.003104
100.000000	0.000000	22.325097	99.995090	99.988977	0.000000
100.000000	0.000000	22.319645	99.996282	100.000000	0.000000
100.000000	0.000000	11.992009	52.871139	76.421329	0.000000
100.000000	0.000000	22.319044	100.000000	99.993829	0.000000
100.000000	0.000000	17.227841	99.948024	100.000000	0.000000
100.000000	0.000000	22.315272	100.000000	99.972979	0.000000
100.000000	0.000000	16.790155	100.000000	100.000000	0.000000
100.000000	0.000000	22.317034	100.000000	100.000000	0.000000
100.000000	0.000000	22.303276	99.988631	99.999498	0.000000
100.000000	0.000000	16.987110	100.000000	100.000000	0.000000
100.000000	0.000000	12.273041	53.286529	76.242706	0.000000
100.000000	0.000000	22.322816	99.983206	100.000000	0.000000
100.000000	0.000000	11.957087	51.914732	75.018713	0.014478
100.000000	0.000000	12.484393	53.349638	76.643238	0.000000
99.995801	0.000000	11.964353	52.734689	76.215773	0.004202
100.000000	0.000000	22.309653	99.997394	99.997141	0.000000
100.000000	0.000000	22.319327	99.995075	100.000000	0.000000
100.000000	0.000000	12.430259	53.191983	76.333652	0.000000
100.000000	0.000000	11.202148	52.228192	75.855142	0.000000
100.000000	0.000000	22.313347	100.000000	100.000000	0.000000
100.000000	0.000000	11.779493	52.051321	75.328315	0.000000
100.000000	0.000000	17.476288	99.982767	100.000000	0.000000
100.000000	0.000000	22.303677	99.979708	100.000000	0.000000
100.000000	0.000000	22.317199	99.999086	100.000000	0.000000
100.000000	0.000000	12.409365	53.590711	77.177320	0.000000
100.000000	0.000000	22.318896	99.982753	100.000000	0.000000
100.000000	0.000000	11.996049	52.062651	75.566538	0.000000
100.000000	0.000000	17.437986	100.000000	100.000000	0.000000
100.000000	0.000000	12.418620	53.777409	77.898078	0.000000
100.000000	0.000000	22.307433	100.000000	99.993243	0.000000
100.000000	0.000000	17.043613	99.957580	99.997773	0.000000
100.000000	0.000000	12.504409	52.512836	74.996023	0.000000
100.000000	0.000000	12.124137	53.105105	76.414596	0.000000
100.000000	0.000000	22.327256	100.000000	99.998861	0.000000
100.000000	0.000000	22.304602	100.000000	100.000000	0.000000
100.000000	0.000000	17.014173	99.993237	100.000000	0.000000
100.000000	0.000000	12.077154	52.659375	76.033925	0.000000
100.000000	0.000000	22.307643	100.000000	100.000000	0.000000
100.000000	0.000000	12.163823	52.654759	76.706822	0.000000
100.000000	0.000000	22.307954	99.983242	99.989589	0.000000
100.000000	0.000000	11.715565	51.699106	75.120512	0.000000
100.000000	0.000000	22.307084	99.993384	100.000000	0.000000
100.000000	0.000000	22.327414	99.999864	100.000000	0.000000
99.992570	0.000000	17.016698	100.000000	100.000000	0.036492
100.000000	0.000000	22.319488	100.000000	99.992728	0.000000
100.000000	0.000000	12.066989	52.228671	75.618652	0.000000
100.000000	0.000000	12.213531	53.294437	76.850453	0.000000
100.000000	0.000000	12.405078	52.964121	75.248370	0.000000
100.000000	0.000000	11.874061	53.565633	76.967891	0.000000
100.000000	0.000000	22.315523	99.984663	100.000000	0.000000
100.000000	0.000000	22.314984	100.000000	100.000000	0.000000
100.000000	0.000000	22.304129	99.984318	100.000000	0.000000
100.000000	0.000000	22.306229	99.992636	99.992166	0.000000
100.000000	0.000000	22.315177	100.000000	100.000000	0.000000
100.000000	0.000000	17.154237	99.998179	99.992015	0.000000
100.000000	0.000000	22.296870	99.979891	100.000000	0.000000
100.000000	0.000000	22.315834	99.997609	100.000000	0.000000
100.000000	0.000000	12.429663	52.684460	75.569900	0.000000
100.000000	0.000000	22.307341	99.990596	99.994355	0.000000
100.000000	0.000000	22.319687	99.997342	100.000000	0.000000
100.000000	0.000000	22.308825	99.985766	100.000000	0.000000
100.000000	0.000000	22.305527	99.997124	99.980922	0.000000
100.000000	0.000000	22.311681	99.990169	100.000000	0.000000
100.000000	0.000000	22.317658	99.985396	100.000000	0.000000
100.000000	0.000000	17.162324	99.975528	100.000000	0.000000
100.000000	0.000000	22.301857	99.999568	99.987454	0.000000
100.000000	0.000000	22.318751	99.991526	99.997904	0.000000
100.000000	0.000000	12.629667	53.592641	77.008858	0.000000
100.000000	0.000000	17.057009	100.000000	99.992976	0.000000
100.000000	0.000000	22.315208	99.994102	100.000000	0.000000
100.000000	0.000000	22.327606	99.994556	100.000000	0.000000
100.000000	0.000000	12.199281	53.036482	76.353481	0.000000
100.000000	0.000000	17.186790	99.983015	100.000000	0.000000
100.000000	0.000000	22.300118	100.000000	99.983262	0.000000
100.000000	0.000000	12.257872	53.181151	76.595414	0.000000
100.000000	0.000000	22.317607	99.991141	100.000000	0.000000
100.000000	0.000000	22.302812	99.999073	100.000000	0.000000
100.000000	0.000000	22.319761	99.996318	99.992705	0.000000
100.000000	0.000000	22.314935	100.000000	100.000000	0.000000
100.000000	0.000000	22.321869	100.000000	99.998534	0.000000
100.000000	0.000000	17.325307	99.999303	100.000000	0.000000
100.000000	0.000000	16.855861	99.983452	100.000000	0.000000
100.000000	0.000000	12.534748	53.149451	76.892681	0.014832
100.000000	0.000000	22.315310	100.000000	100.000000	0.000000
100.000000	0.000000	16.847641	100.000000	99.983464	0.000000
100.000000	0.000000	22.308381	99.986032	99.999494	0.000000
100.000000	0.000000	22.315546	99.996267	99.992877	0.000000
100.000000	0.000000	12.514555	53.471502	76.233692	0.000000
100.000000	0.000000	22.319269	100.000000	99.992671	0.000000
100.000000	0.000000	22.322489	100.000000	99.990164	0.000000
100.000000	0.000000	22.317408	99.987823	100.000000	0.000000
100.000000	0.000000	22.320185	99.984126	100.000000	0.000000
100.000000	0.000000	16.867759	100.000000	100.000000	0.000000
99.997921	0.000000	12.235375	52.677713	75.928291	0.001973
100.000000	0.000000	12.342393	53.455527	76.835107	0.000000
100.000000	0.000000	11.991125	52.599042	75.685752	0.000000
100.000000	0.000000	22.320389	99.993889	99.996093	0.000000
100.000000	0.000000	11.945011	53.472392	77.083851	0.000000
100.000000	0.000000	17.324181	99.973956	99.997355	0.000000
100.000000	0.000000	16.718664	99.994211	100.000000	0.000000
100.000000	0.000000	12.186788	52.757817	76.463734	0.000000
100.000000	0.000000	12.559429	53.036896	76.207099	0.000000
100.000000	0.000000	22.303092	99.987781	99.994426	0.000000
100.000000	0.000000	22.307322	99.998961	100.000000	0.000000
100.000000	0.000000	22.308102	99.989578	99.998345	0.000000
100.000000	0.000000	22.300387	99.994843	100.000000	0.000000
100.000000	0.000000	17.090107	99.997102	100.000000	0.000000
100.000000	0.000000	22.314161	100.000000	100.000000	0.000000
100.000000	0.000000	22.315970	99.976936	100.000000	0.000000
100.000000	0.000000	22.309113	99.992939	99.989726	0.000000
100.000000	0.000000	11.945933	51.811925	75.238279	0.000000
100.000000	0.000000	16.819755	99.971632	100.000000	0.000000
99.994739	0.000000	17.237995	99.993863	100.000000	0.012907
100.000000	0.000000	22.321798	99.999974	100.000000	0.000000
100.000000	0.000000	22.309684	100.000000	100.000000	0.000000
100.000000	0.000000	22.315877	99.987224	99.995016	0.000000
100.000000	0.000000	22.338802	99.991147	100.000000	0.000000
100.000000	0.000000	22.325601	99.979499	99.992200	0.000000
100.000000	0.000000	22.314561	100.000000	99.995969	0.000000
100.000000	0.000000	11.668947	51.899296	75.246059	0.000000
100.000000	0.000000	22.284530	100.000000	99.999676	0.000000
100.000000	0.000000	16.790568	100.000000	99.986693	0.000000
100.000000	0.000000	12.597853	53.810643	77.398501	0.000000
100.000000	0.000000	22.311824	100.000000	99.991739	0.000000
100.000000	0.000000	22.306033	100.000000	99.993636	0.000000
100.000000	0.000000	22.331033	100.000000	100.000000	0.000000
100.000000	0.000000	22.302568	100.000000	100.000000	0.000000
100.000000	0.000000	12.616915	53.767920	77.025924	0.000000
99.989273	0.000000	16.692405	99.990419	100.000000	0.041325
100.000000	0.000000	17.049927	99.996235	99.994987	0.000000
100.000000	0.000000	12.546563	53.194876	76.096090	0.000000
100.000000	0.000000	11.633668	52.377205	75.801370	0.000000
100.000000	0.000000	12.335606	52.725562	75.755520	0.000000
100.000000	0.000000	12.226628	52.601136	75.542097	0.003083
100.000000	0.000000	12.370397	52.660604	76.163113	0.000000
100.000000	0.000000	12.089070	52.944594	76.008967	0.000000
100.000000	0.000000	22.308346	99.996294	99.986496	0.000000
100.000000	0.000000	22.316788	99.977481	99.977798	0.000000
100.000000	0.000000	11.793393	52.889563	76.813712	0.000000
100.000000	0.000000	22.342470	99.968181	99.980983	0.000000
100.000000	0.000000	22.335276	99.991688	100.000000	0.000000
100.000000	0.000000	17.107177	99.996864	99.989188	0.000000
100.000000	0.000000	22.317118	100.000000	100.000000	0.000000
100.000000	0.000000	16.854555	100.000000	100.000000	0.000000
100.000000	0.000000	12.202117	53.084886	76.405452	0.000000
100.000000	0.000000	22.314671	99.990273	99.998790	0.000000
100.000000	0.000000	22.318016	100.000000	100.000000	0.000000
100.000000	0.000000	22.311552	100.000000	100.000000	0.000000
100.000000	0.000000	22.313046	99.986603	100.000000	0.000000
100.000000	0.000000	22.310081	99.983083	100.000000	0.000000
100.000000	0.000000	17.019596	99.978502	100.000000	0.000000
100.000000	0.000000	12.484421	53.281002	76.702729	0.000000
100.000000	0.000000	22.309866	99.994407	99.980221	0.000000
100.000000	0.000000	12.746263	53.249671	76.495842	0.000000
100.000000	0.000000	11.905448	51.803393	75.066051	0.000000
100.000000	0.000000	16.976096	99.987091	100.000000	0.000000
100.000000	0.000000	22.312787	100.000000	100.000000	0.000000
100.000000	0.000000	22.304910	99.997474	100.000000	0.000000
100.000000	0.000000	22.328533	100.000000	100.000000	0.000000
100.000000	0.000000	22.321786	99.998292	99.998505	0.000000
100.000000	0.000000	16.951106	99.985291	100.000000	0.000000
100.000000	0.000000	22.322410	99.981612	100.000000	0.000000
100.000000	0.000000	12.200403	53.184274	76.981584	0.000000
100.000000	0.000000	17.298062	99.971632	100.000000	0.000000
100.000000	0.000000	12.279906	52.864451	76.212248	0.000000
100.000000	0.000000	22.312066	100.000000	99.988264	0.000000
100.000000	0.000000	17.133095	99.977518	99.994150	0.000000
100.000000	0.000000	16.769323	100.000000	100.000000	0.000000
100.000000	0.000000	17.075187	99.987780	100.000000	0.000000
100.000000	0.000000	17.289941	99.998761	99.998442	0.000000
100.000000	0.000000	11.993285	51.600768	74.860655	0.000000
100.000000	0.000000	12.703696	53.286229	75.870355	0.000000
100.000000	0.000000	22.321221	100.000000	99.997084	0.000000
100.000000	0.000000	22.320105	99.978363	99.984024	0.000000
100.000000	0.000000	17.156760	99.977142	100.000000	0.000000
100.000000	0.000000	22.307140	99.998551	100.000000	0.000000
100.000000	0.000000	12.928692	53.268688	76.265878	0.023886
100.000000	0.000000	22.289972	99.984936	99.991291	0.000000
100.000000	0.000000	16.883008	99.960989	100.000000	0.000000
100.000000	0.000000	16.781354	100.000000	100.000000	0.000000
99.998920	0.000000	11.814951	52.638756	75.538075	0.012555
100.000000	0.000000	16.962759	100.000000	99.995116	0.000000
100.000000	0.000000	12.021426	51.793008	74.389069	0.000000
100.000000	0.000000	22.323097	99.985973	100.000000	0.000000
100.000000	0.000000	22.316064	99.992337	100.000000	0.000000
100.000000	0.000000	17.037032	99.964717	99.990090	0.000000
100.000000	0.000000	12.336343	53.137807	76.863229	0.000000
100.000000	0.000000	17.384073	99.990204	100.000000	0.000000
100.000000	0.000000	17.105925	99.977804	99.992288	0.000000
100.000000	0.000000	17.141607	99.997195	100.000000	0.000000
100.000000	0.000000	22.312722	99.994596	99.991661	0.000000
100.000000	0.000000	22.318446	100.000000	99.998787	0.000000
100.000000	0.000000	22.308308	99.998804	100.000000	0.000000
100.000000	0.000000	22.326650	99.990293	99.990419	0.000000
100.000000	0.000000	16.707985	99.994932	99.991832	0.000000
100.000000	0.000000	22.316616	100.000000	100.000000	0.000000
100.000000	0.000000	22.324888	99.984700	99.979645	0.000000
100.000000	0.000000	17.126055	99.994702	99.999966	0.014282
100.000000	0.000000	22.313657	100.000000	99.996065	0.000000
100.000000	0.000000	22.324884	100.000000	99.992848	0.000000
100.000000	0.000000	17.086528	99.998000	99.996238	0.000000
100.000000	0.000000	22.303730	99.979126	99.984522	0.000000
100.000000	0.000000	22.308966	99.984992	99.986753	0.000000
100.000000	0.000000	22.303217	99.972356	100.000000	0.000000
100.000000	0.000000	22.329144	99.976716	99.992465	0.000000
100.000000	0.000000	22.323101	99.983173	99.985435	0.000000
100.000000	0.000000	22.308309	99.992947	99.988254	0.000000
100.000000	0.000000	22.334319	99.989849	99.996491	0.000000
100.000000	0.000000	11.984168	52.475128	76.126200	0.000000
100.000000	0.000000	12.244196	52.291027	75.641905	0.019366
100.000000	0.000000	12.669944	54.038970	77.599160	0.000000
100.000000	0.000000	12.227060	53.322049	76.842720	0.000000
100.000000	0.000000	12.385402	53.541952	76.914484	0.000000
100.000000	0.000000	17.191902	99.999775	99.992302	0.000000
100.000000	0.000000	12.916526	53.986927	77.561242	0.000000
100.000000	0.000000	22.324152	99.985084	99.993708	0.000000
100.000000	0.000000	12.104759	53.200479	76.669830	0.000000
100.000000	0.000000	12.240494	52.031985	74.754777	0.000000
100.000000	0.000000	12.178192	53.727893	77.657148	0.000000
100.000000	0.000000	22.321499	100.000000	100.000000	0.000000
100.000000	0.000000	22.321720	99.967631	99.997630	0.000000
100.000000	0.000000	16.634609	99.987327	99.997696	0.000000
100.000000	0.000000	22.332939	99.982557	99.991657	0.000000
100.000000	0.000000	17.160340	100.000000	100.000000	0.000000
100.000000	0.000000	12.083883	52.383055	75.714178	0.000000
100.000000	0.000000	11.982304	52.940522	76.002360	0.000000
100.000000	0.000000	22.312008	99.990476	100.000000	0.000000
100.000000	0.000000	12.131415	52.684817	76.250493	0.000000
100.000000	0.000000	16.883524	100.000000	99.986349	0.000000
100.000000	0.000000	12.169432	53.204148	76.912284	0.000000
100.000000	0.000000	22.342647	99.981879	99.991942	0.000000
100.000000	0.000000	22.324367	99.968539	100.000000	0.000000
100.000000	0.000000	22.316013	100.000000	99.995645	0.000000
100.000000	0.000000	17.125956	99.981685	99.990458	0.000000
100.000000	0.000000	12.201773	53.202030	76.163823	0.000000
100.000000	0.000000	22.339813	100.000000	99.992909	0.000000
100.000000	0.000000	11.945746	53.200789	76.046601	0.000000
100.000000	0.000000	17.128448	100.000000	100.000000	0.000000
100.000000	0.000000	16.839097	99.987838	99.988786	0.000000
100.000000	0.000000	22.309809	99.988923	99.972671	0.000000
100.000000	0.000000	22.303308	100.000000	100.000000	0.000000
100.000000	0.000000	12.365304	53.538037	77.320759	0.000000
100.000000	0.000000	22.317670	99.981249	100.000000	0.000000
100.000000	0.000000	16.848104	99.999290	100.000000	0.000000
100.000000	0.000000	22.315963	100.000000	99.998371	0.000000
100.000000	0.000000	12.238448	53.088709	76.228049	0.000000
99.999009	0.000000	11.626067	52.479690	75.850434	0.008549
100.000000	0.000000	17.087130	99.969775	99.987050	0.000000
100.000000	0.000000	12.910929	55.296386	79.229904	0.000000
100.000000	0.000000	22.299893	100.000000	100.000000	0.000000
100.000000	0.000000	22.330724	99.964195	99.985253	0.000000
100.000000	0.000000	17.297525	99.995226	99.993051	0.000000
100.000000	0.000000	17.017649	99.980888	99.998624	0.000000
100.000000	0.000000	17.257561	100.000000	100.000000	0.000000
100.000000	0.000000	11.941047	52.944620	76.276408	0.000000
100.000000	0.000000	22.334182	100.000000	100.000000	0.000000
100.000000	0.000000	22.320960	99.997667	99.997856	0.000000
100.000000	0.000000	17.123009	100.000000	100.000000	0.000000
100.000000	0.000000	22.308916	100.000000	99.997539	0.000000
100.000000	0.000000	12.121161	53.737039	77.007654	0.000000
100.000000	0.000000	16.893499	100.000000	99.994268	0.000000
100.000000	0.000000	22.323060	99.989109	99.978002	0.000000
100.000000	0.000000	22.287725	100.000000	99.999174	0.000000
100.000000	0.000000	16.914742	100.000000	99.995624	0.000000
100.000000	0.000000	16.743078	99.992186	100.000000	0.000000
100.000000	0.000000	12.630381	53.520784	76.952636	0.000000
100.000000	0.000000	22.321830	100.000000	100.000000	0.000000
100.000000	0.000000	16.926739	99.998453	99.993206	0.000000
100.000000	0.000000	22.314608	99.998922	99.996679	0.000000
100.000000	0.000000	17.047656	99.992635	100.000000	0.000000
100.000000	0.000000	22.318087	99.998493	100.000000	0.000000
100.000000	0.000000	22.323544	99.998517	99.993587	0.000000
100.000000	0.000000	22.316571	99.970942	100.000000	0.000000
100.000000	0.000000	22.322744	99.991746	99.999774	0.000000
100.000000	0.000000	16.991762	100.000000	99.993705	0.000000
100.000000	0.000000	22.283383	100.000000	99.989489	0.000000
100.000000	0.000000	22.317582	100.000000	99.990738	0.000000
100.000000	0.000000	17.106113	99.991310	99.991392	0.000000
100.000000	0.000000	16.952184	100.000000	100.000000	0.000000
100.000000	0.000000	22.317767	99.999652	99.999068	0.000000
100.000000	0.000000	22.334366	100.000000	100.000000	0.000000
99.987809	0.000000	12.283594	52.651122	76.227554	0.008016
100.000000	0.000000	11.600048	51.284634	74.017869	0.001222
100.000000	0.000000	22.319341	99.999963	100.000000	0.000000
100.000000	0.000000	22.314128	99.966652	99.990665	0.000000
100.000000	0.000000	12.130279	52.278614	75.620118	0.000000
100.000000	0.000000	22.322641	100.000000	99.996501	0.000000
100.000000	0.000000	22.319516	99.996180	99.978402	0.000000
100.000000	0.000000	22.316553	99.995955	99.985265	0.000000
100.000000	0.000000	16.975707	100.000000	99.985634	0.000000
100.000000	0.000000	12.363774	53.216932	77.213768	0.000000
100.000000	0.000000	11.556090	52.264056	75.274970	0.020955
100.000000	0.000000	11.833269	51.509208	74.093453	0.000000
100.000000	0.000000	22.323614	100.000000	100.000000	0.000000
100.000000	0.000000	22.323428	99.979343	99.987799	0.000000
99.992719	0.000000	12.535291	53.643098	76.790527	0.006184
100.000000	0.000000	22.296998	99.997941	99.994377	0.020931
100.000000	0.000000	12.002451	52.631297	76.082643	0.000000
100.000000	0.000000	12.559299	53.246853	76.444352	0.000000
100.000000	0.000000	22.309004	99.994563	99.999396	0.000000
100.000000	0.000000	12.649400	53.861709	77.081135	0.009599
100.000000	0.000000	22.295950	99.982769	100.000000	0.000000
100.000000	0.000000	22.309996	100.000000	100.000000	0.000000
100.000000	0.000000	12.584007	54.142647	77.393721	0.000000
100.000000	0.000000	22.316283	100.000000	100.000000	0.000000
100.000000	0.000000	12.037921	53.441810	77.096374	0.000000
100.000000	0.000000	11.812042	51.391286	74.468067	0.000000
100.000000	0.000000	12.676749	52.882091	76.713590	0.000000
100.000000	0.000000	12.192446	52.979810	77.056838	0.000000
100.000000	0.000000	22.331453	99.981708	99.991070	0.000000
100.000000	0.000000	12.063302	52.661813	75.867501	0.000000
100.000000	0.000000	17.093109	100.000000	99.980546	0.000000
100.000000	0.000000	22.320809	99.997530	99.995405	0.000000
100.000000	0.000000	22.311128	100.000000	100.000000	0.000000
100.000000	0.000000	22.309880	99.997413	100.000000	0.000000
100.000000	0.000000	22.322521	99.991492	99.994301	0.000000
100.000000	0.000000	12.618123	54.002625	77.892350	0.000000
100.000000	0.000000	22.318964	99.973508	100.000000	0.000000
100.000000	0.000000	12.139750	54.174583	77.579837	0.000000
100.000000	0.000000	22.303033	99.997993	100.000000	0.000000
100.000000	0.000000	12.257581	53.291525	76.189055	0.000000
100.000000	0.000000	16.954511	100.000000	100.000000	0.000000
100.000000	0.000000	22.307327	99.986048	99.994538	0.000000
100.000000	0.000000	12.388355	53.610463	77.010985	0.000000
100.000000	0.000000	12.352268	53.152005	76.218442	0.000000
100.000000	0.000000	22.306953	100.000000	99.992835	0.000000
100.000000	0.000000	22.322043	99.985033	100.000000	0.000000
100.000000	0.000000	17.033440	100.000000	100.000000	0.000000
100.000000	0.000000	22.253447	99.984506	99.956313	0.002134
100.000000	0.000000	22.319655	99.994617	99.999127	0.001210
100.000000	0.000000	17.014478	100.000000	99.993952	0.000000
100.000000	0.000000	12.375752	53.199436	76.496092	0.000000
100.000000	0.000000	22.301911	99.994899	100.000000	0.000000
100.000000	0.000000	22.319395	100.000000	99.996674	0.000000
100.000000	0.000000	16.971500	99.988735	100.000000	0.000000
100.000000	0.000000	12.357169	52.861251	76.608967	0.000000
100.000000	0.000000	22.319326	100.000000	99.982975	0.000000
100.000000	0.000000	22.321437	99.976897	99.991011	0.000000
100.000000	0.000000	22.314315	99.994942	99.990587	0.000000
100.000000	0.000000	22.306614	100.000000	99.995257	0.000000
100.000000	0.000000	22.315300	100.000000	100.000000	0.000000
100.000000	0.000000	22.324082	99.970131	99.997499	0.000000
100.000000	0.000000	12.425856	54.257882	78.351591	0.000000
100.000000	0.000000	12.014089	53.339357	77.050724	0.000000
100.000000	0.000000	11.835189	52.841674	76.354850	0.000000
100.000000	0.000000	16.795300	99.982971	99.998330	0.000000
100.000000	0.000000	17.338098	99.976833	100.000000	0.000000
100.000000	0.000000	22.331976	99.972656	99.987923	0.045936
100.000000	0.000000	12.150163	52.967916	76.049792	0.000000
100.000000	0.000000	22.311414	99.990161	99.995805	0.000000
100.000000	0.000000	22.314410	99.979050	100.000000	0.000000
100.000000	0.000000	22.292128	99.985239	99.980775	0.000000
100.000000	0.000000	17.287897	99.980918	100.000000	0.000000
99.996688	0.000000	12.044692	52.457995	75.444966	0.003210
100.000000	0.000000	12.781785	54.198448	77.617728	0.000000
100.000000	0.000000	16.747443	100.000000	100.000000	0.000000
100.000000	0.000000	22.319409	100.000000	100.000000	0.000000
100.000000	0.000000	22.313636	100.000000	99.999255	0.000000
100.000000	0.000000	22.310535	100.000000	100.000000	0.000000
99.998675	0.000000	22.328646	99.976937	99.997315	0.002788
100.000000	0.000000	12.159903	52.848281	76.165553	0.000000
100.000000	0.000000	12.360803	52.593856	76.110894	0.000000
100.000000	0.000000	17.314810	99.991134	100.000000	0.000000
100.000000	0.000000	17.301759	99.979518	100.000000	0.000000
100.000000	0.000000	22.316291	100.000000	100.000000	0.000000
100.000000	0.000000	11.997037	52.572883	76.149411	0.000000
100.000000	0.000000	22.308747	100.000000	100.000000	0.000000
100.000000	0.000000	16.999378	99.993278	100.000000	0.000000
100.000000	0.000000	22.320159	99.999738	99.983202	0.000000
100.000000	0.000000	16.957107	99.978290	99.991594	0.000000
100.000000	0.000000	22.304679	100.000000	99.991860	0.000000
100.000000	0.000000	22.303385	99.984663	100.000000	0.000000
100.000000	0.000000	22.312873	99.995034	100.000000	0.000000
100.000000	0.000000	22.312222	99.990881	100.000000	0.000000
100.000000	0.000000	22.314758	99.994980	100.000000	0.000000
100.000000	0.000000	22.326211	99.997682	100.000000	0.000000
100.000000	0.000000	22.309127	99.988717	100.000000	0.000000
100.000000	0.000000	22.311767	99.974164	99.990165	0.000000
100.000000	0.000000	12.433736	53.333120	76.753649	0.000000
100.000000	0.000000	22.316573	100.000000	100.000000	0.000000
100.000000	0.000000	22.312519	99.999574	99.995774	0.000000
100.000000	0.000000	22.306103	100.000000	99.998723	0.000000
100.000000	0.000000	22.315623	99.978116	99.990069	0.000000
100.000000	0.000000	22.305071	99.988877	100.000000	0.000000
100.000000	0.000000	16.692018	99.999674	99.996582	0.000000
100.000000	0.000000	22.342582	99.985429	99.999023	0.000000
100.000000	0.000000	22.306704	100.000000	99.990831	0.000000
99.977937	0.000000	22.308322	99.998102	99.990825	0.045134
100.000000	0.000000	22.316622	99.983950	99.989161	0.000000
100.000000	0.000000	22.308954	99.990272	99.987434	0.000000
100.000000	0.000000	12.347236	52.633074	75.779337	0.000000
100.000000	0.000000	22.324621	99.999090	99.999777	0.000000
100.000000	0.000000	22.317133	99.994868	100.000000	0.000000
100.000000	0.000000	17.000668	99.998544	99.990766	0.000000
100.000000	0.000000	16.666055	99.965412	100.000000	0.000000
100.000000	0.000000	12.518972	54.413296	78.057310	0.000000
100.000000	0.000000	22.306742	99.999475	100.000000	0.000000
100.000000	0.000000	12.594243	53.856156	77.536572	0.000000
100.000000	0.000000	12.183509	53.217327	77.152060	0.000000
100.000000	0.000000	22.344690	99.984814	99.988109	0.000000
100.000000	0.000000	22.322430	99.984401	100.000000	0.000000
100.000000	0.000000	16.943318	100.000000	99.991916	0.000000
100.000000	0.000000	12.291003	52.718937	75.641368	0.000000
100.000000	0.000000	17.124490	99.985341	99.998503	0.000000
100.000000	0.000000	12.034676	52.268090	75.516624	0.000000
100.000000	0.000000	16.698133	100.000000	99.990793	0.000000
100.000000	0.000000	22.322512	99.984095	99.999494	0.000000
100.000000	0.000000	12.624112	51.814733	74.643193	0.000000
100.000000	0.000000	22.313537	99.989292	99.991839	0.000000
100.000000	0.000000	11.910982	52.077223	75.195812	0.000000
100.000000	0.000000	22.319105	100.000000	100.000000	0.000000
100.000000	0.000000	12.082206	53.475003	76.524600	0.028654
100.000000	0.000000	16.926018	99.984907	99.997597	0.000000
100.000000	0.000000	11.577439	52.287251	75.811121	0.000000
100.000000	0.000000	16.852238	99.967423	100.000000	0.000000
100.000000	0.000000	12.261569	53.706151	77.338599	0.000000
100.000000	0.000000	12.311284	52.385231	75.489386	0.000000
100.000000	0.000000	17.003872	99.976622	100.000000	0.000000
100.000000	0.000000	22.320373	100.000000	99.998435	0.000000
100.000000	0.000000	16.859120	99.996436	100.000000	0.000000
99.973130	0.000000	13.031147	53.821322	76.785217	0.024339
100.000000	0.000000	17.074556	99.993640	99.990309	0.000000
100.000000	0.000000	16.898853	100.000000	99.989376	0.000000
100.000000	0.000000	22.305987	100.000000	100.000000	0.000000
100.000000	0.000000	17.305969	99.974134	99.989090	0.000000
100.000000	0.000000	22.308406	99.999675	99.993379	0.000000
100.000000	0.000000	17.143965	100.000000	99.996521	0.000000
100.000000	0.000000	22.299574	99.999608	99.987267	0.000000
100.000000	0.000000	12.589787	52.622329	75.488256	0.000000
100.000000	0.000000	16.872070	99.988603	99.985130	0.000000
100.000000	0.000000	22.312719	100.000000	100.000000	0.000000
100.000000	0.000000	22.336605	99.976582	100.000000	0.000000
100.000000	0.000000	22.310591	100.000000	99.994722	0.000000
100.000000	0.000000	16.890089	99.977385	100.000000	0.000000
100.000000	0.000000	22.310664	99.978604	99.986938	0.000000
100.000000	0.000000	12.141088	52.413836	76.200408	0.009851
100.000000	0.000000	22.284885	100.000000	100.000000	0.000000
100.000000	0.000000	22.312526	100.000000	99.981863	0.000000
100.000000	0.000000	22.311055	100.000000	99.992323	0.000000
100.000000	0.000000	22.292619	100.000000	99.986266	0.000000
100.000000	0.000000	22.308303	99.985942	99.998945	0.000000
100.000000	0.000000	22.297993	99.988233	100.000000	0.000000
100.000000	0.000000	22.312208	99.989012	99.987908	0.000000
100.000000	0.000000	17.018911	100.000000	100.000000	0.000000
100.000000	0.000000	22.329739	100.000000	100.000000	0.000000
100.000000	0.000000	16.583307	99.993139	99.996793	0.000000
100.000000	0.000000	12.376350	54.131535	78.113986	0.062430
100.000000	0.000000	11.877576	52.291889	74.889910	0.000000
100.000000	0.000000	16.737366	100.000000	99.993665	0.000000
100.000000	0.000000	12.189614	53.351096	76.729648	0.000000
100.000000	0.000000	12.555643	53.569575	76.383642	0.000000
100.000000	0.000000	22.316603	100.000000	99.976667	0.000000
100.000000	0.000000	17.291380	100.000000	100.000000	0.000000
100.000000	0.000000	16.747858	100.000000	100.000000	0.000000
100.000000	0.000000	16.983861	100.000000	100.000000	0.000000
100.000000	0.000000	22.321097	99.980533	99.998425	0.000000
100.000000	0.000000	22.325021	99.997805	100.000000	0.000000
100.000000	0.000000	11.969508	52.537373	75.518148	0.000000
100.000000	0.000000	12.566004	53.428834	76.942012	0.000000
100.000000	0.000000	22.318031	99.998826	99.993802	0.000000
100.000000	0.000000	12.496446	53.937364	77.066206	0.000000
100.000000	0.000000	22.329518	99.992414	100.000000	0.000000
100.000000	0.000000	12.666734	53.543858	76.446930	0.000000
100.000000	0.000000	12.145974	53.469862	76.752478	0.000000
100.000000	0.000000	22.332244	99.980857	100.000000	0.000000
100.000000	0.000000	12.581748	54.273968	77.826883	0.000000
100.000000	0.000000	22.304601	100.000000	100.000000	0.000000
100.000000	0.000000	22.322692	99.998274	100.000000	0.000000
100.000000	0.000000	22.308832	100.000000	99.989651	0.000000
100.000000	0.000000	16.677668	99.982264	99.982715	0.000000
100.000000	0.000000	22.326322	99.985846	99.998829	0.000000
100.000000	0.000000	12.031716	53.082091	76.374685	0.000000
100.000000	0.000000	17.175335	99.988495	100.000000	0.000000
100.000000	0.000000	12.466990	52.919648	76.035339	0.000000
100.000000	0.000000	12.293129	51.531063	74.361429	0.000000
100.000000	0.000000	16.798717	99.982674	100.000000	0.000000
100.000000	0.000000	12.340169	52.522093	76.063754	0.000000
100.000000	0.000000	11.742029	52.505723	76.002023	0.000000
100.000000	0.000000	12.288663	53.259907	76.354921	0.000000
100.000000	0.000000	16.965441	99.992520	99.987055	0.000000
100.000000	0.000000	22.319741	99.988338	99.985107	0.000000
100.000000	0.000000	17.092740	99.994973	99.997100	0.000000
100.000000	0.000000	16.964779	100.000000	100.000000	0.000000
100.000000	0.000000	12.239939	52.571673	76.068321	0.000000
100.000000	0.000000	17.589718	99.999179	100.000000	0.000000
100.000000	0.000000	22.315787	99.987670	99.995968	0.000000
100.000000	0.000000	22.308533	99.983897	100.000000	0.000000
100.000000	0.000000	12.168203	53.354173	77.121828	0.000000
100.000000	0.000000	17.190701	100.000000	99.993677	0.000000
100.000000	0.000000	12.615356	54.074550	78.092695	0.000000
100.000000	0.000000	22.313678	99.994397	100.000000	0.000000
99.948317	0.000000	11.741490	53.160639	76.622986	0.056375
100.000000	0.000000	12.393929	52.369423	75.503434	0.000000
100.000000	0.000000	12.580143	52.825358	75.859741	0.001738
100.000000	0.000000	17.037408	99.966483	100.000000	0.000000
100.000000	0.000000	16.770700	100.000000	99.988897	0.000522
100.000000	0.000000	16.992078	99.984432	99.995723	0.000000
100.000000	0.000000	17.230117	100.000000	100.000000	0.000000
100.000000	0.000000	22.309592	99.994226	99.998683	0.000000
100.000000	0.000000	12.496139	52.779971	76.426490	0.000000
100.000000	0.000000	22.326284	99.991194	99.993877	0.000000
100.000000	0.000000	22.313418	99.994860	99.992892	0.000000
100.000000	0.000000	22.322579	99.994716	100.000000	0.000000
100.000000	0.000000	17.569343	100.000000	100.000000	0.000000
100.000000	0.000000	22.321484	99.988604	99.988785	0.000000
100.000000	0.000000	16.857450	100.000000	100.000000	0.000000
100.000000	0.000000	12.094351	52.197738	75.634400	0.000000
100.000000	0.000000	11.788815	51.775551	74.219203	0.001892
100.000000	0.000000	11.991712	53.588857	77.215752	0.000000
100.000000	0.000000	22.316417	99.994801	100.000000	0.000000
100.000000	0.000000	17.104140	99.986770	99.996664	0.000000
100.000000	0.000000	17.252464	99.990672	100.000000	0.000000
100.000000	0.000000	22.310538	99.985235	99.995773	0.000000
100.000000	0.000000	13.115278	54.532557	77.893689	0.000000
100.000000	0.000000	22.324981	99.994661	99.992204	0.000000
100.000000	0.000000	17.044753	100.000000	99.997843	0.000000
100.000000	0.000000	22.303751	99.996261	100.000000	0.000000
100.000000	0.000000	22.305439	99.985804	100.000000	0.000000
100.000000	0.000000	22.312448	100.000000	100.000000	0.000000
100.000000	0.000000	22.334936	100.000000	99.991671	0.000000
100.000000	0.000000	22.298970	99.976913	99.993281	0.000000
100.000000	0.000000	22.325245	100.000000	99.995261	0.000000
100.000000	0.000000	17.209848	99.999620	99.995812	0.000000
100.000000	0.000000	16.821308	100.000000	100.000000	0.000000
100.000000	0.000000	22.317655	99.993533	100.000000	0.000000
100.000000	0.000000	22.316874	100.000000	99.987109	0.000000
100.000000	0.000000	22.322660	100.000000	100.000000	0.000000
100.000000	0.000000	22.319293	99.996880	99.999699	0.000000
100.000000	0.000000	22.322485	100.000000	99.986865	0.000000
100.000000	0.000000	22.309840	99.996480	99.991231	0.000000
100.000000	0.000000	12.742673	54.139271	77.730561	0.000000
100.000000	0.000000	17.008344	99.999500	100.000000	0.000000
99.953045	0.000000	12.374655	53.355471	76.898049	0.039229
100.000000	0.000000	16.957621	100.000000	99.982117	0.000000
100.000000	0.000000	22.302519	99.992939	99.992327	0.000000
100.000000	0.000000	12.416057	54.326205	77.887017	0.000000
100.000000	0.000000	16.512199	99.994523	100.000000	0.000000
100.000000	0.000000	22.312159	100.000000	99.980606	0.000000
100.000000	0.000000	22.324610	100.000000	99.999786	0.000000
100.000000	0.000000	12.272052	53.540453	77.133926	0.000000
100.000000	0.000000	11.978799	52.499552	75.652986	0.000000
100.000000	0.000000	22.299532	100.000000	99.997025	0.000000
100.000000	0.000000	17.671457	100.000000	99.995690	0.000000
100.000000	0.000000	16.710915	100.000000	100.000000	0.000000
100.000000	0.000000	22.316979	99.999353	99.994415	0.000000
100.000000	0.000000	11.717264	53.016214	76.235265	0.000000
100.000000	0.000000	22.317010	99.996352	99.978048	0.000000
100.000000	0.000000	17.085180	100.000000	100.000000	0.000000
100.000000	0.000000	17.004561	100.000000	100.000000	0.000000
99.995570	0.000000	11.481864	51.912091	75.483430	0.009801
100.000000	0.000000	22.304536	100.000000	100.000000	0.000000
100.000000	0.000000	22.325513	100.000000	100.000000	0.000000
100.000000	0.000000	22.309954	100.000000	100.000000	0.000000
100.000000	0.000000	22.330765	100.000000	100.000000	0.000000
100.000000	0.000000	17.136693	99.976105	100.000000	0.000000
100.000000	0.000000	22.306393	99.985567	100.000000	0.000000
100.000000	0.000000	17.210735	99.974446	99.993626	0.000000
100.000000	0.000000	22.304014	99.989409	99.999566	0.000000
100.000000	0.000000	11.782549	51.799560	75.279223	0.000000
100.000000	0.000000	12.694554	54.105034	77.584289	0.000000
100.000000	0.000000	22.306817	99.992753	99.998632	0.000000
100.000000	0.000000	22.318494	100.000000	100.000000	0.000000
100.000000	0.000000	16.844578	99.977240	100.000000	0.000000
100.000000	0.000000	22.310770	100.000000	100.000000	0.000000
100.000000	0.000000	22.303361	99.995095	99.994526	0.000000
100.000000	0.000000	17.280402	100.000000	99.999307	0.000000
100.000000	0.000000	12.557943	52.695690	75.552791	0.000000
100.000000	0.000000	22.325289	100.000000	99.999881	0.000000
100.000000	0.000000	22.321664	99.985797	99.996373	0.000000
100.000000	0.000000	16.881334	100.000000	100.000000	0.000000
100.000000	0.000000	22.313131	100.000000	100.000000	0.000000
100.000000	0.000000	22.325364	99.989735	99.997862	0.000000
100.000000	0.000000	22.303173	99.991465	99.997863	0.000000
100.000000	0.000000	22.300184	99.993984	99.994515	0.000000
100.000000	0.000000	16.916130	99.979449	100.000000	0.000000
100.000000	0.000000	22.322523	99.999147	100.000000	0.000000
100.000000	0.000000	11.816943	52.325516	75.780671	0.000000
100.000000	0.000000	16.741121	99.991484	99.987569	0.000000
100.000000	0.000000	22.320018	99.999521	99.988503	0.000000
100.000000	0.000000	22.319879	100.000000	100.000000	0.000000
100.000000	0.000000	22.327345	99.995238	100.000000	0.000000
100.000000	0.000000	17.141793	99.982004	99.988043	0.000000
100.000000	0.000000	12.501623	54.258208	77.897379	0.003960
100.000000	0.000000	22.324780	99.993153	99.992588	0.000000
100.000000	0.000000	22.304948	100.000000	100.000000	0.000000
100.000000	0.000000	22.322346	100.000000	100.000000	0.000000
100.000000	0.000000	22.315384	100.000000	100.000000	0.000000
100.000000	0.000000	22.323387	100.000000	99.988404	0.000000
100.000000	0.000000	22.306284	99.987971	100.000000	0.000000
100.000000	0.000000	12.489972	53.824235	76.992808	0.000000
100.000000	0.000000	22.301129	99.999227	100.000000	0.000000
100.000000	0.000000	12.120856	53.029030	76.735814	0.000000
100.000000	0.000000	12.164750	53.360461	76.874292	0.000000
100.000000	0.000000	12.440005	53.082767	76.377179	0.000000
100.000000	0.000000	12.156299	52.999480	76.213266	0.000000
100.000000	0.000000	12.098122	53.219179	76.657067	0.000000
100.000000	0.000000	17.194389	99.987816	99.998086	0.000000
100.000000	0.000000	17.168230	99.973010	100.000000	0.000000
100.000000	0.000000	22.322930	99.962685	100.000000	0.000000
100.000000	0.000000	16.752181	99.993624	99.991320	0.000000
100.000000	0.000000	16.887620	100.000000	100.000000	0.000000
100.000000	0.000000	22.304626	100.000000	100.000000	0.000000
100.000000	0.000000	12.029492	53.680768	77.228218	0.000000
100.000000	0.000000	16.978359	100.000000	99.989047	0.000000
100.000000	0.000000	22.315035	99.985285	100.000000	0.000000
100.000000	0.000000	22.321872	99.996833	99.989565	0.000000
100.000000	0.000000	22.304915	99.970998	100.000000	0.000000
100.000000	0.000000	17.288486	100.000000	100.000000	0.000000
100.000000	0.000000	17.174979	100.000000	100.000000	0.000000
100.000000	0.000000	22.316401	99.992319	99.984560	0.000000
100.000000	0.000000	12.183264	53.801812	77.062844	0.000000
100.000000	0.000000	12.993416	53.359624	76.857251	0.000000
100.000000	0.000000	11.669219	52.473273	76.094223	0.000000
100.000000	0.000000	22.299329	100.000000	100.000000	0.000000
100.000000	0.000000	22.325835	99.989276	100.000000	0.000000
100.000000	0.000000	22.323242	99.999473	99.998042	0.000000
100.000000	0.000000	12.434196	52.700779	75.874569	0.000000
99.992223	0.000000	16.676534	99.973033	99.980474	0.008292
100.000000	0.000000	12.158494	53.067103	76.836310	0.000000
100.000000	0.000000	17.153106	99.991615	100.000000	0.000000
100.000000	0.000000	22.315230	100.000000	99.983867	0.000000
100.000000	0.000000	12.947863	53.776033	76.863685	0.000000
100.000000	0.000000	22.312994	99.997113	99.988419	0.000000
100.000000	0.000000	17.296740	100.000000	99.997991	0.000000
100.000000	0.000000	22.321411	99.989528	99.996741	0.000000
100.000000	0.000000	11.725101	52.557320	75.369671	0.000000
100.000000	0.000000	22.320472	100.000000	100.000000	0.000000
100.000000	0.000000	16.772255	99.996134	100.000000	0.000000
100.000000	0.000000	22.305344	99.994214	100.000000	0.000000
100.000000	0.000000	12.033739	53.438246	77.135510	0.000000
100.000000	0.000000	17.079241	99.984180	100.000000	0.000000
100.000000	0.000000	12.309498	53.471347	76.829809	0.000734
100.000000	0.000000	22.309855	100.000000	99.999391	0.000000
100.000000	0.000000	22.326439	100.000000	100.000000	0.000000
100.000000	0.000000	17.521612	99.966247	100.000000	0.000000
100.000000	0.000000	22.314662	100.000000	99.982684	0.000000
100.000000	0.000000	16.654352	99.995481	100.000000	0.000000
100.000000	0.000000	22.318242	100.000000	100.000000	0.000000
100.000000	0.000000	22.319156	99.999657	100.000000	0.000000
99.999340	0.000000	16.914588	100.000000	99.994674	0.010424
99.999851	0.000000	11.973028	51.531281	74.170217	0.001398
100.000000	0.000000	16.919867	99.982033	100.000000	0.000000
100.000000	0.000000	16.827539	99.983152	99.987715	0.000000
100.000000	0.000000	22.321852	99.999138	99.986003	0.000000
100.000000	0.000000	12.427724	53.894052	77.319019	0.000000
100.000000	0.000000	12.194066	52.904918	76.550114	0.000000
99.990695	0.000000	17.078034	100.000000	99.992281	0.009126
100.000000	0.000000	16.994367	100.000000	100.000000	0.000000
100.000000	0.000000	22.323334	99.975963	99.986562	0.000000
100.000000	0.000000	17.146848	99.998784	99.999038	0.002761
100.000000	0.000000	16.955287	99.992908	99.994486	0.000000
100.000000	0.000000	12.648501	53.144492	76.070076	0.000000
100.000000	0.000000	12.241815	52.316212	75.528292	0.000000
100.000000	0.000000	22.311136	99.995553	100.000000	0.000000
100.000000	0.000000	16.788741	99.952438	100.000000	0.000000
100.000000	0.000000	22.330716	100.000000	100.000000	0.000000
100.000000	0.000000	12.371835	52.967188	76.898357	0.003131
100.000000	0.000000	12.170076	51.614353	74.614557	0.000000
100.000000	0.000000	11.994273	52.002482	74.856581	0.000000
100.000000	0.000000	22.295439	99.995611	100.000000	0.000000
100.000000	0.000000	22.304776	99.998632	99.999780	0.000000
100.000000	0.000000	22.287067	99.997264	99.992820	0.000000
100.000000	0.000000	22.291220	99.986770	100.000000	0.000000
99.932414	0.000000	12.712816	52.717146	75.989675	0.050886
100.000000	0.000000	22.316116	99.990923	99.989294	0.000000
100.000000	0.000000	12.277973	53.329724	76.342370	0.000000
100.000000	0.000000	17.391714	100.000000	99.982377	0.000000
100.000000	0.000000	11.887679	52.427630	75.886110	0.000000
100.000000	0.000000	16.850957	100.000000	100.000000	0.000000
100.000000	0.000000	22.333761	100.000000	100.000000	0.000000
100.000000	0.000000	22.318669	100.000000	100.000000	0.000000
100.000000	0.000000	17.095545	99.986850	99.988501	0.000000
100.000000	0.000000	22.308970	100.000000	100.000000	0.000000
99.994198	0.000000	17.036633	99.992680	100.000000	0.009028
100.000000	0.000000	11.669849	51.674999	75.076502	0.000000
99.996674	0.000000	16.894397	100.000000	99.999509	0.003464
100.000000	0.000000	22.302810	100.000000	99.997161	0.000000
100.000000	0.000000	12.284790	52.506699	75.854087	0.000000
100.000000	0.000000	16.686056	100.000000	99.997120	0.000000
100.000000	0.000000	22.314814	100.000000	99.980304	0.000000
100.000000	0.000000	22.320158	99.997317	99.999550	0.000000
100.000000	0.000000	22.317555	99.983523	100.000000	0.000000
100.000000	0.000000	22.329592	100.000000	99.995847	0.000000
100.000000	0.000000	22.312007	100.000000	100.000000	0.000000
100.000000	0.000000	11.988564	51.320771	74.440070	0.000000
100.000000	0.000000	16.943609	100.000000	99.994024	0.000000
100.000000	0.000000	22.325152	100.000000	100.000000	0.000000
100.000000	0.000000	22.302854	100.000000	100.000000	0.000000
99.995347	0.000000	22.310229	99.971460	99.991062	0.008811
100.000000	0.000000	16.860086	100.000000	100.000000	0.000000
100.000000	0.000000	12.356517	53.087789	76.301039	0.000000
100.000000	0.000000	22.306826	99.992573	99.982268	0.000000
100.000000	0.000000	22.320434	100.000000	100.000000	0.000000
100.000000	0.000000	17.067031	100.000000	100.000000	0.003096
100.000000	0.000000	22.306012	100.000000	100.000000	0.000000
100.000000	0.000000	22.319119	99.970379	100.000000	0.000000
100.000000	0.000000	12.266923	51.909180	75.075523	0.000000
100.000000	0.000000	17.239227	99.974880	99.991781	0.000000
100.000000	0.000000	22.303060	100.000000	99.992671	0.000000
100.000000	0.000000	12.786121	53.854695	77.155705	0.000000
100.000000	0.000000	22.319262	100.000000	100.000000	0.000000
100.000000	0.000000	22.329026	99.970748	100.000000	0.000000
100.000000	0.000000	22.308867	99.979522	99.979702	0.000000
100.000000	0.000000	22.303799	99.980852	99.983902	0.000000
100.000000	0.000000	13.084449	54.060050	77.677935	0.000000
100.000000	0.000000	22.335286	99.986746	99.996534	0.000000
100.000000	0.000000	12.840840	53.722830	77.399693	0.000000
100.000000	0.000000	22.308487	99.953475	99.999196	0.015355
100.000000	0.000000	12.174364	53.825239	78.056086	0.000000
100.000000	0.000000	22.324984	99.998390	100.000000	0.000000
100.000000	0.000000	11.700444	51.828325	75.052767	0.000000
100.000000	0.000000	12.176391	53.209486	76.219335	0.000000
100.000000	0.000000	22.324601	99.998383	99.994829	0.000000
100.000000	0.000000	22.305992	99.993703	99.987940	0.000000
100.000000	0.000000	22.317901	99.986023	100.000000	0.000000
100.000000	0.000000	12.597443	53.464215	76.287796	0.000000
100.000000	0.000000	22.312605	100.000000	99.988690	0.000000
100.000000	0.000000	22.312392	99.996612	100.000000	0.000000
100.000000	0.000000	17.064617	99.984921	100.000000	0.000000
100.000000	0.000000	22.326730	99.990148	100.000000	0.000000
100.000000	0.000000	22.311798	100.000000	100.000000	0.000000
100.000000	0.000000	22.314821	99.981342	99.999826	0.000000
100.000000	0.000000	22.304312	99.991645	100.000000	0.000000
100.000000	0.000000	22.301778	99.992658	100.000000	0.000000
100.000000	0.000000	22.327058	99.994893	100.000000	0.000000
100.000000	0.000000	22.322280	100.000000	99.999575	0.000000
100.000000	0.000000	17.088814	99.975382	100.000000	0.000000
100.000000	0.000000	12.792730	52.853893	75.732498	0.000000
100.000000	0.000000	22.308336	99.982198	99.997084	0.000000
100.000000	0.000000	12.135012	52.641762	75.638215	0.000000
100.000000	0.000000	22.308379	99.990052	100.000000	0.000000
100.000000	0.000000	12.137448	53.402233	76.632337	0.000000
100.000000	0.000000	22.311276	99.969412	100.000000	0.000000
100.000000	0.000000	22.318033	100.000000	99.998191	0.000000
100.000000	0.000000	12.232799	52.341593	75.777845	0.000000
100.000000	0.000000	22.304870	99.995814	99.998279	0.000000
100.000000	0.000000	12.729554	53.623180	77.051638	0.000000
100.000000	0.000000	12.018957	52.960426	76.624042	0.000000
100.000000	0.000000	12.105830	52.163249	74.480483	0.000000
100.000000	0.000000	22.333367	100.000000	99.996160	0.000000
100.000000	0.000000	12.711585	53.350580	76.254526	0.000000
99.991946	0.000000	16.954116	99.992179	99.979434	0.013780
100.000000	0.000000	22.314940	100.000000	100.000000	0.000000
100.000000	0.000000	22.338715	100.000000	100.000000	0.000000
100.000000	0.000000	16.967520	99.988931	99.993701	0.000000
100.000000	0.000000	12.137243	52.563819	75.847571	0.000000
100.000000	0.000000	17.121976	100.000000	99.992797	0.000000
100.000000	0.000000	22.325074	99.997911	99.998757	0.000000
100.000000	0.000000	11.858885	51.972758	75.074991	0.000000
100.000000	0.000000	17.489366	99.957903	99.959284	0.000000
100.000000	0.000000	22.319328	99.990214	100.000000	0.000000
100.000000	0.000000	12.043557	51.594123	74.696226	0.000000
100.000000	0.000000	22.311678	99.987940	99.988677	0.000000
100.000000	0.000000	22.322468	99.997899	99.991761	0.000000
100.000000	0.000000	22.284234	100.000000	100.000000	0.000000
100.000000	0.000000	11.648850	52.285360	75.857704	0.000000
100.000000	0.000000	16.684190	100.000000	100.000000	0.000000
100.000000	0.000000	12.633111	53.586379	76.778732	0.000000
100.000000	0.000000	17.144723	99.990888	100.000000	0.000000
100.000000	0.000000	12.471312	53.174917	76.332085	0.000000
100.000000	0.000000	16.902898	99.993390	100.000000	0.000000
100.000000	0.000000	22.291710	100.000000	99.999880	0.000000
100.000000	0.000000	17.056174	99.992838	99.990069	0.000000
100.000000	0.000000	22.318999	99.988719	100.000000	0.000000
100.000000	0.000000	12.510064	52.996927	75.892308	0.000000
100.000000	0.000000	22.319345	99.985866	99.986288	0.000000
100.000000	0.000000	22.324339	99.970676	99.972838	0.000000
100.000000	0.000000	16.706308	100.000000	99.985335	0.000000
100.000000	0.000000	12.019892	52.454483	76.105203	0.000000
100.000000	0.000000	22.297582	99.993605	99.998594	0.000000
100.000000	0.000000	22.306667	100.000000	99.994044	0.000000
100.000000	0.000000	12.532339	53.370205	76.780165	0.000000
100.000000	0.000000	22.306591	99.991247	100.000000	0.000000
100.000000	0.000000	22.310535	99.996850	99.996819	0.000000
100.000000	0.000000	12.741801	53.247064	77.024105	0.000000
100.000000	0.000000	22.304650	100.000000	100.000000	0.000000
100.000000	0.000000	22.318473	99.998369	99.996233	0.000000
100.000000	0.000000	22.317454	100.000000	100.000000	0.000000
100.000000	0.000000	22.338304	100.000000	100.000000	0.000000
100.000000	0.000000	12.127139	53.589446	77.750399	0.000000
100.000000	0.000000	12.325634	52.548103	75.603119	0.000000
100.000000	0.000000	11.989008	51.882803	75.114949	0.000000
100.000000	0.000000	17.077009	99.995807	100.000000	0.000000
100.000000	0.000000	22.303243	100.000000	99.984779	0.000000
100.000000	0.000000	22.302232	99.995217	100.000000	0.000000
100.000000	0.000000	16.878894	99.993591	99.988411	0.000000
100.000000	0.000000	22.302803	99.989558	99.995698	0.000000
100.000000	0.000000	12.159784	52.199308	75.575686	0.000000
100.000000	0.000000	22.330071	100.000000	99.997855	0.000000
100.000000	0.000000	22.321125	99.994374	99.997921	0.000000
100.000000	0.000000	12.806603	54.177133	77.613073	0.000000
100.000000	0.000000	22.335201	99.994133	100.000000	0.000000
100.000000	0.000000	12.212702	52.518849	75.994812	0.000000
100.000000	0.000000	12.320653	53.486478	76.631385	0.000000
100.000000	0.000000	12.572103	53.747605	77.551547	0.000000
100.000000	0.000000	22.317104	99.992978	99.997083	0.000000
100.000000	0.000000	17.173491	100.000000	100.000000	0.000000
100.000000	0.000000	22.299810	100.000000	99.999740	0.000000
100.000000	0.000000	22.304310	99.999040	100.000000	0.000000
100.000000	0.000000	12.034549	52.735667	75.819193	0.000000
100.000000	0.000000	11.849963	52.291376	75.888476	0.000000
100.000000	0.000000	22.313769	99.992165	100.000000	0.000000
100.000000	0.000000	22.333476	100.000000	99.978729	0.000000
100.000000	0.000000	16.672544	100.000000	100.000000	0.000000
100.000000	0.000000	22.323277	99.986982	99.991929	0.000000
100.000000	0.000000	16.928476	99.994465	100.000000	0.000000
100.000000	0.000000	22.317877	99.988064	99.991828	0.000000
100.000000	0.000000	12.239610	53.181679	76.389347	0.000000
100.000000	0.000000	12.811169	53.279418	76.409173	0.000000
100.000000	0.000000	16.837223	100.000000	99.998963	0.000000
100.000000	0.000000	12.150656	52.397051	75.882134	0.000000
100.000000	0.000000	22.316378	100.000000	100.000000	0.000000
100.000000	0.000000	16.976527	100.000000	100.000000	0.000000
100.000000	0.000000	17.326298	100.000000	99.994029	0.000000
100.000000	0.000000	22.317193	100.000000	100.000000	0.000000
100.000000	0.000000	22.314583	99.994087	99.995705	0.000000
100.000000	0.000000	12.021011	52.363872	75.733750	0.000000
100.000000	0.000000	16.827923	100.000000	99.991284	0.000000
100.000000	0.000000	22.318579	99.990094	100.000000	0.000000
100.000000	0.000000	22.319213	99.997633	99.997991	0.000000
100.000000	0.000000	12.246032	53.169720	76.828506	0.048978
100.000000	0.000000	12.484832	53.658702	76.516801	0.000000
100.000000	0.000000	22.328289	99.996422	100.000000	0.000000
100.000000	0.000000	12.075917	53.489809	76.312768	0.000000
100.000000	0.000000	22.310534	100.000000	100.000000	0.000000
100.000000	0.000000	11.626955	53.034986	76.697143	0.001332
100.000000	0.000000	16.633561	100.000000	100.000000	0.000000
100.000000	0.000000	22.311505	99.981161	99.996167	0.000000
100.000000	0.000000	22.320743	100.000000	99.992680	0.000000
100.000000	0.000000	12.473909	53.217992	75.859522	0.000000
100.000000	0.000000	22.311782	100.000000	100.000000	0.000000
100.000000	0.000000	12.466462	53.193199	76.398017	0.000000
100.000000	0.000000	12.345519	53.572382	77.364402	0.000000
100.000000	0.000000	12.150667	52.622172	75.578775	0.000000
100.000000	0.000000	12.107893	53.381537	76.201979	0.000000
100.000000	0.000000	16.857124	99.995762	99.996654	0.000000
100.000000	0.000000	22.316586	100.000000	99.997225	0.000000
100.000000	0.000000	22.310847	100.000000	99.995837	0.000000
100.000000	0.000000	11.742540	52.754869	76.048736	0.000000
100.000000	0.000000	12.468193	54.397655	78.094222	0.000000
100.000000	0.000000	22.315439	100.000000	99.991942	0.000000
100.000000	0.000000	17.023977	99.989524	99.996091	0.000000
100.000000	0.000000	12.508130	52.380076	75.676572	0.000000
100.000000	0.000000	22.329079	100.000000	99.999225	0.000000
100.000000	0.000000	22.335660	100.000000	100.000000	0.000000
100.000000	0.000000	22.303411	100.000000	99.993107	0.000000
100.000000	0.000000	22.330152	99.986358	100.000000	0.000000
100.000000	0.000000	22.320309	99.969488	99.999492	0.000000
100.000000	0.000000	16.793075	99.983863	100.000000	0.000000
99.995495	0.000000	17.035170	99.987446	100.000000	0.010263
100.000000	0.000000	22.307997	99.993978	99.992741	0.000000
100.000000	0.000000	16.903571	99.976117	100.000000	0.000000
100.000000	0.000000	16.723058	99.979883	100.000000	0.000000
100.000000	0.000000	17.042226	99.982682	100.000000	0.000000
100.000000	0.000000	11.927216	53.164684	76.469644	0.000000
100.000000	0.000000	12.273600	53.309400	76.308960	0.000000
100.000000	0.000000	17.213748	99.980185	100.000000	0.000000
100.000000	0.000000	22.336720	99.984258	100.000000	0.000000
100.000000	0.000000	11.974074	51.875922	74.998546	0.000000
100.000000	0.000000	17.234648	99.996589	100.000000	0.000000
100.000000	0.000000	17.079010	100.000000	100.000000	0.000000
100.000000	0.000000	12.354577	53.195267	77.027689	0.000000
100.000000	0.000000	22.323614	100.000000	100.000000	0.000000
100.000000	0.000000	22.318169	99.989172	99.991900	0.000000
100.000000	0.000000	22.329975	100.000000	99.996115	0.000000
100.000000	0.000000	17.092828	99.973100	100.000000	0.000000
100.000000	0.000000	12.494804	54.728216	78.136637	0.000000
100.000000	0.000000	22.308751	99.974534	100.000000	0.000000
100.000000	0.000000	22.318736	99.989189	100.000000	0.000000
100.000000	0.000000	22.317641	100.000000	100.000000	0.000000
100.000000	0.000000	22.318843	100.000000	99.991594	0.000000
100.000000	0.000000	22.328013	100.000000	100.000000	0.000000
100.000000	0.000000	22.335427	100.000000	99.995295	0.000000
100.000000	0.000000	12.465794	54.252350	77.858016	0.000000
100.000000	0.000000	22.313965	100.000000	99.989002	0.000000
100.000000	0.000000	22.311647	100.000000	100.000000	0.000000
100.000000	0.000000	12.492538	53.397050	76.984561	0.000000
100.000000	0.000000	12.327358	52.351747	75.520404	0.000000
100.000000	0.000000	22.330968	99.981677	100.000000	0.000000
100.000000	0.000000	12.381537	52.421089	75.231929	0.000000
100.000000	0.000000	12.509481	53.567026	76.738758	0.000000
100.000000	0.000000	22.301190	99.997739	100.000000	0.000000
100.000000	0.000000	17.141127	99.982588	100.000000	0.000000
100.000000	0.000000	17.204298	100.000000	100.000000	0.000000
100.000000	0.000000	22.305361	99.998852	100.000000	0.000000
100.000000	0.000000	22.317770	100.000000	99.997501	0.013689
100.000000	0.000000	11.959166	52.460286	75.508556	0.000000
100.000000	0.000000	17.021521	99.982780	100.000000	0.000000
100.000000	0.000000	22.308891	99.980624	100.000000	0.000000
100.000000	0.000000	11.907819	51.833656	74.945675	0.000000
100.000000	0.000000	22.308257	99.999815	100.000000	0.000000
100.000000	0.000000	16.375635	99.995839	99.993853	0.000000
100.000000	0.000000	11.990977	52.154434	75.007021	0.000000
100.000000	0.000000	22.316966	100.000000	99.991835	0.000000
100.000000	0.000000	12.630125	53.761424	76.994683	0.000000
100.000000	0.000000	22.319826	99.987906	99.987979	0.000000
100.000000	0.000000	22.314738	99.990825	99.995049	0.000000
100.000000	0.000000	22.311861	99.982632	100.000000	0.000000
100.000000	0.000000	11.959200	54.239191	78.565572	0.000000
100.000000	0.000000	22.318592	99.967249	100.000000	0.000000
100.000000	0.000000	22.315048	99.998940	100.000000	0.000000
100.000000	0.000000	22.326141	99.988672	100.000000	0.000000
100.000000	0.000000	22.327967	100.000000	100.000000	0.000000
100.000000	0.000000	22.302922	99.970994	100.000000	0.000000
100.000000	0.000000	12.292545	52.555689	75.771009	0.000000
100.000000	0.000000	16.724872	99.978623	100.000000	0.000000
100.000000	0.000000	22.323469	99.999294	100.000000	0.000000
100.000000	0.000000	12.558668	53.224659	76.935128	0.000000
100.000000	0.000000	17.463688	100.000000	100.000000	0.000000
100.000000	0.000000	16.834095	99.982070	100.000000	0.000000
100.000000	0.000000	17.177761	100.000000	100.000000	0.000000
100.000000	0.000000	12.535944	53.152985	76.379984	0.000000
100.000000	0.000000	22.307110	100.000000	100.000000	0.000000
100.000000	0.000000	11.975258	53.275023	76.841721	0.000000
100.000000	0.000000	22.311263	99.995305	100.000000	0.000000
100.000000	0.000000	12.709712	53.936648	77.571904	0.000000
100.000000	0.000000	12.059692	53.803576	77.553161	0.000000
100.000000	0.000000	22.311120	100.000000	99.999927	0.000000
100.000000	0.000000	22.303178	100.000000	99.995937	0.000000
100.000000	0.000000	17.243257	99.993702	100.000000	0.000000
100.000000	0.000000	17.129313	99.985644	99.993531	0.000000
100.000000	0.000000	12.117481	52.361452	75.757172	0.000000
100.000000	0.000000	17.018008	99.986076	99.994326	0.000000
100.000000	0.000000	22.324277	99.975803	99.991851	0.000000
100.000000	0.000000	17.065744	100.000000	99.989101	0.000000
100.000000	0.000000	17.293619	99.995937	100.000000	0.000000
100.000000	0.000000	12.510856	52.140331	75.609932	0.000000
100.000000	0.000000	12.471442	52.840580	76.105552	0.000000
100.000000	0.000000	12.936519	53.950633	77.955505	0.000000
100.000000	0.000000	12.165976	52.074280	74.935104	0.000000
100.000000	0.000000	16.860047	100.000000	99.992742	0.000000
100.000000	0.000000	17.680964	99.984984	100.000000	0.000000
100.000000	0.000000	22.321374	100.000000	100.000000	0.000000
100.000000	0.000000	22.324364	99.993318	99.986934	0.000000
100.000000	0.000000	12.134456	53.497363	76.491609	0.000000
100.000000	0.000000	16.877000	99.990397	99.994999	0.000000
100.000000	0.000000	22.319457	99.985263	99.998020	0.000000
100.000000	0.000000	17.160113	99.986359	99.992806	0.000000
100.000000	0.000000	12.370522	52.559159	75.360849	0.000000
100.000000	0.000000	22.302812	100.000000	99.988067	0.000000
100.000000	0.000000	22.305179	100.000000	99.987681	0.000000
100.000000	0.000000	22.329138	99.996674	99.971774	0.000000
100.000000	0.000000	12.390247	53.374499	76.453772	0.000000
100.000000	0.000000	22.301893	100.000000	99.988916	0.000000
100.000000	0.000000	22.334101	99.983019	99.996198	0.000000
100.000000	0.000000	22.325308	99.970767	99.992580	0.000000
100.000000	0.000000	22.326027	100.000000	99.997528	0.000000
100.000000	0.000000	12.135966	52.648594	75.801439	0.000000
100.000000	0.000000	22.316808	99.998457	100.000000	0.000000
100.000000	0.000000	22.317053	100.000000	99.996260	0.000000
100.000000	0.000000	12.340911	53.007308	76.170845	0.009935
100.000000	0.000000	11.918185	52.391068	75.609274	0.000000
99.989856	0.000000	12.397414	53.482862	77.336672	0.021607
100.000000	0.000000	22.312450	99.991940	100.000000	0.000000
99.920850	0.000000	16.967491	99.996552	100.000000	0.029456
100.000000	0.000000	22.317588	100.000000	99.997303	0.000000
100.000000	0.000000	16.830854	99.999600	99.992280	0.000000
100.000000	0.000000	22.310113	99.998785	100.000000	0.000000
100.000000	0.000000	17.109650	100.000000	99.998659	0.000000
100.000000	0.000000	12.108093	52.672766	76.024542	0.000000
100.000000	0.000000	11.982748	53.580487	77.486443	0.000000
100.000000	0.000000	22.317325	99.989017	99.988230	0.000000
100.000000	0.000000	22.316871	99.997898	99.996112	0.000000
100.000000	0.000000	22.337459	99.972574	99.996720	0.000000
100.000000	0.000000	12.505130	53.681981	77.277281	0.018660
100.000000	0.000000	22.320895	99.996902	99.991456	0.000000
100.000000	0.000000	22.321096	100.000000	99.993436	0.000000
100.000000	0.000000	22.311301	99.975989	99.996412	0.000000
100.000000	0.000000	12.593041	52.921406	76.217717	0.000000
100.000000	0.000000	12.118222	52.942965	76.877310	0.000000
100.000000	0.000000	22.315504	100.000000	99.995728	0.000000
100.000000	0.000000	22.324444	100.000000	100.000000	0.000000
100.000000	0.000000	22.313929	100.000000	100.000000	0.000000
100.000000	0.000000	12.407351	52.905370	75.975968	0.000000
100.000000	0.000000	16.790096	99.999493	100.000000	0.000000
100.000000	0.000000	22.314139	99.989795	99.992842	0.000000
100.000000	0.000000	22.306316	100.000000	100.000000	0.000000
100.000000	0.000000	13.055457	54.387688	78.008731	0.000000
100.000000	0.000000	22.325634	99.997925	99.990740	0.000000
100.000000	0.000000	16.832465	99.996454	99.998858	0.000000
100.000000	0.000000	22.324337	99.987960	100.000000	0.000000
100.000000	0.000000	22.297296	99.992994	99.990626	0.000000
100.000000	0.000000	22.308962	100.000000	100.000000	0.000000
100.000000	0.000000	12.171033	52.813133	75.263721	0.000000
100.000000	0.000000	11.585612	52.863912	76.332566	0.000000
100.000000	0.000000	12.675546	53.466584	76.535034	0.000000
100.000000	0.000000	22.322492	99.969680	99.983607	0.000000
100.000000	0.000000	12.739448	53.287863	76.927411	0.000000
100.000000	0.000000	22.312381	99.992837	99.990431	0.000000
100.000000	0.000000	17.265217	99.978585	99.992523	0.000000
100.000000	0.000000	11.999111	53.047450	76.248852	0.000000
100.000000	0.000000	12.218479	53.181389	76.407054	0.000000
