99.970103	0.000000	9.045357	13.207795	16.172254	25.510611
99.845884	0.000000	10.336865	15.697092	19.019684	26.275274
99.757414	0.000000	13.209858	9.639670	37.024703	42.802091
99.887598	0.000000	12.272514	10.798733	33.549473	41.622796
99.895438	0.000000	14.026276	12.037460	19.403960	35.633999
100.000000	0.000000	12.180961	5.410006	10.844576	22.882607
99.866909	0.000000	54.853049	15.585697	34.779294	99.913873
100.000000	0.000000	22.146020	19.968879	43.802091	62.508406
99.835198	0.000000	19.409338	9.142739	22.832016	46.444479
99.913757	0.000000	11.902319	10.698944	26.226684	36.127225
100.000000	0.000000	10.146400	14.482793	18.198056	27.341480
100.000000	0.000000	14.391286	12.284197	40.488821	46.763776
100.000000	0.000000	38.935853	12.358061	42.993168	94.230847
99.903829	0.000000	10.638051	17.403788	21.376178	30.715829
99.711831	0.000000	8.075575	6.923808	15.221234	21.924913
99.863655	0.000000	19.166058	7.440899	27.843208	48.532915
100.000000	0.000000	46.361582	23.459771	45.147899	99.928925
99.783057	0.000000	50.559681	27.762686	39.695713	99.975790
100.000000	0.000000	36.025615	20.436484	57.507051	94.810111
100.000000	0.000000	12.415169	10.540918	29.430148	37.339659
99.748424	0.000000	9.175237	13.227535	16.451460	25.896578
99.967694	0.000000	10.179846	18.693359	26.994804	32.189613
99.767508	0.000000	9.023063	16.650150	20.263051	26.513039
99.795541	0.000000	20.287534	20.386566	45.431349	60.603373
100.000000	0.000000	9.811337	11.463126	27.226794	32.387185
99.930634	0.000000	8.880756	10.283502	25.272137	27.985149
100.000000	0.000000	9.393784	15.180959	22.020708	30.816103
100.000000	0.000000	35.183863	30.208254	57.064610	94.244366
99.894658	0.000000	15.075388	11.794268	27.226218	39.378889
99.801634	0.000000	7.477020	14.066947	23.602328	25.971971
99.569140	0.000000	10.758537	7.820188	18.445153	27.878013
100.000000	0.000000	9.631256	10.513603	18.304940	24.776515
99.992917	0.000000	12.372618	9.823593	23.807956	35.556489
99.887994	0.000000	25.459411	10.838841	26.605196	59.186756
99.141881	0.000000	5.279025	14.303505	15.586866	16.940071
100.000000	0.000000	6.466198	10.835340	18.066437	19.333544
99.812946	0.000000	13.891478	11.872658	30.416233	39.371974
100.000000	0.000000	10.326214	17.651711	19.774041	29.101591
99.958452	0.000000	12.605642	11.535304	35.948747	38.571125
100.000000	0.000000	6.539923	11.528374	12.313499	16.708271
99.975144	0.000000	33.876783	20.268698	59.386989	91.764324
99.905415	0.000000	29.363144	15.626547	47.128315	76.770420
100.000000	0.000000	11.064149	14.825397	21.637660	31.646138
100.000000	0.000000	9.836561	19.895310	20.998949	27.239218
100.000000	0.000000	5.667848	9.308110	13.335926	13.030929
100.000000	0.000000	8.703907	21.804281	18.078731	23.573367
100.000000	0.000000	16.534729	8.131092	26.849513	45.317867
100.000000	0.000000	40.064890	16.683904	51.679494	99.742917
100.000000	0.000000	5.126202	6.071868	13.871525	15.090117
100.000000	0.000000	55.020952	23.507740	34.954259	100.000000
100.000000	0.000000	23.609677	16.560508	52.733355	68.065493
100.000000	0.000000	10.335000	5.451864	17.236025	28.965024
100.000000	0.000000	14.844485	19.895495	32.933926	46.113341
99.806655	0.000000	4.592078	5.613926	8.033865	10.930205
100.000000	0.000000	15.614467	5.275868	11.770089	33.249508
99.544568	0.000000	15.713511	17.844735	30.038573	43.929077
100.000000	0.000000	7.526221	7.217562	17.864287	17.749133
100.000000	0.000000	11.300174	5.816455	12.927702	25.114035
99.386606	0.000000	6.535884	13.596824	9.660534	12.132472
99.994377	0.000000	13.415807	6.615262	12.635151	32.883733
99.700824	0.000000	13.047836	11.838132	10.058005	31.345211
99.982708	0.000000	37.966342	15.984116	45.952224	93.055299
100.000000	0.000000	15.522506	9.330814	31.900631	45.661491
100.000000	0.000000	12.405201	11.484589	33.287762	40.888134
100.000000	0.000000	9.152135	5.681705	21.446557	26.130737
99.920091	0.000000	19.231263	7.954881	30.499591	51.056835
99.754503	0.000000	24.556914	13.229846	38.299797	63.568241
99.928905	0.000000	43.627214	23.351716	47.308180	100.000000
99.526422	0.000000	5.109696	17.152633	16.491033	17.948436
99.863181	0.000000	8.782333	12.809328	16.556198	23.544900
99.332491	0.000000	10.287974	9.391207	20.539244	27.732797
99.839578	0.000000	13.036195	10.878755	20.101021	33.600816
100.000000	0.000000	12.678561	11.901723	43.552767	47.631657
100.000000	0.000000	10.941572	14.130608	21.681826	27.312069
100.000000	0.000000	8.058245	16.254354	19.648814	25.589501
100.000000	0.000000	10.861801	7.339232	25.680718	34.859507
99.870667	0.000000	21.237044	8.679864	26.054011	50.758142
99.718427	0.000000	20.303414	12.535031	35.381968	52.710895
100.000000	0.000000	8.020774	12.681717	12.805183	22.071174
100.000000	0.000000	4.904966	8.767542	13.318542	20.501799
99.953641	0.000000	28.786971	18.038708	48.515975	76.893259
99.282173	0.000000	8.943904	11.021866	11.510529	24.643171
99.999361	0.000000	27.111267	12.635795	34.335491	68.029326
99.825113	0.000000	12.533343	8.696358	25.623700	34.911590
99.997261	0.000000	9.899454	10.053866	27.490970	35.286655
100.000000	0.000000	11.290027	10.652590	33.086245	35.152222
100.000000	0.000000	16.471781	12.868559	36.636662	48.620021
99.680864	0.000000	4.920112	9.613962	9.879978	8.320721
100.000000	0.000000	10.301202	11.773265	17.100665	32.335530
100.000000	0.000000	17.975368	17.723873	31.565367	48.259470
99.111345	0.000000	12.461821	8.347889	18.852863	17.049368
99.792315	0.000000	12.097080	8.617640	20.412617	31.083980
99.665779	0.000000	9.774730	6.196253	16.975439	25.533990
100.000000	0.000000	4.696635	3.578808	18.429815	18.071856
100.000000	0.000000	6.855899	7.125116	18.248383	19.912993
100.000000	0.000000	39.402250	24.622784	53.330520	99.910803
99.693214	0.000000	17.586810	9.874266	29.088208	46.989655
100.000000	0.000000	15.317892	5.142964	16.363956	36.127379
100.000000	0.000000	19.914843	25.328013	37.863775	54.256140
100.000000	0.000000	3.577587	15.758507	17.098788	22.834708
99.767837	0.000000	11.129969	7.066234	19.975420	32.297173
100.000000	0.000000	13.102815	8.651546	23.138648	35.758101
99.531536	0.000000	16.835024	11.433702	33.396435	47.705559
99.853013	0.000000	15.972639	11.122767	36.598631	47.007920
100.000000	0.000000	7.285175	10.731363	15.514088	17.023619
100.000000	0.000000	14.631879	12.386297	30.576619	40.556241
99.884678	0.000000	6.084142	13.567050	22.356032	19.619236
99.759501	0.000000	10.663940	18.978467	19.596705	29.593912
99.999505	0.000000	11.078005	15.272518	25.718216	34.125236
100.000000	0.000000	46.635881	29.642397	44.824088	100.000000
100.000000	0.000000	6.357908	11.267160	21.671317	20.802263
100.000000	0.000000	13.355057	5.872895	16.602189	33.026651
100.000000	0.000000	20.744222	15.316168	50.609269	62.491607
99.847461	0.000000	14.882787	7.519315	20.651751	35.604278
100.000000	0.000000	9.596026	8.641294	14.783710	28.304898
99.901594	0.000000	13.097596	9.666043	26.115699	34.825573
99.788728	0.000000	18.549091	11.523784	36.032210	49.886685
100.000000	0.000000	31.130189	17.573444	54.590319	85.731656
100.000000	0.000000	7.248378	7.761887	17.182270	22.087569
99.721675	0.000000	7.157941	5.745755	19.627117	22.404406
99.835117	0.000000	27.213971	35.417623	59.748389	80.250110
100.000000	0.000000	22.489150	18.265868	39.383991	61.058452
99.785458	0.000000	10.996047	11.836549	20.107438	30.551660
100.000000	0.000000	36.108399	23.511717	57.334789	95.724960
99.990409	0.000000	24.860277	24.342256	39.892821	64.860748
100.000000	0.000000	22.759180	14.592379	50.367128	65.186290
99.073780	0.000000	7.779457	17.187646	17.324487	23.515727
99.941417	0.000000	30.512698	14.431359	41.863841	77.922407
100.000000	0.000000	8.820184	4.653851	16.713179	21.613212
99.797734	0.000000	17.541796	12.742954	39.560944	55.038893
100.000000	0.000000	46.501009	25.166035	44.503889	99.903948
99.770839	0.000000	10.692727	6.536168	14.288233	27.512848
99.741584	0.000000	14.617759	13.880844	30.880555	40.446839
99.926743	0.000000	13.831989	7.665571	22.387033	37.863854
99.910181	0.000000	9.874707	18.458327	18.627418	29.090115
100.000000	0.000000	11.465015	6.622511	23.796327	24.413290
100.000000	0.000000	18.957974	10.871389	34.944969	50.919465
100.000000	0.000000	52.021608	26.993612	38.208924	99.878971
99.411137	0.000000	5.019682	12.187941	18.650109	18.087677
99.114743	0.000000	5.718269	11.692659	14.652059	19.495279
99.843212	0.000000	11.542522	14.575727	13.163789	27.242719
100.000000	0.000000	12.122757	5.275306	17.617404	33.272479
100.000000	0.000000	6.973890	16.264860	19.069662	21.450905
100.000000	0.000000	9.410831	16.062156	18.338655	25.872877
99.717103	0.000000	18.495744	9.973217	33.843863	49.246185
100.000000	0.000000	12.584185	10.864262	30.894708	37.905451
100.000000	0.000000	10.700251	12.632826	17.062028	27.555772
99.954972	0.000000	11.640704	15.383350	20.539712	30.639384
99.798014	0.000000	10.518277	17.240087	20.635582	30.571272
100.000000	0.000000	6.555001	8.265400	10.516410	16.845052
99.912703	0.000000	22.996266	10.544038	35.092464	58.467467
100.000000	0.000000	15.937036	17.035340	20.975964	37.787132
100.000000	0.000000	6.632653	11.103394	13.040601	17.009289
99.840766	0.000000	13.387210	9.187362	17.487372	29.925095
99.393950	0.000000	9.113405	5.327780	14.739913	20.193320
99.789980	0.000000	8.987464	15.054528	19.937986	28.408450
99.970822	0.000000	8.304753	15.029427	19.542473	25.639344
100.000000	0.000000	17.969813	12.930513	33.159071	49.719833
100.000000	0.000000	16.330286	5.955463	25.429629	42.811661
100.000000	0.000000	50.798930	24.630068	39.735850	100.000000
99.790642	0.000000	16.730836	13.364136	38.482721	49.737933
100.000000	0.000000	10.620481	14.906119	17.533332	30.241044
100.000000	0.000000	10.130722	17.215329	18.273347	25.930639
100.000000	0.000000	9.090874	5.901892	16.372441	19.757396
100.000000	0.000000	19.406568	9.211318	23.966598	46.060511
100.000000	0.000000	12.269452	12.430295	22.352403	32.571548
100.000000	0.000000	5.696586	10.233761	19.024505	21.663178
99.424287	0.000000	7.944882	20.677569	23.843006	23.860973
100.000000	0.000000	11.173643	8.394170	10.793733	16.815400
100.000000	0.000000	8.015738	7.293362	12.331376	20.303699
99.960251	0.000000	59.264251	15.978424	34.553262	100.000000
99.687062	0.000000	10.737439	4.628755	28.511473	36.775234
100.000000	0.000000	10.315769	13.466332	20.470263	30.646930
100.000000	0.000000	9.466264	13.059681	22.203262	29.541183
100.000000	0.000000	6.623428	4.712622	18.687300	23.725398
100.000000	0.000000	8.053433	9.420175	15.604252	21.593739
100.000000	0.000000	8.229357	9.642582	19.234229	23.605716
99.786353	0.000000	27.713483	16.912970	52.997671	77.002838
99.755597	0.000000	11.407881	10.844639	24.856639	31.985264
99.668993	0.000000	10.793712	10.010378	21.330878	33.244128
100.000000	0.000000	12.130445	13.475341	22.225896	33.394303
98.755353	0.000000	10.452169	3.033856	9.151610	22.607072
100.000000	0.000000	55.296382	22.740861	34.469092	100.000000
99.807474	0.000000	9.773455	16.879256	17.751314	22.539375
99.936229	0.000000	8.517724	13.693670	14.697558	24.080940
100.000000	0.000000	14.806284	9.521480	24.022565	42.172014
99.945886	0.000000	11.524929	10.087330	11.192560	28.257961
99.824616	0.000000	7.190953	14.466591	15.174936	18.750627
100.000000	0.000000	13.893786	6.101424	16.837514	34.735893
99.620947	0.000000	11.520966	5.168729	19.547322	17.456757
99.727132	0.000000	7.196409	11.342962	18.886568	18.758373
100.000000	0.000000	32.169156	19.189117	55.445421	88.215332
100.000000	0.000000	11.895121	10.561293	19.467492	28.151792
99.961564	0.000000	23.234889	14.556565	45.459566	67.300091
99.954446	0.000000	56.986090	15.204492	34.573230	100.000000
100.000000	0.000000	21.409033	21.493465	35.484151	57.821899
99.996186	0.000000	19.709720	24.330192	48.934259	62.576139
100.000000	0.000000	4.966794	14.527837	22.655284	22.582002
99.449483	0.000000	4.086428	8.708720	14.992028	23.852439
99.774741	0.000000	8.711876	9.257648	12.164933	22.080506
100.000000	0.000000	17.577997	6.144057	23.283650	41.499361
100.000000	0.000000	13.559807	12.048720	27.732580	37.372057
100.000000	0.000000	10.896059	14.728602	26.237716	34.434608
99.892819	0.000000	9.805900	14.352046	16.978717	22.910087
100.000000	0.000000	11.555734	8.613763	19.411894	33.850342
100.000000	0.000000	10.570476	4.590835	18.950428	25.243542
100.000000	0.000000	10.985010	12.221511	22.931824	30.340974
100.000000	0.000000	5.313360	10.495819	16.016626	18.456719
99.712372	0.000000	10.325584	17.190945	17.677460	24.950193
100.000000	0.000000	19.327482	6.658108	18.260136	35.771580
100.000000	0.000000	9.314225	13.673869	14.921877	22.264895
100.000000	0.000000	16.627590	9.951994	28.566648	47.851472
100.000000	0.000000	5.067681	9.774748	15.796210	17.734468
99.958871	0.000000	9.912520	27.355643	19.268290	26.475277
99.495581	0.000000	6.650729	7.202669	12.700962	15.733660
99.710155	0.000000	19.900729	19.518617	37.451695	56.924148
99.943621	0.000000	58.436300	15.954187	34.561083	100.000000
100.000000	0.000000	54.317427	23.590971	35.122327	100.000000
100.000000	0.000000	28.802644	16.746878	50.508339	78.495845
100.000000	0.000000	9.386869	13.079214	19.349893	25.360486
99.973700	0.000000	12.244489	10.410202	19.580322	29.520053
100.000000	0.000000	11.226761	19.461306	25.374777	31.728678
100.000000	0.000000	9.216664	15.904041	27.773424	31.124807
100.000000	0.000000	48.112145	22.285429	42.581417	99.980504
99.952327	0.000000	25.579416	13.170328	40.530305	67.327957
99.780033	0.000000	14.326524	15.449032	23.367228	36.964560
100.000000	0.000000	16.324641	15.178243	40.821152	52.159788
99.961837	0.000000	8.998297	9.758509	18.743003	26.560176
100.000000	0.000000	10.850608	15.902475	28.091529	32.383293
99.636729	0.000000	10.611647	10.327328	12.822405	25.684733
99.895395	0.000000	13.446595	14.601278	31.468034	39.192153
99.739331	0.000000	6.464934	11.705100	12.767768	17.498218
100.000000	0.000000	15.262199	13.020517	49.221206	53.644213
99.535012	0.000000	9.775955	20.757178	19.369985	28.664240
100.000000	0.000000	10.983074	16.139232	13.914238	24.351789
100.000000	0.000000	42.811165	17.603413	48.971792	100.000000
100.000000	0.000000	55.147381	19.845821	34.868751	99.927164
99.531697	0.000000	11.878344	15.023078	32.176190	37.055608
99.965130	0.000000	17.910109	23.855221	52.622303	60.989730
100.000000	0.000000	11.756081	16.149417	24.811945	35.468508
99.909875	0.000000	18.886413	11.301290	29.634531	47.940039
100.000000	0.000000	18.531080	22.110747	46.848483	59.183669
99.987558	0.000000	42.762827	18.353767	49.392327	99.869631
99.957189	0.000000	22.085039	11.179439	35.517597	57.405849
100.000000	0.000000	10.268240	9.111897	14.515224	25.146016
100.000000	0.000000	6.320137	16.215709	20.732716	23.046688
99.958914	0.000000	16.815518	16.374991	36.261860	50.601059
100.000000	0.000000	55.171755	15.797555	34.682326	99.771565
100.000000	0.000000	11.954021	9.020490	32.877341	38.586468
100.000000	0.000000	8.057388	12.645770	20.334462	25.210364
99.984800	0.000000	14.475590	10.537581	36.596903	46.623433
100.000000	0.000000	13.529819	13.393919	20.091627	34.864695
100.000000	0.000000	54.964137	19.577658	34.224935	100.000000
99.908929	0.000000	36.993845	17.737011	54.974930	95.968002
99.841558	0.000000	10.660745	25.739985	35.556638	39.977531
100.000000	0.000000	38.260875	20.119784	54.034592	97.564278
100.000000	0.000000	5.883150	10.252097	16.829829	19.783779
100.000000	0.000000	7.053935	10.787177	19.420329	18.340104
99.426805	0.000000	10.373867	15.290529	21.836767	25.022458
99.694618	0.000000	7.652597	7.183751	17.240999	21.773734
99.825985	0.000000	9.408052	14.313960	20.828970	28.322637
99.922260	0.000000	29.662214	13.093602	42.985785	76.335707
100.000000	0.000000	55.205169	20.762398	34.451846	100.000000
99.364504	0.000000	12.867012	15.095469	16.589472	29.341705
100.000000	0.000000	19.057970	17.683675	29.978263	48.995691
100.000000	0.000000	11.152829	15.694792	22.876205	32.608499
100.000000	0.000000	12.596353	13.976660	18.824438	32.049625
99.680693	0.000000	11.958423	10.004740	26.975106	33.656499
99.545411	0.000000	13.362161	3.311182	20.963836	36.763669
99.845131	0.000000	11.578099	7.720916	27.152037	32.808485
99.950216	0.000000	16.060639	15.849440	39.549466	49.525012
100.000000	0.000000	6.849156	17.682500	28.506302	29.060823
99.680292	0.000000	10.675739	14.778652	26.861734	34.258589
99.946404	0.000000	19.667924	19.883931	53.242268	63.736713
100.000000	0.000000	22.363952	19.344527	30.296122	55.298152
99.882259	0.000000	15.156868	9.558327	32.441050	43.560482
99.921425	0.000000	29.326852	22.144816	52.287714	80.010477
99.976943	0.000000	36.064256	22.441187	57.130360	94.820101
100.000000	0.000000	38.954840	15.655539	49.300066	97.494285
99.907922	0.000000	18.804645	11.982162	21.077889	46.443133
99.999373	0.000000	7.633743	17.224835	18.843029	21.045520
99.983655	0.000000	54.006629	24.940100	36.021107	99.986515
100.000000	0.000000	53.313747	25.254354	36.562477	100.000000
99.762496	0.000000	15.419383	6.130482	23.601954	43.760083
99.780425	0.000000	41.302646	17.804868	51.032418	99.736330
100.000000	0.000000	11.206679	14.391320	42.817734	41.410436
100.000000	0.000000	9.005700	13.502506	17.871708	24.837258
99.865047	0.000000	55.259322	18.795832	34.559166	99.934128
100.000000	0.000000	6.338459	12.839292	16.796199	22.402950
100.000000	0.000000	8.541001	18.024411	28.227408	28.482064
99.333374	0.000000	9.297726	15.300874	26.512527	28.767430
99.486025	0.000000	6.962882	15.487061	16.969943	23.087474
100.000000	0.000000	35.449762	15.139361	40.436709	85.460465
100.000000	0.000000	39.825306	24.268826	51.838899	99.052605
100.000000	0.000000	13.448306	6.690623	15.675673	34.873105
99.832080	0.000000	28.335062	13.369631	38.060175	72.638290
99.828041	0.000000	29.470147	13.783885	41.686354	75.951615
100.000000	0.000000	9.909142	11.791690	15.848986	24.831442
99.704369	0.000000	11.606137	10.945717	17.581777	28.745735
100.000000	0.000000	8.612969	11.352773	19.167654	29.713137
99.899068	0.000000	22.526945	13.681789	39.402059	61.564599
100.000000	0.000000	15.606746	10.496256	32.890328	47.604344
100.000000	0.000000	12.314546	22.623398	30.440964	36.671754
100.000000	0.000000	17.722486	9.247186	24.674115	43.865117
100.000000	0.000000	18.344197	15.309209	45.191539	57.416230
100.000000	0.000000	34.243209	12.856231	34.840784	78.204111
100.000000	0.000000	15.149163	14.265736	20.382332	35.209890
100.000000	0.000000	12.387759	16.591315	27.771700	37.133832
99.312575	0.000000	12.047619	8.528425	25.571338	35.221288
100.000000	0.000000	18.059505	15.441428	32.705540	48.896500
100.000000	0.000000	10.574850	17.794156	25.876533	30.906324
100.000000	0.000000	11.241288	10.958286	14.313873	28.651631
100.000000	0.000000	15.865420	11.186473	38.226633	48.764527
99.703434	0.000000	21.095884	12.644972	40.126054	58.327214
100.000000	0.000000	9.834972	13.424959	17.617904	27.771113
99.878846	0.000000	22.999287	12.980386	37.130003	62.080598
99.971537	0.000000	18.989267	24.800593	54.075302	63.857318
100.000000	0.000000	16.106079	23.055594	22.367848	42.658808
100.000000	0.000000	16.417482	12.506191	35.707788	47.016492
100.000000	0.000000	9.809184	7.543187	24.621212	31.158445
100.000000	0.000000	18.511119	10.935211	36.342591	50.633620
99.948042	0.000000	27.954261	13.800699	37.554619	69.424080
99.755989	0.000000	8.025416	11.404108	26.297230	30.644991
100.000000	0.000000	9.611982	8.991372	13.415790	22.061695
99.976221	0.000000	10.880733	13.909823	20.884854	31.692013
99.550800	0.000000	0.000000	14.441786	13.640661	12.224040
99.955780	0.000000	39.980457	17.433473	52.777149	99.889865
99.586924	0.000000	10.956101	10.040721	18.266083	28.581114
100.000000	0.000000	6.737179	21.036631	23.617328	23.002689
99.592744	0.000000	12.016967	5.538704	15.074930	30.638599
100.000000	0.000000	25.166300	17.756249	52.381964	71.827889
100.000000	0.000000	7.440578	16.208570	20.216974	18.050384
100.000000	0.000000	11.696143	22.197083	24.156252	34.259929
99.914161	0.000000	10.120382	16.976683	23.806794	31.579664
99.977361	0.000000	21.496045	17.870407	38.374536	58.435970
99.876140	0.000000	13.219031	20.145493	35.320530	43.466458
100.000000	0.000000	4.311920	6.297754	15.647183	16.723355
99.992868	0.000000	7.958768	10.953686	16.899377	18.681569
100.000000	0.000000	9.567697	6.099328	15.618495	24.739395
99.978466	0.000000	55.104372	21.764497	34.924411	100.000000
100.000000	0.000000	28.992059	13.289606	37.520907	71.845169
99.435204	0.000000	9.089147	12.887213	13.626258	21.520323
99.616625	0.000000	13.716557	18.585932	22.257601	38.181104
100.000000	0.000000	17.856511	21.187407	51.483713	58.659795
100.000000	0.000000	10.133878	8.424167	22.466749	29.792204
100.000000	0.000000	22.349887	9.068503	35.842848	55.324168
100.000000	0.000000	14.844271	4.683094	11.661010	35.203104
99.670316	0.000000	8.268219	11.201633	23.311670	27.116512
99.816801	0.000000	11.550258	8.266189	23.302380	35.202338
99.477227	0.000000	6.200438	10.395879	17.162028	16.090994
100.000000	0.000000	8.771169	13.009107	16.117816	20.322959
99.747685	0.000000	8.019154	17.790126	24.552480	26.693241
100.000000	0.000000	19.035929	12.959850	41.293853	56.542435
100.000000	0.000000	18.094721	12.890899	43.515161	57.385718
99.589261	0.000000	11.154638	0.000000	0.000000	12.009478
99.939759	0.000000	14.355533	8.931519	20.901969	37.561499
100.000000	0.000000	39.799741	20.344845	52.367007	99.228157
99.813226	0.000000	21.456336	14.217568	47.752968	64.935049
99.862548	0.000000	47.975292	27.909701	43.178035	99.840151
100.000000	0.000000	6.364176	14.135138	22.522972	23.468700
99.948474	0.000000	13.119473	26.802788	29.326013	40.459877
99.936296	0.000000	19.879386	13.262566	40.899184	56.323967
100.000000	0.000000	18.489769	16.839217	20.374071	42.012574
100.000000	0.000000	5.357130	10.742595	12.637623	17.919837
99.831000	0.000000	9.355960	17.356394	26.224435	30.659627
99.783482	0.000000	17.597054	13.467645	42.880115	52.774465
99.542161	0.000000	12.418377	17.119792	28.411951	39.269402
99.955707	0.000000	11.990595	14.993958	22.143191	34.394045
100.000000	0.000000	10.355376	7.700882	9.233371	20.676551
99.721388	0.000000	20.526682	13.078033	42.475124	60.387450
99.675703	0.000000	13.336342	9.045151	17.360755	35.684655
100.000000	0.000000	11.767268	19.166370	33.294885	35.869171
99.893508	0.000000	13.259550	7.323393	23.572156	36.934312
99.990438	0.000000	18.979825	20.460141	35.786748	51.548316
100.000000	0.000000	31.093001	29.506463	63.380084	89.312589
99.283977	0.000000	9.226736	15.171180	18.295175	25.930542
100.000000	0.000000	16.180563	8.435207	27.442794	42.205740
99.530674	0.000000	13.207385	11.471359	19.601332	29.050744
99.960122	0.000000	11.131848	6.560698	16.881238	26.183300
100.000000	0.000000	5.587853	11.690833	17.372302	19.814050
99.423835	0.000000	16.428937	8.461720	30.673514	45.331951
100.000000	0.000000	10.333225	13.247307	17.969926	27.734631
99.891448	0.000000	12.104222	12.974312	17.107021	27.725069
99.990122	0.000000	25.820530	12.736694	40.154801	66.925651
100.000000	0.000000	54.926168	20.307902	34.152973	100.000000
99.983228	0.000000	18.561057	13.182721	42.303714	55.766946
100.000000	0.000000	12.331323	16.467739	17.590942	27.732952
100.000000	0.000000	6.512592	8.805394	14.475396	20.129971
100.000000	0.000000	12.341016	13.060241	26.772112	35.733557
100.000000	0.000000	58.267686	15.868817	34.627554	99.989173
99.891601	0.000000	55.077299	19.292077	34.429941	100.000000
99.797421	0.000000	12.298507	11.588699	16.390581	31.152378
100.000000	0.000000	9.399352	5.862262	19.794123	23.738799
100.000000	0.000000	5.117816	14.476769	15.644142	19.591911
100.000000	0.000000	13.040460	15.342219	26.883874	35.438695
100.000000	0.000000	12.417737	16.103948	23.255737	33.723565
100.000000	0.000000	8.263348	18.100583	22.333880	27.501145
100.000000	0.000000	8.865312	17.851604	25.251458	29.586218
100.000000	0.000000	9.051689	7.232054	24.353166	32.398287
100.000000	0.000000	5.220081	16.891310	0.000000	12.725495
100.000000	0.000000	19.311446	10.810164	34.244584	51.961800
100.000000	0.000000	21.778522	12.332296	35.138660	55.918116
100.000000	0.000000	9.703183	15.050620	26.527893	30.943444
100.000000	0.000000	10.431384	8.466220	27.577147	31.516548
99.730865	0.000000	6.901199	9.287703	15.926877	21.454939
100.000000	0.000000	32.929809	26.671027	60.234787	91.645600
99.945124	0.000000	15.260917	9.742286	31.094780	42.226802
99.305315	0.000000	10.473555	11.250113	21.331844	32.497651
100.000000	0.000000	9.411937	17.066958	19.191258	23.236237
100.000000	0.000000	13.630327	13.058964	27.855161	35.881930
100.000000	0.000000	10.623927	8.462521	25.661126	30.601990
100.000000	0.000000	7.918377	7.749988	21.396528	25.386379
99.972649	0.000000	18.395894	7.218928	21.891481	40.692536
100.000000	0.000000	9.364533	13.122317	17.415858	28.880834
99.809969	0.000000	16.946573	15.958044	25.945294	44.629745
99.787711	0.000000	9.892545	15.623214	18.686153	25.049839
99.688503	0.000000	12.154073	16.439708	28.026106	34.567015
100.000000	0.000000	13.842454	15.214053	19.519908	32.416509
100.000000	0.000000	24.098213	13.796365	40.007922	64.804786
100.000000	0.000000	55.102077	21.245686	34.694578	100.000000
100.000000	0.000000	13.595661	7.203112	23.982273	31.165191
99.915008	0.000000	7.573000	11.361296	20.245223	22.980345
99.919744	0.000000	15.457405	12.800257	38.984698	43.015401
99.944843	0.000000	14.105417	14.790821	19.543562	36.843254
99.779427	0.000000	9.434279	7.712492	17.174486	27.670519
100.000000	0.000000	9.428393	14.898919	26.891692	31.540296
100.000000	0.000000	22.251046	17.537048	44.131672	65.094254
100.000000	0.000000	23.762189	14.294671	42.773801	66.468940
100.000000	0.000000	9.842726	21.189516	25.808246	29.115441
99.862034	0.000000	24.563899	10.135177	31.455876	61.159234
99.563182	0.000000	5.731325	14.465998	23.950666	22.716838
100.000000	0.000000	8.118689	16.275985	24.113421	25.546432
100.000000	0.000000	6.201653	15.272027	15.433575	18.449227
100.000000	0.000000	17.937124	6.623453	19.034661	33.812095
99.871041	0.000000	23.032485	17.303753	32.249033	59.642725
100.000000	0.000000	45.648735	23.868251	45.862547	100.000000
99.846272	0.000000	29.716943	13.243684	37.431797	72.168688
100.000000	0.000000	25.768968	10.750042	35.740814	64.948738
99.837530	0.000000	11.510285	15.659201	19.625891	28.926051
100.000000	0.000000	11.160567	11.297983	20.410923	30.316509
99.771439	0.000000	16.101902	12.503305	31.030815	44.327652
100.000000	0.000000	19.558049	11.129255	36.612408	54.034719
99.850994	0.000000	11.696741	17.685274	13.579336	31.460957
99.456471	0.000000	4.644597	15.586555	20.049348	23.858620
99.637171	0.000000	22.584039	11.181104	26.898012	54.572741
100.000000	0.000000	26.196949	14.084353	44.341720	68.714714
100.000000	0.000000	18.184217	17.251506	25.983204	45.845403
100.000000	0.000000	8.278390	13.326946	21.335853	24.616170
100.000000	0.000000	12.514997	12.004912	10.599726	19.642782
100.000000	0.000000	6.746443	14.045274	14.422246	22.013478
100.000000	0.000000	26.082192	9.169908	35.319778	64.077679
100.000000	0.000000	11.809435	7.629442	19.085003	31.342492
100.000000	0.000000	10.161094	13.165240	18.406270	26.125326
99.400754	0.000000	11.465622	6.665265	19.689820	31.173244
100.000000	0.000000	8.956976	3.551310	20.966619	32.882975
99.893020	0.000000	12.728748	14.435191	35.941282	40.255747
100.000000	0.000000	14.832352	11.259845	36.097583	45.931720
100.000000	0.000000	10.833228	3.599258	18.870006	28.686083
100.000000	0.000000	33.570037	16.391493	55.635620	88.792045
99.948316	0.000000	22.516540	12.354667	41.195746	60.423020
99.580493	0.000000	14.397557	7.895687	27.069235	40.723267
99.941922	0.000000	24.200223	14.403973	47.748706	68.995182
100.000000	0.000000	11.561323	5.112698	14.014122	26.215850
99.788552	0.000000	26.484888	14.432282	42.537788	70.679813
100.000000	0.000000	9.083846	14.386533	7.022843	21.090194
99.779285	0.000000	10.236640	21.234283	33.341737	36.884125
100.000000	0.000000	10.977100	14.076637	24.096939	29.377549
100.000000	0.000000	16.018118	8.687520	22.751303	41.665168
100.000000	0.000000	15.258195	9.134596	36.721960	45.832948
99.915511	0.000000	17.172295	13.143487	39.106531	50.703166
99.805913	0.000000	20.988028	9.946159	26.360973	52.052274
99.793635	0.000000	61.357112	16.148949	34.402948	100.000000
100.000000	0.000000	10.962512	8.997089	14.120323	28.769859
99.760728	0.000000	14.524046	10.409563	30.195875	43.411524
99.959976	0.000000	39.059467	16.988352	52.094377	97.885306
100.000000	0.000000	16.277201	24.127433	26.793570	46.391406
100.000000	0.000000	15.834779	12.772793	32.465821	46.168928
100.000000	0.000000	23.567336	3.252539	15.702576	47.181850
100.000000	0.000000	11.834878	15.238136	15.841575	26.623452
100.000000	0.000000	12.282398	14.086898	12.266875	32.048798
100.000000	0.000000	15.048629	17.080269	35.203099	46.711408
99.387765	0.000000	6.823549	11.967731	32.775281	28.646292
99.120525	0.000000	9.633017	13.597194	9.917908	21.435561
99.715154	0.000000	12.502766	18.473634	29.217995	38.754449
100.000000	0.000000	23.643139	17.663735	55.454852	71.694074
100.000000	0.000000	54.917446	21.789933	34.584717	100.000000
100.000000	0.000000	55.239289	16.967764	34.771725	100.000000
99.940365	0.000000	55.073811	20.924107	34.714011	100.000000
99.954165	0.000000	34.152232	19.780201	58.888320	92.042949
99.807567	0.000000	23.202211	7.743579	25.798358	55.107131
100.000000	0.000000	12.410771	4.398786	17.456786	29.753828
100.000000	0.000000	17.295566	12.591739	37.584894	51.744289
100.000000	0.000000	21.641323	6.347509	9.551243	41.188117
99.942646	0.000000	27.179433	18.836707	56.968835	80.040996
99.975710	0.000000	9.152949	12.292105	19.276933	25.665987
99.791863	0.000000	29.695365	9.564017	34.386862	68.576691
99.870128	0.000000	26.361848	13.565538	44.315402	70.699356
100.000000	0.000000	32.333128	17.591484	48.723418	83.097778
100.000000	0.000000	13.634270	18.894569	29.965258	39.827794
100.000000	0.000000	9.600180	16.140274	30.242828	32.085894
100.000000	0.000000	10.878867	8.508325	36.603486	37.856938
100.000000	0.000000	10.816546	7.652872	31.270744	36.405999
100.000000	0.000000	14.648325	7.974236	20.408336	35.582790
100.000000	0.000000	9.447976	0.000000	6.858353	15.806055
99.767075	0.000000	6.048713	10.476864	12.627678	19.488647
100.000000	0.000000	7.293676	2.814599	8.381814	18.796611
100.000000	0.000000	17.265649	9.271374	33.421754	48.224149
100.000000	0.000000	11.942536	10.323134	29.849710	37.498341
100.000000	0.000000	15.057024	0.000000	26.951296	26.597719
100.000000	0.000000	31.667225	21.282165	62.107149	90.657625
100.000000	0.000000	16.571646	5.199141	16.621104	35.731547
99.845123	0.000000	11.858077	7.777102	17.168158	32.264627
100.000000	0.000000	49.485636	18.817974	40.632546	99.990158
100.000000	0.000000	8.881364	13.671802	20.011045	27.047157
99.716289	0.000000	9.620459	16.224735	22.106480	27.708887
99.987104	0.000000	22.003974	14.428360	46.984470	65.987164
100.000000	0.000000	8.414352	6.584478	23.851799	25.562287
99.760882	0.000000	14.042991	25.158793	24.707532	39.745836
100.000000	0.000000	9.746809	9.277821	22.020021	28.489561
99.804117	0.000000	17.849669	11.418998	37.643323	49.867151
99.915187	0.000000	11.486282	10.759442	21.349176	33.071157
100.000000	0.000000	26.238044	13.800704	45.128289	70.795369
100.000000	0.000000	17.380485	9.438612	31.874292	48.293734
99.833036	0.000000	43.001056	22.430916	48.917863	100.000000
100.000000	0.000000	8.305175	7.878328	19.787872	25.860543
99.245345	0.000000	5.991178	21.007764	22.245959	18.999635
100.000000	0.000000	32.784116	19.015705	58.550856	91.263076
99.907980	0.000000	17.215216	12.659165	30.699127	47.517808
99.456910	0.000000	10.381260	11.313998	22.799083	29.736105
99.953503	0.000000	55.121926	19.716257	34.758961	100.000000
99.168353	0.000000	5.861722	10.269069	16.119206	19.100465
100.000000	0.000000	4.681874	16.971127	18.175549	18.392336
99.672663	0.000000	10.814252	12.439682	8.474601	20.370540
100.000000	0.000000	23.894506	14.590408	42.090314	65.195589
100.000000	0.000000	6.260978	18.098758	40.010767	34.567095
100.000000	0.000000	10.337374	10.456770	18.959758	26.812168
100.000000	0.000000	12.086123	8.016794	17.915240	29.369505
100.000000	0.000000	10.069328	14.730671	23.414014	30.789814
100.000000	0.000000	17.176017	9.385387	27.209103	41.862680
100.000000	0.000000	11.809159	14.562346	20.478536	32.430503
99.616431	0.000000	6.651984	10.092182	16.853801	20.954491
100.000000	0.000000	9.097807	12.788104	22.597049	27.403787
99.735507	0.000000	9.077624	7.935640	28.779580	30.415756
99.937396	0.000000	33.721839	18.052142	54.472777	89.355526
99.971372	0.000000	24.664437	41.494445	57.951118	73.646385
99.746987	0.000000	13.500498	15.103298	29.652554	37.482817
100.000000	0.000000	4.981976	11.864341	12.655101	18.362969
99.826450	0.000000	14.304295	6.643649	25.049992	39.296256
99.824337	0.000000	15.289344	9.553604	35.055289	46.356365
99.358960	0.000000	6.342392	15.046340	9.631316	18.793987
99.366849	0.000000	3.649242	4.799946	26.417028	21.793498
100.000000	0.000000	11.406423	9.763466	24.876846	29.838401
99.841996	0.000000	18.687244	13.071708	30.181906	49.420128
99.506803	0.000000	10.699879	12.867202	18.391976	28.091620
99.279878	0.000000	13.391927	16.986297	30.840973	40.089679
99.946100	0.000000	8.999788	14.496381	20.239080	28.733104
99.940026	0.000000	8.906772	16.520445	11.464138	21.420312
99.733095	0.000000	6.762474	5.105559	28.639985	29.118301
100.000000	0.000000	19.764511	10.128197	27.292499	48.249215
99.787167	0.000000	4.293884	6.974609	14.926558	21.204917
100.000000	0.000000	6.702901	14.131250	15.874407	16.825660
99.781534	0.000000	19.845540	11.571414	36.891895	55.575747
99.877194	0.000000	15.109452	19.269000	33.568401	45.214880
99.833071	0.000000	13.409704	17.010641	40.767510	40.479939
100.000000	0.000000	38.029280	24.111267	53.575830	97.512780
100.000000	0.000000	4.862272	11.681181	17.508435	20.651261
100.000000	0.000000	11.167066	4.104235	21.702914	32.029406
98.964388	0.000000	4.248639	16.692998	19.855094	23.354184
99.948026	0.000000	13.887004	19.288364	45.234928	50.596543
100.000000	0.000000	7.344263	13.817376	20.157859	22.143541
99.997898	0.000000	21.092400	23.571145	46.006488	62.049196
99.433029	0.000000	9.468249	11.462143	20.928770	26.505646
99.956224	0.000000	13.303097	10.674932	20.227940	33.103834
99.148303	0.000000	5.737051	5.911305	13.973595	16.526355
99.313920	0.000000	6.891189	17.781934	15.474843	19.311490
99.629200	0.000000	12.193652	12.305188	15.815340	32.401288
99.831617	0.000000	45.016028	16.286884	46.061515	99.773383
99.637018	0.000000	7.414319	18.548577	17.913385	24.176234
99.832983	0.000000	12.006550	9.782553	27.505695	35.544643
99.971880	0.000000	14.143399	10.657939	31.348187	42.102262
99.932691	0.000000	45.288794	23.477482	46.156066	100.000000
100.000000	0.000000	12.934958	9.269287	25.884333	39.514390
99.460066	0.000000	9.464552	13.912465	24.176041	29.215162
99.953976	0.000000	8.349288	14.712962	18.534415	26.829245
100.000000	0.000000	11.561348	5.479328	16.709985	30.454245
100.000000	0.000000	12.152619	15.716854	27.294316	34.127999
100.000000	0.000000	16.623751	10.111032	30.609781	45.236330
99.670615	0.000000	62.888968	15.848942	34.350474	100.000000
100.000000	0.000000	10.828065	14.601857	33.285537	38.731695
100.000000	0.000000	5.598324	8.389820	16.271602	15.398956
99.908228	0.000000	22.931253	17.475455	55.272307	68.914198
100.000000	0.000000	11.281568	6.993289	20.622692	26.820146
100.000000	0.000000	7.429439	13.605068	23.888748	29.450865
99.900305	0.000000	17.184304	23.975633	42.807333	52.954051
100.000000	0.000000	8.650645	12.288048	21.196807	27.877065
99.703735	0.000000	9.457298	11.720984	17.069807	19.830720
99.496607	0.000000	8.616565	13.821048	22.667013	27.242714
100.000000	0.000000	9.477825	10.380163	23.756284	26.421729
99.684337	0.000000	17.853995	10.432496	24.586106	45.664670
99.876486	0.000000	18.488448	6.757860	14.048515	41.597882
99.435646	0.000000	5.488801	10.115988	11.364807	17.741859
99.967396	0.000000	56.732686	15.954343	34.528252	99.944295
99.804954	0.000000	10.234544	15.438390	20.712359	28.066886
99.773991	0.000000	8.090918	10.578005	32.841680	30.773962
99.909223	0.000000	14.831371	13.281228	25.339857	38.133949
99.921303	0.000000	29.654330	20.546782	62.446935	84.457748
99.728192	0.000000	20.141226	12.893647	41.926537	57.411022
99.900511	0.000000	11.025814	16.565379	29.557293	35.328536
99.087373	0.000000	7.857415	13.539851	23.404642	26.241476
99.899018	0.000000	11.796216	16.891178	23.526137	34.670226
98.584949	0.000000	6.157690	10.997690	15.670594	14.674244
100.000000	0.000000	22.969596	21.780056	51.501892	67.143564
99.566120	0.000000	8.981275	17.946243	30.313899	31.759958
99.916387	0.000000	14.519994	15.652391	21.847333	38.301428
100.000000	0.000000	23.958289	11.407854	28.775899	60.449759
100.000000	0.000000	26.317626	10.500689	29.488244	62.251908
99.783106	0.000000	17.100127	5.039539	17.571346	41.514654
99.994936	0.000000	28.777495	19.416685	58.131828	81.902617
100.000000	0.000000	8.782000	14.886112	21.593492	26.289192
100.000000	0.000000	9.155177	9.209938	30.189457	30.995016
99.540047	0.000000	6.363924	11.759707	12.402563	17.857287
99.512722	0.000000	8.808271	7.389094	11.228162	21.387728
99.852492	0.000000	20.468900	11.246223	37.172293	55.229606
99.614292	0.000000	5.527912	13.640220	31.173978	24.121172
99.605071	0.000000	14.400800	10.982416	23.981761	38.583842
100.000000	0.000000	16.910147	15.039309	40.775191	53.146565
99.876390	0.000000	15.519419	10.814111	31.300410	43.912973
99.821333	0.000000	22.081802	12.585548	46.618656	64.654552
100.000000	0.000000	12.909287	14.527421	24.774380	37.158980
99.706196	0.000000	8.233529	11.607836	12.309826	21.865446
99.813363	0.000000	9.283495	7.210227	24.104538	33.346734
100.000000	0.000000	9.936980	13.821108	20.988199	27.982321
99.673094	0.000000	20.889625	12.400407	27.485631	51.469495
99.663601	0.000000	10.892731	9.604247	12.047426	24.391710
100.000000	0.000000	14.151004	12.177444	39.232247	47.282872
99.816399	0.000000	5.720366	10.646868	18.177774	20.619643
100.000000	0.000000	22.564567	10.931349	31.325406	56.705007
99.873721	0.000000	3.525565	12.830717	8.763460	13.833872
99.975700	0.000000	16.385714	8.655188	27.660768	45.182709
100.000000	0.000000	6.230029	13.424061	26.728771	25.269212
99.885323	0.000000	18.808914	11.579726	18.558599	42.994947
99.543457	0.000000	10.655869	13.017655	24.811047	26.451349
99.697976	0.000000	13.134237	18.026324	36.201593	42.950345
100.000000	0.000000	12.955995	9.719285	23.158369	37.983883
100.000000	0.000000	53.859679	26.676636	36.526336	100.000000
99.541839	0.000000	20.672947	15.598252	37.434320	57.391585
100.000000	0.000000	17.384996	18.411355	38.125798	53.596456
99.813661	0.000000	16.030275	16.705261	29.277193	43.539866
100.000000	0.000000	6.987885	9.599010	16.317861	17.620813
100.000000	0.000000	10.829121	14.481166	30.853770	38.367062
99.706226	0.000000	41.344287	21.233414	50.784918	100.000000
99.496195	0.000000	10.308002	5.453284	18.421788	21.664233
99.553341	0.000000	15.747150	5.033397	14.451200	38.720862
100.000000	0.000000	23.845181	13.436293	43.409641	64.732896
99.945139	0.000000	55.272754	15.725182	34.718923	100.000000
99.863845	0.000000	25.087416	18.165173	41.692661	67.411658
100.000000	0.000000	14.138279	14.964715	22.411550	36.829080
100.000000	0.000000	17.672143	11.217342	32.241691	49.037558
100.000000	0.000000	11.647413	6.799048	25.606651	30.886121
100.000000	0.000000	12.214161	6.574660	27.202924	31.790261
100.000000	0.000000	9.755217	17.661164	11.081476	22.980989
100.000000	0.000000	10.623090	16.869528	17.051905	24.151696
99.989273	0.000000	8.910523	20.675266	32.593896	35.820547
99.998424	0.000000	36.869147	20.034086	56.547530	96.338145
100.000000	0.000000	56.041503	15.922748	34.814212	100.000000
100.000000	0.000000	36.967784	22.649226	56.606918	96.889872
100.000000	0.000000	11.891379	9.906317	14.612642	25.468751
100.000000	0.000000	7.907588	10.615021	24.118296	27.707290
99.086480	0.000000	7.538967	14.962642	12.501614	22.575747
99.982888	0.000000	8.176885	14.217727	19.010176	26.201709
99.696336	0.000000	13.883726	15.239114	26.586893	37.107817
99.104812	0.000000	6.827825	10.876828	18.284564	20.934594
100.000000	0.000000	9.729658	17.844938	26.181907	27.281281
100.000000	0.000000	9.421310	21.167187	23.835491	28.282992
100.000000	0.000000	8.442711	15.000661	18.924781	28.328660
99.820983	0.000000	8.398675	14.861422	15.409145	22.043298
99.757101	0.000000	13.543278	12.619822	36.971484	43.581470
100.000000	0.000000	12.587711	10.336075	25.805202	37.835268
99.666361	0.000000	15.860071	8.382605	22.423896	40.612976
99.965117	0.000000	12.156573	12.280119	15.061909	26.619299
99.940353	0.000000	24.896493	12.948496	38.735069	65.377909
100.000000	0.000000	30.012641	14.852916	47.830264	78.998397
100.000000	0.000000	21.466740	14.364296	41.860610	57.377125
100.000000	0.000000	9.479931	18.836695	24.710859	27.233568
100.000000	0.000000	10.718852	13.844821	23.818048	29.773961
99.860535	0.000000	57.241259	16.189305	34.803113	100.000000
99.585879	0.000000	18.136302	13.891430	38.891788	55.280093
99.509419	0.000000	10.500895	13.619216	24.345756	32.119560
99.598301	0.000000	3.359552	18.620446	18.441121	14.004523
100.000000	0.000000	16.053688	6.774146	15.855082	34.992554
100.000000	0.000000	10.356902	6.882939	21.317018	29.119586
100.000000	0.000000	21.877421	19.169236	47.864952	63.737721
99.306533	0.000000	5.503092	15.497188	13.319366	20.065121
100.000000	0.000000	9.021039	11.791039	15.906192	24.170305
99.739410	0.000000	10.218488	15.903340	16.023311	26.070764
99.779700	0.000000	8.706899	12.558694	21.470552	25.389090
99.970690	0.000000	6.501365	4.535270	16.185413	19.183138
100.000000	0.000000	35.300356	19.621384	58.060753	93.317598
100.000000	0.000000	6.924422	7.680832	13.402169	19.848652
99.966473	0.000000	18.769055	10.539793	31.453408	51.267127
100.000000	0.000000	33.456980	15.408305	51.067636	85.424034
100.000000	0.000000	8.852732	10.766705	14.160315	21.383881
100.000000	0.000000	15.724434	18.378000	23.598130	39.665504
99.909415	0.000000	11.209121	8.288535	18.095451	30.782692
99.852802	0.000000	6.926968	6.252354	16.697791	18.492149
99.957434	0.000000	10.767368	16.527031	18.177599	30.185775
99.629787	0.000000	10.232362	10.872903	32.840861	35.355442
100.000000	0.000000	6.169547	12.262965	18.889959	19.648914
100.000000	0.000000	28.366962	16.084183	50.354782	76.421730
99.977912	0.000000	40.708917	23.301015	51.687651	99.995664
99.444623	0.000000	13.019611	18.237525	18.417589	30.639781
99.697733	0.000000	14.845290	8.880105	22.190387	39.606951
99.591917	0.000000	8.725787	12.563965	12.854602	24.698933
99.973706	0.000000	15.928508	11.040010	37.157820	49.767350
100.000000	0.000000	11.508567	4.824005	16.631493	17.413758
99.983509	0.000000	12.481965	12.944144	19.907668	34.330495
99.879038	0.000000	11.557038	13.058401	16.238520	28.301109
99.746021	0.000000	8.089493	6.883956	22.504089	28.001618
100.000000	0.000000	14.822978	10.374717	23.917378	40.326120
99.911671	0.000000	11.389079	13.621288	22.941897	30.288490
100.000000	0.000000	21.300016	18.640297	49.578082	64.083674
100.000000	0.000000	9.623690	11.543956	17.778656	25.842464
100.000000	0.000000	6.320193	17.328636	27.986416	30.556856
100.000000	0.000000	17.291688	9.030955	30.811574	45.624390
99.885200	0.000000	24.227602	21.811767	45.078779	66.662947
99.942535	0.000000	17.034804	18.570572	45.973846	55.031521
99.912948	0.000000	5.864838	9.717726	21.796920	23.539501
100.000000	0.000000	9.684231	16.588728	20.800578	26.656609
99.815829	0.000000	8.518446	10.631217	12.938160	24.277674
99.655956	0.000000	6.955496	15.331503	23.787706	19.584412
99.862655	0.000000	22.100010	18.406291	53.031620	67.761986
100.000000	0.000000	7.112086	8.800226	12.632393	16.860928
100.000000	0.000000	15.071962	14.862932	27.061059	42.663635
100.000000	0.000000	11.995651	20.411106	19.969792	33.898800
99.943232	0.000000	18.866759	15.190466	32.345268	52.704033
99.966170	0.000000	19.334640	15.763961	47.673564	59.874576
99.720567	0.000000	8.765793	4.138411	13.762486	19.708967
99.969385	0.000000	26.917168	15.679588	48.613646	75.556805
99.698651	0.000000	5.717977	16.233720	15.168307	18.163617
100.000000	0.000000	9.959112	18.019500	27.308644	31.922100
99.982042	0.000000	26.632774	12.772128	40.365973	68.990525
100.000000	0.000000	41.701787	20.641359	49.170444	100.000000
99.697865	0.000000	11.384484	3.436007	9.156937	21.959081
99.459207	0.000000	21.807108	8.538239	28.771972	47.173888
99.378519	0.000000	7.289550	11.409789	22.089179	24.738700
99.986702	0.000000	8.919788	16.228742	23.451199	28.783178
99.877787	0.000000	11.264423	7.845893	20.390701	24.914226
99.574309	0.000000	17.695630	8.322336	21.325433	42.521091
100.000000	0.000000	20.519789	12.460612	35.706825	54.847679
99.616875	0.000000	12.255284	14.712686	13.487821	28.457428
100.000000	0.000000	19.178552	13.290316	41.194626	55.299172
99.978272	0.000000	54.204145	24.882682	35.392163	99.961042
100.000000	0.000000	13.933360	5.551400	23.765874	37.194010
100.000000	0.000000	9.680994	4.529441	27.408953	28.845326
100.000000	0.000000	55.042841	24.205561	34.228364	99.888828
99.986099	0.000000	20.454865	16.270581	35.326435	55.464329
100.000000	0.000000	9.481461	8.324230	18.841336	28.610187
99.920130	0.000000	15.025119	8.721414	28.554975	40.653189
99.896630	0.000000	26.259008	14.090270	47.333408	72.548867
99.923366	0.000000	7.712612	9.515686	19.209885	20.864556
100.000000	0.000000	28.827215	16.569085	50.569149	79.029785
100.000000	0.000000	25.419282	13.049002	40.967426	68.422609
99.543887	0.000000	15.054071	11.492865	20.177176	32.193242
100.000000	0.000000	10.177790	12.832340	29.677259	35.063024
100.000000	0.000000	17.437873	8.498832	20.993121	45.052827
99.958524	0.000000	8.497199	13.740804	24.314624	32.289653
100.000000	0.000000	26.007149	11.616688	38.196886	66.733194
100.000000	0.000000	8.323472	11.924698	7.874831	19.495348
100.000000	0.000000	10.569517	9.746959	22.090003	30.109037
99.990400	0.000000	10.200524	6.384233	22.580751	28.475482
100.000000	0.000000	11.384908	17.039920	23.731854	31.650789
99.846968	0.000000	10.200084	16.810118	28.351816	33.226292
100.000000	0.000000	31.495862	14.343507	48.808654	82.057826
100.000000	0.000000	17.927550	12.551790	19.540437	42.659027
98.970001	0.000000	8.324884	11.987422	16.100473	21.662613
100.000000	0.000000	13.004973	17.418094	26.363986	35.586431
99.387242	0.000000	9.302070	13.548255	20.461925	28.300806
100.000000	0.000000	6.687985	14.820970	14.310270	19.124617
99.850744	0.000000	14.231527	16.107763	25.223325	38.676509
99.886439	0.000000	17.367445	8.324682	25.637455	45.346927
99.994060	0.000000	15.143726	12.099975	40.011928	46.188376
99.815564	0.000000	9.529429	14.398241	24.998510	25.586808
100.000000	0.000000	14.107633	7.501019	20.180596	36.458154
100.000000	0.000000	7.772571	22.953075	25.718394	26.886258
100.000000	0.000000	16.885894	19.566631	29.742393	46.935259
99.544868	0.000000	7.926935	14.509337	21.280455	25.462600
99.867833	0.000000	10.604671	15.225932	22.662493	29.998980
100.000000	0.000000	31.960897	18.468621	59.741071	89.500326
100.000000	0.000000	14.299892	2.730095	28.182579	19.521407
99.590745	0.000000	12.459643	10.754232	17.252825	29.610672
100.000000	0.000000	10.161379	17.908674	19.575063	29.171135
100.000000	0.000000	10.380444	18.155012	24.684513	30.504980
100.000000	0.000000	42.631620	30.663031	49.336583	100.000000
100.000000	0.000000	10.269198	10.386526	22.467080	28.522248
100.000000	0.000000	33.856349	19.186393	58.294528	91.713752
99.959592	0.000000	9.422990	20.585640	23.351025	30.898613
100.000000	0.000000	13.961932	9.490717	23.674217	36.146027
99.543171	0.000000	5.060508	9.387525	16.519522	18.037585
99.595682	0.000000	10.773336	26.205524	36.093246	38.990793
100.000000	0.000000	9.336961	12.358043	26.803802	28.280846
100.000000	0.000000	55.007460	16.392695	34.471280	99.836877
99.971637	0.000000	18.254188	9.808459	27.949530	47.945498
100.000000	0.000000	51.514161	27.392880	38.575350	99.986754
99.920769	0.000000	10.080303	12.185467	25.831819	30.884819
100.000000	0.000000	15.426383	11.332237	34.850473	47.320494
99.574293	0.000000	9.269401	13.829705	21.506913	27.365006
99.634828	0.000000	14.377090	10.246860	23.064558	34.694743
98.989737	0.000000	10.877426	13.650763	22.905734	31.865933
99.865981	0.000000	7.454369	16.040302	21.436142	24.331830
99.968335	0.000000	7.071724	16.214991	24.189110	25.387489
100.000000	0.000000	22.921541	9.290423	20.293825	51.068286
99.970389	0.000000	9.500457	15.395722	21.667402	25.634238
99.879401	0.000000	13.706830	0.000000	9.063783	22.990983
99.878107	0.000000	21.785471	11.047163	31.515039	55.399897
100.000000	0.000000	5.050548	9.356913	16.381446	13.739388
99.971705	0.000000	32.847911	15.528131	54.188886	88.802816
99.945868	0.000000	54.971637	15.626250	34.352532	100.000000
100.000000	0.000000	43.497044	22.597811	48.540543	100.000000
100.000000	0.000000	8.978960	8.663383	23.270304	28.566005
99.531629	0.000000	11.780273	17.272601	13.677941	26.822123
99.798301	0.000000	13.210993	8.158029	17.387314	31.207299
100.000000	0.000000	11.827419	9.119173	23.400412	33.679521
99.873501	0.000000	9.428323	17.913673	26.184250	30.367035
99.904400	0.000000	12.349809	8.017544	16.328490	29.034648
100.000000	0.000000	17.554891	12.232122	15.184542	38.312782
100.000000	0.000000	19.559992	25.628664	53.047687	63.400691
100.000000	0.000000	9.763303	8.937794	31.385205	29.828964
99.932360	0.000000	34.643484	20.070642	58.723547	92.302397
99.772737	0.000000	15.630497	15.969357	39.809521	48.980691
100.000000	0.000000	19.469653	17.068168	27.961320	49.994379
99.856658	0.000000	6.994048	15.381010	26.907112	27.650959
99.888508	0.000000	24.152720	8.663393	24.921336	56.106819
99.595004	0.000000	18.997460	10.343250	31.616613	48.655446
99.980628	0.000000	10.470085	17.939713	17.240718	31.645447
100.000000	0.000000	19.037725	16.878019	33.333304	51.685960
99.954174	0.000000	31.478294	22.335900	62.706796	90.354286
99.899861	0.000000	6.304926	7.820979	13.411801	14.973608
99.948905	0.000000	15.555552	17.348105	22.941221	39.695511
100.000000	0.000000	4.802462	5.420782	20.076295	17.138758
99.167177	0.000000	8.116291	17.420062	18.230355	25.566136
99.954883	0.000000	20.211242	13.816484	38.374328	55.846932
100.000000	0.000000	55.295393	15.188529	34.518998	99.879056
99.839061	0.000000	12.538332	14.381173	24.928514	35.019401
100.000000	0.000000	10.514576	5.939807	25.117280	32.153167
100.000000	0.000000	23.619200	13.545763	41.119182	66.041016
99.775361	0.000000	22.458868	16.372751	30.957404	58.050604
99.298378	0.000000	11.737455	15.471195	24.630055	33.883524
100.000000	0.000000	6.127174	9.900726	17.282283	21.827568
99.843117	0.000000	9.600049	4.313018	11.450596	27.852882
99.891336	0.000000	10.853534	9.885996	17.763913	28.661263
99.770243	0.000000	9.783615	18.008548	26.367405	31.367453
100.000000	0.000000	8.884516	13.599637	16.597322	21.295592
99.446824	0.000000	11.712613	11.282230	22.329866	32.444913
100.000000	0.000000	55.340855	21.529545	34.744672	100.000000
99.990820	0.000000	9.879989	8.840606	16.665503	26.138779
99.800365	0.000000	4.293610	15.084442	18.820843	17.049043
100.000000	0.000000	55.220734	20.599075	34.492832	99.894919
100.000000	0.000000	7.179081	19.278105	31.245904	26.645342
100.000000	0.000000	15.883968	11.366326	29.054664	41.117649
99.824333	0.000000	13.591500	17.890062	17.788086	28.762946
100.000000	0.000000	9.684008	6.230182	16.213126	24.287565
99.985209	0.000000	15.659574	9.528214	35.846340	45.818797
99.098142	0.000000	12.002783	7.253637	15.612969	23.222786
100.000000	0.000000	8.390973	14.560641	20.167916	18.433546
99.959493	0.000000	7.529228	7.172343	14.932040	18.655838
100.000000	0.000000	14.148473	13.499607	26.751531	41.273735
100.000000	0.000000	17.556395	5.669181	15.672546	39.841101
100.000000	0.000000	13.390531	17.521499	22.232461	36.703154
99.812635	0.000000	10.215324	16.358359	36.488539	38.357138
99.665963	0.000000	14.892918	26.424624	25.987866	38.481486
99.913839	0.000000	11.584555	15.492105	20.641139	29.697108
100.000000	0.000000	9.648708	9.489930	19.273751	25.169496
100.000000	0.000000	14.480216	13.329185	16.746343	34.102835
100.000000	0.000000	9.455729	11.143759	21.086093	31.958350
99.714000	0.000000	14.276250	9.948657	16.843297	34.590933
99.652562	0.000000	12.447863	10.986182	22.253262	33.305208
99.836008	0.000000	11.317120	18.905468	31.029194	36.310045
99.757584	0.000000	8.364655	7.184972	24.673757	28.177226
99.882104	0.000000	17.099883	9.331261	27.676501	45.508465
100.000000	0.000000	11.964712	10.612598	22.565921	30.153040
99.938903	0.000000	25.027383	5.963043	20.186702	55.812550
99.120728	0.000000	8.145125	10.263398	18.241944	18.112448
99.862227	0.000000	5.502810	9.830500	15.060661	16.362483
100.000000	0.000000	5.712759	13.941307	12.942611	14.127522
99.865507	0.000000	15.637676	12.768233	33.776801	44.263888
98.264194	0.000000	4.116330	2.362408	18.799576	9.182888
99.720032	0.000000	15.189832	9.426160	18.085611	37.588382
100.000000	0.000000	11.089294	26.069348	44.550938	43.351670
100.000000	0.000000	12.934649	10.400261	22.615229	35.982387
100.000000	0.000000	19.717659	13.929952	30.961866	51.466316
100.000000	0.000000	17.049845	11.365101	28.793113	45.864831
99.681481	0.000000	8.172679	11.594403	17.166914	18.325654
100.000000	0.000000	12.294707	18.580864	17.646942	31.912130
100.000000	0.000000	6.836128	5.308521	17.201332	18.898776
100.000000	0.000000	2.613864	8.898335	21.553279	23.899119
100.000000	0.000000	27.076293	18.080036	46.835846	72.488554
100.000000	0.000000	13.892467	5.667748	12.997853	31.559251
99.994260	0.000000	15.167793	17.472598	32.670290	43.813918
99.697084	0.000000	12.053442	12.307492	20.260308	33.044774
99.925786	0.000000	50.296465	21.922757	40.325339	99.904114
99.800184	0.000000	6.214481	8.185364	18.479967	20.302041
100.000000	0.000000	2.579835	11.552417	31.367056	30.600281
100.000000	0.000000	6.145874	17.509254	20.693133	22.492433
99.692631	0.000000	15.042325	15.192137	14.632128	36.896547
99.925392	0.000000	18.535411	14.079483	47.706613	58.056603
100.000000	0.000000	40.401026	18.205885	52.073420	99.911812
100.000000	0.000000	14.732259	15.861507	27.918620	43.438038
99.576786	0.000000	10.012018	5.931028	15.762394	25.915668
99.872332	0.000000	28.143677	19.019843	58.034403	80.624998
100.000000	0.000000	17.044432	19.230359	9.638393	36.922123
100.000000	0.000000	13.995237	12.557813	22.452042	35.831757
100.000000	0.000000	23.635278	15.780937	38.123596	62.441340
99.999717	0.000000	13.709073	10.521215	38.486081	47.783561
99.934389	0.000000	58.481118	15.741415	34.064236	100.000000
99.978903	0.000000	41.717227	21.501312	50.929228	100.000000
99.718295	0.000000	12.036176	16.562210	27.439631	36.421964
100.000000	0.000000	10.383540	14.062556	20.817984	27.544104
100.000000	0.000000	23.931485	9.938668	25.517830	57.127462
99.970565	0.000000	12.757472	9.555139	19.431655	32.093963
99.950898	0.000000	7.735158	17.258756	27.742428	33.602370
99.909620	0.000000	41.785230	20.034070	50.024857	100.000000
100.000000	0.000000	17.636192	13.815432	30.281869	47.869682
100.000000	0.000000	15.570002	16.435368	23.219654	39.481337
99.710744	0.000000	15.978704	15.552531	27.719768	44.594147
100.000000	0.000000	12.092022	5.237286	16.272329	32.364444
99.620290	0.000000	11.096366	6.756307	10.478063	25.877038
99.701010	0.000000	15.693145	14.213599	20.779560	39.606481
99.782299	0.000000	13.574749	17.280765	25.444296	39.059392
99.870514	0.000000	54.112792	23.064209	35.243240	100.000000
99.993878	0.000000	17.487805	7.022363	31.300330	46.971583
99.342391	0.000000	4.353775	15.026716	22.906296	22.118438
99.451725	0.000000	5.701675	12.303676	10.061955	13.929011
99.874162	0.000000	13.251030	7.637139	26.743699	41.558937
100.000000	0.000000	22.000419	13.825517	39.615598	61.163980
99.853306	0.000000	18.003111	7.670319	14.866811	38.251171
100.000000	0.000000	11.526831	7.679219	18.015285	21.096914
100.000000	0.000000	11.301271	14.049500	24.657826	35.054360
99.938206	0.000000	19.760466	9.253546	28.862772	50.309722
100.000000	0.000000	17.358196	12.252205	40.550213	52.392130
100.000000	0.000000	51.485766	27.068806	38.846165	99.966395
99.894999	0.000000	11.687643	16.910201	24.894668	33.776385
100.000000	0.000000	11.123135	11.072682	22.764099	35.695106
100.000000	0.000000	15.339849	21.695633	35.104069	47.253552
100.000000	0.000000	22.746345	13.177715	47.765964	66.558495
100.000000	0.000000	8.971491	16.282346	21.172072	24.627189
99.730213	0.000000	16.809371	5.859728	18.163322	39.947783
99.950869	0.000000	14.051095	17.720749	21.903239	36.712686
99.995050	0.000000	55.420978	17.177155	34.563791	99.984463
100.000000	0.000000	9.051022	13.526362	17.975380	28.044848
100.000000	0.000000	9.451785	6.610578	25.371306	30.603597
100.000000	0.000000	9.633899	11.742263	17.395374	24.118597
99.954389	0.000000	20.273343	24.507021	42.474373	57.330873
100.000000	0.000000	13.106634	14.365898	23.278733	30.621247
99.397648	0.000000	11.902763	12.735835	23.742491	33.894651
100.000000	0.000000	11.629274	14.382794	15.229973	26.827880
99.862183	0.000000	10.935905	7.344561	20.478410	27.322221
100.000000	0.000000	11.772515	9.900616	22.469867	33.879901
100.000000	0.000000	33.847079	18.813247	55.096759	90.924021
99.499054	0.000000	4.795844	1.328975	6.339832	9.788823
100.000000	0.000000	14.748052	5.931331	16.969612	34.143130
99.852603	0.000000	16.055403	8.463192	30.644992	44.666575
99.470888	0.000000	9.149144	17.607872	21.895078	28.759069
99.865713	0.000000	11.691527	14.349352	26.934224	36.310210
99.913950	0.000000	55.106547	15.502335	34.654328	100.000000
100.000000	0.000000	31.373922	20.840570	62.428007	88.550457
99.637634	0.000000	14.858845	15.378726	30.995908	44.331785
99.701483	0.000000	32.999276	16.361075	47.841065	83.782809
99.901639	0.000000	23.030769	12.861389	37.246027	61.905685
99.676880	36.965073	10.472185	0.000000	0.000000	20.015057
100.000000	0.000000	13.524165	9.171899	28.804140	41.061038
100.000000	0.000000	19.146743	14.074715	38.601441	55.939186
99.783604	0.000000	18.794252	7.859294	23.499923	42.639190
100.000000	0.000000	8.822513	17.875929	34.708089	32.604444
99.718455	0.000000	11.521334	20.072668	9.780651	26.356162
100.000000	0.000000	18.393683	16.949321	36.985463	54.251212
100.000000	0.000000	6.903049	14.012271	20.445130	23.019317
99.863665	0.000000	57.012333	15.951524	33.965414	100.000000
99.585817	0.000000	13.605546	13.882739	23.568829	34.816459
100.000000	0.000000	15.152981	16.942762	24.511712	37.695105
100.000000	0.000000	9.977842	5.071684	19.006237	25.013813
99.537065	0.000000	18.577823	11.360018	28.041711	47.159861
100.000000	0.000000	10.151365	12.464034	21.397857	32.912049
100.000000	0.000000	44.860850	20.201684	46.916673	99.926042
99.959355	0.000000	16.951271	10.451795	31.933478	44.940428
100.000000	0.000000	11.250008	9.945945	38.061833	41.773875
99.523517	0.000000	12.566460	12.631826	26.869450	36.943814
99.925090	0.000000	14.615423	16.748703	26.983158	41.326707
100.000000	0.000000	29.201467	12.890207	39.966670	71.829871
100.000000	0.000000	60.393091	15.524323	34.708615	100.000000
100.000000	0.000000	9.730423	10.065426	20.618452	29.216235
99.752911	0.000000	10.985409	7.666077	20.647567	26.534858
100.000000	0.000000	7.864980	19.818344	22.024352	28.831054
99.764351	0.000000	6.971199	12.634305	29.301023	27.925878
99.678549	0.000000	7.325121	17.065068	27.791317	29.369948
99.850737	0.000000	11.415699	14.669262	22.488519	31.034034
99.790827	0.000000	16.056192	18.553052	34.279375	47.070688
99.951355	0.000000	14.152684	17.079957	30.971790	41.538148
98.308913	0.000000	0.000000	20.892714	21.362254	12.905741
99.901007	0.000000	35.966478	21.020148	57.562015	95.958879
99.019468	0.000000	5.710961	15.526334	15.831515	15.618188
