-99.728057	-99.828490	20.443094	62.607698	-91.395016	19.259712
99.984155	99.690083	22.443593	-20.807555	99.378540	32.807148
-99.820388	-44.045731	-54.938568	25.825048	-99.757772	-36.531492
-99.978270	-99.798965	-19.964423	36.485821	-99.895178	59.551380
100.000000	99.997531	42.146746	-32.613149	99.434518	36.819931
-99.972771	-90.767885	56.138891	-18.439162	-70.260414	-25.069897
-99.626931	-100.000000	-94.383119	85.848658	-99.501970	-30.231021
100.000000	84.204287	-65.848606	31.048030	64.389010	-17.126477
-99.957424	-89.632468	51.163864	-21.889148	-73.239239	-51.471956
-99.738008	-100.000000	50.796332	26.057462	-71.687580	-47.766039
-99.473434	-100.000000	21.763253	42.100554	-88.132497	58.086944
-99.641221	-100.000000	39.871410	51.225778	-78.741222	-24.795699
-98.675670	-82.809174	95.814396	-37.255274	96.589033	7.780044
-99.790084	-88.021719	77.538024	-26.183160	-59.085418	-39.546454
-99.880471	-99.949600	45.446934	27.522656	-75.528865	62.206587
99.688538	100.000000	54.408132	-34.769907	100.000000	11.722979
-99.819401	-100.000000	-39.991441	36.868377	-99.812479	39.519418
99.471867	99.761254	-16.083743	-47.192301	91.787575	31.150767
-99.579714	-99.966050	51.247980	10.156807	-73.380716	60.354564
99.922390	100.000000	-14.335650	-55.273338	92.740512	-48.297086
99.830650	100.000000	10.302894	-75.679869	99.873742	29.375012
99.696430	99.502789	-22.764900	-18.148161	86.152896	-28.934246
-100.000000	-99.592236	54.743293	28.043423	-70.664429	16.491271
-99.488192	-100.000000	26.010130	30.302398	-86.365929	-34.465653
100.000000	99.952613	-30.563310	-32.127627	82.681305	82.101400
99.567417	99.871613	-12.700364	-98.883509	92.697670	-22.264609
99.387627	92.108630	-47.271061	16.626924	74.651670	-47.622328
-100.000000	-99.817073	51.757630	27.641596	-71.774432	-29.759020
99.382591	100.000000	-45.362014	7.682329	75.680026	-41.337475
-99.650316	-100.000000	-23.653660	28.697049	-99.341868	41.879395
-100.000000	-100.000000	-37.548427	68.882185	-100.000000	-24.116761
99.986168	99.777095	19.778507	-87.307105	99.852210	43.221471
99.643645	64.186579	-25.643759	13.664156	86.838167	16.966265
-99.053431	-100.000000	-23.708868	22.783118	-100.000000	-15.309558
99.779691	99.863522	27.239308	-53.154638	99.935520	71.353558
-98.673877	-96.399540	91.817171	0.171568	-41.039495	6.002580
-100.000000	-99.518773	39.286308	25.451312	-78.460661	-35.763557
-99.923908	-98.839663	-13.590929	64.392758	-99.184130	15.243474
-100.000000	-100.000000	29.183101	16.540252	-83.568005	-32.315540
99.610574	100.000000	-29.160868	-26.785073	84.983443	-47.293722
-100.000000	-99.689483	30.099465	32.512028	-84.766813	-19.934392
-99.770645	-84.029503	58.946718	-31.408663	-68.570568	74.049202
99.926101	100.000000	40.671322	-35.119427	99.800903	-20.356926
99.890766	99.902674	-23.039909	-68.829193	87.647652	-44.130124
-100.000000	-99.536315	12.891704	74.084692	-91.000948	-34.488620
99.627496	100.000000	14.891023	-32.514518	100.000000	16.984728
98.200463	100.000000	-7.346030	-71.037120	99.390211	-5.639418
98.583392	100.000000	11.267928	-11.972417	98.994228	36.819598
99.331338	100.000000	68.071787	-36.321915	100.000000	10.776614
99.639194	100.000000	28.377188	-24.027668	99.814670	72.005893
-99.681760	-99.774542	26.801453	15.645405	-85.767798	30.640356
100.000000	64.339863	86.436369	-44.938981	99.607530	46.286535
100.000000	99.813422	-66.766613	-16.678264	65.707016	9.908305
99.427843	98.397284	31.388292	-26.087196	100.000000	-19.260719
-100.000000	-99.938995	33.831287	34.322122	-82.369885	67.286750
99.597095	100.000000	-56.209714	-28.518835	70.552261	57.387873
-100.000000	-100.000000	-81.948331	61.662417	-99.623692	-20.979729
-99.928096	-91.168795	81.707617	-18.962975	-55.339977	80.245370
99.408881	99.963020	32.312391	-25.902738	99.684818	41.976194
-100.000000	-99.935453	72.200319	9.753237	-62.573483	99.250332
-100.000000	-100.000000	-40.908193	32.083092	-99.978535	-35.254319
99.363987	100.000000	19.300221	-74.655608	99.771532	-17.842641
-100.000000	-100.000000	19.647086	25.593557	-88.685870	20.459794
99.245871	100.000000	-29.258981	-41.628084	83.886370	17.460574
99.488432	100.000000	42.636884	-27.144224	99.899201	-41.578423
-100.000000	-100.000000	54.999716	37.316083	-69.710083	-17.318401
-99.356034	-99.352335	5.589568	21.929434	-94.575521	-15.927190
99.718279	100.000000	-72.079499	-86.982416	62.282072	-7.861123
100.000000	100.000000	-47.433174	-37.323273	74.471297	56.979708
-98.432905	-99.731924	34.375183	2.077779	-81.281430	36.745982
-99.225945	-99.521381	41.680335	43.532966	-78.005766	16.359158
100.000000	89.435627	-80.145417	10.735595	53.878436	-5.848084
-99.955659	-99.995153	-15.020441	35.977424	-99.755356	-33.918551
100.000000	99.725825	-30.234272	-27.475776	84.473398	-27.317059
-97.907679	-99.648192	-33.715471	15.736863	-99.906997	63.124775
99.743837	99.690788	-31.024573	-27.787262	83.381182	41.601916
-98.991499	-100.000000	27.408504	44.392251	-83.514827	20.113954
99.860592	99.990261	66.540856	-70.435510	100.000000	-20.293796
-99.642611	-95.102864	49.769953	-13.126170	-73.669757	33.277217
98.541903	95.287266	-51.147646	12.200076	72.716909	9.518357
-93.229438	13.999726	-31.448556	15.564581	-98.468367	-28.611450
-100.000000	-100.000000	-24.184421	50.081563	-99.941177	-39.353142
99.194810	100.000000	17.583886	-28.196738	100.000000	18.350913
98.712862	100.000000	-8.117698	-20.558072	95.309664	67.614362
100.000000	99.957045	-10.736990	-75.673972	92.879481	66.939552
-97.182684	-100.000000	8.301692	69.925866	-94.761929	16.728804
100.000000	99.445788	24.022839	-27.753614	99.916359	-60.237724
100.000000	100.000000	26.759068	-27.760443	99.301468	11.415187
-99.700120	-100.000000	-31.836049	50.751252	-99.710625	-40.826376
-99.595994	-87.592780	31.149828	-10.420408	-83.933466	29.552225
-100.000000	-99.920771	-26.458962	16.955591	-99.930091	70.326280
-99.457236	-100.000000	-53.576467	32.559171	-99.157462	-33.876564
-100.000000	-99.823872	48.091739	35.980289	-74.616010	31.238126
-99.852100	-99.716423	17.581157	29.882852	-90.306497	-81.612394
-98.689801	-99.930790	-24.170288	34.031299	-100.000000	15.142015
-100.000000	-100.000000	38.054756	66.000425	-79.325159	-17.491064
-100.000000	-100.000000	-17.193743	65.909924	-99.477689	-89.545140
-98.858776	-99.439653	-23.957543	74.597620	-100.000000	-15.002256
-99.877217	-99.514346	50.996689	48.404388	-72.119761	-22.298247
-99.650800	-100.000000	62.266963	27.220941	-66.938768	36.792229
99.817488	90.722048	-56.741557	19.974618	69.669021	26.812028
100.000000	100.000000	-64.201567	-39.442569	65.149788	-20.720043
-100.000000	-100.000000	55.461600	15.597835	-71.156367	-9.027567
99.004128	100.000000	21.370103	-48.052294	100.000000	59.794017
-100.000000	-100.000000	16.769672	9.085011	-90.742401	-37.576318
-99.211669	-99.818314	11.069558	22.738889	-93.862345	87.834075
-98.854300	-100.000000	-26.755176	40.362957	-99.658725	34.783431
-98.858026	-99.961509	4.497247	50.136702	-98.688201	70.097738
99.994657	100.000000	39.037514	-45.253619	100.000000	25.177702
99.397892	99.157996	-54.699541	-48.090832	71.067491	17.925486
-99.997118	-99.975660	-30.310584	57.535992	-99.930028	-58.033413
-98.191268	-17.083543	5.051360	-10.741030	-96.875781	-32.117122
99.609554	100.000000	43.768526	-24.634522	99.567616	-36.028789
100.000000	100.000000	-45.713323	-14.245151	75.294568	65.663273
-97.433199	-100.000000	13.651243	5.148839	-93.015401	-47.396872
99.665003	100.000000	-32.670727	-24.825846	82.736711	-34.142800
-99.507918	-100.000000	6.841346	17.570690	-93.535302	35.361349
-98.473522	-61.721497	44.243901	-15.415090	-76.970596	12.877704
-100.000000	-99.563948	30.750690	40.323601	-83.059979	30.892149
-100.000000	-100.000000	-20.706860	72.838009	-100.000000	6.618350
98.902440	99.663896	-8.598209	-19.266887	94.022287	39.333106
100.000000	100.000000	25.808230	-23.322550	100.000000	49.737197
-99.669886	-100.000000	58.606131	16.262444	-68.578446	29.976559
-100.000000	-100.000000	16.200002	21.874542	-91.236111	10.266678
-99.806203	-99.090515	56.296957	35.228585	-70.418470	-25.045493
-98.579656	-11.817889	-18.988319	10.560170	-99.670386	-38.156285
-99.837684	-100.000000	-25.334232	37.342949	-99.853513	42.824706
-99.870107	-91.451902	56.752192	-16.700918	-68.722341	-36.432993
99.750957	99.989276	-45.111375	-29.977385	75.123356	52.642437
99.556540	100.000000	42.049569	-23.971723	99.836206	-25.529539
100.000000	99.822906	20.702084	-41.652409	100.000000	-64.807021
-99.522949	-99.602222	-44.320910	70.614868	-100.000000	-20.826398
99.767892	99.578351	46.929404	-34.791113	99.771665	28.392683
100.000000	100.000000	-13.805811	-22.801109	93.444067	87.480647
-99.877882	-100.000000	-28.204075	41.316109	-100.000000	33.955178
-99.878645	-100.000000	28.125090	30.739095	-85.210139	45.863929
-99.616117	-100.000000	44.093926	33.070754	-75.412903	-23.432253
99.643174	100.000000	-62.035589	-47.302412	68.565512	13.535646
99.718430	99.876665	-22.432375	-73.409776	88.051435	39.318925
99.232454	99.884545	-24.462416	-24.270191	87.466754	-38.006708
99.921339	99.755207	-10.334851	-47.215458	94.966203	81.662818
-99.567271	-100.000000	20.652717	62.721034	-89.045371	33.011409
99.274049	100.000000	-18.418531	-24.970375	92.315982	16.902699
100.000000	99.213013	-13.281412	-37.499673	91.204254	13.762312
-97.936533	-93.915854	17.049314	-5.498042	-85.645461	-0.855579
-99.753045	-99.903247	-11.850356	86.850017	-99.892689	47.784963
-99.861101	-99.666128	31.742078	38.211725	-82.848210	54.783213
-99.867932	-99.786263	21.715952	32.415593	-87.996719	79.528867
-99.928463	-99.646136	-11.485313	28.862665	-99.260516	-24.858072
-99.633273	-90.033924	55.299876	-18.796489	-70.251251	-47.614698
-99.576143	-99.605356	24.236722	80.597925	-87.271236	40.309913
-98.529230	-95.626182	39.787005	-7.937501	-76.772636	-53.892775
-99.422221	-99.689110	27.587866	22.643954	-85.690395	67.939863
-100.000000	-100.000000	24.534867	74.526427	-86.758559	-51.639835
99.515811	99.818856	-25.032652	-26.237035	86.174077	39.517365
-100.000000	-99.842360	70.649510	31.626336	-61.368073	-27.694463
-99.904636	-99.812009	20.713431	83.634056	-89.133442	-27.504703
-100.000000	-99.607137	71.607403	37.267884	-60.464038	22.617699
98.949425	100.000000	35.510895	-32.266354	96.347134	5.814653
-99.446346	-99.950352	26.192601	50.505837	-87.103216	-19.706322
100.000000	99.979869	-26.208016	-43.990783	86.614244	-23.629335
-98.802483	-100.000000	57.804147	83.741954	-69.631177	24.234511
-100.000000	-88.048107	75.509377	-26.429630	-58.427490	10.890009
-98.160220	-94.095667	98.097411	-11.846841	98.266990	16.298886
99.256541	100.000000	-47.031371	-68.409883	73.833166	22.292830
-100.000000	-99.898012	27.641300	56.247959	-85.128173	77.495956
-98.890302	-100.000000	-43.776679	24.517575	-99.789791	23.987277
-99.670535	-99.809835	16.624631	77.593504	-92.877819	-18.458454
-99.906671	-100.000000	-10.201111	66.311059	-99.824035	57.926563
98.148617	100.000000	-31.074829	-74.803897	83.938645	-20.962249
-100.000000	-99.608700	17.456769	13.907394	-90.754049	-15.792890
-100.000000	-84.470532	84.300380	-30.494970	-54.540594	52.590369
-100.000000	-100.000000	49.332968	72.585489	-73.515514	29.210698
-100.000000	-98.570887	28.072602	54.902667	-85.102502	-18.652703
-99.909070	-99.801477	42.053536	24.939159	-77.444780	20.315994
-100.000000	-100.000000	-9.567358	53.290935	-99.868077	-31.447638
-99.750002	-99.889278	11.997434	64.508163	-90.821566	85.320132
-100.000000	-99.653606	23.898304	24.431456	-87.198116	13.160895
-98.586753	-100.000000	-25.678892	15.649653	-99.796071	95.679276
99.654745	93.033573	-95.538831	17.298464	-100.000000	28.824077
-99.915033	-99.461111	30.997317	28.485552	-83.271263	33.311623
-99.882352	-99.959547	19.245961	18.579831	-90.090944	28.099917
-100.000000	-100.000000	67.204913	12.029156	-62.738370	24.845549
-99.934989	-100.000000	31.944953	31.348632	-82.774451	8.636747
-100.000000	-99.639536	-12.699541	31.304039	-100.000000	-50.151142
99.887009	99.973874	-22.332817	-44.206846	88.589586	-92.523158
100.000000	99.453727	-38.577932	-28.001812	78.429233	-31.936279
99.435570	100.000000	-37.093026	-24.718816	80.002926	15.642349
99.973557	91.014565	25.809650	-6.514102	100.000000	41.020501
-100.000000	-99.955987	28.889647	46.759265	-85.300618	93.088061
-99.036445	-100.000000	46.458316	18.470152	-75.380866	-25.630819
99.889343	100.000000	-33.739669	-29.182156	82.571951	45.795560
-100.000000	-100.000000	-39.563172	75.631320	-99.956774	22.932402
-99.779213	-99.925209	15.358353	41.970001	-91.910250	46.555418
-99.815257	-100.000000	-27.345940	35.114670	-99.061390	30.217698
-99.924529	-90.323593	85.042207	-20.325949	-55.736983	-33.411675
98.887113	99.910650	-97.113267	-13.902711	-100.000000	20.938324
-100.000000	-100.000000	-19.436557	30.828899	-98.996559	10.707641
-99.961458	-95.172848	64.143047	-6.953891	-66.101016	48.121377
-99.934543	-90.793552	51.389485	-16.936222	-72.151048	53.744700
-100.000000	-100.000000	51.445420	50.621764	-72.066949	13.718561
99.643168	100.000000	47.165055	-43.753345	100.000000	-35.893418
-100.000000	-99.615107	89.750186	12.585013	-53.274247	-38.826301
-99.397550	-100.000000	-33.985666	21.883984	-100.000000	39.280394
-99.558671	-99.985409	25.696643	34.777723	-85.624452	38.365047
100.000000	99.519268	-50.170358	-10.550007	74.760525	8.048905
-100.000000	-99.613598	-21.606364	54.507629	-99.832659	23.043176
-99.741250	-100.000000	-42.712816	65.245675	-99.651502	19.373942
100.000000	99.731362	-24.530282	-38.763021	87.055949	-59.527468
99.526203	99.983751	43.277447	-30.899579	100.000000	-43.999264
99.701469	100.000000	31.306293	-23.404989	100.000000	24.841159
100.000000	100.000000	52.343052	-48.944403	100.000000	-29.603976
-99.833817	-99.837523	-20.093681	17.284485	-99.018916	-62.336876
-99.875653	-99.911558	24.831666	12.418274	-86.929457	86.696662
-99.791608	-99.404294	56.535598	24.015305	-71.597726	-23.381579
-98.197301	-100.000000	51.590101	36.485386	-74.279053	-14.659784
98.656968	99.283980	16.133235	-66.725381	99.848734	-17.423964
100.000000	100.000000	-30.553828	-64.135097	82.699720	-13.936751
-99.846872	-99.825942	39.324616	18.924358	-79.177282	68.326975
100.000000	87.478605	-67.125756	26.641495	64.238345	-46.409608
-99.969807	-91.933876	62.722270	-13.269479	-65.317146	44.063566
-99.169627	-100.000000	31.467323	19.385000	-83.793905	18.143859
-99.702454	-100.000000	35.694154	31.241565	-80.320121	92.819005
-100.000000	-99.948452	31.687413	39.714276	-83.582480	-62.235069
-99.332574	-99.877621	72.267451	38.750159	-61.827832	27.124192
99.466215	99.686515	54.342272	-29.552000	99.765472	35.776418
99.956102	100.000000	39.596063	-36.680654	99.056638	24.393026
-99.657866	-99.641510	47.058983	22.486427	-74.738528	73.119925
99.734536	99.889358	52.472892	-40.869143	99.794479	42.176356
-99.964895	-100.000000	-10.429850	21.768553	-99.726971	-58.058510
-100.000000	-99.740180	-14.452795	27.378862	-100.000000	-37.409619
-100.000000	-50.277851	34.720051	-15.102429	-80.700321	56.187251
99.241086	99.746451	-27.146095	-39.255892	85.759165	46.706539
-99.154935	-99.818762	39.037044	26.085166	-78.944908	44.517275
-99.098864	-89.455683	64.039956	-21.168171	-64.688162	-38.977368
100.000000	100.000000	-43.882268	-48.220941	76.983988	-32.172972
-99.879217	-100.000000	32.933436	20.856112	-82.325987	59.204933
-100.000000	-100.000000	27.783066	64.022357	-84.510587	17.584036
99.638715	99.810435	62.385534	-38.900485	100.000000	-31.423238
-99.732883	-99.350574	-44.461113	49.047985	-100.000000	18.424333
-99.768858	-99.914129	27.777086	22.682078	-85.353117	46.664160
-99.857691	-100.000000	-14.204000	48.815375	-99.871049	-13.576062
-99.896405	-100.000000	34.009553	26.224100	-81.355264	-41.318235
99.312670	88.159808	-56.631918	23.835202	69.829171	-42.254621
99.857360	100.000000	-34.581034	-57.845975	82.075680	44.541155
-99.515445	-99.877803	23.375208	71.815340	-87.080302	-67.162854
99.520116	100.000000	36.862191	-89.587474	99.785494	23.890928
100.000000	100.000000	25.212586	-43.208622	99.930517	46.704090
-100.000000	-99.971998	-32.301015	28.999718	-99.757569	33.289068
-100.000000	-100.000000	-32.697605	45.145809	-100.000000	-37.542755
-99.717706	-100.000000	77.514565	35.518090	-58.059193	-29.581109
99.420668	99.871258	-25.136476	-21.157783	85.728860	-40.840191
-98.847262	-99.204015	68.438033	51.486473	-62.945763	16.766042
-100.000000	-100.000000	36.479656	37.163323	-80.734612	17.812657
-99.891510	-86.443725	37.192242	-20.102135	-79.181662	80.701117
-97.647210	-98.542736	54.634109	20.307171	-70.459852	5.989625
-99.852066	-99.860598	-51.046393	47.850192	-99.222616	16.513107
-99.616917	-100.000000	19.146964	43.006643	-89.428527	-28.088379
-99.757879	-99.892934	32.184812	95.017458	-82.330436	48.578888
-99.500962	-99.541350	-47.776755	38.056915	-99.844876	-38.946541
98.749842	99.184135	-52.939033	-11.742755	70.579660	-24.393456
-99.494064	-100.000000	42.377481	28.059319	-77.507936	9.670388
-99.174020	-99.878102	13.019856	17.030856	-95.395265	54.403673
-99.312519	-100.000000	30.625596	50.541103	-83.474503	28.865296
-100.000000	-87.989738	67.114358	-25.209022	-65.207131	36.908491
-100.000000	-99.541355	34.267245	92.713900	-81.532210	16.649634
-100.000000	-100.000000	-61.302346	56.451035	-99.737443	-12.627299
99.818994	100.000000	24.810660	-65.226426	99.933731	45.701168
-100.000000	-93.001125	45.363756	-16.863664	-73.944463	37.322797
99.090972	100.000000	26.716154	-54.344305	100.000000	33.991505
-99.672912	-99.460139	-52.263666	51.421609	-100.000000	14.755192
-100.000000	-99.284750	51.314240	37.312247	-72.189430	-23.864075
97.506973	98.290882	28.977818	-30.294507	100.000000	5.693377
-99.605526	-100.000000	-26.300744	39.581278	-99.839066	-72.422343
100.000000	100.000000	27.245913	-35.544509	100.000000	48.007720
99.697189	99.945154	48.188021	-27.355748	99.987779	-64.786279
-99.928833	-99.602224	74.604343	18.633005	-62.258118	16.265049
-100.000000	-100.000000	15.639677	93.578178	-92.108892	19.315983
99.406203	100.000000	22.747647	-31.959930	99.524724	53.864030
-98.780259	-99.609355	23.492890	26.627922	-86.737046	11.601480
-99.462373	-100.000000	35.244482	53.550697	-80.645570	10.379375
-99.863685	-100.000000	49.825301	50.951701	-73.866109	-12.134686
99.852998	99.808314	-12.880134	-21.603613	93.443889	-35.879544
-99.962836	-100.000000	19.470565	55.107383	-90.029646	40.854487
-99.415944	-100.000000	-21.190949	40.699261	-99.274199	-31.143350
-100.000000	-99.871581	24.474655	38.947996	-87.511065	-29.764793
99.879684	99.569604	9.869838	-66.547235	99.764666	50.955929
-99.508303	-100.000000	28.148416	31.117620	-84.055841	31.134574
100.000000	0.455519	-33.580951	27.691398	81.833216	15.570909
-99.949376	-99.873738	20.102795	57.602799	-89.977014	-29.014299
-99.913765	-100.000000	34.361011	37.823044	-81.240488	88.497687
-97.878113	-99.392235	11.510137	4.418069	-96.201968	19.363672
100.000000	99.955917	20.225793	-46.171455	99.216663	27.269976
-100.000000	-99.874107	-35.426170	45.406658	-99.822367	-46.112709
99.999620	99.784292	-54.400312	-26.378449	71.018962	54.354051
-100.000000	-100.000000	-9.238909	70.635905	-100.000000	7.754147
99.604486	100.000000	17.396436	-78.943943	100.000000	22.426116
-99.412035	-99.965635	21.678856	8.359553	-87.521446	-60.342945
-99.733055	-100.000000	-44.525360	68.660706	-100.000000	38.589048
-99.380498	-90.835232	56.075158	-16.673715	-70.131928	-15.837750
-98.757786	-99.716165	15.841768	31.275781	-91.615160	-32.779225
-99.596750	-100.000000	9.104358	54.012908	-96.021478	-36.411144
-100.000000	-99.631784	32.420320	35.436752	-83.417333	-25.945402
99.674612	99.719123	20.636870	-82.518809	100.000000	35.032576
-99.560147	-99.121720	-5.573614	15.749537	-99.496819	13.998669
96.852253	96.747421	-24.936198	6.281651	86.847765	35.054622
-99.612480	-99.966740	55.140009	20.601959	-70.953704	61.196952
99.882390	100.000000	87.127061	-71.417573	100.000000	26.501934
98.471074	100.000000	6.884560	-25.866259	99.553780	15.300915
-99.673367	-100.000000	35.714201	88.200389	-81.797591	-16.843384
-100.000000	-100.000000	24.569806	70.621606	-86.669438	32.923401
-100.000000	-100.000000	-26.583010	19.807599	-98.926568	-62.677729
-100.000000	-99.639931	-46.816282	73.461844	-99.649598	32.930783
-99.783265	-100.000000	30.891045	27.348000	-82.324180	-47.526301
-99.627104	-99.778582	24.096314	19.660402	-86.941907	38.851707
-100.000000	-100.000000	16.681156	52.322302	-91.693542	5.928809
100.000000	99.996295	-38.968640	-22.480845	79.970420	-26.807003
-99.488885	-100.000000	-36.577180	53.175010	-100.000000	20.382273
98.834347	69.722920	-97.380554	45.919489	-11.198490	46.017397
-99.443115	-100.000000	-19.033494	68.741408	-99.674375	21.470011
-99.569795	-99.419059	-23.970453	33.203462	-99.738091	51.439073
-98.443237	-72.104392	-16.708480	8.473343	-99.546801	98.979901
-99.000004	-98.833461	-22.727335	64.453537	-100.000000	10.550610
98.049755	99.672018	-6.643353	-38.801223	96.322081	39.041221
99.506726	100.000000	-51.484841	-15.770338	71.669912	43.012854
100.000000	100.000000	-20.426018	-32.123340	89.482153	-51.773893
-99.936241	-99.643377	-12.664084	42.054761	-99.845668	96.209909
-99.728600	-100.000000	19.207490	30.731698	-89.308731	18.042511
98.790860	99.922619	35.239799	-36.401599	99.680824	19.844943
-100.000000	-100.000000	34.555575	44.782803	-82.105420	12.674904
-100.000000	-99.808039	53.150348	38.171160	-72.696125	-14.319015
99.924625	100.000000	-26.475837	-26.599035	85.364302	52.476619
-99.689896	-99.920027	-28.192577	36.378845	-100.000000	-34.869021
100.000000	99.712698	41.122272	-34.651715	99.777160	-45.404280
99.983172	100.000000	30.220134	-33.597708	99.679608	28.133145
-100.000000	-100.000000	61.150618	34.816152	-67.872287	9.708726
-99.335729	-99.755659	-34.261701	65.366178	-100.000000	33.481333
-100.000000	-100.000000	-10.166309	20.999591	-99.769329	-42.784363
-100.000000	-99.881500	35.150084	36.558445	-80.789950	34.315265
99.943655	100.000000	20.414377	-28.545215	99.724043	-55.536951
95.358725	96.659118	-51.517390	3.173941	69.023255	23.563031
99.539900	99.674609	31.372829	-31.669837	100.000000	28.311280
100.000000	99.697104	-73.676472	-20.751605	60.072465	41.107167
-99.894904	-100.000000	39.889547	21.752489	-78.910022	51.876804
-99.752738	-100.000000	-18.479969	50.523789	-100.000000	-28.453851
-100.000000	-99.726815	-88.894060	61.932406	-98.934194	21.755902
99.745284	86.372179	-94.042757	28.518200	30.983910	22.729481
99.540894	99.230914	-71.517557	-35.604538	61.867821	33.968405
-99.803645	-100.000000	15.786930	25.059529	-91.560520	25.359292
99.640560	89.773006	-38.781154	19.948289	79.683613	47.543322
-99.796573	-99.890569	18.251619	23.305248	-90.993884	49.584126
-100.000000	-100.000000	22.714385	36.427277	-86.867810	-50.039472
-99.277257	-100.000000	-17.991754	56.437273	-99.802909	32.716998
-100.000000	-100.000000	72.442466	10.978578	-61.096214	-21.414648
-100.000000	-99.020932	22.619479	22.424451	-86.779311	-20.796557
-100.000000	-100.000000	-25.367700	28.457658	-99.437642	34.530024
-99.820574	-99.724778	73.957137	20.750180	-60.824563	-28.480829
-99.458122	-100.000000	69.408105	53.138106	-63.186044	19.217283
-99.658036	-100.000000	-12.312014	96.219027	-99.787413	61.278786
-99.869438	-99.450779	24.989334	58.725056	-87.193175	-32.259141
-100.000000	-99.944349	-17.139866	53.895409	-99.848546	-75.714675
-99.853177	-99.936365	32.815681	11.767929	-83.110980	27.034406
-100.000000	-100.000000	86.469601	21.954054	-54.718708	-14.240328
99.108556	100.000000	-21.405132	-13.171932	89.148121	54.500388
99.149406	99.815931	-26.275314	-15.807860	85.953308	99.941447
99.829337	99.730616	-41.598697	-52.169394	78.050104	42.547604
-99.565098	-99.895064	40.948024	30.122169	-78.260805	-25.728170
-100.000000	-99.812583	-19.766373	53.532096	-99.945155	36.962278
-99.880981	-100.000000	36.266375	39.653487	-80.892219	15.978038
-99.988810	-99.363459	30.833222	24.314734	-83.007307	23.961258
-100.000000	-100.000000	-21.907162	30.217447	-99.287752	-28.261252
-99.076717	-99.568580	-19.654741	53.041800	-100.000000	51.185350
-98.278604	-100.000000	26.801924	44.192493	-85.623618	37.664288
100.000000	100.000000	-52.108554	-27.791100	72.439155	-32.508156
-99.734851	-99.918714	-0.004628	18.375794	-99.547858	-32.893498
-99.851570	-99.923764	52.344049	27.547967	-71.977340	-27.433125
-99.511476	-99.846915	-19.376325	64.965462	-99.931262	-39.594341
99.522028	84.197879	34.586253	-15.779881	99.960843	45.840359
98.738504	99.812059	28.080232	-30.848959	99.695928	14.290776
100.000000	99.924730	27.861134	-43.606586	99.887900	61.919423
-100.000000	-100.000000	-31.935790	69.207366	-99.951913	27.884317
-99.038995	-100.000000	95.405738	30.859516	99.678851	34.001132
-98.816177	-99.757721	8.571318	44.830046	-94.819480	19.831829
-100.000000	-100.000000	33.478853	69.635199	-82.801776	39.047568
100.000000	99.900008	-29.429907	-9.581137	83.782325	20.972444
99.462267	100.000000	27.674597	-32.389054	100.000000	9.089327
-99.059301	-100.000000	20.201390	29.971495	-89.788589	38.376458
-99.969007	-100.000000	41.923305	35.112385	-77.820550	31.673852
-100.000000	-100.000000	-12.939954	23.469977	-99.755391	-36.836240
-99.806320	-99.774444	-38.079246	39.043304	-99.948682	54.056556
100.000000	100.000000	27.572307	-35.521800	100.000000	24.596612
100.000000	99.909889	12.241825	-12.353843	98.592586	-50.172206
-99.169936	-99.809794	28.408350	95.249741	-84.781953	-40.003645
-100.000000	-99.720100	72.178123	61.413528	-60.659831	31.618026
100.000000	99.915589	-17.499991	-16.112895	89.966011	26.795455
99.956397	100.000000	22.242358	-25.972389	99.861459	73.058252
99.083082	99.837494	-27.866550	-26.822035	84.168360	33.034140
-100.000000	-100.000000	-32.307073	32.601565	-100.000000	-26.717122
-99.947993	-100.000000	38.143083	19.019396	-79.436214	43.170931
99.696160	100.000000	26.325200	-36.150767	99.162267	-19.710138
-100.000000	-99.768581	-42.916111	28.259789	-100.000000	22.320772
-98.606885	-99.909103	42.260970	33.785470	-76.819845	-26.306871
-99.518164	-99.522650	-52.275490	56.775777	-99.369148	-33.234818
99.793226	99.662225	-23.839379	-30.292504	87.741474	-27.797995
-99.005412	-99.494428	26.224231	51.509047	-85.667921	18.566571
-100.000000	-99.957190	34.829951	29.800388	-82.111109	-17.480467
-99.750098	-99.846155	-33.720017	39.830666	-99.528298	48.480242
99.348702	100.000000	-79.549502	-36.107642	57.776264	-20.712326
100.000000	99.190731	29.720182	-43.846630	100.000000	-38.035894
99.011336	100.000000	16.088665	-33.192544	99.636670	-41.360961
99.651557	99.599876	-29.207111	-36.669317	83.975114	-38.054695
100.000000	99.950172	9.519906	-25.295660	99.831110	-47.332107
-99.293194	-99.742721	51.193422	30.884263	-72.524971	-24.868527
-100.000000	-99.740073	46.095997	33.135761	-75.791233	51.132436
-100.000000	-100.000000	33.827466	54.036146	-82.421118	53.247573
-99.091761	-99.669648	35.974395	13.599635	-79.311839	-38.705684
99.194257	96.700781	-46.740329	9.910148	75.178268	55.301049
-99.803738	-99.665094	20.521706	50.783625	-89.050912	52.860728
100.000000	99.506403	-58.781871	-29.803138	68.370841	21.006193
-100.000000	-100.000000	-29.288153	22.289154	-99.178111	12.790187
-99.278474	-100.000000	-29.818222	87.566364	-99.807706	-17.820405
-98.921555	-100.000000	-10.024362	12.547254	-98.513706	37.899380
99.002663	98.672117	-41.249299	-39.142773	78.121344	-16.665224
-97.601429	-100.000000	17.891516	14.702153	-89.624052	32.313301
-100.000000	-99.326342	63.035874	69.508983	-66.901639	-17.297879
99.108260	100.000000	-8.505711	-26.307716	95.252445	4.957115
-100.000000	-100.000000	22.870782	46.488017	-88.153425	64.530936
-99.839472	-87.786203	65.497213	-25.271044	-65.062161	40.293586
-99.617757	-99.530614	38.013551	54.317628	-80.577499	18.061515
100.000000	100.000000	29.371588	-42.162964	99.297126	-12.144374
-98.888595	-100.000000	26.803996	29.073094	-86.034296	46.713509
100.000000	99.791118	22.020212	-17.909754	99.195946	52.204707
-99.235902	-100.000000	-31.365631	21.816422	-100.000000	46.469628
99.727949	99.925074	30.760537	-21.483235	99.884459	53.406052
-99.802281	-100.000000	55.354004	11.088073	-71.009197	18.629028
100.000000	99.553939	16.942779	-48.275724	99.045516	23.292573
-100.000000	-100.000000	14.082266	62.803347	-91.845877	-6.074702
-99.697397	-99.664991	22.647575	39.867174	-87.586128	-44.041188
98.891321	99.941857	-15.554879	-38.132849	91.583982	69.110021
-98.920907	-100.000000	10.091333	77.314327	-95.093843	48.096076
-99.720993	-100.000000	39.968794	16.178715	-78.364419	38.222266
100.000000	100.000000	21.033194	-46.929805	100.000000	54.364025
99.691936	99.957814	-99.751728	-29.386520	-100.000000	77.169035
-100.000000	-86.444276	64.344493	-29.555770	-64.375807	45.903070
-99.846125	-99.811832	-16.074164	35.786604	-100.000000	42.867655
-99.746260	-100.000000	37.926312	34.631994	-79.999423	21.339575
-99.543644	-99.649748	-15.200703	36.119330	-99.711261	49.598284
98.900718	91.846217	-38.322923	15.503499	78.809549	24.147081
100.000000	99.966607	-40.263530	-16.978966	78.444829	53.848645
-99.726516	-100.000000	27.528597	43.690102	-85.873657	47.163957
-99.777005	-100.000000	25.075952	50.268199	-86.346804	52.526762
-99.792399	-100.000000	28.628406	31.714668	-84.606326	-67.284569
-100.000000	-88.554275	-39.973586	17.036176	-99.236336	26.579433
-100.000000	-100.000000	-35.603852	36.668218	-99.707125	23.774777
-100.000000	-100.000000	61.162892	36.240468	-66.470435	-26.092725
99.691108	99.756507	42.249244	-41.945520	100.000000	33.118632
-99.797260	-99.899691	32.911938	66.760168	-82.211912	18.792260
100.000000	99.716120	-60.422417	-32.109857	67.467230	-33.488450
-99.661561	-100.000000	15.564878	53.930927	-91.743824	14.413573
-99.884402	-58.645379	24.979994	-20.771887	-86.956536	7.579224
-99.072090	-99.702383	23.339637	25.964120	-87.276602	28.479854
-99.924942	-99.725269	-26.996076	68.113971	-100.000000	32.057805
98.585639	100.000000	-46.668275	-13.280241	72.515416	35.823545
99.888971	99.945847	32.703632	-29.321396	99.319423	-24.136188
-99.318261	-99.798039	28.773684	47.294137	-84.048002	40.164826
-99.870766	-99.663799	-37.630321	25.875796	-99.657659	16.586112
-99.993474	-93.870292	68.280087	-14.587950	-61.173286	-28.085895
99.546016	99.499316	-49.688214	-12.806519	73.654731	8.267422
-99.643435	-99.635966	-35.136467	52.715871	-99.765104	-47.192077
-100.000000	-100.000000	43.733563	36.912923	-76.595355	51.694402
-99.300607	-99.982444	30.950327	30.448553	-82.642345	49.817240
-100.000000	-100.000000	19.863789	43.992348	-88.984608	-18.507809
-98.739044	-100.000000	17.685889	38.101306	-90.957147	28.989169
-98.083515	-99.919713	46.295840	10.795565	-74.472757	-86.389038
99.312434	100.000000	41.640893	-24.505162	100.000000	62.044135
-97.722192	-99.999219	-5.081794	51.041960	-99.944909	-64.665172
-99.030783	-100.000000	21.380991	32.571940	-88.254568	26.040371
-99.603566	-90.669047	40.098893	-15.849734	-79.023644	54.835299
99.651062	100.000000	-28.092597	-44.860857	85.630418	23.814278
-98.065168	-100.000000	26.770038	10.482966	-84.375212	10.756795
99.637236	99.685250	-10.564241	-70.250670	93.841512	-43.417140
100.000000	99.779484	44.020818	-34.586826	99.993287	42.310790
-99.693926	-99.953073	-45.735467	46.600068	-99.733789	-14.106953
-99.887919	-99.536641	37.152371	25.351660	-80.895976	26.252386
-99.392597	-100.000000	25.433983	9.220952	-84.323556	-13.796478
-100.000000	-99.830192	18.824161	41.071703	-90.365443	61.421497
99.740690	98.803682	-72.121349	-56.396096	61.010154	-19.485632
-100.000000	-100.000000	47.874254	77.896137	-74.615749	-26.555781
99.221955	100.000000	17.435800	-60.961758	99.613300	96.058895
99.231478	99.798175	-9.228539	-66.952389	94.889195	-55.177405
-99.427695	-99.741748	-30.080555	29.706815	-100.000000	48.926803
-100.000000	-99.763944	16.329009	46.194884	-91.434744	24.584007
-100.000000	-100.000000	36.106819	25.868878	-80.882583	40.703901
100.000000	99.744474	34.538205	-19.566663	100.000000	38.155562
99.394835	100.000000	-13.961758	-58.651315	92.997796	55.083789
100.000000	99.240423	32.870600	-78.784464	99.697440	-34.195678
-100.000000	-99.912533	-20.155075	54.266169	-100.000000	-28.137396
-99.412496	-100.000000	-5.972238	34.853368	-99.683230	69.186978
98.978431	100.000000	47.198954	-59.680091	99.827517	-14.490316
-100.000000	-99.958733	-6.862822	7.501772	-99.204873	46.340048
-98.912612	-100.000000	41.116027	11.970414	-76.820570	97.852783
100.000000	99.303391	-32.919513	-30.626870	82.466585	-21.059551
-99.389049	-99.985654	12.666527	26.780003	-92.412349	63.111935
100.000000	100.000000	-24.502953	-66.094203	87.348342	24.080692
-99.238336	-99.730729	55.094788	45.195398	-71.436936	31.260977
-99.498786	-99.575371	45.942932	27.291646	-74.123153	27.690124
-99.392969	-99.990750	16.194707	48.589615	-91.328207	35.723566
-99.557747	-100.000000	38.938798	24.654275	-78.659165	83.712537
-99.594252	-99.821920	-48.439884	34.354207	-100.000000	-71.794384
100.000000	99.813261	69.209802	-72.269949	100.000000	25.312046
-99.287435	-100.000000	38.619154	85.050915	-78.934410	10.975093
99.863452	89.646578	-96.884245	22.102464	-99.582992	-26.641492
-100.000000	-99.776953	21.320952	20.935597	-89.314254	66.375448
-99.449678	-99.841663	-48.145133	31.358306	-99.869830	-25.301401
98.970729	71.519136	-19.059688	10.010966	91.579708	-58.362827
-99.875336	-86.426685	53.107911	-26.899412	-70.974574	-19.757286
99.415802	98.030667	-94.124534	-35.008795	-99.443209	3.570614
-100.000000	-100.000000	12.740083	24.452035	-93.120460	60.698806
100.000000	99.150031	13.622148	-10.469082	99.111605	-83.794253
-99.910532	-100.000000	42.607968	25.277324	-76.765877	-34.009802
-99.663533	-99.835120	33.906851	66.792038	-81.602023	-42.235078
-99.892762	-99.436953	-37.529056	21.520810	-99.833176	24.428857
-99.141338	-99.068093	61.872160	38.388309	-66.177145	19.436731
-100.000000	-99.940642	32.262452	30.104103	-82.730054	-71.847028
-98.592674	-98.582829	47.056170	55.926515	-74.046967	10.023239
-99.494750	-99.704336	32.142455	38.746883	-82.742564	63.950907
-99.896678	-99.748891	31.015154	52.225241	-83.739409	31.997207
100.000000	100.000000	68.391602	-73.385592	100.000000	15.902507
-99.963959	-98.709615	13.514188	31.096935	-92.524172	-27.495146
99.875975	99.731844	-26.281984	-27.772961	86.381780	-23.278257
99.538054	100.000000	-55.830298	-44.186347	69.971538	32.444673
-98.555388	-99.899949	21.858169	27.845702	-88.789938	46.596289
99.564610	99.802178	-51.870537	-15.599662	73.339221	49.383712
98.915527	98.371893	49.774005	-52.858097	100.000000	14.566336
98.685564	100.000000	-11.159879	-34.523909	92.826668	-19.765754
100.000000	100.000000	-33.733234	-45.126037	83.112790	-12.685183
99.802760	100.000000	12.686238	-36.357532	99.872223	78.565676
99.892062	100.000000	-43.312623	-46.048600	77.429079	27.407942
100.000000	99.818487	-26.209440	-23.705655	85.798357	56.739736
99.385582	100.000000	-16.563555	-61.122033	90.251697	18.287630
-99.411205	-99.803956	14.240162	37.535447	-92.370036	22.604679
100.000000	99.884420	-9.535412	-17.629537	100.000000	-3.528987
-99.373077	-99.567130	-29.482570	39.601423	-100.000000	-34.948131
-99.920146	-99.829401	84.369749	29.199192	-54.410478	28.516383
-96.816966	-99.769747	-7.134191	23.116604	-99.440049	30.223533
99.798437	99.863939	13.167092	-49.855794	100.000000	-22.139564
99.225627	3.446398	-29.994579	21.253767	78.159805	72.684865
-99.690805	-100.000000	58.841279	28.928877	-67.814262	-13.162271
-99.373903	-99.984348	33.481874	31.599027	-82.035561	-51.770451
-99.841563	-100.000000	60.384811	45.533290	-68.568946	36.375095
-99.889690	-100.000000	32.278446	51.821619	-83.387080	-78.176253
99.961846	100.000000	-37.568365	-41.126928	79.750607	-30.324282
-100.000000	-85.238494	80.832850	-30.548608	-57.267862	22.222512
100.000000	100.000000	-22.261184	-31.901177	88.384526	65.004362
-98.471142	-100.000000	4.620469	38.475649	-98.984175	2.555723
-100.000000	-99.646039	23.328633	38.023523	-88.843057	33.593491
-99.717918	-100.000000	37.411071	48.398744	-79.505405	21.433280
-99.843211	-99.133842	42.076163	25.224338	-77.826067	30.369930
-99.622133	-99.566903	-56.908256	29.100115	-100.000000	-30.665595
-99.700670	-99.658456	19.195311	50.829344	-88.625385	23.904219
-99.998153	-99.808455	21.847797	32.296341	-88.600502	-41.341481
-99.551625	-100.000000	74.721808	23.177058	-60.729387	28.671170
-99.768482	-99.914781	38.926410	26.197884	-78.822923	-64.049070
-99.387438	-99.940572	-29.431348	45.135425	-99.719060	-64.532101
100.000000	100.000000	76.268150	-40.387130	99.796906	30.590769
-99.688120	-95.819552	40.796662	-7.902482	-80.332950	-23.963082
99.231705	100.000000	-9.016197	-55.328395	95.125921	18.964606
100.000000	38.320518	-28.390967	20.964861	84.544850	-35.203028
-97.718911	-100.000000	9.967568	45.696676	-95.840385	41.312545
100.000000	97.151924	-18.928664	6.797643	88.556628	38.887550
-99.379723	-100.000000	-39.052739	69.111186	-99.746720	-19.185851
-99.741193	-100.000000	62.044963	36.986964	-67.095001	-19.299785
-99.718594	-99.778064	56.996577	29.725728	-69.435501	46.420155
100.000000	100.000000	-12.929865	-49.276971	92.768674	47.588636
-100.000000	-100.000000	58.046177	64.871481	-69.519826	22.759630
99.688084	100.000000	-100.000000	-36.132288	-100.000000	-10.287572
100.000000	99.991731	-50.136435	-26.230338	72.145255	63.479470
-99.830344	-99.846054	52.781382	40.893145	-71.434147	26.174055
-99.572272	-100.000000	19.288790	35.901910	-90.011363	63.222377
-100.000000	-100.000000	40.721072	36.638168	-78.909936	-7.929790
99.875474	100.000000	44.381656	-48.799451	100.000000	65.055000
99.266897	37.186368	-37.607554	22.004918	80.148003	26.797026
-100.000000	-99.732249	-28.648189	16.689528	-99.778132	84.143496
-100.000000	-100.000000	21.296034	13.063532	-89.404016	-11.326829
100.000000	97.237176	41.185477	-19.730374	99.551478	16.633874
-99.693890	-100.000000	-46.592842	28.068919	-99.951064	-70.958180
-100.000000	-100.000000	-45.155322	68.283144	-100.000000	-15.091053
-99.477900	-100.000000	-22.965319	53.504039	-99.746154	66.087762
99.971903	100.000000	33.062368	-34.214992	99.784027	32.948068
-99.846802	-99.764980	18.795493	30.094916	-89.056732	50.967087
99.770508	99.459443	-29.723979	-60.152659	84.198722	-35.518038
100.000000	100.000000	-22.193456	-62.009358	88.676570	56.411481
-98.958865	-90.359733	49.069832	-22.778390	-73.385094	-12.989074
100.000000	99.778483	-84.289885	-27.946663	54.946826	44.656648
98.983521	99.709421	17.159286	-19.749934	100.000000	-19.349518
99.999306	99.434873	-71.634245	-28.719865	61.954650	35.670212
-99.661663	-99.895286	60.041177	27.783754	-68.476021	43.530807
-99.301275	-99.838926	97.555846	48.382707	99.674792	18.589997
99.951681	99.896756	29.466563	-38.645115	100.000000	37.998024
99.808401	99.803444	-21.114030	-31.213915	89.600161	86.079975
99.718489	99.675632	-28.004057	-49.571716	85.285713	-32.895575
-99.266681	-99.717158	41.152301	73.731431	-78.276909	-23.898300
-100.000000	-100.000000	51.402715	73.113229	-73.532158	-15.439617
-99.698110	-100.000000	-20.572306	59.555899	-99.965981	-48.043559
99.383529	99.937445	22.154820	-54.271199	99.964646	-48.483269
99.732636	100.000000	61.025981	-38.352721	99.695838	-34.013687
-99.950026	-100.000000	-46.962240	38.604596	-99.712833	53.733216
-99.086565	-99.691881	-14.440565	22.826254	-99.359007	48.002284
-99.547133	-99.987889	55.105503	26.205014	-70.817090	35.646763
100.000000	100.000000	-19.073809	-84.722290	90.095384	79.647972
98.817704	99.845760	-17.211362	-53.231608	91.992023	34.524718
98.668634	99.861800	27.657840	-31.063386	99.923494	-33.137572
-99.550357	-99.394030	28.562629	45.306868	-83.268819	20.446473
99.524837	99.851515	15.306490	-51.709308	99.601059	-70.378695
99.766294	99.648549	-45.804636	-41.919377	76.048183	34.235765
99.933729	100.000000	18.396134	-62.055885	100.000000	17.911014
-100.000000	4.702646	39.350592	-36.714061	-75.379305	-23.495113
-100.000000	-100.000000	71.143152	55.297664	-62.498741	29.047708
100.000000	99.909795	33.024058	-46.917160	99.851513	65.574546
-99.787370	-100.000000	31.087855	9.524624	-82.142594	-49.282752
-99.319249	-88.045038	53.358697	-23.623882	-72.023485	37.326820
-99.963750	-99.668353	-17.843114	56.579687	-99.505571	-35.355097
100.000000	100.000000	-44.892342	-42.253647	76.016683	30.955170
-99.684524	-100.000000	-24.454739	49.286742	-100.000000	61.503728
100.000000	99.765591	-14.519981	-53.708872	93.121993	18.905833
-99.578514	-100.000000	17.074168	65.558967	-90.488818	-32.313421
-99.920052	-100.000000	-27.952614	57.202483	-100.000000	35.885392
-99.708682	-99.954574	-26.237037	40.745970	-100.000000	35.237304
-100.000000	-99.263531	29.352922	23.743940	-85.494028	-15.883366
99.953363	100.000000	-29.381000	-51.260500	83.534636	50.577288
-99.142312	-99.652908	16.145329	51.080562	-92.020598	-17.149593
-99.434037	-99.694933	31.100331	35.067541	-83.713408	30.370472
99.902542	99.736352	-45.706952	-16.618647	76.234712	48.500295
99.796991	99.535364	18.907756	-62.636852	99.338721	-19.688616
100.000000	27.052546	16.567647	-13.831197	100.000000	-24.809466
-98.838852	-99.732867	93.582375	17.478261	99.965897	31.957097
-100.000000	-99.465348	33.728694	66.922940	-82.748425	-24.353377
-99.874985	-88.828498	89.873580	-23.017961	-51.466790	-50.730575
100.000000	100.000000	-23.654183	-47.256653	87.266912	31.978452
-99.881534	-99.971118	-16.215316	56.245803	-100.000000	22.573714
-99.398440	-100.000000	-29.986130	92.072198	-99.748029	-53.128851
-99.154159	-100.000000	24.011776	22.283069	-84.754862	-23.697554
99.816674	100.000000	16.070277	-48.829503	100.000000	42.039856
-98.429952	-99.906899	25.200341	34.840067	-87.135376	47.528385
-99.732756	-99.761851	21.886005	41.934385	-85.461679	-18.510430
-99.911286	-100.000000	30.155622	73.127053	-83.554389	58.171875
-99.808701	-99.275509	43.588732	6.647046	-77.143830	19.530315
-98.754120	-99.833743	-23.238847	35.161273	-99.680741	-44.704072
-98.252820	-99.722085	-7.942079	64.041950	-99.912856	-13.525610
-100.000000	-100.000000	-62.645618	74.173296	-99.673200	-15.366685
99.646521	100.000000	-29.933291	-45.548496	83.428214	-32.236061
98.746937	99.841946	23.945577	-49.537785	100.000000	-13.623725
100.000000	33.040332	27.928180	-14.371803	100.000000	-24.807231
100.000000	99.733769	-31.594363	-23.695246	82.088214	61.628672
-100.000000	-100.000000	43.711012	26.255080	-75.513994	-10.974579
-99.801405	-99.926156	18.326372	16.381040	-88.858864	50.983533
-99.730388	-100.000000	32.245397	37.295230	-83.284772	-79.411937
99.948058	100.000000	17.413932	-38.824204	99.958701	21.344506
-98.843790	-100.000000	-39.796795	21.372423	-99.323211	49.960168
-99.889410	-99.525645	38.050189	34.579572	-78.842739	-36.662693
99.249414	100.000000	52.057502	-43.659752	100.000000	-27.350638
-99.533075	-99.725728	29.973371	21.755750	-83.540394	-48.153501
-98.602665	-99.920970	-40.310866	29.382357	-100.000000	15.148298
-99.814138	-99.856245	42.698398	46.708624	-77.209271	26.791123
-99.654072	-99.922767	-17.418828	79.144625	-100.000000	58.069975
-100.000000	-99.979231	-15.928844	80.795644	-100.000000	54.590127
-99.441653	-85.399272	99.311061	-29.405190	99.052906	37.381311
-100.000000	-100.000000	-30.760028	62.704432	-99.857901	32.324995
-100.000000	-100.000000	53.811854	24.633762	-71.353315	60.915533
-100.000000	-99.078550	-54.748231	37.096733	-100.000000	20.294119
-100.000000	-100.000000	34.514690	29.920792	-81.308974	-64.225864
-98.837051	-99.959572	37.716042	42.334399	-80.696793	-33.972558
-99.347768	-98.660125	41.990817	29.917133	-77.788595	24.553977
-99.517093	-100.000000	38.397633	69.603491	-79.120256	14.491313
-100.000000	-100.000000	33.428360	92.455288	-82.272094	-20.536006
100.000000	100.000000	-47.796667	-13.193437	74.419286	29.061532
-100.000000	-99.596642	30.289796	23.922247	-84.493939	24.527181
99.061192	99.960441	18.976936	-22.892946	100.000000	62.746019
-100.000000	-100.000000	-48.548702	36.089287	-99.590588	16.531925
99.590474	99.646889	41.467557	-32.077767	99.300864	52.988865
-100.000000	-100.000000	6.928765	13.687824	-95.902400	33.567831
-98.995938	-99.812078	-14.995738	38.667154	-100.000000	-45.045172
-99.901903	-90.618159	81.132772	-20.809206	-56.740627	52.708653
-98.733679	-99.755713	10.897262	52.904286	-95.278378	27.206460
-99.969307	-100.000000	25.713211	16.974027	-86.881192	51.750246
99.677196	99.674423	-37.507297	-15.942883	79.620885	-30.558476
99.888496	100.000000	25.721486	-57.469969	99.958542	28.043472
99.954009	100.000000	-6.703582	-99.912341	96.178483	52.932466
-98.704611	-100.000000	-18.340747	19.681158	-99.737660	-97.274850
99.797809	99.820210	32.211068	-43.684289	100.000000	40.808902
-99.554204	-99.876645	42.059732	25.044447	-77.161821	31.422878
-99.499287	-99.923067	39.953071	91.605940	-78.944988	-33.996025
100.000000	99.925004	-61.886411	-26.891728	66.472116	59.327836
100.000000	99.494327	15.432351	-21.142297	99.594453	-43.643624
98.759991	100.000000	-11.137518	-93.914124	93.222129	12.745467
-99.616611	-95.096994	87.086267	-5.792940	-54.826100	62.417394
98.803166	99.924961	16.768580	-39.534596	99.827193	34.307947
100.000000	99.237687	-42.477613	-30.039131	76.949206	43.323406
-98.701951	-100.000000	-12.154000	92.495657	-99.563287	29.912575
-99.483027	-99.984133	46.042870	15.708018	-74.887492	10.147045
-99.648732	-99.849668	36.399688	22.476505	-80.578885	46.973362
98.972341	100.000000	-33.518331	-28.668450	81.760055	43.382555
-99.065740	-26.811326	47.140211	-21.851804	-74.492058	28.531909
-99.315644	-99.700011	-21.130299	15.722691	-99.387496	35.810080
-99.514559	-99.740755	-18.623591	44.539194	-100.000000	30.748266
-99.727326	-100.000000	-14.427568	14.905913	-99.753384	18.326690
-100.000000	-99.383735	-38.864094	27.333973	-99.539153	-20.705389
-100.000000	-100.000000	76.146705	23.808790	-59.929874	27.190211
-99.652837	-100.000000	-17.953979	98.425236	-99.702974	13.297417
-100.000000	-59.711106	-68.257640	37.124860	-99.249700	-9.229837
-100.000000	-99.762348	-45.734925	29.376415	-100.000000	31.874515
-99.079757	-100.000000	-19.852863	38.915641	-99.728347	31.679178
-99.702350	-100.000000	24.387974	27.142925	-85.831161	-35.110866
-100.000000	-100.000000	26.730409	52.446793	-85.815843	36.011767
99.660349	100.000000	-54.340589	-43.383734	70.847672	29.512802
-99.808486	-100.000000	33.849837	53.728919	-81.814422	-19.455481
-100.000000	-99.820044	20.352586	45.609366	-89.136794	35.356990
-99.863863	-99.739385	17.810962	22.648186	-92.189269	65.224338
-100.000000	-100.000000	23.601294	12.121084	-87.877436	30.222525
99.395743	99.671345	-46.145272	-11.221990	74.446006	19.168638
-99.451181	-99.926799	31.390706	46.396716	-84.065752	17.739708
-99.847595	-100.000000	-34.613513	93.966759	-99.961350	70.373985
-99.850536	-100.000000	50.957540	20.177377	-73.564877	-48.105431
-100.000000	-96.704122	28.023680	23.028855	-86.421446	7.845862
-99.275302	-99.845642	33.809289	20.904569	-83.561970	-28.951024
-99.469389	-100.000000	-20.156211	18.235208	-99.866799	-27.647016
98.848704	99.754444	-48.961611	-25.671563	74.193822	12.339971
-99.877812	-100.000000	61.575341	27.201653	-66.525457	31.967947
-99.799079	-100.000000	39.088501	32.118050	-79.452543	35.595077
-99.583311	-100.000000	-44.781255	52.512224	-99.119399	-22.739003
-99.634920	-99.778466	-19.634859	53.392366	-99.832396	41.739515
-100.000000	-100.000000	25.032282	20.034451	-87.478052	16.138780
-100.000000	-93.711879	49.339478	-15.343253	-73.858701	47.244998
99.609759	99.477026	-21.638663	-18.333643	88.522717	39.428919
100.000000	100.000000	-21.467314	-15.445857	88.070762	39.191590
-99.448388	-99.419292	40.409479	23.703625	-78.303251	35.787302
-100.000000	-100.000000	-29.482383	59.284705	-100.000000	37.030153
-99.293464	-100.000000	-25.966273	74.869140	-100.000000	20.689600
99.424657	99.564539	-21.416640	-50.375237	89.392815	-32.293960
99.838069	100.000000	-44.548317	-68.337551	75.719723	-29.471366
99.682195	99.909186	-35.570605	-33.885289	80.780743	-76.395768
-100.000000	-88.981875	72.806460	-22.626620	-60.081237	-25.709364
-99.883756	-100.000000	19.783906	95.675337	-88.477370	16.760916
-99.966910	-99.620491	-10.727261	98.439049	-100.000000	21.007450
-99.990900	-100.000000	-39.315494	60.534421	-99.704854	-26.725326
-99.602535	-99.720039	-40.543761	58.453015	-99.733515	27.977429
-100.000000	-100.000000	-27.569932	12.617144	-99.957006	97.814908
-100.000000	-99.443519	57.190884	22.629378	-68.592787	-24.684324
100.000000	99.897571	49.376513	-33.380735	99.727183	55.680925
-99.481039	-100.000000	-20.677170	21.714128	-99.089891	70.366152
-99.616362	-100.000000	36.570369	57.878062	-80.589902	54.465830
99.830819	100.000000	-37.191667	-37.509161	79.494370	-26.142215
98.849489	100.000000	-11.808669	-29.210575	93.079133	-25.783437
-100.000000	-99.590393	34.097941	73.145611	-81.775588	-21.594234
99.913080	99.823573	14.848178	-30.450013	99.842905	46.755544
-100.000000	-98.607627	32.008941	36.851783	-83.063553	-15.314504
-100.000000	-100.000000	-34.767126	35.870090	-99.716879	40.814439
98.893244	100.000000	19.229333	-12.977707	100.000000	-21.938548
99.340903	99.864831	45.040339	-40.965891	99.293486	-42.968630
99.709360	99.923565	-24.694625	-74.575142	87.162355	-58.477931
-100.000000	-100.000000	43.816262	49.289868	-75.960206	-32.171834
99.020759	99.859463	-19.537255	-57.729518	89.339605	77.264964
-100.000000	-100.000000	8.411089	5.052476	-94.734786	-67.425766
-100.000000	-100.000000	-55.195547	39.946822	-99.638316	-47.101779
98.755773	100.000000	29.128016	-60.171475	99.925405	26.013295
-99.993642	-100.000000	-41.144659	43.524030	-99.632277	28.052433
-99.610920	-99.810745	35.711313	20.377676	-80.239414	-79.691964
99.493894	100.000000	-45.520338	-32.910978	75.676815	13.964932
-99.966328	-91.420267	43.552091	-18.807858	-77.117230	-11.940213
100.000000	100.000000	-17.068464	-45.507678	89.545223	-64.849588
-99.186708	-90.314031	60.385430	-20.846699	-67.760635	49.832931
100.000000	99.698483	18.617552	-37.954151	99.273308	-29.049858
-100.000000	-100.000000	9.268567	49.462770	-94.764219	10.792120
100.000000	86.073144	-68.545045	29.143848	63.652202	32.042065
99.140697	99.963445	-24.789356	-14.416254	87.011520	52.680641
-99.363675	-99.201778	41.728839	25.879805	-77.020087	-40.195597
-99.531681	-100.000000	79.880528	22.867666	-56.776088	67.962920
98.287472	99.920348	17.131944	-98.580723	99.957766	52.439197
-100.000000	-99.974301	50.866766	21.139065	-73.625124	-27.156423
-99.974400	-99.654692	69.940215	40.851414	-62.622337	31.181574
-99.225224	-100.000000	20.460930	21.362598	-87.577971	-33.685297
-100.000000	-99.412574	9.261230	18.148926	-94.245028	18.667588
99.630148	100.000000	-53.209812	-5.965185	72.155281	28.317223
-99.872780	-99.695849	14.590045	25.900530	-92.517547	34.870733
99.377393	100.000000	48.961740	-88.930359	99.732884	27.201331
-99.438281	-85.381948	74.117014	-32.448546	-59.551912	55.727168
-99.096820	-99.596324	55.803365	31.287364	-70.049013	31.400088
100.000000	99.989239	20.886209	-13.429741	99.576334	-10.236631
-99.302177	-100.000000	-48.879680	48.254791	-99.454978	39.891341
-100.000000	-99.885733	42.576025	19.161167	-77.134405	37.332991
100.000000	99.293425	23.300146	-50.878431	99.825683	20.030925
-99.675639	-99.885379	15.657957	23.293003	-91.231887	76.364707
99.121373	99.509548	27.518096	-81.119704	100.000000	-22.727707
-99.922444	-99.984851	13.068094	68.431013	-93.179471	-71.238833
-100.000000	-99.717728	54.502228	24.299389	-71.126830	-12.474213
-99.853196	-99.844281	33.804512	32.437984	-81.224169	41.244798
100.000000	22.031778	-25.442466	13.175780	85.499875	44.082833
-99.764001	-100.000000	97.700763	36.468785	99.850071	-64.090508
-99.239776	-99.863708	-26.167442	22.433712	-99.860766	-16.716099
-99.439858	-99.776038	41.575984	27.583654	-77.394032	53.557298
-99.086260	-87.418586	75.118922	-26.926577	-60.681694	45.563139
-99.488697	-100.000000	13.710433	30.998231	-93.419571	46.942065
-100.000000	-100.000000	-10.254565	33.583414	-100.000000	44.609195
-98.732106	-100.000000	45.431758	81.099527	-75.568972	-15.428076
-99.977780	-99.967479	22.277135	21.905856	-87.420725	-26.601189
-100.000000	-98.944981	40.996807	53.900835	-76.307889	-6.415489
100.000000	100.000000	26.085824	-21.860068	99.745625	30.303742
-100.000000	-100.000000	-47.335996	52.352927	-99.819633	-15.600084
-99.979832	-99.785172	33.677282	39.676906	-82.632844	-27.867770
99.909766	100.000000	-19.399755	-25.207815	88.642188	74.097808
-100.000000	-99.202813	25.785526	95.304908	-84.947419	14.552326
-98.500833	-100.000000	16.379322	48.375128	-91.472247	47.482213
-99.859608	-99.807947	50.871908	35.480427	-73.474107	37.861468
-99.249684	-99.904564	30.642065	52.011785	-83.894715	37.680101
-99.996708	-100.000000	22.036042	15.852684	-88.867587	44.760705
-99.812384	-94.640579	94.103629	-9.430017	99.127367	-34.025030
-99.635538	-86.306332	91.588815	-28.718429	-50.752831	23.492133
-99.516482	-100.000000	20.352314	36.301659	-88.497899	18.689878
-100.000000	-99.963231	38.895973	23.499531	-79.218421	35.245816
-99.192986	-100.000000	46.330175	17.789040	-75.195294	43.215519
-99.863067	-100.000000	43.476170	23.554773	-77.178362	43.564917
-100.000000	-92.273377	50.688277	-14.187860	-74.458583	-56.792572
-100.000000	-99.858970	-36.712635	60.630523	-100.000000	32.390500
-99.233858	-100.000000	56.832159	71.046296	-69.015364	-18.636955
99.901397	99.824357	-26.156140	-70.316568	86.344041	-43.274843
99.394317	92.328304	-78.973183	14.062603	56.863535	25.755234
-99.966800	-100.000000	20.998207	19.301803	-89.253794	38.805992
100.000000	99.911588	-18.683657	-87.765314	90.138049	-11.122786
99.808928	99.818375	-19.320426	-48.831551	89.990056	-37.337002
97.810252	100.000000	-11.201345	-52.202363	93.108704	18.416373
100.000000	100.000000	33.739050	-54.380439	99.687723	43.845644
98.955403	98.604089	-28.855109	-39.378217	83.426537	22.566240
99.875211	94.686900	-33.548577	8.968336	81.833469	27.628094
-99.946727	-97.562663	21.446051	31.248689	-87.504298	-11.965284
-100.000000	-99.622214	39.475636	37.899424	-79.169912	15.312631
-99.310912	-100.000000	57.344950	17.170051	-69.485586	26.247829
-100.000000	-95.659960	71.054074	-5.144994	-64.365401	17.198219
99.634856	99.822447	11.079305	-33.781394	99.447462	29.054835
-99.138111	-100.000000	62.573714	8.658067	-66.590199	7.634772
-99.142994	-100.000000	32.136051	63.016480	-82.209843	-26.263011
-99.812186	-99.613418	16.353392	7.552294	-92.807468	59.878384
-99.924391	-100.000000	-17.522486	35.410517	-100.000000	-53.838703
-100.000000	-100.000000	40.249090	24.895922	-79.004369	18.161285
100.000000	100.000000	98.884108	-99.467545	100.000000	-5.708414
99.301296	100.000000	42.628362	-49.493342	99.757480	-57.530561
99.538218	100.000000	21.168340	-31.360687	99.680557	57.552045
-98.513646	-100.000000	-25.503290	42.998115	-99.837500	16.777457
99.394866	100.000000	-26.897077	-71.600008	85.192002	26.906684
99.890816	100.000000	-60.384330	-21.419558	67.997480	25.698654
98.024065	59.862840	53.228636	-18.948307	99.658904	-8.698906
-99.922960	-90.468752	59.010549	-22.687162	-68.277622	18.798143
-99.868681	-99.913555	41.938696	23.961703	-76.798469	-25.709778
-99.877704	-100.000000	95.311377	30.638994	91.514397	40.426776
-100.000000	-89.566380	55.706788	-23.101196	-69.296426	44.370369
-100.000000	-100.000000	63.946022	76.643912	-66.073266	-10.965178
99.473500	99.342091	48.769014	-42.805944	100.000000	10.836092
100.000000	100.000000	-23.445042	-19.802895	87.915728	-31.824544
-99.733738	-100.000000	10.478865	34.187721	-95.535482	-6.054437
-100.000000	-99.901983	18.698562	51.358305	-89.865011	37.649513
-99.089319	-99.496058	37.979518	25.319221	-79.346252	-43.113442
99.732740	99.810321	-13.478480	-42.642905	92.885038	61.992256
-99.971779	-99.950935	54.554873	41.705925	-70.788121	48.420889
-99.874832	-93.208367	31.475339	-12.574412	-83.707450	-34.447057
99.943435	99.816706	31.150030	-19.178762	99.808510	-58.914311
-100.000000	-99.940851	-15.686143	22.727871	-100.000000	80.164295
-99.940830	-100.000000	40.692108	94.832095	-78.474121	26.242186
-100.000000	-100.000000	29.487120	71.912507	-84.956507	-15.466266
-100.000000	-96.024731	57.949421	-10.139161	-68.670185	9.616280
-99.682597	-99.559724	16.029747	43.041802	-90.819594	44.565362
99.615988	100.000000	16.236292	-26.667368	100.000000	33.425911
-100.000000	-100.000000	61.125572	23.522189	-67.753916	-13.164203
-100.000000	-100.000000	14.716146	56.417925	-90.875908	19.066176
-99.854906	-99.944488	44.147672	30.902318	-77.045301	-49.438718
99.902358	100.000000	-75.232380	-37.985012	59.941786	21.008598
-99.478692	-100.000000	-24.754232	60.003600	-99.792441	58.917256
99.557875	100.000000	-44.782536	-12.862371	75.403830	-29.262537
-99.939173	-99.590348	58.435836	29.272822	-69.280936	58.657552
-99.895312	-100.000000	-27.210663	52.503225	-99.315958	42.987870
99.588380	90.732708	-52.472794	20.695568	71.987643	40.727196
-2.070775	-46.685538	-33.781721	28.833412	56.955098	-68.953485
-99.697623	-100.000000	16.972418	65.958931	-91.371543	-28.644218
-99.643402	-99.405996	48.281474	51.241836	-74.310789	15.917392
99.690204	98.686973	24.936200	-53.481338	99.810287	-12.033449
99.833650	100.000000	-14.118478	-31.178069	91.220452	58.764022
-98.951786	-88.712680	-25.527728	9.895348	-99.723385	-55.521745
-98.460193	-100.000000	-16.611412	34.641985	-100.000000	-16.913019
99.222913	99.648433	-27.525721	-25.141945	84.883993	19.866433
100.000000	99.832442	14.318293	-30.602905	99.866307	-35.037679
-99.429772	-99.900498	-24.470358	56.637522	-100.000000	-70.265091
-98.708142	-99.304776	17.495503	32.714608	-89.238260	43.512289
-99.183454	-99.909648	31.188462	30.234026	-83.560394	48.390218
-99.716577	-99.530322	62.562916	57.976352	-66.399892	28.947280
100.000000	100.000000	-26.620292	-46.925900	86.565286	17.650143
-99.518994	-100.000000	31.323586	23.466884	-82.461950	45.136130
99.741828	99.698697	20.087242	-55.448853	99.595820	58.817357
-99.667746	-99.993289	49.826873	56.335810	-73.406094	27.995866
-99.792115	-99.991558	-17.149572	35.079464	-99.874141	63.642290
-99.346870	-100.000000	-17.326482	25.501220	-100.000000	-75.210708
-99.889014	-100.000000	35.093945	59.142971	-81.041668	38.461530
-100.000000	-100.000000	-26.744889	49.045497	-99.753078	18.562601
-98.935192	-99.653550	82.599534	44.451991	-50.542950	-23.616623
-99.419613	-100.000000	20.074006	13.433420	-88.436718	19.318479
-100.000000	-51.243062	-90.323063	46.929307	-99.716217	39.862933
-100.000000	-100.000000	45.551031	44.716694	-75.931472	43.721389
99.799495	100.000000	26.818294	-18.357374	99.056770	65.815663
-99.261545	-100.000000	-15.284634	29.440491	-99.832884	-54.547952
-98.837052	-99.351515	30.276043	36.339119	-82.750781	19.659499
-100.000000	-99.882276	99.840378	32.854604	100.000000	-21.924762
-100.000000	-100.000000	13.509645	21.774298	-93.887635	43.086060
-99.836505	-98.960825	17.003064	32.300929	-89.529680	-26.678499
99.893690	100.000000	-56.276600	-17.357545	68.682603	-44.924208
100.000000	99.302699	22.676450	-40.249410	100.000000	51.535448
-100.000000	-86.982996	58.845922	-28.840127	-67.429451	-27.318535
99.853595	100.000000	-32.804054	-44.078359	82.745875	-35.033597
-99.311427	-100.000000	26.767796	47.128600	-86.780948	22.356813
99.350715	99.918953	-75.086441	-38.628890	60.324615	19.587847
99.941004	100.000000	-26.951642	-20.710135	85.585746	-19.368169
99.194265	67.209101	-42.176270	20.285557	77.736480	22.057472
-99.871784	-100.000000	-22.468437	45.519388	-100.000000	-30.856744
99.390838	99.706023	-31.106779	-36.715643	82.988426	46.420127
100.000000	100.000000	-57.126708	-16.991269	68.559400	15.227324
99.844808	100.000000	-35.815522	-26.897179	81.256856	38.383737
-99.898345	-99.459088	20.925389	44.497664	-88.150605	22.106155
-97.758435	-100.000000	31.754281	90.823462	-81.205880	6.064740
-98.902090	-100.000000	37.490537	22.575648	-80.368543	53.621392
-100.000000	-99.907773	28.642068	21.180539	-84.417883	28.356665
-99.822732	-99.797735	-16.815736	53.627181	-100.000000	-23.070551
-98.834602	-95.564443	34.177464	-9.873816	-80.894016	59.171645
-99.419441	-99.996349	11.728859	22.903268	-93.981484	39.208766
-99.792993	-100.000000	45.940286	20.553929	-75.265035	31.379447
-99.748390	-100.000000	44.123573	20.856895	-76.516627	46.335886
-99.697860	-100.000000	35.320079	20.458831	-81.531597	-17.301251
-98.805350	-100.000000	-60.044776	65.654689	-96.112676	-1.599469
99.731199	100.000000	-19.642451	-29.066136	89.039371	-21.451642
-99.726330	-99.954411	54.995692	34.572802	-70.603026	49.990909
-100.000000	-100.000000	-28.011243	87.561134	-100.000000	-35.118752
-99.943174	-99.974290	-26.155328	24.718554	-99.851961	81.402086
-99.575613	-99.974971	25.372259	41.316619	-85.916985	69.132255
99.720923	99.876811	11.710432	-35.771499	100.000000	58.993817
100.000000	99.805496	-68.319183	-35.714724	63.406672	-62.854622
-99.318975	-62.813519	-35.610329	22.169831	-99.707309	14.678254
-100.000000	-99.695103	-32.391974	22.544968	-100.000000	19.309221
-99.402512	-100.000000	22.297982	8.083590	-89.046878	21.420766
-99.761626	-94.187278	57.552537	-15.449161	-68.955807	-20.273362
-100.000000	-14.811142	96.353477	-53.266155	99.412761	11.476867
99.310086	99.528384	53.282504	-94.855574	99.978812	19.432442
-100.000000	-100.000000	78.952423	40.365218	-56.885943	-19.634968
99.259718	100.000000	-23.319372	-24.410988	86.363533	-28.577736
-100.000000	-99.744280	34.389557	20.301554	-80.126575	96.501528
-100.000000	-98.614096	-14.705905	21.986007	-100.000000	9.595473
100.000000	99.719047	43.167107	-47.227381	99.644665	47.619518
99.901075	100.000000	-20.579676	-69.649603	88.708393	50.092666
99.961796	100.000000	-20.008015	-19.862868	89.656512	-99.347213
100.000000	99.540138	31.996862	-41.953075	99.630908	-11.012251
99.337823	99.415349	-64.261765	-48.552588	65.086124	36.415923
100.000000	100.000000	37.501839	-23.310042	98.882048	37.645304
100.000000	100.000000	-31.583576	-36.935603	82.566883	-25.476348
-99.181296	-99.821100	28.788488	77.501446	-84.451814	-25.854022
-99.989297	-99.752835	75.909741	13.252527	-59.327328	47.373797
-99.197581	-100.000000	31.945072	33.989412	-82.258022	48.636335
-98.936453	-99.940703	-9.893876	36.282182	-100.000000	-53.170830
-99.930268	-99.781032	23.595333	37.406368	-87.370827	-26.898224
-99.916168	-99.876585	48.906112	23.970269	-74.516965	71.665306
100.000000	99.781653	-28.362876	-19.003386	84.508128	81.546344
-99.669215	-100.000000	25.346849	29.396116	-86.207030	28.568382
-100.000000	-100.000000	69.229246	26.535918	-61.893628	-18.091454
-25.800592	43.348494	10.705691	-19.683681	-94.242075	-12.906136
98.553421	100.000000	18.216078	-39.538335	99.560857	-26.528110
-99.707810	-83.943135	-47.155749	21.973953	-99.749819	30.762625
-99.335223	-100.000000	43.094715	22.870371	-77.230448	85.631055
99.629745	99.987505	32.539226	-68.890587	100.000000	-43.344585
99.983963	99.756781	25.117604	-19.032650	99.865914	71.286490
-100.000000	-97.122383	-46.816587	21.334267	-99.953687	-35.272826
100.000000	98.782192	-21.883753	-75.271817	89.197724	-17.556378
-100.000000	-99.771123	76.076101	30.078084	-59.063862	40.110851
-99.946945	-99.986041	94.886946	33.193633	99.863785	-72.479950
-99.714730	-99.994225	-34.840632	54.893774	-100.000000	-11.985226
-99.828487	-99.573880	30.407642	38.475014	-83.714036	-20.843600
-100.000000	-99.744467	-56.282137	72.717669	-100.000000	-39.425037
99.795747	100.000000	-47.757709	-21.622691	74.017873	34.582753
99.796357	91.043280	-47.338789	20.874171	75.229176	-48.477811
-99.469049	-99.846217	35.401731	58.466095	-81.483649	-23.248484
-99.949147	-99.853538	43.380063	20.869104	-77.920626	95.258176
100.000000	99.715747	-44.555565	-46.803620	76.299589	-23.395568
100.000000	99.758163	24.016411	-36.018187	99.500982	30.203321
-99.639868	-100.000000	73.598035	44.366305	-59.924088	25.070888
-100.000000	-99.739537	23.471200	50.342729	-86.164759	24.182731
-99.886867	-99.827204	59.706761	12.965308	-68.379493	99.534817
-100.000000	-100.000000	54.671570	70.742971	-71.815122	12.795292
-99.550263	-99.886248	-18.289090	59.492194	-99.831726	-48.596316
99.264021	100.000000	-9.857827	-69.719402	93.473594	-43.746802
-99.373248	-100.000000	35.836787	42.296639	-81.070352	19.999201
100.000000	91.846355	-66.107810	17.380752	65.698917	-30.948600
99.687221	99.368203	-22.161780	-35.934540	89.323849	-18.913223
-100.000000	-88.613723	42.555010	-22.230299	-77.264509	56.163415
-99.432545	-91.808587	73.955250	-14.595345	-60.472288	55.303668
-98.939473	-89.379807	50.373127	-22.299480	-72.082840	-11.886887
-100.000000	-80.762302	86.607608	-39.315658	-54.034883	30.512619
-100.000000	-100.000000	-70.413636	57.807318	-100.000000	9.772497
-98.222545	-100.000000	23.403445	45.189326	-85.932230	-13.825692
