99.896847	0.000000	46.731930	56.543630	99.772008	100.000000
99.869929	0.000000	13.855698	17.562643	41.934706	72.171029
99.977323	0.000000	10.010400	13.185903	27.993836	51.776729
100.000000	0.000000	11.948454	12.101942	24.579617	49.366725
100.000000	0.000000	46.763142	56.584623	99.832282	99.924281
99.874987	0.000000	46.681625	56.558310	99.820802	100.000000
99.851816	0.000000	46.659247	56.475202	99.909389	100.000000
100.000000	0.000000	13.811146	16.360020	34.015424	64.986806
99.865347	0.000000	24.048292	29.404548	64.604194	100.000000
100.000000	0.000000	10.348750	10.528634	22.794032	41.422039
99.880048	0.000000	10.827521	14.348549	38.568222	61.623370
100.000000	0.000000	37.457753	45.228237	84.127857	99.970653
100.000000	0.000000	27.967370	34.021987	71.932955	100.000000
99.936851	0.000000	26.222134	31.866422	67.781926	100.000000
100.000000	0.000000	46.695611	56.468698	100.000000	100.000000
100.000000	0.000000	46.698347	56.569669	100.000000	99.972479
99.939060	0.000000	10.166239	11.946453	30.906318	51.295144
99.980146	0.000000	9.966508	12.538477	34.037557	52.908440
100.000000	0.000000	35.339245	43.202371	92.601089	99.970452
99.932493	0.000000	26.312821	31.734226	65.840864	99.982400
100.000000	0.000000	19.618797	23.749733	51.754234	93.614205
100.000000	0.000000	10.971414	13.873789	33.942372	57.578641
100.000000	0.000000	24.111663	29.107243	55.979288	100.000000
99.962751	0.000000	25.899801	31.209823	69.048746	99.994147
100.000000	0.000000	12.308388	15.589931	35.870438	63.577223
100.000000	0.000000	30.525638	36.962963	84.677806	100.000000
99.947989	0.000000	20.327702	24.236828	54.461048	96.312130
99.612659	0.000000	11.553786	14.850477	35.556412	60.753056
99.811592	0.000000	14.490458	16.617307	40.492027	69.733451
100.000000	0.000000	27.518103	33.257290	67.839606	100.000000
99.903901	0.000000	23.965742	28.994283	63.824734	100.000000
99.902317	0.000000	46.580959	56.495767	99.953034	100.000000
100.000000	0.000000	24.287244	29.620279	65.360297	99.990396
99.979917	0.000000	9.180338	12.538316	28.443891	46.215746
100.000000	0.000000	10.979811	13.672530	30.673486	53.476103
99.637145	0.000000	46.550885	56.494457	99.875174	100.000000
100.000000	0.000000	46.892783	56.474377	100.000000	100.000000
100.000000	0.000000	41.203883	50.098549	95.382446	99.890542
100.000000	0.000000	13.018675	16.415700	41.429008	68.402691
100.000000	0.000000	11.508285	13.691397	36.060140	59.320282
100.000000	0.000000	35.703418	43.130209	89.480771	100.000000
99.820437	0.000000	9.293351	10.257832	29.023694	44.564330
100.000000	0.000000	19.691455	23.880883	51.055512	94.256639
99.725178	0.000000	10.947494	13.406055	28.978147	50.473657
99.847024	0.000000	46.743389	56.577167	100.000000	99.997849
99.972759	0.000000	15.933897	19.206158	39.225210	73.225704
100.000000	0.000000	41.375348	49.855878	100.000000	100.000000
99.769749	0.000000	6.832653	9.647960	19.753817	36.267151
100.000000	0.000000	30.840782	37.390172	75.030574	100.000000
99.973327	0.000000	12.514414	14.481176	36.447114	61.396204
99.887242	0.000000	46.597000	56.539980	99.958894	99.998182
100.000000	0.000000	24.766601	30.236385	64.468094	100.000000
99.941565	0.000000	46.384853	56.480490	99.799272	99.977279
100.000000	0.000000	11.681885	14.793915	31.904803	57.939561
100.000000	0.000000	10.607920	13.146989	28.531497	50.311495
99.871014	0.000000	46.660839	56.598720	99.840460	100.000000
99.963322	0.000000	11.073123	13.222341	35.393431	55.084520
99.940681	0.000000	33.234012	40.498117	81.752106	100.000000
99.940922	0.000000	17.870408	21.367792	49.497292	86.192836
99.989483	0.000000	18.883587	23.133162	50.155577	89.618304
99.851491	0.000000	9.381425	12.691305	28.201029	48.208254
100.000000	0.000000	10.746170	13.551755	32.154539	53.694385
99.952065	0.000000	46.589827	56.486708	100.000000	100.000000
99.837139	0.000000	10.394392	12.659081	30.099871	53.422061
99.863737	0.000000	46.625262	56.619821	99.847366	100.000000
100.000000	0.000000	12.768472	15.642489	39.063661	65.590131
100.000000	0.000000	46.551991	56.448743	99.930531	100.000000
100.000000	0.000000	27.809873	33.492634	66.796935	100.000000
100.000000	0.000000	39.573730	47.814777	99.683400	100.000000
99.983869	0.000000	46.678330	56.426026	99.743231	100.000000
100.000000	0.000000	19.044881	23.100170	39.457053	83.034683
99.656205	0.000000	11.855401	14.338250	32.891248	58.088880
100.000000	0.000000	24.454653	29.695708	62.454435	99.869776
100.000000	0.000000	46.784459	56.423173	99.692045	100.000000
99.736035	0.000000	46.670534	56.582603	99.840247	100.000000
99.876805	0.000000	46.633936	56.502267	99.933609	100.000000
99.924060	0.000000	6.630401	7.578881	24.744037	32.878150
100.000000	0.000000	21.821633	25.903680	59.179475	99.982470
99.863587	0.000000	46.701188	56.358444	100.000000	100.000000
99.979129	0.000000	46.441641	56.508019	100.000000	100.000000
99.883836	0.000000	25.106414	30.511398	64.806697	100.000000
100.000000	0.000000	24.922381	30.015485	58.593124	100.000000
100.000000	0.000000	46.572839	56.561638	100.000000	100.000000
100.000000	0.000000	27.486531	33.124304	68.655122	99.931901
100.000000	0.000000	22.337714	26.992756	62.576120	99.958238
100.000000	0.000000	13.543942	15.267305	31.696231	59.045885
100.000000	0.000000	28.303025	34.362774	71.595116	99.991638
100.000000	0.000000	24.803464	29.968458	68.223440	99.823759
99.967045	0.000000	46.886139	56.558308	99.799309	99.886581
100.000000	0.000000	11.339014	13.684922	33.766653	57.304192
99.691689	0.000000	9.915706	12.117645	26.135728	45.393407
100.000000	0.000000	29.032322	34.720730	74.501871	100.000000
100.000000	0.000000	24.309377	29.310749	58.981034	100.000000
99.906739	0.000000	46.695485	56.729807	100.000000	99.987913
99.666712	0.000000	10.176957	11.686355	34.087341	54.315937
100.000000	0.000000	28.675490	34.329713	65.165527	99.950225
100.000000	0.000000	9.636911	12.010502	32.615514	51.093275
99.860048	0.000000	46.530064	56.611556	99.928332	99.981177
100.000000	0.000000	15.718834	18.740613	41.157548	73.494161
99.989085	0.000000	46.741200	56.592428	99.894010	99.908695
100.000000	0.000000	45.100639	54.342049	99.939814	99.948942
100.000000	0.000000	25.079831	30.292904	64.697996	100.000000
99.990214	0.000000	27.250901	32.803510	72.646698	99.924897
100.000000	0.000000	32.983599	39.999563	80.408295	100.000000
99.948018	0.000000	46.686668	56.596097	100.000000	99.865768
99.896556	0.000000	28.889967	34.770282	74.726688	100.000000
99.940340	0.000000	30.026425	36.601425	72.117769	100.000000
100.000000	0.000000	46.508832	56.470565	100.000000	100.000000
99.967849	0.000000	29.213930	35.653639	78.419039	99.982394
100.000000	0.000000	46.424118	56.463400	100.000000	100.000000
99.902091	0.000000	22.007248	26.597003	59.985818	99.935199
100.000000	0.000000	18.886312	22.943161	52.404164	91.820501
99.947912	0.000000	18.671881	22.353722	54.221772	91.828419
100.000000	0.000000	46.665051	56.421778	99.871901	100.000000
99.695323	0.000000	7.711435	9.310750	17.190161	32.626655
99.971722	0.000000	11.609834	14.448975	29.580829	57.605990
99.947842	0.000000	20.548992	24.609340	54.189116	96.237638
100.000000	0.000000	12.448895	14.670913	34.901743	59.190294
100.000000	0.000000	32.228246	38.878783	80.712896	100.000000
100.000000	0.000000	30.091863	36.390128	77.954927	100.000000
100.000000	0.000000	43.416747	52.491355	100.000000	100.000000
100.000000	0.000000	46.576812	56.564257	100.000000	100.000000
99.976634	0.000000	46.614792	56.457075	99.961410	100.000000
100.000000	0.000000	46.655701	56.574583	99.893927	99.864002
99.923175	0.000000	46.782999	56.603754	99.912722	100.000000
99.980699	0.000000	12.775566	15.088466	35.402093	59.636306
100.000000	0.000000	22.785877	27.775626	57.402635	99.972143
99.980233	0.000000	25.165020	30.715621	61.655886	99.827936
100.000000	0.000000	46.655061	56.463201	99.882652	99.957985
100.000000	0.000000	30.591553	36.838391	78.152639	100.000000
99.952859	0.000000	21.169326	26.059644	53.384977	99.949283
99.991378	0.000000	31.725626	38.351494	77.950274	100.000000
100.000000	0.000000	46.692541	56.602960	100.000000	100.000000
100.000000	0.000000	11.911384	14.916906	33.341730	58.686664
99.960596	0.000000	22.940614	27.927623	63.556920	99.984878
99.864138	0.000000	11.989165	14.458163	37.702451	59.674037
99.975550	0.000000	21.650002	26.059546	55.982851	100.000000
99.939822	0.000000	46.597479	56.380662	100.000000	99.936038
99.865520	0.000000	21.856016	26.608980	56.365002	100.000000
99.918056	0.000000	46.627481	56.490048	99.924903	100.000000
100.000000	0.000000	46.488887	56.380630	100.000000	99.945416
100.000000	0.000000	25.340050	30.316849	64.065660	99.950321
99.876273	0.000000	46.755839	56.511585	100.000000	100.000000
99.805933	0.000000	10.957242	13.621819	32.922880	54.857600
99.856036	0.000000	27.787625	33.366747	72.929682	99.978942
99.954099	0.000000	46.757879	56.570951	99.754803	99.807548
100.000000	0.000000	13.280956	15.912057	34.286278	62.906740
99.852019	0.000000	16.793009	20.549024	45.355198	82.206744
100.000000	0.000000	15.004294	19.038881	39.755672	72.735197
100.000000	0.000000	29.985120	36.407297	79.730705	99.975594
100.000000	0.000000	8.292696	10.843693	33.943107	49.626235
100.000000	0.000000	46.629654	56.402501	100.000000	99.846392
99.863833	0.000000	31.462905	38.090290	71.839423	99.978552
99.946223	0.000000	46.600371	56.334568	99.943478	100.000000
100.000000	0.000000	44.028586	53.321028	99.942598	100.000000
100.000000	0.000000	46.710747	56.420168	99.934296	100.000000
100.000000	0.000000	46.775837	56.667124	99.997705	100.000000
99.940003	0.000000	12.338291	14.982613	35.980302	60.754409
99.891881	0.000000	9.297779	10.660992	23.270552	45.710165
100.000000	0.000000	46.727751	56.457921	99.922767	99.984032
99.997233	0.000000	46.724685	56.634344	99.934710	99.748962
100.000000	0.000000	46.789406	56.510282	100.000000	99.934402
99.907458	0.000000	22.633317	27.144092	54.780074	99.996636
99.871381	0.000000	25.084657	30.334115	64.225714	100.000000
100.000000	0.000000	46.873721	56.442055	100.000000	99.959581
100.000000	0.000000	10.824084	14.042039	35.643536	59.701566
99.808073	0.000000	32.692039	39.418771	77.907751	100.000000
99.973553	0.000000	12.404177	14.702957	38.454100	64.628464
99.862664	0.000000	46.771759	56.563778	100.000000	100.000000
99.942524	0.000000	46.568116	56.483023	100.000000	99.948920
99.993091	0.000000	21.892137	26.873931	56.022260	100.000000
99.983414	0.000000	12.809442	15.595510	39.379839	65.958022
100.000000	0.000000	23.743857	28.729782	62.657324	99.967065
100.000000	0.000000	18.010513	22.162689	46.720071	86.429344
99.957494	0.000000	46.800920	56.441684	99.944328	99.968318
100.000000	0.000000	23.716841	29.005795	58.477222	100.000000
99.958782	0.000000	20.800495	24.671195	49.725953	94.878538
100.000000	0.000000	18.079127	22.249280	49.686297	88.766342
100.000000	0.000000	44.246443	53.525437	100.000000	99.928586
100.000000	0.000000	46.692622	56.466877	99.860306	100.000000
99.939249	0.000000	46.667492	56.328053	99.984474	99.992954
100.000000	0.000000	18.970316	22.806225	49.271455	89.915939
99.820073	0.000000	11.898296	14.986907	36.254371	61.630454
99.823146	0.000000	26.589785	32.310248	66.889874	100.000000
100.000000	0.000000	15.199485	17.771764	37.849460	69.845786
100.000000	0.000000	46.520066	56.694411	99.775015	100.000000
100.000000	0.000000	46.718810	56.566139	100.000000	99.887896
99.674253	0.000000	12.542417	7.863135	21.843092	36.746131
99.897563	0.000000	27.430251	33.301643	69.067185	99.907223
99.626014	0.000000	8.648526	11.380977	32.384825	49.446193
99.830609	0.000000	10.239644	12.598950	26.115048	50.429053
100.000000	0.000000	12.413022	16.666474	28.962488	58.009688
100.000000	0.000000	16.167295	19.840885	38.095979	75.377911
99.995056	0.000000	46.932792	56.705835	100.000000	100.000000
99.999737	0.000000	46.649353	56.604927	99.834380	99.939123
99.882926	0.000000	40.003743	48.479412	99.740201	99.967914
100.000000	0.000000	12.179957	15.214916	38.829702	65.086074
99.831954	0.000000	20.733331	25.595971	54.588683	100.000000
99.967465	0.000000	35.004970	42.320354	88.338352	99.870725
99.975401	0.000000	10.992546	13.889270	35.631238	58.079943
100.000000	0.000000	24.032135	28.812707	62.466517	99.872974
100.000000	0.000000	13.577478	15.980842	42.298198	69.202448
100.000000	0.000000	46.637786	56.563500	100.000000	99.949949
99.979770	0.000000	46.556599	56.512358	100.000000	99.944771
99.995926	0.000000	43.760106	53.124496	99.983777	99.839259
100.000000	0.000000	46.711017	56.640466	100.000000	100.000000
99.944038	0.000000	25.269815	30.833756	64.128168	100.000000
99.938165	0.000000	46.602940	56.475881	100.000000	100.000000
100.000000	0.000000	10.837370	12.283784	28.451481	47.273954
99.928051	0.000000	16.282574	19.754645	41.962205	74.899058
99.874354	0.000000	19.145160	22.390927	44.238709	85.985305
100.000000	0.000000	21.912336	26.904370	50.031693	98.882220
100.000000	0.000000	14.577220	17.318673	44.158441	70.865768
99.913480	0.000000	46.929470	56.314134	99.923412	99.876738
100.000000	0.000000	22.247276	26.637404	56.502953	99.916932
99.998641	0.000000	46.846136	56.571249	100.000000	100.000000
100.000000	0.000000	23.506053	29.155646	57.982946	99.996152
99.995275	0.000000	46.774237	56.505287	99.802339	99.850353
99.980173	0.000000	13.447660	15.635870	36.445783	63.534725
100.000000	0.000000	28.802609	34.784218	74.735955	100.000000
99.947612	0.000000	46.652596	56.592704	99.902015	99.915851
99.839529	0.000000	13.331177	15.987001	37.115239	64.342814
100.000000	0.000000	28.139685	33.528304	74.965865	100.000000
100.000000	0.000000	46.809467	56.489126	99.909311	99.973766
99.996296	0.000000	21.595349	26.362517	55.775015	100.000000
99.969209	0.000000	39.522288	47.555030	96.000017	100.000000
99.987207	0.000000	46.533554	56.546611	99.970818	99.974390
99.925638	0.000000	21.062573	22.562374	42.879737	83.231831
100.000000	0.000000	46.498921	56.475722	99.897553	100.000000
100.000000	0.000000	23.418710	28.802238	64.353462	100.000000
100.000000	0.000000	18.212747	22.011868	46.327026	86.931490
100.000000	0.000000	40.927379	49.417411	98.287831	99.950664
99.926602	0.000000	27.520086	33.601572	70.788144	99.972909
99.898568	0.000000	28.260278	34.366390	71.754153	99.947826
100.000000	0.000000	6.040387	5.828039	17.623762	24.916249
99.950568	0.000000	22.766937	27.744662	56.642199	99.700123
100.000000	0.000000	46.838319	56.477422	99.879057	99.919354
100.000000	0.000000	9.732026	12.446316	30.637244	52.033231
99.922099	0.000000	19.335563	23.653507	50.236583	91.108889
99.948173	0.000000	46.682400	56.400534	99.965172	100.000000
100.000000	0.000000	10.279307	11.656791	29.266941	51.079098
99.863299	0.000000	9.967585	12.165602	34.193719	54.170192
99.929921	0.000000	11.191302	13.491736	32.760701	54.274471
99.980746	0.000000	24.788688	29.994267	72.399279	100.000000
100.000000	0.000000	19.537418	23.967892	51.352200	92.871731
100.000000	0.000000	46.626830	56.348413	99.954502	99.976004
99.907237	0.000000	17.028607	21.071159	45.151732	81.759850
99.734415	0.000000	12.157848	13.458069	31.773131	57.106721
99.912345	0.000000	46.590233	56.598054	99.981228	99.934469
100.000000	0.000000	46.544937	56.387029	99.689357	100.000000
99.905643	0.000000	23.102286	27.566797	55.315770	100.000000
100.000000	0.000000	46.783248	56.591632	99.909881	100.000000
100.000000	0.000000	36.874333	44.857382	97.641845	99.993610
99.927049	0.000000	14.952726	17.584829	39.045419	69.615803
100.000000	0.000000	25.475437	30.935231	68.203195	99.951178
100.000000	0.000000	27.024094	32.577630	67.347332	99.992118
99.909544	0.000000	22.442588	27.361913	60.131624	100.000000
100.000000	0.000000	22.879169	27.479151	60.112972	99.969452
100.000000	0.000000	46.618182	56.621930	99.823182	100.000000
99.889516	0.000000	10.450620	13.972211	32.652058	56.047903
100.000000	0.000000	46.687927	56.546191	99.968080	100.000000
100.000000	0.000000	25.856930	31.355150	66.081476	99.894997
99.964660	0.000000	22.988802	27.954287	63.058295	99.931280
99.893741	0.000000	46.654875	56.426215	99.811315	99.839613
99.931594	0.000000	15.378881	18.298432	43.621170	75.845939
99.822860	0.000000	46.699492	56.682991	99.836200	99.924757
100.000000	0.000000	22.352251	27.013696	55.765856	99.887331
100.000000	0.000000	25.445295	30.753094	60.396840	99.925304
99.907637	0.000000	10.427437	12.698570	29.139883	51.202955
99.950764	0.000000	46.831823	56.393760	99.713171	99.807620
99.819033	0.000000	17.640346	11.411451	29.776159	47.491247
100.000000	0.000000	30.800164	37.300959	77.480971	100.000000
99.880940	0.000000	18.707759	22.310953	47.370298	88.119146
99.985243	0.000000	46.625617	56.499599	99.875878	100.000000
99.806601	0.000000	9.476028	11.256555	32.628329	49.775783
99.877613	0.000000	16.003693	19.178754	40.645356	73.115257
99.669880	0.000000	13.139173	15.717229	39.716929	65.702029
99.968807	0.000000	15.537968	18.896244	48.853448	79.561158
99.702607	0.000000	46.863580	56.698446	99.807021	100.000000
100.000000	0.000000	25.842291	31.578274	64.950517	99.973100
99.862877	0.000000	46.012722	55.735693	100.000000	99.841043
100.000000	0.000000	12.531878	13.893225	35.251937	55.668345
99.980252	0.000000	46.540242	56.531953	99.918398	100.000000
100.000000	0.000000	46.671896	56.519898	99.783393	99.943851
100.000000	0.000000	23.704735	24.013781	46.358872	90.392377
99.802137	0.000000	18.615418	22.960447	52.237915	90.798949
99.788488	0.000000	8.144618	8.756666	20.965894	35.837382
99.914102	0.000000	22.227472	26.598992	56.094360	100.000000
99.701312	0.000000	9.835435	11.434585	30.462181	49.643406
100.000000	0.000000	34.226649	41.837182	87.553508	100.000000
100.000000	0.000000	15.432446	19.321207	44.129700	77.791942
100.000000	0.000000	8.976172	9.547671	29.143176	41.883730
99.986767	0.000000	17.807838	21.456542	45.986386	84.276742
100.000000	0.000000	19.183056	23.476031	48.580681	90.953877
100.000000	0.000000	15.017381	18.996288	44.883601	75.360250
99.914043	0.000000	12.715186	15.831047	36.016243	64.074742
99.811579	0.000000	46.373489	56.421770	99.809923	100.000000
99.894602	0.000000	20.883623	24.940278	63.511036	100.000000
99.975038	0.000000	11.886633	9.196898	24.124108	41.814158
100.000000	0.000000	28.974231	35.557183	72.280701	100.000000
99.914243	0.000000	46.835141	56.692135	99.940763	100.000000
100.000000	0.000000	46.698046	56.595603	99.932056	99.970949
99.987118	0.000000	25.586062	30.919245	69.199819	100.000000
100.000000	0.000000	46.487575	56.627050	100.000000	99.959494
99.947093	0.000000	46.592493	56.438060	100.000000	99.961024
99.903635	0.000000	26.008448	31.704230	60.973903	100.000000
100.000000	0.000000	16.859066	20.572789	40.995759	78.931256
99.958664	0.000000	28.392935	34.234747	79.151665	99.997071
99.814494	0.000000	10.258131	12.280070	30.737626	49.693500
100.000000	0.000000	11.590255	10.371497	16.259293	40.496424
100.000000	0.000000	46.725417	56.714372	100.000000	100.000000
99.958301	0.000000	20.843217	25.125717	46.195814	91.244619
99.901687	0.000000	21.772777	26.541507	61.617836	99.858254
100.000000	0.000000	46.666428	56.572917	99.964873	100.000000
100.000000	0.000000	39.548145	48.165159	98.992877	100.000000
100.000000	0.000000	46.853664	56.467496	99.990972	100.000000
99.991206	0.000000	28.349027	34.652140	74.165396	100.000000
100.000000	0.000000	14.940959	17.496628	42.719667	71.476449
99.937220	0.000000	46.708973	56.547109	100.000000	99.765116
99.928109	0.000000	46.684099	56.665698	99.867090	100.000000
99.945229	0.000000	21.328638	25.772543	56.387931	100.000000
99.934584	0.000000	21.392451	25.478109	53.635251	98.462372
99.997851	0.000000	46.681820	56.587692	100.000000	100.000000
100.000000	0.000000	11.609712	14.616777	40.037771	64.536111
99.819537	0.000000	21.796990	25.543030	61.002201	100.000000
100.000000	0.000000	46.652684	56.571521	99.852610	99.836065
100.000000	0.000000	13.119205	14.769546	37.036713	61.577329
99.832965	0.000000	18.532374	22.350895	49.269167	87.981179
100.000000	0.000000	46.675656	56.489131	99.787576	99.881351
99.969628	0.000000	17.164563	20.971990	48.560033	84.318343
99.831065	0.000000	7.088104	7.774295	20.292323	34.978336
99.770006	0.000000	14.800125	18.182246	42.415736	72.167401
99.689766	0.000000	9.592410	11.597936	28.874504	47.585269
99.996324	0.000000	13.171300	16.639940	42.316981	68.827180
99.913677	0.000000	23.395408	28.073368	61.114713	100.000000
99.845825	0.000000	46.736754	56.483832	99.903801	99.866288
99.875110	0.000000	28.802489	34.638716	70.488165	99.953566
99.940976	0.000000	27.148586	32.449103	67.700895	99.851939
99.990080	0.000000	46.717832	56.558344	99.903919	99.991836
99.903662	0.000000	13.823906	15.955458	37.339424	65.300458
99.931652	0.000000	12.628245	15.980974	36.799652	63.581369
100.000000	0.000000	25.439342	30.268027	65.694799	100.000000
100.000000	0.000000	23.583475	28.770051	65.167247	99.946073
100.000000	0.000000	46.812014	56.433923	99.937208	99.846939
100.000000	0.000000	46.763981	56.553420	99.851263	99.937577
99.995698	0.000000	13.179425	16.299849	42.711191	69.674986
100.000000	0.000000	10.876154	13.029859	26.102000	47.065643
99.894228	0.000000	11.237804	12.777457	33.811738	54.671885
99.979270	0.000000	46.703293	56.654358	100.000000	100.000000
99.894469	0.000000	15.430598	18.057460	44.455891	74.842646
99.909526	0.000000	46.717343	56.532512	100.000000	100.000000
99.879083	0.000000	25.913250	31.303992	71.091546	99.982452
100.000000	0.000000	18.067621	20.315923	41.611843	80.345540
100.000000	0.000000	30.202702	36.593702	78.995246	100.000000
100.000000	0.000000	21.126630	25.944227	58.211971	99.895609
100.000000	0.000000	46.635406	56.605564	100.000000	99.796731
99.937066	0.000000	46.660506	56.555059	99.950997	99.904141
100.000000	0.000000	12.281896	15.567401	39.754181	63.327060
99.920101	0.000000	15.331160	19.183260	40.477766	74.529144
99.884667	0.000000	22.709552	27.905045	58.964768	99.934934
100.000000	0.000000	28.401740	33.864395	72.581745	100.000000
99.976245	0.000000	15.066224	12.934332	26.292849	50.195930
99.982066	0.000000	23.088980	27.917292	60.184392	100.000000
100.000000	0.000000	11.498391	10.730931	24.093649	42.777863
100.000000	0.000000	46.648447	56.494407	99.988096	100.000000
100.000000	0.000000	16.075681	19.886478	49.933386	83.657533
99.930180	0.000000	20.829793	24.150621	55.905768	97.937145
99.860884	0.000000	46.669607	56.554788	100.000000	100.000000
100.000000	0.000000	18.796754	23.125650	47.953588	89.759177
100.000000	0.000000	21.543498	26.362794	50.129058	97.760074
100.000000	0.000000	29.244315	35.641029	75.495525	99.938246
99.624549	0.000000	7.844846	8.710767	23.766311	36.728532
99.995825	0.000000	46.518862	56.561160	100.000000	99.903499
100.000000	0.000000	46.636665	56.607114	99.857330	99.926357
100.000000	0.000000	27.639414	33.114056	73.220413	100.000000
100.000000	0.000000	27.508777	33.605856	71.870528	100.000000
100.000000	0.000000	20.390267	24.728111	53.614786	97.046402
100.000000	0.000000	13.066824	13.184937	35.192105	55.581993
100.000000	0.000000	46.776193	56.521408	99.890270	100.000000
99.864796	0.000000	46.702619	56.506109	100.000000	100.000000
100.000000	0.000000	11.014993	12.742252	26.543554	51.397418
99.892385	0.000000	46.737553	56.530586	99.846732	99.915367
100.000000	0.000000	46.631017	56.374666	99.814570	100.000000
99.941573	0.000000	46.696392	56.462814	100.000000	99.636685
100.000000	0.000000	16.764991	20.658048	43.667699	79.638433
100.000000	0.000000	34.601090	41.942178	84.781118	100.000000
100.000000	0.000000	46.775779	56.803390	99.835131	100.000000
99.811432	0.000000	7.956901	10.308048	31.991939	44.999971
99.822677	0.000000	3.731641	2.763359	21.320238	25.391874
100.000000	0.000000	46.730823	56.549709	99.884246	100.000000
99.783708	0.000000	46.755879	56.530027	99.979037	99.997687
99.981760	0.000000	26.695881	32.421666	68.417843	100.000000
99.866153	0.000000	46.726440	56.336849	99.877658	99.948408
100.000000	0.000000	19.461726	23.683418	51.444155	90.556078
100.000000	0.000000	11.876012	14.843785	32.182448	60.181060
99.883854	0.000000	8.298440	11.116973	24.568550	44.603878
99.938827	0.000000	46.804359	56.618552	99.988487	99.901225
99.891540	0.000000	46.732737	56.552429	99.804774	99.928339
100.000000	0.000000	41.056550	49.773452	99.837655	99.979046
99.841709	0.000000	10.386272	13.113605	28.404937	50.104297
100.000000	0.000000	16.351675	10.893947	24.236849	42.615871
100.000000	0.000000	20.456069	24.885127	64.017945	100.000000
99.792409	0.000000	8.334057	10.581937	28.152513	44.973126
100.000000	0.000000	33.215038	39.976375	82.157934	99.989418
100.000000	0.000000	46.642782	56.439962	100.000000	99.969933
100.000000	0.000000	10.547183	13.323975	35.005245	56.141701
100.000000	0.000000	46.647440	56.569161	99.995274	100.000000
99.922937	0.000000	46.830640	56.559568	100.000000	100.000000
100.000000	0.000000	45.801536	55.294510	99.833750	100.000000
100.000000	0.000000	10.428257	13.185553	37.204150	58.550926
100.000000	0.000000	46.656847	56.592424	100.000000	99.757058
100.000000	0.000000	19.078862	22.799220	46.635969	87.633124
99.846419	0.000000	46.665857	56.509885	100.000000	100.000000
99.882013	0.000000	46.595132	56.597728	99.819887	99.959958
100.000000	0.000000	20.588493	25.355655	53.222649	98.896502
100.000000	0.000000	11.247273	13.588618	33.239177	55.911587
100.000000	0.000000	46.637099	56.497817	100.000000	99.843096
99.983821	0.000000	7.754054	9.627496	25.645488	40.520398
99.754649	0.000000	17.246762	21.180440	43.661241	82.522605
99.992759	0.000000	16.261545	19.805967	45.097449	79.778209
99.979995	0.000000	46.649109	56.621829	100.000000	99.971801
100.000000	0.000000	17.824988	21.917124	49.452875	88.375311
100.000000	0.000000	20.023231	24.231239	56.281103	97.284164
100.000000	0.000000	22.597188	27.208270	57.634862	99.965199
100.000000	0.000000	30.357626	36.623475	74.215446	99.997758
99.848815	0.000000	12.728054	15.741284	30.726696	60.073786
99.846058	0.000000	46.691322	56.402049	99.949088	100.000000
99.891444	0.000000	46.589514	56.632306	99.871623	99.780681
100.000000	0.000000	23.541371	28.146355	60.841207	100.000000
100.000000	0.000000	12.071068	14.569722	35.449119	57.270941
100.000000	0.000000	30.036040	36.548805	79.404133	100.000000
100.000000	0.000000	46.588858	56.652820	99.949863	100.000000
99.804219	0.000000	46.911822	56.611382	99.883162	100.000000
99.822578	0.000000	23.510829	28.826923	62.094489	99.922162
100.000000	0.000000	46.688376	56.607327	100.000000	100.000000
99.993079	0.000000	46.889282	56.609280	99.957445	99.924164
100.000000	0.000000	46.831290	56.374789	99.700939	99.939648
100.000000	0.000000	11.430283	13.420524	35.057117	56.526689
99.935301	0.000000	46.659990	56.480542	99.728660	100.000000
100.000000	0.000000	27.136131	33.141448	73.130566	99.943764
100.000000	0.000000	18.536876	21.436297	47.489879	85.132408
99.997475	0.000000	46.717497	56.406934	100.000000	99.970760
100.000000	0.000000	46.703610	56.444199	100.000000	100.000000
99.873816	0.000000	28.658472	34.738516	74.239540	99.969812
99.999002	0.000000	46.728573	56.436487	99.956890	100.000000
99.890223	0.000000	26.282509	32.112415	66.128510	99.852182
99.864563	0.000000	38.709466	46.930559	93.694347	99.847080
99.975804	0.000000	46.871938	56.620776	100.000000	100.000000
99.958834	0.000000	17.449015	20.298269	50.627609	86.326119
100.000000	0.000000	9.475503	11.831290	24.352219	44.182280
99.989453	0.000000	16.997956	20.597685	41.180199	78.238134
99.996979	0.000000	46.594298	56.337481	99.900993	100.000000
100.000000	0.000000	46.735341	56.278557	99.977306	100.000000
99.900318	0.000000	21.395322	26.140488	59.172115	100.000000
99.912917	0.000000	46.713083	56.460365	99.876818	100.000000
100.000000	0.000000	19.731192	23.918121	47.658604	90.579263
99.819092	0.000000	46.694448	56.593693	99.910109	100.000000
100.000000	0.000000	24.372023	29.560493	59.054058	99.808442
100.000000	0.000000	23.179330	27.911730	50.379824	99.810601
100.000000	0.000000	13.619643	15.731993	36.905400	62.084020
100.000000	0.000000	12.760408	15.223797	34.017462	60.267467
100.000000	0.000000	46.642849	56.579525	99.700362	99.936721
99.959863	0.000000	13.312905	11.787127	33.949414	54.496412
99.986007	0.000000	46.700656	56.620021	99.974269	99.955898
100.000000	0.000000	29.063971	35.100375	66.252155	100.000000
99.790688	0.000000	46.549752	56.576372	99.843046	100.000000
100.000000	0.000000	23.533286	28.474667	62.930809	99.916730
100.000000	0.000000	46.587324	56.497149	99.939083	100.000000
99.956635	0.000000	8.975917	11.447475	25.482253	45.780172
100.000000	0.000000	12.068216	15.478789	36.864866	63.196266
99.847833	0.000000	9.627177	12.430180	31.310047	49.512608
99.856975	0.000000	10.461541	11.737477	28.824694	49.428736
100.000000	0.000000	12.915180	15.427820	33.381490	60.035664
99.916703	0.000000	46.619183	56.525780	100.000000	99.943741
100.000000	0.000000	23.339972	28.535551	59.046926	100.000000
99.894393	0.000000	46.572968	56.386779	99.949437	99.933889
100.000000	0.000000	12.471896	14.526176	35.647256	58.026675
100.000000	0.000000	19.059887	22.976267	50.621731	91.195171
100.000000	0.000000	46.620937	56.403007	99.906414	99.998660
100.000000	0.000000	24.799514	29.908652	63.980666	100.000000
99.900880	0.000000	21.616399	26.479689	54.896258	100.000000
99.989117	0.000000	35.884274	43.426242	89.263830	99.938770
99.836794	0.000000	46.667535	56.487019	100.000000	99.863030
100.000000	0.000000	46.659468	56.356126	100.000000	99.995228
99.903477	0.000000	9.776838	11.850218	26.591549	47.054101
100.000000	0.000000	24.350946	29.621217	66.305709	100.000000
99.915018	0.000000	20.883082	24.078128	51.473032	96.627111
99.987005	0.000000	23.527464	28.384910	62.047308	99.739715
100.000000	0.000000	28.370637	34.784563	77.843941	99.959258
100.000000	0.000000	13.972791	17.398490	46.841471	73.796217
100.000000	0.000000	46.760362	56.344259	99.955801	99.991773
100.000000	0.000000	38.374930	46.501504	94.327023	100.000000
99.938677	0.000000	11.696678	14.447376	37.562906	61.572683
99.885009	0.000000	46.666331	56.484043	99.888676	100.000000
99.911336	0.000000	46.706867	56.630843	99.962609	100.000000
99.991579	0.000000	46.635099	56.559136	100.000000	99.917115
100.000000	0.000000	29.913452	35.881449	75.235835	100.000000
100.000000	0.000000	46.650413	56.451007	100.000000	100.000000
100.000000	0.000000	22.813023	27.316921	60.044790	99.902032
100.000000	0.000000	24.624680	29.695853	65.453143	99.892747
100.000000	0.000000	46.701576	56.371981	100.000000	100.000000
99.940534	0.000000	34.097721	41.183823	89.048924	100.000000
99.972938	0.000000	15.740203	17.613241	32.153427	66.835528
100.000000	0.000000	17.508587	20.637053	43.944702	79.946198
100.000000	0.000000	11.939031	14.129681	33.768419	57.509756
99.909519	0.000000	19.729481	23.218981	51.071836	93.944473
100.000000	0.000000	46.672831	56.692498	100.000000	100.000000
100.000000	0.000000	10.689933	13.119459	33.763159	53.337435
100.000000	0.000000	46.604610	56.558777	99.815195	100.000000
100.000000	0.000000	15.635318	19.334391	44.481666	77.093466
99.919062	0.000000	46.620018	56.520666	100.000000	100.000000
99.974218	0.000000	46.542731	56.550624	99.811691	99.937310
99.911171	0.000000	18.743858	23.341127	51.453231	90.238789
99.912509	0.000000	46.687307	56.512059	100.000000	99.793044
99.570968	0.000000	11.898847	15.052001	32.847651	57.193038
99.880604	0.000000	46.776849	56.485114	100.000000	99.946919
100.000000	0.000000	26.042005	31.578800	63.059647	99.971251
99.926016	0.000000	32.144264	38.846437	72.402562	99.868159
99.935896	0.000000	19.118011	22.965852	49.569357	90.756261
100.000000	0.000000	21.729996	26.863856	53.554440	99.968005
100.000000	0.000000	11.565994	14.309497	30.698374	55.318945
100.000000	0.000000	46.890189	56.581829	100.000000	100.000000
100.000000	0.000000	24.687728	29.786651	63.340559	100.000000
99.847458	0.000000	9.168464	11.712222	30.952724	52.787588
99.923665	0.000000	26.434785	32.184053	67.330347	99.888050
100.000000	0.000000	25.494555	30.669637	60.240494	99.999361
100.000000	0.000000	30.097016	36.731015	72.102291	99.984113
99.863356	0.000000	46.707863	56.563797	99.821691	99.888470
100.000000	0.000000	28.205202	34.479848	70.553434	100.000000
99.971782	0.000000	21.031791	25.505290	58.931098	100.000000
100.000000	0.000000	28.178037	33.823390	74.170986	100.000000
100.000000	0.000000	46.806392	56.596345	99.977742	99.921932
100.000000	0.000000	14.565129	18.259027	39.676134	70.597288
100.000000	0.000000	8.022107	8.872816	24.669598	40.413858
99.924922	0.000000	13.247898	15.527808	36.443313	62.416792
100.000000	0.000000	24.206936	28.848991	58.296165	99.912420
99.771494	0.000000	46.735143	56.533736	99.977148	99.787925
99.942359	0.000000	46.445576	56.469488	100.000000	100.000000
100.000000	0.000000	32.058520	38.501910	75.677680	99.905089
99.956029	0.000000	18.635512	22.347788	44.364555	84.319263
99.745841	0.000000	25.475935	30.866006	63.102673	99.917638
99.928274	0.000000	14.457598	16.499352	37.257815	67.266567
100.000000	0.000000	6.062611	0.171177	11.289118	10.419805
100.000000	0.000000	12.453442	13.933083	39.056130	61.983878
99.528784	0.000000	8.086303	10.745292	32.356488	46.604714
99.941846	0.000000	46.591911	56.686953	100.000000	99.990961
100.000000	0.000000	46.542136	56.378913	100.000000	100.000000
99.967009	0.000000	46.867460	56.710280	99.893688	99.872228
100.000000	0.000000	46.622554	56.372126	99.816238	99.794589
99.916614	0.000000	46.545547	56.578327	100.000000	100.000000
99.980488	0.000000	24.026292	29.506732	65.890960	99.980761
99.906297	0.000000	29.926939	36.411984	73.036729	99.980057
99.879709	0.000000	46.923262	56.401906	100.000000	100.000000
99.952032	0.000000	24.348667	29.494620	62.083507	100.000000
100.000000	0.000000	8.084374	10.233616	29.518297	45.334645
99.945541	0.000000	11.373169	20.804013	32.387871	60.417148
100.000000	0.000000	10.817249	11.820407	25.367916	48.151262
99.941465	0.000000	46.620833	56.435843	100.000000	100.000000
99.809048	0.000000	46.627090	56.565474	100.000000	99.951128
100.000000	0.000000	8.636101	8.807489	24.073423	39.351210
99.984493	0.000000	15.999335	19.682756	46.933624	80.100305
99.901577	0.000000	20.843267	24.624065	51.394572	94.430863
100.000000	0.000000	8.018840	9.749610	26.521390	40.674382
99.857916	0.000000	11.681476	13.679411	28.081975	51.229807
100.000000	0.000000	46.707753	56.558598	99.955978	100.000000
99.784921	0.000000	42.308612	51.211040	99.973994	100.000000
100.000000	0.000000	19.895241	17.993556	36.498487	70.842352
99.882701	0.000000	46.628967	56.718390	99.930143	100.000000
99.897888	0.000000	23.564816	28.514146	63.708658	99.975383
99.950423	0.000000	29.600884	36.009540	69.494516	99.987489
100.000000	0.000000	22.592360	28.230419	58.898270	99.937531
99.941715	0.000000	46.585989	56.479399	100.000000	100.000000
99.977043	0.000000	46.724841	56.516455	99.712312	99.889920
100.000000	0.000000	46.769604	56.747175	100.000000	100.000000
99.957449	0.000000	46.669578	56.595388	99.842473	99.967437
100.000000	0.000000	46.818343	56.588749	100.000000	99.894183
99.880392	0.000000	46.604859	56.545581	99.954635	100.000000
100.000000	0.000000	12.475893	14.833895	36.506801	60.259353
99.935030	0.000000	46.623469	56.720329	100.000000	100.000000
100.000000	0.000000	35.394713	42.997301	85.437274	99.926340
99.958871	0.000000	15.012678	14.684059	29.274033	55.214635
99.854946	0.000000	11.097511	12.224400	27.391244	49.723788
100.000000	0.000000	46.780052	56.706118	99.984332	99.917896
100.000000	0.000000	11.330589	13.513090	34.144650	58.155503
100.000000	0.000000	12.726034	15.200613	40.177029	66.168839
100.000000	0.000000	10.412152	12.185061	26.344799	48.953606
99.955798	0.000000	17.602458	21.264998	49.676284	86.946713
99.942570	0.000000	46.597735	56.469187	100.000000	100.000000
100.000000	0.000000	43.114927	52.157072	100.000000	99.944751
100.000000	0.000000	17.946737	21.593945	45.860477	84.325408
99.696852	0.000000	7.409490	9.572407	27.285877	40.706990
100.000000	0.000000	12.013703	13.991801	32.870998	56.557746
100.000000	0.000000	39.812938	48.170732	98.024220	100.000000
99.932621	0.000000	26.758779	32.448921	70.492572	100.000000
99.888772	0.000000	46.682189	56.556474	100.000000	99.952202
100.000000	0.000000	25.823102	31.447381	61.710887	99.724498
99.979839	0.000000	26.516309	32.430045	69.094587	100.000000
100.000000	0.000000	11.464900	14.738362	31.854987	55.144315
100.000000	0.000000	8.570725	10.330082	28.485828	44.901014
100.000000	0.000000	46.656218	56.349510	99.853622	99.967304
100.000000	0.000000	46.630202	56.478036	99.963187	100.000000
99.823465	0.000000	25.942066	31.196175	64.077772	99.935705
99.892193	0.000000	26.724602	31.780848	73.803054	100.000000
100.000000	0.000000	45.656728	55.484824	100.000000	99.877111
99.772696	0.000000	27.015270	32.618073	61.450826	99.860973
99.964908	0.000000	46.449897	56.523137	99.950071	100.000000
99.992342	0.000000	24.718980	30.435283	66.989019	99.953130
99.986881	0.000000	17.563052	20.932162	48.060556	83.909331
99.960904	0.000000	46.707047	56.442113	99.916019	100.000000
99.977291	0.000000	22.431387	27.117581	59.140161	100.000000
99.843734	0.000000	23.604355	28.689520	57.249178	100.000000
99.773655	0.000000	7.625567	8.997699	21.485279	38.108931
99.924682	0.000000	23.286679	28.305648	59.533556	99.972523
100.000000	0.000000	14.771061	17.251724	35.092854	67.624790
99.867924	0.000000	14.494283	16.565531	38.700709	67.219063
99.887888	0.000000	28.413981	34.631749	74.945819	99.931791
100.000000	0.000000	33.031357	39.873865	88.967508	100.000000
99.896010	0.000000	19.037912	22.176230	51.475535	88.528029
99.895818	0.000000	31.963897	38.753007	85.092395	100.000000
100.000000	0.000000	13.006433	15.717584	32.417308	60.826359
100.000000	0.000000	14.041445	17.627155	42.398076	69.255748
99.982225	0.000000	46.656769	56.664833	99.985618	100.000000
99.974888	0.000000	16.251721	19.958930	44.955451	80.260469
99.921189	0.000000	6.630156	7.773336	28.578773	38.532656
99.987605	0.000000	46.800751	56.560306	100.000000	99.960950
99.799411	0.000000	9.171652	11.177348	25.865607	44.032318
100.000000	0.000000	18.537879	23.256870	55.409483	94.405167
99.943310	0.000000	11.711297	14.498972	35.732968	57.813197
99.984434	0.000000	9.733691	12.800702	31.157965	52.959995
100.000000	0.000000	16.023561	19.555919	46.962105	78.118434
100.000000	0.000000	46.676355	56.588814	99.815566	99.859612
99.993063	0.000000	12.775578	14.084230	39.333557	61.930285
99.956700	0.000000	46.648135	56.588590	99.441228	100.000000
99.954062	0.000000	27.395406	33.243494	70.800276	100.000000
100.000000	0.000000	24.541911	29.995357	60.382384	99.943768
100.000000	0.000000	24.904027	30.457499	68.384725	100.000000
100.000000	0.000000	46.784506	56.457574	99.905532	99.999030
100.000000	0.000000	46.720981	56.507478	99.964528	100.000000
100.000000	0.000000	46.750671	56.780541	99.835343	100.000000
100.000000	0.000000	29.310488	35.096493	71.344200	100.000000
99.981773	0.000000	46.704108	56.656262	99.973713	99.790092
100.000000	0.000000	11.045567	13.215075	32.404753	56.077934
99.926222	0.000000	23.875502	29.203680	57.665356	100.000000
100.000000	0.000000	15.053620	18.131764	45.768637	76.483786
100.000000	0.000000	12.754704	14.119857	32.334269	53.908020
99.911842	0.000000	26.407251	32.179485	63.448910	99.889712
100.000000	0.000000	8.762690	11.286146	23.249882	40.957682
99.933440	0.000000	46.729503	56.690601	100.000000	99.934750
100.000000	0.000000	31.328191	37.689985	74.862124	99.955237
99.926379	0.000000	28.329711	33.890480	69.207806	99.736512
99.876751	0.000000	46.672738	56.462041	99.910888	99.987426
99.904122	0.000000	11.237270	13.366753	33.395438	54.747105
99.778173	0.000000	32.802033	39.543996	82.451890	100.000000
99.888776	0.000000	14.133775	15.923321	38.987358	66.891420
100.000000	0.000000	33.756681	40.928897	89.400583	99.967808
99.927785	0.000000	12.452428	16.292550	41.685829	67.885727
99.661985	0.000000	10.035503	12.519509	30.658055	52.230415
100.000000	0.000000	17.028839	20.902709	53.471731	86.441928
99.914970	0.000000	46.681963	56.340098	99.999168	99.984213
100.000000	0.000000	18.573439	21.765340	50.920658	88.205642
99.911908	0.000000	23.233003	27.945451	53.326532	99.933122
99.909936	0.000000	28.970037	35.328891	71.259418	100.000000
99.931281	0.000000	19.349441	23.478908	50.103817	92.496603
99.916000	0.000000	46.754427	56.511638	100.000000	99.979572
100.000000	0.000000	46.832986	56.440804	100.000000	99.953378
99.975839	0.000000	39.648761	48.173874	89.756177	100.000000
99.997109	0.000000	46.872918	56.396136	99.963183	99.915925
99.857747	0.000000	20.453494	24.755677	55.153013	98.072562
100.000000	0.000000	46.690158	56.534602	99.765158	99.862066
100.000000	0.000000	20.874603	24.776685	57.722826	100.000000
100.000000	0.000000	46.788288	56.437777	99.948483	100.000000
99.904009	0.000000	46.712395	56.622412	99.978852	100.000000
99.803344	0.000000	16.194292	19.918694	51.145666	83.080981
99.972143	0.000000	44.148019	53.441041	100.000000	99.971913
100.000000	0.000000	24.346131	29.564681	64.124032	100.000000
99.973163	0.000000	23.597707	28.326763	58.106823	100.000000
99.903207	0.000000	11.098046	12.992916	29.565674	50.515361
100.000000	0.000000	5.215808	7.517414	17.446979	27.896432
100.000000	0.000000	11.971245	14.043451	37.777304	60.480500
99.921060	0.000000	10.516746	13.213650	32.987459	52.113604
100.000000	0.000000	46.824439	56.579227	100.000000	99.964609
100.000000	0.000000	14.550671	17.494085	41.028507	70.180101
100.000000	0.000000	9.463292	12.367933	33.266775	52.943570
100.000000	0.000000	15.373361	19.384618	46.381148	80.050507
99.834888	0.000000	46.727595	56.531263	100.000000	100.000000
100.000000	0.000000	17.024235	21.230702	46.882524	83.400884
100.000000	0.000000	46.680911	56.535222	99.991862	99.948156
99.984213	0.000000	11.866028	14.819348	34.924496	60.592767
99.933775	0.000000	46.617919	56.598885	99.774848	100.000000
99.979214	0.000000	46.654247	56.572976	99.960247	100.000000
100.000000	0.000000	46.599386	56.519120	99.740895	99.962710
99.932020	0.000000	35.098787	42.366445	89.674204	100.000000
99.812120	0.000000	46.745718	56.646425	100.000000	99.828844
99.984218	0.000000	23.000781	28.211215	63.587417	100.000000
99.929903	0.000000	46.645768	56.668733	99.955551	99.989647
99.808210	0.000000	9.958730	11.507182	29.856642	49.183770
99.943881	0.000000	21.955460	26.669667	55.847308	100.000000
100.000000	0.000000	9.772234	11.562177	31.261271	51.398840
100.000000	0.000000	27.593087	33.710415	72.933709	99.924831
100.000000	0.000000	21.600742	25.234981	54.999456	98.492059
99.910350	0.000000	24.207849	29.143765	65.505859	99.819315
99.796102	0.000000	20.704301	25.194709	51.714969	97.397443
99.987522	0.000000	46.715381	56.409705	99.949464	100.000000
99.981406	0.000000	46.646085	56.633750	99.906212	100.000000
99.890124	0.000000	46.528158	56.643834	100.000000	100.000000
100.000000	0.000000	21.442882	26.049113	53.503004	99.427289
99.907313	0.000000	40.285664	48.871680	99.039599	100.000000
99.889350	0.000000	46.750106	56.588604	99.670158	99.973039
100.000000	0.000000	6.858112	8.071765	23.398374	39.694324
99.898537	0.000000	46.775837	56.386502	100.000000	100.000000
100.000000	0.000000	24.236913	29.264630	64.866654	99.928108
100.000000	0.000000	11.669310	14.563967	35.996805	63.199545
99.928565	0.000000	26.283194	31.299335	70.236184	99.946446
99.973496	0.000000	10.822543	12.163977	28.198153	48.526300
100.000000	0.000000	6.403653	9.000253	27.677866	40.475952
100.000000	0.000000	46.796894	56.580122	100.000000	100.000000
100.000000	0.000000	27.230633	33.113347	68.390686	100.000000
99.844869	0.000000	28.738885	35.154587	68.760077	99.885174
99.996983	0.000000	37.737837	45.802421	91.795028	100.000000
99.939655	0.000000	25.337042	31.063591	59.566350	99.985861
100.000000	0.000000	35.676529	43.140751	86.524628	99.981497
99.918641	0.000000	23.496137	28.710634	61.773779	100.000000
100.000000	0.000000	10.289301	12.434236	35.188502	56.926934
99.951441	0.000000	19.449150	23.947196	53.365642	94.777469
100.000000	0.000000	46.674696	56.598707	100.000000	99.831115
100.000000	0.000000	46.846381	56.491628	100.000000	100.000000
100.000000	0.000000	24.852776	30.378637	68.534643	100.000000
100.000000	0.000000	38.502441	46.791824	96.784375	100.000000
100.000000	0.000000	32.974155	39.733745	78.427728	99.978605
100.000000	0.000000	9.978932	11.784195	30.171964	48.241536
99.990714	0.000000	20.587565	24.666997	58.578821	99.960075
99.877139	0.000000	14.068572	17.442599	38.341804	67.596446
99.961385	0.000000	26.455389	31.868409	76.788199	99.990913
99.900623	0.000000	7.630366	9.705071	20.697129	39.000781
99.763022	0.000000	46.677561	56.458019	99.915360	100.000000
100.000000	0.000000	46.736741	56.567944	99.998949	100.000000
100.000000	0.000000	35.902024	43.566886	90.029867	99.960455
100.000000	0.000000	46.612052	56.628373	99.842451	100.000000
100.000000	0.000000	9.763234	11.743058	33.649381	55.558518
99.983221	0.000000	17.854978	21.539863	42.082765	80.470288
100.000000	0.000000	24.211710	29.600800	59.251053	100.000000
99.901250	0.000000	46.695217	56.471359	100.000000	99.890409
99.717556	0.000000	18.814078	22.703321	49.077821	90.190843
100.000000	0.000000	18.265027	22.557724	51.967436	89.278130
100.000000	0.000000	13.373068	11.953720	24.706868	44.390466
99.911891	0.000000	46.472029	56.516855	100.000000	99.977270
100.000000	0.000000	36.297777	44.090831	88.996272	99.880492
99.945179	0.000000	28.898529	35.374121	69.329596	100.000000
99.912837	0.000000	46.534914	56.614423	99.718339	99.989912
100.000000	0.000000	46.649893	56.549146	100.000000	100.000000
99.957859	0.000000	46.495878	56.616837	99.692093	100.000000
100.000000	0.000000	46.590779	56.564235	99.780579	99.970130
99.981075	0.000000	22.022378	26.822835	57.363149	100.000000
99.897784	0.000000	11.034998	13.500949	28.612663	53.800013
99.803740	0.000000	19.781984	23.493882	51.197938	91.248759
99.983790	0.000000	31.195244	37.570880	80.728587	100.000000
99.879171	0.000000	32.421355	38.924679	83.003047	100.000000
99.797489	0.000000	46.642325	56.618839	100.000000	99.976850
99.973596	0.000000	24.061164	29.051926	62.160494	99.956943
99.945280	0.000000	46.733776	56.595273	100.000000	99.798953
100.000000	0.000000	31.599715	37.706814	75.380567	100.000000
100.000000	0.000000	20.124039	24.235379	51.183869	94.027500
99.929942	0.000000	46.693701	56.703505	99.959071	99.864682
99.849768	0.000000	8.792381	11.363804	30.895029	47.707294
100.000000	0.000000	22.885837	27.318316	61.352533	100.000000
99.942494	0.000000	18.215227	22.316027	46.360763	84.897232
99.998559	0.000000	45.640731	55.351966	100.000000	99.833664
100.000000	0.000000	38.186563	45.895006	91.684650	99.791542
99.992413	0.000000	14.290613	17.365032	40.014510	69.229533
100.000000	0.000000	25.987182	31.185268	66.700074	100.000000
99.865929	0.000000	26.503993	31.980597	65.262377	99.944165
100.000000	0.000000	22.783083	27.955075	61.043886	100.000000
99.898081	0.000000	46.595295	56.622395	100.000000	100.000000
100.000000	0.000000	12.146214	15.054384	38.706680	63.701222
100.000000	0.000000	15.408892	18.119504	44.407595	76.250930
99.954350	0.000000	46.626912	56.518239	100.000000	99.847295
99.476460	0.000000	14.096435	14.180214	29.342410	54.772405
100.000000	0.000000	46.698325	56.739706	99.989601	99.860811
99.844279	0.000000	18.469727	21.971655	45.412785	85.204445
100.000000	0.000000	11.735396	11.371113	28.211024	45.109134
100.000000	0.000000	12.113049	15.900811	30.196119	56.542569
99.900923	0.000000	27.656706	32.946764	65.650215	100.000000
100.000000	0.000000	22.300167	26.917021	60.548666	100.000000
100.000000	0.000000	39.747762	48.405216	99.378688	99.974046
100.000000	0.000000	25.369556	30.906303	63.842725	100.000000
100.000000	0.000000	29.810468	36.335476	80.446323	100.000000
99.960648	0.000000	19.868244	24.172176	43.689486	87.835059
99.924006	0.000000	26.177334	31.752382	69.700936	99.960088
100.000000	0.000000	46.558075	56.464649	100.000000	100.000000
99.833543	0.000000	23.327186	28.551624	61.139817	100.000000
100.000000	0.000000	8.942339	10.881429	31.529546	47.412084
100.000000	0.000000	24.080835	29.197237	62.554471	100.000000
99.873797	0.000000	29.380573	35.542736	71.289341	99.908272
100.000000	0.000000	9.959752	10.089584	24.897795	41.217971
99.950620	0.000000	29.290506	35.591620	74.509555	100.000000
99.957042	0.000000	7.956826	10.109211	23.825027	39.853362
99.980776	0.000000	27.125648	32.993731	74.449316	100.000000
100.000000	0.000000	46.755268	56.477557	100.000000	100.000000
99.856738	0.000000	46.511440	56.680655	100.000000	100.000000
99.799193	0.000000	46.805553	56.646238	100.000000	99.914629
100.000000	0.000000	46.803855	56.513322	99.883868	99.905038
100.000000	0.000000	46.687824	56.518516	99.912852	100.000000
100.000000	0.000000	17.812725	21.307290	45.869478	84.999864
99.972823	0.000000	46.604151	56.368173	99.823283	100.000000
99.976456	0.000000	9.492073	12.135231	24.463318	47.805126
100.000000	0.000000	19.232004	23.092115	54.022437	93.519578
100.000000	0.000000	27.336903	32.977995	68.771344	99.840206
100.000000	0.000000	46.724572	56.439207	100.000000	100.000000
99.765381	0.000000	46.649588	56.772511	99.920338	100.000000
100.000000	0.000000	46.784625	56.426776	99.991294	99.979887
99.972345	0.000000	7.626920	8.763191	22.432263	37.947221
99.862303	0.000000	22.189592	26.533557	51.706617	100.000000
99.934296	0.000000	32.336694	39.288181	78.232586	99.944515
99.948672	0.000000	46.777693	56.608154	99.975316	99.986868
100.000000	0.000000	46.730164	56.474297	99.956871	99.791783
99.998762	0.000000	23.727644	29.061322	66.093345	100.000000
100.000000	0.000000	10.249041	12.688840	35.024765	55.220045
100.000000	0.000000	12.503250	11.025755	22.988991	39.095582
100.000000	0.000000	9.283756	11.136043	28.346425	47.916881
100.000000	0.000000	46.706068	56.574188	99.874826	99.888354
100.000000	0.000000	26.744984	32.654308	74.670681	99.996735
99.927711	0.000000	23.994358	29.177744	61.255490	100.000000
99.886481	0.000000	46.749952	56.452045	99.994419	100.000000
100.000000	0.000000	22.857812	27.537204	59.109268	100.000000
100.000000	0.000000	29.384924	35.615391	67.475226	99.905227
99.909632	0.000000	13.520271	16.224335	34.035456	63.460516
99.993658	0.000000	46.555739	56.554448	99.735915	99.936866
99.884521	0.000000	27.329298	33.090579	66.505560	100.000000
99.792152	0.000000	11.780482	13.944954	37.586034	57.186795
99.844370	0.000000	46.638151	56.450097	99.804002	99.973788
99.782294	0.000000	46.726873	56.450890	99.934392	99.891051
100.000000	0.000000	33.455712	40.611717	78.990208	99.972670
99.849532	0.000000	17.390398	20.524869	43.945714	80.432999
99.986556	0.000000	28.199815	34.520102	66.964181	99.926617
99.931597	0.000000	26.792415	32.305600	66.600281	99.895344
99.863137	0.000000	11.886169	14.656964	27.398827	53.634012
99.905141	0.000000	19.477504	23.459644	45.271049	87.375682
99.862631	0.000000	12.211367	15.398145	38.338220	64.419937
99.956072	0.000000	46.685858	56.542080	100.000000	99.851897
99.981274	0.000000	46.543445	56.617825	99.539598	100.000000
100.000000	0.000000	9.959632	12.093200	32.178572	50.982369
100.000000	0.000000	18.714407	22.701000	46.961498	88.534399
100.000000	0.000000	31.665013	37.980069	75.969398	99.972954
99.896037	0.000000	46.755556	56.624506	100.000000	99.907401
99.946412	0.000000	11.700633	14.165845	34.129153	56.658124
99.835560	0.000000	9.760375	9.756800	20.206547	39.181853
100.000000	0.000000	10.130951	12.529740	32.426444	50.359563
100.000000	0.000000	23.602773	28.545615	56.006598	100.000000
99.810558	0.000000	22.320434	26.867875	61.530997	100.000000
99.976258	0.000000	12.032438	15.721700	37.513773	65.500717
100.000000	0.000000	46.836856	56.464362	99.925480	99.995097
100.000000	0.000000	24.912651	29.796923	61.169912	100.000000
100.000000	0.000000	31.259906	38.046893	78.316677	99.883210
100.000000	0.000000	46.697961	56.491865	99.996549	99.993395
99.823120	0.000000	13.155573	16.069017	35.132945	64.704807
99.977693	0.000000	23.756277	28.874965	61.919302	99.752905
99.914137	0.000000	23.960917	28.852143	60.446702	99.992939
100.000000	0.000000	18.861131	22.490758	55.679831	93.551300
99.910700	0.000000	46.634305	56.425586	99.948291	100.000000
100.000000	0.000000	8.682471	12.265329	17.502617	38.382112
99.948811	0.000000	26.521197	32.536137	63.978215	100.000000
99.853112	0.000000	46.775090	56.532231	100.000000	100.000000
99.963242	0.000000	27.575894	33.531255	71.604562	99.961238
100.000000	0.000000	46.621816	56.443490	99.909173	100.000000
99.880094	0.000000	23.324740	27.444739	72.313788	99.999621
99.828845	0.000000	7.783303	10.860749	19.982078	40.030558
99.514415	0.000000	10.762980	11.294156	27.954046	47.924904
100.000000	0.000000	27.866757	33.637387	72.089105	99.997594
100.000000	0.000000	14.509621	17.347427	34.954333	64.942068
100.000000	0.000000	22.914872	27.314849	56.481464	100.000000
99.964155	0.000000	21.842255	26.773333	54.815679	100.000000
99.857244	0.000000	22.373058	27.541681	54.769506	99.986473
99.958778	0.000000	10.382656	13.062014	36.172259	58.764182
99.940686	0.000000	46.686705	56.556164	99.907618	100.000000
100.000000	0.000000	10.080380	11.134296	34.637587	53.471124
100.000000	0.000000	35.732531	42.928503	84.977189	100.000000
100.000000	0.000000	46.735934	56.497483	99.898620	99.983843
99.922134	0.000000	46.722844	56.542068	100.000000	99.986276
100.000000	0.000000	22.275209	27.032889	58.036387	100.000000
99.998923	0.000000	17.460414	21.261998	46.619845	84.419809
99.889797	0.000000	46.760011	56.728495	100.000000	99.967255
99.897635	0.000000	27.467274	33.300398	68.588241	100.000000
99.581158	0.000000	8.131594	9.423370	23.215788	38.089203
100.000000	0.000000	11.695212	14.714885	32.719774	58.752852
100.000000	0.000000	31.519894	37.893594	77.231113	99.947882
100.000000	0.000000	12.966687	16.080152	41.634148	69.870294
100.000000	0.000000	28.236538	34.113779	71.281062	100.000000
99.949881	0.000000	13.949960	16.239567	41.345366	69.436920
100.000000	0.000000	46.641532	56.514803	99.867947	99.893753
100.000000	0.000000	21.429999	25.454392	55.967224	100.000000
99.941119	0.000000	41.642586	50.797806	99.930529	99.872649
99.807664	0.000000	46.876909	56.529742	99.890039	100.000000
100.000000	0.000000	11.848653	13.215823	26.738294	47.186007
99.899522	0.000000	24.590792	30.099139	63.497603	100.000000
100.000000	0.000000	23.102656	27.940957	61.885267	100.000000
100.000000	0.000000	46.718430	56.609431	99.925615	100.000000
99.953165	0.000000	39.903610	48.271169	99.962709	100.000000
100.000000	0.000000	28.983346	34.890265	71.034924	100.000000
100.000000	0.000000	16.238696	19.886990	40.516855	75.339031
99.961064	0.000000	46.517119	56.400050	99.963959	99.995331
99.905984	0.000000	46.787482	56.400919	100.000000	100.000000
99.758067	0.000000	9.236016	12.093085	27.720628	47.325480
99.919962	0.000000	16.338281	19.677921	45.048320	78.939479
100.000000	0.000000	46.756676	56.333253	100.000000	100.000000
100.000000	0.000000	46.706664	56.486636	99.840911	99.968376
99.990297	0.000000	8.703359	9.548732	26.867074	37.887479
99.917436	0.000000	24.079257	29.644502	64.471337	99.880202
99.860426	0.000000	12.511891	15.825429	32.295689	59.692481
100.000000	0.000000	21.057901	25.772524	57.241300	99.930960
99.939321	0.000000	12.685582	15.870441	38.637429	65.143871
99.975478	0.000000	7.245706	8.555066	21.165125	36.072652
99.663546	0.000000	12.459302	15.940224	37.436943	62.540353
100.000000	0.000000	6.468661	6.745078	23.627700	31.764999
99.889257	0.000000	26.564540	32.525686	72.936383	99.909483
99.796638	0.000000	22.380080	26.984359	57.019238	100.000000
100.000000	0.000000	46.729279	56.816806	99.998014	99.945860
100.000000	0.000000	9.211637	9.983826	33.504927	46.316360
99.834384	0.000000	28.916448	34.988053	67.473930	99.759942
99.893378	0.000000	28.466750	34.694232	69.186990	99.965167
99.915991	0.000000	8.406241	8.756709	27.547471	40.240556
100.000000	0.000000	16.036591	20.070534	47.583006	81.093995
99.784918	0.000000	8.519570	10.705341	27.453839	48.043808
100.000000	0.000000	46.746422	56.432834	99.903780	100.000000
99.902336	0.000000	46.493140	56.320335	99.936421	99.898861
100.000000	0.000000	46.593823	56.436478	99.913762	99.967596
100.000000	0.000000	12.443562	15.133827	27.653143	56.770238
99.996710	0.000000	22.323311	27.414588	59.599435	99.928142
99.880701	0.000000	41.063515	49.697922	99.637417	99.978989
99.988155	0.000000	46.759042	56.585804	100.000000	99.989228
99.930795	0.000000	19.724560	24.388110	55.015070	97.322964
99.874293	0.000000	42.132498	51.022034	99.996109	99.821106
99.886417	0.000000	12.528173	14.806209	36.607377	64.269024
100.000000	0.000000	46.750511	56.420419	100.000000	99.984384
99.978642	0.000000	9.943897	11.518743	28.629937	45.496802
99.942153	0.000000	27.363657	33.140951	70.734799	99.986066
100.000000	0.000000	9.007279	11.422072	29.010195	47.977684
100.000000	0.000000	6.730770	8.382105	24.510747	40.800854
99.925489	0.000000	8.137147	9.318177	20.207144	35.793161
100.000000	0.000000	37.985980	45.843750	94.774121	100.000000
100.000000	0.000000	16.020111	18.021135	31.990760	66.307874
99.868830	0.000000	42.872006	51.642256	99.721329	100.000000
100.000000	0.000000	46.786645	56.735362	99.919192	100.000000
100.000000	0.000000	46.575881	56.483158	99.791294	100.000000
100.000000	0.000000	46.619283	56.412202	99.814585	100.000000
99.803450	0.000000	16.516291	19.894770	45.020320	78.775674
100.000000	0.000000	46.625960	56.310977	99.964864	99.903231
100.000000	0.000000	42.157119	51.212145	99.834798	99.929145
99.940949	0.000000	17.641713	21.437562	43.010124	83.464829
100.000000	0.000000	13.191286	16.342212	38.668125	66.050916
100.000000	0.000000	46.627865	56.485278	99.960059	99.903409
100.000000	0.000000	17.595074	21.764969	48.421484	85.699194
100.000000	0.000000	23.940150	28.684703	60.539295	100.000000
99.760294	0.000000	22.512184	27.012778	63.445243	99.983056
100.000000	0.000000	46.778292	56.288148	99.816095	100.000000
100.000000	0.000000	46.638652	56.537883	100.000000	99.968609
99.971815	0.000000	46.737370	56.616214	99.949611	100.000000
99.746455	0.000000	46.829558	56.346961	99.883303	100.000000
100.000000	0.000000	21.464551	25.544199	55.861351	99.656894
99.923584	0.000000	44.806908	54.387592	99.969574	100.000000
100.000000	0.000000	14.761966	9.020304	25.365926	41.286484
99.963419	0.000000	46.709284	56.665360	99.975829	99.814028
100.000000	0.000000	46.619522	56.525581	99.843746	100.000000
100.000000	0.000000	46.807439	56.427706	99.831487	100.000000
100.000000	0.000000	46.529773	56.457478	100.000000	100.000000
99.986392	0.000000	20.482980	24.916610	57.413368	99.685664
99.748501	0.000000	16.908988	20.712488	43.853908	80.790213
99.895367	0.000000	13.340764	12.524677	33.987571	54.513520
99.885656	0.000000	46.767141	56.626362	100.000000	99.870655
99.978196	0.000000	35.178756	42.253792	88.669048	99.958875
99.847862	0.000000	19.934035	24.472335	53.049686	94.697788
99.838956	0.000000	46.768259	56.413720	100.000000	100.000000
100.000000	0.000000	9.611639	12.111764	26.986385	49.415137
100.000000	0.000000	26.999370	33.172711	67.172734	100.000000
100.000000	0.000000	46.751184	56.608242	100.000000	99.873852
99.961185	0.000000	46.613150	56.593990	100.000000	99.944961
99.995147	0.000000	46.609929	56.642546	99.890389	99.894453
99.935390	0.000000	32.010393	38.993755	90.161850	100.000000
100.000000	0.000000	7.314414	10.115158	22.036541	38.649153
100.000000	0.000000	46.583560	56.667147	99.800968	99.857247
100.000000	0.000000	11.650645	13.477686	29.450525	52.950233
100.000000	0.000000	46.691410	56.624543	99.922199	100.000000
100.000000	0.000000	28.915005	35.220560	74.934627	99.900710
99.855137	0.000000	15.513353	19.135395	43.210636	76.550443
100.000000	0.000000	20.264289	24.695256	46.852329	92.867279
99.908481	0.000000	23.954010	29.047291	62.597623	100.000000
99.822968	0.000000	30.454597	37.191003	73.027905	99.989287
100.000000	0.000000	46.550462	56.495444	100.000000	100.000000
100.000000	0.000000	28.567348	33.800712	70.072832	99.821124
99.877421	0.000000	17.069638	20.514360	42.695242	77.886586
100.000000	0.000000	9.928076	12.157781	31.891372	50.393699
100.000000	0.000000	16.477968	19.729826	45.472250	81.787421
100.000000	0.000000	21.709646	26.459251	57.824650	100.000000
99.873925	0.000000	46.658547	56.673816	99.715059	99.958692
100.000000	0.000000	29.002096	35.469323	72.009661	100.000000
100.000000	0.000000	46.517670	56.614320	99.893919	99.908545
100.000000	0.000000	46.793659	56.499233	99.781443	100.000000
100.000000	0.000000	42.170324	51.337927	99.988396	99.975156
100.000000	0.000000	10.373732	12.575134	33.830216	50.422901
99.850814	0.000000	46.718729	56.470606	100.000000	100.000000
99.965084	0.000000	36.900912	44.854893	89.822856	100.000000
