99.869795	-8.466418	4.072454	1.820117	14.331160	15.834450
99.545227	-16.958247	-22.223886	16.371746	26.796376	30.101689
100.000000	-26.303033	-44.577179	10.505620	50.483529	50.408390
99.944638	-19.265439	-21.450242	11.298866	27.652013	42.312391
99.898142	-22.683443	-14.058892	12.546875	20.786053	33.567324
99.932982	-1.207756	4.155963	11.080327	25.777288	13.604218
99.978381	-100.000000	-33.215699	-44.954102	34.780966	99.997564
100.000000	-35.576203	-30.629599	19.941661	53.238728	70.520161
100.000000	-13.621083	0.876571	3.268723	15.458071	32.156221
99.810843	-12.833021	-9.098412	6.181641	36.103047	37.531979
100.000000	-8.156579	-3.398423	8.373217	18.537221	25.555733
99.471868	-25.559700	-23.887655	21.581754	43.342487	45.733582
99.901034	-63.289774	-15.860739	-30.051605	49.756102	88.063189
99.694117	1.161907	-9.165528	9.560405	26.906452	22.773115
100.000000	0.429000	1.155835	8.051165	18.764817	15.034797
100.000000	-30.642546	-20.052898	0.611305	45.957146	46.767303
99.848410	-99.980082	-30.349641	-0.297599	44.865524	100.000000
100.000000	-100.000000	-49.503846	4.872226	40.027061	100.000000
99.959859	-73.730297	-52.963259	2.247999	57.276839	100.000000
100.000000	-15.277233	-15.851465	2.755751	30.871131	47.904722
99.691729	-10.082873	0.135323	6.220537	15.893767	22.291572
100.000000	-11.167104	-17.351084	18.892040	18.559148	37.636230
100.000000	-2.103849	-6.342246	13.990581	22.132927	24.754924
99.813886	-37.039106	-30.206401	22.375969	46.573996	67.565476
100.000000	-13.227973	-13.554726	10.262311	24.161890	32.605164
100.000000	-12.283023	-12.784653	12.832537	21.883729	33.588583
99.611023	-14.985638	-0.408636	14.844961	26.646220	22.749214
100.000000	-82.352224	-64.106472	30.511639	57.007140	97.410737
99.924010	-22.572215	-11.754039	15.086239	24.292374	42.189990
99.175616	-7.164269	-6.925947	10.475967	19.452997	30.480136
100.000000	-5.003697	-5.358607	11.661772	18.112101	27.710983
100.000000	-4.839330	4.817574	8.928776	19.849217	21.773012
100.000000	-8.245152	-20.514491	11.814288	39.489850	33.645732
99.983835	-36.879337	-23.962707	8.355454	26.739334	63.017823
100.000000	-3.498944	1.888019	12.753694	13.500492	18.153680
99.608180	3.521449	3.927153	6.072044	18.076844	20.834624
99.923603	-13.043153	-26.564883	12.853511	30.632001	40.791821
100.000000	-3.541920	-7.115248	7.564209	24.625027	28.586857
100.000000	-29.986956	-19.658341	14.729662	25.761420	52.481766
100.000000	2.667385	-0.104538	11.529013	16.912373	17.336001
99.796922	-73.886765	-32.290667	15.745871	55.013718	92.778898
99.976732	-54.537054	-28.034651	7.788787	45.214471	69.484569
99.672111	-17.396279	-12.020729	19.594260	15.254293	39.847230
100.000000	-5.940920	-5.096654	13.578105	14.884329	25.170979
100.000000	-0.698442	4.486815	5.174473	14.807450	16.667874
100.000000	-17.925889	-8.497943	3.705800	16.984305	23.635310
100.000000	-26.620009	-13.382327	-4.094626	35.141059	44.761434
99.943185	-61.261047	-35.532796	-29.795858	51.832369	78.936368
99.405450	3.317557	1.749994	9.786397	17.130924	15.242475
100.000000	-100.000000	-44.795831	6.957463	34.331505	100.000000
99.979363	-56.380127	-38.493036	11.011496	49.874791	77.531585
100.000000	-8.842313	0.154136	-4.605808	19.479968	22.204520
100.000000	-14.949033	-22.063467	11.807191	36.846943	48.386366
99.933667	4.661604	4.053975	10.879214	13.577914	9.661616
100.000000	1.301986	-0.355898	16.297005	21.694869	16.648272
100.000000	-4.695056	-6.463427	7.530965	27.408418	34.585396
100.000000	4.203742	2.511243	8.845061	14.401350	22.723257
99.597155	-0.859587	0.988227	15.116719	20.137823	12.929465
100.000000	-5.584775	-1.394046	10.203965	9.223351	32.649654
100.000000	-12.642282	-19.537700	-9.736132	18.744384	30.152511
99.977119	-0.312297	-6.442932	9.567718	13.301525	18.602442
99.855944	-63.837511	-13.505416	-5.550227	39.450946	83.341907
100.000000	-15.557652	-15.451528	25.904242	28.924874	48.997369
100.000000	-23.136996	-10.773595	29.688372	29.623828	42.138988
99.780577	-5.553206	-12.088330	4.462705	38.456537	29.147019
99.982644	-25.998500	-36.825244	13.798531	32.204675	58.815624
99.801031	-40.923877	-11.984594	-16.487448	19.946924	65.253389
99.961478	-88.492692	-47.822493	1.263815	47.850009	99.896073
99.801243	-5.497625	-10.064709	12.672946	22.517078	23.526729
99.959471	-7.671682	-17.686881	9.836553	13.372375	35.010609
100.000000	-4.447158	-2.148257	14.019722	16.111283	22.368220
99.685652	-6.672601	-5.426787	10.300407	19.048102	26.499243
99.898865	-29.226242	-33.117724	14.810086	34.077231	54.492882
99.818049	-6.683137	-4.398350	10.605226	16.764332	31.489676
100.000000	-8.584909	-1.460895	18.991161	12.557123	33.642877
100.000000	-10.401545	0.511869	23.953664	13.025729	36.212647
100.000000	-22.148528	-16.763657	2.480580	38.315433	41.804710
100.000000	-32.536245	-13.824033	1.813917	37.345942	54.740671
100.000000	-4.857766	0.223237	7.622568	11.521703	20.169874
99.848402	5.732989	2.973134	4.755895	20.166788	17.195706
100.000000	-46.956451	-27.872094	11.010115	50.261160	64.108906
100.000000	-3.964026	7.019737	15.941556	12.546501	18.053824
99.945141	-41.098476	-16.569636	-8.443804	31.483195	60.822392
99.897125	-27.440909	-15.206687	21.413550	35.552676	45.794621
100.000000	-8.049854	-6.815592	20.225612	17.028004	37.503956
100.000000	-12.287435	3.739436	6.377252	29.708889	42.782796
100.000000	-6.390127	-20.621002	8.174354	31.841948	47.416704
99.925027	1.633691	4.959836	12.157132	15.893580	11.542062
100.000000	-7.914754	-4.364675	6.897597	20.460715	28.203993
100.000000	-31.604777	-11.590376	-0.281489	32.602309	50.923083
98.725427	5.922222	1.277621	5.628277	19.383264	21.349370
100.000000	-9.063600	-9.944393	10.800700	15.912330	28.297917
99.924123	-0.702385	1.825811	2.428475	14.235825	22.436695
99.923060	-5.129030	7.624751	14.544515	20.248212	24.773027
99.955967	0.972072	2.434782	9.971346	12.596419	22.101412
100.000000	-87.383114	-46.352331	17.682247	53.447632	100.000000
99.761571	-44.265504	-5.950630	-6.356831	32.117508	49.762694
100.000000	-10.740064	1.452559	6.539856	12.953732	23.779813
100.000000	-41.061858	-49.126579	15.732950	38.773869	67.174578
100.000000	0.932698	5.409851	9.545795	10.140401	19.658359
100.000000	-3.634332	0.990033	13.363705	18.101894	20.306993
99.938539	-10.529017	-10.316995	12.417866	23.158322	27.595742
99.853187	-29.203452	-39.706787	9.058119	28.753137	48.801242
99.930068	-22.817973	-19.419804	8.783497	32.590255	49.517480
99.981410	-14.634306	-11.208248	14.975754	18.417235	19.189688
99.900804	-19.903945	-16.364360	8.792918	25.189403	46.735588
99.962158	0.997495	4.659906	11.568095	13.053010	18.390338
100.000000	-5.589927	-6.740757	19.781764	23.862551	26.124981
99.815649	-10.034896	-14.509398	15.806346	21.991886	35.523542
100.000000	-100.000000	-44.141514	16.514049	44.936869	99.957859
99.167891	-1.887328	-1.972593	11.850715	13.347805	19.836871
99.982868	-6.729650	3.906177	13.668335	14.159764	21.947714
100.000000	-36.408361	-61.071135	28.581184	71.360332	62.627359
100.000000	-15.852810	-0.392781	3.771602	18.462385	40.568587
100.000000	-4.844068	-5.190531	14.767022	16.283574	24.138491
99.639853	-13.446584	-1.556928	20.899935	12.623411	30.318617
100.000000	-37.874249	-30.904901	13.545747	33.747278	51.738310
100.000000	-77.509702	-60.782997	1.027085	60.925865	90.393371
99.826547	2.423186	0.345846	10.953619	19.965130	18.324399
99.654500	-9.311417	0.769355	8.579765	32.794841	22.407802
100.000000	-57.120238	-57.507359	24.892583	57.001788	84.613101
99.953327	-42.950728	-41.978376	8.911804	39.200327	54.593134
100.000000	-6.269390	5.245309	7.824356	19.855184	31.390037
99.912340	-89.125268	-60.352931	28.638871	57.300351	99.994466
100.000000	-48.124920	-24.559914	7.282415	37.893873	81.267467
100.000000	-46.392186	-38.063347	19.553873	44.265023	71.740199
99.752256	-0.321037	-9.212710	15.335318	21.567204	22.987907
100.000000	-56.082890	-17.600431	-7.470311	36.845634	72.381280
99.673226	-12.313721	-11.195115	19.768290	24.339246	28.060640
100.000000	-38.229951	-20.416026	21.435886	41.446299	64.084269
100.000000	-100.000000	-53.167890	-4.995296	44.807363	100.000000
99.776748	-10.382553	3.278229	7.088295	16.319864	20.491753
100.000000	-33.952618	-10.949452	23.479047	11.412514	46.461224
99.605042	-11.363533	-12.246842	12.204661	23.888171	29.134602
100.000000	-12.303437	-5.524361	14.787455	21.752468	22.631604
100.000000	-0.433214	-13.169298	14.050880	18.970128	34.220514
99.971990	-30.109222	-23.341086	11.418712	32.807352	53.699725
99.894288	-100.000000	-47.282050	4.540660	38.300827	99.886985
100.000000	7.378487	1.193827	11.765374	17.033117	17.948856
100.000000	4.911518	0.461547	8.202411	15.849115	20.083591
100.000000	-2.797059	-8.966203	10.570278	11.589614	26.872340
99.886606	-14.829914	-7.776479	15.906671	28.882228	23.690554
99.762753	0.380926	-16.041597	13.119566	25.259588	27.608552
99.438599	-8.315047	-2.248090	10.063294	16.948231	17.740218
99.898934	-38.627052	-26.315532	10.980022	23.792497	53.360955
100.000000	-9.763088	-10.991558	15.490170	21.347952	37.977067
100.000000	-6.077000	-3.201459	11.702883	12.594808	31.476623
99.797975	-9.591580	-12.843963	15.708928	20.069984	23.491592
100.000000	-11.756720	-7.576126	14.945735	19.484891	27.921322
100.000000	0.170160	-4.643728	12.049398	16.547413	11.790333
99.919052	-17.289262	-10.290015	2.146992	45.751774	44.379710
100.000000	-9.967527	-11.082111	-1.222889	33.335035	31.314553
99.588775	3.473366	4.737837	9.859388	18.663982	17.360080
100.000000	-6.339315	-1.564896	12.449933	16.181135	24.612481
100.000000	-4.224649	-7.429403	15.728097	23.864384	12.080092
100.000000	-9.105934	-22.794788	16.445498	30.495961	42.506048
100.000000	-9.600104	-7.684854	17.464012	10.190274	29.789354
99.888995	-16.529211	-1.584136	16.854549	26.080606	31.274219
99.718396	-21.904767	-25.275773	15.139922	28.997643	40.972403
100.000000	-100.000000	-31.194050	0.844827	38.900747	100.000000
100.000000	-24.302927	-13.439865	10.022158	20.537238	48.441520
100.000000	-5.705673	-1.311600	8.532329	22.624020	25.512166
100.000000	-7.547523	-5.488052	16.378724	17.619267	28.371305
100.000000	-9.345853	-17.816749	-0.684998	20.377107	16.052589
99.680211	-27.477727	1.552654	5.337891	14.271001	40.968811
99.956383	-6.103379	-9.962633	16.087512	19.866764	28.046739
100.000000	1.883114	1.087169	5.733982	12.690452	20.959073
100.000000	-2.051329	-9.885505	15.770722	20.036662	31.820851
99.496683	4.671518	-7.049482	6.598471	15.842791	14.743639
100.000000	-5.930700	-1.005251	8.145912	23.410348	17.399422
100.000000	-99.931834	-40.808765	-74.024354	34.646133	99.965025
100.000000	-11.547463	-15.590462	3.746676	33.400033	34.098961
100.000000	-5.476987	-6.365234	12.285458	19.421335	27.722726
99.970821	-13.280344	-10.155396	12.468356	24.364699	26.662168
100.000000	-11.682707	0.717470	11.621151	23.308895	33.575191
100.000000	6.584080	4.757448	7.638334	19.120749	19.813090
99.582260	-3.494160	-8.717634	14.761363	21.436126	29.314207
99.926442	-52.778531	-43.805411	11.361458	52.630292	85.507337
99.808623	-4.995464	-11.961638	10.345948	27.610381	35.758458
99.341761	-7.339911	-10.469593	7.962789	23.899274	28.220044
99.705181	-7.606405	3.725133	17.711427	12.549093	33.894401
100.000000	-0.986685	-21.425283	16.307483	38.843246	23.986610
100.000000	-100.000000	-44.183870	-12.939380	34.083320	100.000000
100.000000	-7.174449	-3.972292	8.618728	18.473036	29.417475
99.771710	-2.937731	-11.715248	16.091988	19.592940	23.350819
99.744395	-26.791836	-10.626979	17.124248	28.244436	40.059190
100.000000	5.411127	-1.753664	12.077795	17.799409	20.164659
99.513583	0.446883	7.658714	13.677638	14.467942	15.797034
100.000000	-12.758626	-17.677780	15.687570	27.767544	21.879099
99.644399	-3.946179	-9.707621	8.112221	28.976373	22.705055
100.000000	2.688690	1.890459	11.006000	11.354068	18.553600
100.000000	-74.276476	-17.995972	-5.337790	54.349816	90.765814
100.000000	-15.004622	-5.897875	9.484891	17.043880	29.871104
99.829595	-40.225434	-40.254248	11.811246	55.224135	65.872699
100.000000	-99.923779	-38.804130	-84.205647	33.626668	99.990446
99.828888	-31.932917	-11.281997	10.404570	27.409190	44.793093
99.927804	-38.868996	-31.860667	15.133353	43.912443	61.748151
99.842260	-1.101174	-8.517249	10.696035	22.660846	26.002006
99.954835	0.783631	4.719366	13.109608	7.453335	9.726079
99.637478	4.704945	-6.635352	5.518156	13.261440	16.594492
100.000000	-15.887189	-43.768140	5.631637	47.133017	26.106488
99.633242	-25.506250	-26.463718	13.706659	21.211828	46.532799
100.000000	-14.795098	-9.721871	16.776029	19.944181	40.752298
99.639796	-2.942923	-5.922617	15.444034	16.311969	24.853810
100.000000	-8.816318	-9.463678	10.657507	22.165020	27.834909
99.410326	-1.241623	-11.439772	5.590746	29.949177	31.114012
100.000000	-8.909731	-13.134240	6.274909	24.961154	27.866880
100.000000	8.250796	6.889126	14.225793	10.706379	17.689456
99.982858	-3.165936	-7.374994	5.278892	20.248999	24.136788
100.000000	-10.478199	8.408573	9.246358	3.808193	38.348591
99.512988	-6.663229	-11.803346	11.617153	15.988720	19.453527
100.000000	-11.656094	-8.914266	11.844997	12.613592	45.303066
99.948335	1.539036	1.882322	12.137984	15.614920	17.602949
100.000000	-16.839943	-16.216972	5.641828	29.541758	29.620185
99.040203	0.653857	0.554840	14.632779	13.481316	17.578672
100.000000	-38.228286	-36.256749	10.234867	48.016873	63.217090
100.000000	-100.000000	-41.992436	-71.376503	34.603147	99.909182
100.000000	-100.000000	-45.596198	-38.494888	35.417672	100.000000
100.000000	-51.174737	-43.455340	-0.717049	41.889596	71.232762
99.746567	-3.986389	-12.270509	22.457065	25.765530	20.192045
100.000000	-7.524586	-6.091275	1.464280	22.821083	26.783268
99.327350	-16.463006	-7.639961	14.471949	26.857059	29.699347
100.000000	-8.740699	-10.182313	6.046030	12.054265	38.681779
100.000000	-100.000000	-35.197833	-8.798754	43.014590	99.884937
100.000000	-34.793171	-8.989796	9.167418	43.482969	55.727092
100.000000	-3.238650	-15.361222	13.211781	20.856938	36.246508
100.000000	-30.593038	-14.567891	13.420729	18.339860	63.962494
99.743842	-3.018226	-2.973692	4.651340	14.451124	18.231050
99.792939	-18.498766	-15.314056	19.821761	23.279970	35.018712
100.000000	-19.383597	-1.019033	-8.217046	35.189014	26.055301
99.649504	-12.775100	-10.266273	2.267460	16.075006	35.275075
100.000000	2.810407	6.609904	7.562309	13.496283	13.794478
100.000000	-35.915787	-47.663201	17.669552	40.858477	57.686604
99.979355	-2.228602	-3.641612	11.032088	20.323463	26.942288
99.311490	-3.968864	-6.004522	11.822358	19.606499	30.078567
99.892567	-79.682025	-12.971369	-21.916073	48.611442	91.842518
99.977295	-99.874830	-28.608433	-47.990353	34.190471	99.998406
99.845007	-11.311540	-12.462772	4.332996	21.619303	41.040646
100.000000	-44.822037	-24.719893	25.656781	47.595102	68.199020
99.950794	-13.478344	-25.414709	9.618413	32.274248	43.352600
100.000000	-30.450983	-10.934345	0.835641	32.992429	51.966728
100.000000	-39.269582	-47.892833	29.313630	60.478386	78.387881
100.000000	-78.979808	-35.320503	-11.855297	48.884979	99.935894
100.000000	-47.766796	-20.872028	5.657084	36.158676	45.438666
100.000000	2.903665	-4.876366	6.521261	26.138333	25.112641
99.530726	-2.631810	-10.846459	9.140928	19.279814	30.821928
100.000000	-22.997132	-32.916790	18.667209	40.134278	41.955023
99.951511	-100.000000	-43.088537	-35.544727	34.548978	99.893275
99.399557	-29.466967	-30.894720	21.926735	66.681428	47.229867
100.000000	0.994986	-5.580402	5.014816	20.432209	28.255933
99.966991	-26.378070	-31.161915	12.943630	45.962469	53.765963
99.730750	-10.223715	-5.348582	6.689232	19.371434	29.407952
100.000000	-100.000000	-44.816142	-9.078559	34.436871	99.865486
99.903953	-62.747852	-51.240400	11.740821	56.395629	87.460051
100.000000	-19.530882	-40.535572	10.646243	46.597467	45.502065
100.000000	-67.083056	-56.932321	-11.872435	55.152102	80.401840
99.579467	1.032364	-0.719680	8.428425	15.237750	19.263167
98.612673	-0.280883	1.653683	8.082085	14.930819	20.031070
100.000000	-4.608005	-8.865848	9.699376	26.276659	28.717954
98.930043	-7.336429	-7.873020	14.792764	15.010922	28.732224
99.749138	-7.859644	-10.816202	12.433906	21.798713	21.550458
99.931278	-37.287305	-39.498330	-6.568409	64.945472	77.792529
100.000000	-100.000000	-45.072067	-14.242169	34.695941	100.000000
100.000000	-10.934276	-27.933621	1.694411	18.561855	25.188836
99.919383	-21.933195	-33.462524	-6.815275	46.359567	44.995965
99.913075	-12.201997	-12.323481	10.433294	23.373081	29.066296
99.948022	-1.522984	-7.751715	7.757435	13.994080	28.238421
99.833475	-7.256247	-1.881567	9.030605	20.623269	32.024286
100.000000	-3.844790	-11.577882	-13.470937	22.640204	34.304596
99.467349	-8.330851	-6.967589	7.628032	23.571208	36.656706
99.826677	-30.949451	-42.055083	15.503574	46.317765	57.384276
100.000000	-11.529992	-14.559112	12.589728	23.748952	33.296604
100.000000	-11.741559	-2.274612	17.131537	16.755139	32.588813
99.728900	-58.536020	-22.653623	-5.300091	46.925306	80.354048
100.000000	-38.828996	-28.265356	8.341186	48.753924	71.946593
100.000000	-24.169364	-18.643021	10.429525	42.530095	54.561819
100.000000	-55.438737	-30.846202	3.369916	35.633777	82.866950
100.000000	-85.611172	-44.979350	7.809375	57.479154	100.000000
100.000000	-60.625529	-27.810958	-2.310277	43.604246	85.107077
99.966570	-19.125634	-21.241704	3.435237	25.779373	36.071487
99.808540	-5.967009	-16.575052	7.925701	16.932085	24.336730
99.994525	-100.000000	-46.215517	-2.929551	35.972462	99.895975
100.000000	-99.865678	-46.489796	-11.239388	36.757629	99.823100
99.972437	-6.843085	-3.605112	13.581384	19.665252	38.001965
99.869051	-78.356245	-35.199445	-23.759039	50.784050	100.000000
99.985748	-19.858282	-33.190692	24.214194	52.653405	56.008609
99.515630	-1.291310	2.816120	9.244918	21.126621	25.137330
99.856632	-99.882324	-44.743599	-11.028506	34.673454	100.000000
99.334998	-8.589691	-7.527042	10.007837	14.408600	27.940696
99.531174	-5.124595	-17.317279	11.721461	22.457776	42.080544
99.204987	-4.713684	-12.717252	18.865423	21.428952	28.318595
100.000000	-1.888826	-11.326994	18.502229	23.096472	21.320827
99.861061	-64.626596	-9.339159	8.114079	28.197008	80.781100
100.000000	-86.143859	-58.857311	10.284970	52.429342	99.895605
99.943143	-1.892543	3.401345	14.425661	19.611541	25.562887
99.973164	-47.737092	-26.205621	-13.205671	30.903776	57.046874
100.000000	-56.723014	-25.026430	7.868427	54.371985	66.469065
100.000000	4.053112	-12.292620	6.105165	27.588606	26.466776
100.000000	-5.396452	-8.831692	13.554289	13.554409	27.542201
100.000000	-9.733995	-9.344417	12.705221	15.461966	24.949598
99.800610	-35.850936	-31.437383	15.887432	37.329460	71.982822
99.842400	-28.099089	-33.158815	18.122690	28.744966	47.093392
99.826019	-21.184511	-24.990859	20.451543	25.036929	44.481979
99.944812	-20.869919	3.745764	-1.680810	39.800682	43.660845
100.000000	-29.712305	-18.710106	20.854266	46.860632	70.205597
99.964419	-44.899680	-9.882244	4.733110	23.152663	59.795148
99.961031	-10.395253	-20.481664	9.277586	19.168862	33.574883
99.474031	-8.126893	-9.224654	15.803512	19.942228	39.436541
100.000000	-10.631583	-7.334117	7.503935	37.898792	33.802421
100.000000	-20.593782	-23.500513	10.931239	23.410471	52.686010
99.959823	-5.980787	-10.968302	13.030340	21.918222	35.837485
100.000000	-3.878010	-0.569305	11.801052	19.533874	25.633386
99.779228	-20.964206	-18.405349	11.558867	33.766289	59.601687
99.972548	-34.977117	-45.712267	6.583385	49.349849	45.806022
100.000000	-2.496636	-3.764728	2.428473	23.952404	19.484277
99.612471	-41.280785	-9.436281	13.271599	31.430515	65.177985
100.000000	-46.013137	-51.507556	20.316103	44.142888	80.219390
99.984719	-15.821563	-3.043474	14.395190	23.128860	39.984646
99.622427	-28.335632	-16.286397	17.830053	35.138887	52.362683
100.000000	-3.939199	-7.254628	-0.145534	36.252901	41.539116
99.811191	-32.522425	-34.312647	11.680024	31.443967	44.454577
99.843480	-40.363219	-16.047051	-2.934409	34.854658	72.184558
99.811548	-5.201925	-15.818294	15.642671	21.236826	32.343858
100.000000	-1.876639	-6.888582	11.335663	8.997271	27.837916
100.000000	-8.134422	-8.192435	13.077611	24.798229	29.325208
100.000000	-2.181434	-14.774190	15.440115	18.453535	18.427128
99.986855	-58.075571	-33.969109	-7.301338	52.506681	88.296604
99.723841	-5.859117	-4.387355	1.985420	21.851891	28.423128
99.360093	-10.898651	-16.964873	9.230937	25.458976	28.636496
99.278929	-4.750206	-8.981885	23.809936	30.897372	25.485608
100.000000	-69.448073	-28.155797	26.657879	59.182564	97.836187
100.000000	4.447388	-13.285013	9.230528	21.723936	28.560349
100.000000	-5.147642	-12.377579	11.501536	26.355001	36.547445
99.999528	-11.846847	-1.289976	7.048832	24.993196	36.270960
99.730743	-31.342451	-20.544092	4.378529	39.108946	51.418469
100.000000	-19.107385	-17.772772	15.831773	33.465325	50.422949
100.000000	-0.487646	1.666469	14.073697	7.290964	19.797551
99.305815	-5.705230	-7.390507	3.033319	24.436540	27.166150
99.530472	-5.320052	-8.258416	12.976652	14.193589	25.086956
100.000000	-99.956605	-40.649408	-12.927397	34.632487	100.000000
99.879498	-30.790167	-21.198405	-28.909873	49.099656	65.071061
100.000000	-4.710619	1.653722	7.670468	17.398331	23.905215
100.000000	-10.408786	-2.615254	10.420540	17.117002	41.419383
99.874763	-36.129200	-36.132961	23.694739	45.400079	62.286245
100.000000	-6.564433	-8.866125	13.616653	17.946424	25.085016
99.855222	-59.325701	-42.330643	-23.016761	54.393614	54.673206
100.000000	-3.345485	-2.227007	9.851211	23.252495	20.676437
99.965488	-8.052795	-5.760450	9.165999	27.928066	29.526181
100.000000	-4.389540	-2.191408	22.613547	15.400353	28.336887
99.175206	1.854931	2.384656	9.679966	13.200935	15.134839
99.778620	-11.525210	-5.621954	20.909032	13.330853	23.819493
99.793996	-8.323389	-14.819820	1.643086	29.108963	34.093264
100.000000	-28.277278	-24.984358	7.418398	36.455054	53.842806
100.000000	-19.318200	-17.231256	17.536582	44.243171	67.726772
100.000000	16.513522	-91.970286	-4.258520	-1.533180	19.783215
100.000000	-15.693805	-0.286647	6.326876	24.648139	21.245365
99.891525	-72.930618	-36.151188	-1.165225	52.651377	94.026684
100.000000	-25.764030	-32.218239	8.550105	49.651814	57.666164
100.000000	-99.880616	-36.031275	20.643660	42.869780	99.972617
100.000000	-7.251434	-10.673819	11.909162	20.269795	25.934984
100.000000	-23.662696	-22.350535	23.127976	25.090446	42.227620
100.000000	-37.447749	-9.910202	15.854658	38.509745	73.590162
99.979254	-15.211052	-9.965646	1.558507	31.595730	43.137625
100.000000	5.708076	4.153875	8.476722	12.178077	17.950562
100.000000	-15.433874	-9.196332	15.057881	16.415086	40.332028
99.984109	-36.929202	-15.485618	13.982614	40.411734	53.111043
100.000000	-9.816221	-6.082172	8.387582	23.393645	30.080944
100.000000	-3.980541	-0.602681	14.168171	11.045913	30.956858
100.000000	-1.270506	-3.435207	11.125792	14.031715	29.349034
99.907079	-32.491787	-13.427494	6.144829	43.004832	62.060660
99.812649	-8.460820	3.043742	7.147022	22.006274	17.068351
100.000000	-12.513226	-14.489814	13.548413	28.305734	30.645363
99.967889	-15.564189	-24.689059	12.825266	24.351633	42.628889
99.989829	-31.037902	-19.713615	7.463766	35.420967	55.586429
100.000000	-78.099814	-56.372606	28.746622	56.185061	99.859332
98.874901	-4.567273	-4.894907	11.868862	17.749480	21.567329
100.000000	-12.136290	-17.870225	12.230732	24.634332	40.911645
100.000000	-11.225182	-12.234542	12.688272	21.965733	22.426538
99.935868	-11.108382	-1.591543	5.602041	26.274491	30.866832
99.224399	5.238325	2.221420	17.435027	16.250466	20.002086
100.000000	-21.486897	-14.959869	8.148652	39.373842	44.909115
100.000000	-0.629405	-11.058475	13.880855	21.223943	24.892437
99.830082	-14.194917	3.100000	15.427755	18.324682	28.543727
99.886357	-46.342805	-38.117623	21.947997	36.081405	58.707846
99.875701	-99.928812	-44.761979	-30.155887	34.733399	100.000000
100.000000	-33.639592	-19.680426	15.950744	38.222947	59.746273
100.000000	-8.594817	-3.510224	9.375012	16.349778	27.915571
100.000000	4.414575	1.738955	14.471379	18.114249	15.401667
99.906005	-13.021127	-9.104690	20.235402	18.267825	37.099715
99.917671	-99.943237	-42.698628	-58.297395	34.508191	99.856454
99.833420	-99.955011	-44.911610	-30.128465	34.741552	100.000000
100.000000	-0.369861	-7.991796	7.453621	18.423140	25.794162
99.848313	-2.462918	-1.574691	7.546027	23.408830	24.611754
99.845226	3.538527	5.794062	11.755427	17.265977	17.235827
100.000000	-16.506255	-38.064573	12.398236	36.695103	39.612357
99.906871	-10.962663	-7.602155	17.000577	23.084662	27.284418
99.733031	-6.416680	-5.883323	12.797481	16.192445	30.824511
99.910758	-13.753320	-3.042891	12.736108	15.945028	33.305790
99.942069	-8.172346	-1.300979	12.542007	24.100942	31.602468
98.313143	8.765863	-4.454697	-4.327514	12.131721	-3.809523
100.000000	-25.660085	-18.747098	13.900832	35.614890	53.485980
99.805012	-39.502493	-14.831613	7.386486	39.329605	48.651271
99.560597	-9.874497	-11.758273	10.010121	20.070732	37.864844
100.000000	-16.891691	-10.546664	-3.229871	27.949157	34.578719
99.997955	2.878617	4.378949	13.898699	12.575230	17.687987
99.948652	-76.855780	-55.287401	15.906601	56.794842	99.981165
99.970406	-16.220574	-10.423271	2.351357	25.875643	43.284924
100.000000	-7.570791	-1.728045	9.546770	20.112385	30.585446
99.638505	-4.048734	-9.755640	13.911065	22.777035	28.943653
100.000000	-17.091801	0.773029	5.620354	14.731132	41.018215
100.000000	-7.046859	-7.572850	10.225994	22.248721	37.117037
99.922365	-6.300081	-13.323389	21.789198	24.926640	30.397457
100.000000	-13.822559	-8.451999	-0.322111	33.240577	50.182027
100.000000	-6.951326	-9.072843	15.604499	19.870993	28.456909
99.938549	-10.855369	2.794410	12.347427	20.376272	26.845045
100.000000	-1.301769	-6.525924	14.051653	23.682692	21.192065
100.000000	-10.757172	-8.713086	11.825544	26.239722	43.617284
100.000000	-12.109911	-4.674664	13.404055	18.894018	32.368655
100.000000	-36.143466	-34.521317	11.520952	47.009891	72.960200
100.000000	-100.000000	-44.898517	-15.859435	34.251159	99.973863
99.827260	-10.187516	-10.233158	7.669174	25.602383	27.541444
99.640492	-14.983237	-5.386813	13.058085	20.129101	26.459648
99.989912	-16.852090	-5.453436	9.207640	20.762871	52.339525
99.951662	-13.705147	3.091316	15.734347	5.196486	41.496018
100.000000	0.052343	-8.646363	1.367557	13.404481	19.782656
99.854813	-9.336382	-9.607588	16.184985	17.548382	31.742607
100.000000	-38.069753	-15.651867	4.950481	36.803448	68.155519
99.932964	-39.740216	-27.159684	-3.974790	43.140730	59.268601
99.866378	-7.062903	-13.755987	19.648343	27.691086	35.271750
100.000000	-31.204538	-19.454051	0.575842	25.887305	53.545040
100.000000	-4.213470	-13.453779	13.564394	17.742608	30.744299
99.823049	-10.233269	-11.450705	13.614785	21.780726	30.117464
100.000000	7.358403	1.903139	10.546189	17.589490	19.111578
100.000000	-9.583947	3.720989	-7.789817	23.337730	21.177928
100.000000	-31.373318	-15.522991	5.863860	22.482459	41.624517
99.920705	-92.103627	-41.024766	-10.736945	45.964509	99.555898
99.904303	-52.336016	-12.289514	2.776318	32.220039	69.304028
99.568203	-47.541709	-27.697960	6.740558	31.667897	61.421466
99.778470	-11.829556	2.527355	9.010784	15.848884	26.384261
99.527184	-10.882015	-3.021945	11.665660	22.019552	30.207677
99.629249	-23.941235	-24.925205	4.742264	26.951248	46.377735
99.644306	-31.885246	-42.410549	10.484783	44.312939	59.790849
99.501732	-7.642704	-4.142148	8.517221	15.370858	19.067856
99.952642	-0.054136	2.720556	8.515189	14.474841	18.957369
100.000000	-19.626759	-6.020462	4.738703	38.739169	44.487436
100.000000	-43.946997	-72.213469	-0.643833	54.237767	61.264803
100.000000	-23.223856	-13.937796	-0.761533	22.788531	37.287806
100.000000	-9.147627	-4.952668	5.702654	21.095096	23.700683
99.710065	-8.385274	3.342672	0.302354	21.121301	19.745508
99.279366	1.739258	-6.559948	10.269622	17.617599	27.904581
99.942463	-36.959537	-15.527677	-8.314910	37.875055	53.984731
100.000000	-3.079043	-12.658116	9.857314	21.641494	30.476530
99.868596	-13.350240	-7.053822	13.150323	21.649456	27.808470
99.782871	-0.500906	-5.879875	1.903083	24.270324	33.386859
99.883684	2.281170	-5.310816	7.518057	25.410841	35.168973
99.846988	-20.935999	-28.829545	25.151330	42.485723	43.664762
99.723336	-20.302365	-28.104901	9.107241	30.338806	60.362754
100.000000	-4.163358	-9.247086	13.406784	18.306797	17.836170
100.000000	-51.366383	-24.392202	-10.645906	53.568826	80.540237
99.920962	-45.879932	-21.390051	11.205033	46.466875	72.763681
99.918520	-19.388287	-17.912696	8.953615	36.108866	51.230693
100.000000	-32.683941	-43.994173	-0.039596	48.753241	61.507076
99.833743	6.161996	4.290065	3.849868	17.695008	24.891202
100.000000	-42.100137	-25.913041	7.351906	41.290692	72.590898
100.000000	-3.215951	-11.163829	-1.499197	29.231296	6.307062
100.000000	-23.037923	-25.246855	22.383443	28.423843	48.375768
100.000000	-11.594059	-4.285700	-1.420844	12.899174	27.010275
100.000000	-19.966354	-17.880450	13.416570	18.256742	28.129371
99.802521	-22.676443	-30.902494	5.094214	57.661662	62.420613
99.726678	-37.646344	-27.927924	17.002472	33.709700	57.861863
100.000000	-11.669673	-4.327895	16.152310	27.275493	31.797381
99.934568	-99.978995	-36.151944	-83.975575	34.664627	100.000000
99.673049	-2.524266	-1.338945	7.662816	14.581585	28.581944
100.000000	-34.622519	-15.182276	12.841580	29.399382	45.849624
99.958525	-68.081481	-38.462793	-11.763897	54.038970	92.791333
99.832003	-23.043042	-12.161671	19.986962	11.362931	43.309351
100.000000	-13.906865	-4.466888	15.130601	24.145229	46.040831
99.830364	-13.671518	-16.107070	-29.198920	28.423000	35.080196
99.810220	-2.203791	-1.157546	-4.006371	23.966099	24.810362
100.000000	-16.514305	5.959685	-0.868975	17.580227	30.974155
99.809375	-26.078243	-68.986270	13.936025	47.770624	35.273803
100.000000	-10.430275	0.885308	22.465932	18.156135	40.916101
100.000000	-1.903396	1.594767	14.495745	23.476968	21.918199
100.000000	-23.529969	-21.073773	3.708958	23.586403	35.874080
100.000000	-41.555283	-49.864808	18.954823	66.727081	77.075844
100.000000	-100.000000	-30.633552	2.780040	34.291174	99.978797
100.000000	-100.000000	-27.469686	-19.411115	34.446434	100.000000
99.840838	-100.000000	-44.907261	-24.680003	34.808410	99.944836
99.850256	-82.321423	-36.614360	19.125571	59.467843	93.758116
99.885419	-30.891601	-25.282503	-14.486083	47.323798	51.514806
99.980802	11.436726	-18.263179	-17.226074	39.190636	40.183359
100.000000	-30.923983	-26.861699	5.323885	45.717139	45.534069
99.996430	-27.038396	-7.255700	10.422832	17.307730	33.328599
99.941522	-63.864776	-46.111138	7.577495	44.699764	92.010533
99.765589	-10.291549	-12.024857	9.349697	29.064559	20.077250
100.000000	-55.323839	3.660827	-29.728463	36.542855	56.725956
99.993254	-33.568438	-37.725774	16.109502	69.147605	74.551622
99.995266	-68.311356	-23.240349	7.882461	38.853783	75.555382
100.000000	-17.462879	-15.762546	14.656603	22.672211	39.073836
99.997147	-9.557894	-9.962786	12.863377	23.722192	40.439915
100.000000	-21.656235	-26.595592	23.724361	31.612770	34.751523
100.000000	-26.053589	-26.941178	8.169277	34.847120	34.232475
99.714840	-6.729881	4.170195	2.944355	15.498857	20.727517
99.270418	-9.606721	-13.975879	21.534788	17.104135	11.092763
99.190317	3.274237	5.801739	8.942664	15.308517	13.465809
100.000000	-3.206063	-3.902751	11.889446	18.686795	15.627979
100.000000	-28.076786	-11.829513	8.052342	30.354536	59.679509
100.000000	-19.932035	-24.564668	24.757152	22.625859	35.972401
100.000000	-37.018059	-38.278470	20.315000	46.377238	31.971246
99.967269	-59.015672	-41.335734	16.552378	57.130407	100.000000
100.000000	-11.585996	10.685871	-10.072757	9.819896	27.677955
100.000000	-5.063407	-5.159064	7.295545	28.110237	23.194537
100.000000	-87.238057	-27.604253	-21.455271	40.979508	88.491889
100.000000	-1.322723	-6.083193	5.888528	20.789214	32.296030
100.000000	-3.814745	-6.193543	12.952931	22.378744	30.834922
99.906349	-49.160087	-41.624051	5.000244	50.786397	72.978729
99.403378	2.085546	8.588493	7.831301	20.194475	36.715291
100.000000	-21.120794	-8.208499	22.042038	33.729389	30.769247
100.000000	-9.829494	-9.479440	17.248278	15.751701	30.278542
99.944363	-26.102126	-12.038026	5.301884	33.396581	55.916274
99.990186	-4.653923	-6.911518	13.328418	18.761243	26.973312
100.000000	-38.629455	-48.000427	-4.272790	60.507922	89.008016
99.847526	-18.545261	-13.811496	10.636905	28.209574	42.027894
99.874894	-85.270175	-57.007062	-1.466135	49.341204	100.000000
100.000000	-1.715913	-7.585131	4.982286	23.667023	26.971229
99.344524	-16.181250	2.090330	14.145175	24.146281	22.801548
100.000000	-63.839685	-35.231700	13.720967	45.883106	96.685144
100.000000	-15.654014	-17.307963	18.284323	35.576951	56.410479
100.000000	-10.149961	-7.832175	12.944153	18.123550	28.076519
100.000000	-100.000000	-44.960404	-19.456864	34.825090	99.911262
98.979600	-16.152958	-9.950019	3.775917	35.371051	26.128211
99.755764	5.456992	1.266009	12.478547	11.405275	17.468554
100.000000	-1.244507	-0.961253	1.497888	13.641880	16.578056
99.964623	-44.304458	-15.174540	0.787851	29.681226	56.326986
100.000000	-23.130066	-32.957032	14.611873	37.185568	61.443653
100.000000	-7.472025	-6.549723	12.536868	8.446490	23.038742
99.626092	1.598701	-7.069185	8.141176	21.307764	28.063450
99.990093	-11.331835	-6.385631	12.186219	23.726691	33.441434
100.000000	-14.059237	-4.218500	5.781355	34.797641	48.705281
99.839738	-1.962803	-4.320850	11.384906	16.958475	31.897424
99.636289	4.470352	3.524327	10.085646	14.776821	15.789139
99.700518	-4.513006	-4.394415	16.239879	11.632597	31.503184
99.960000	-8.550655	0.521155	16.437070	22.517369	36.625589
100.000000	-56.254110	-20.744541	13.823654	39.706563	94.320750
100.000000	-59.963323	-50.015847	7.367028	52.301135	84.654914
99.793298	-21.997660	-25.614104	19.738652	35.665033	39.548607
99.824726	3.344772	5.304404	8.394073	14.927842	18.379215
99.756045	-17.817380	-17.133819	-8.876104	38.905115	27.830848
100.000000	-19.550149	-26.484588	3.961065	36.826646	42.443455
100.000000	1.757828	9.513432	7.963777	11.809435	12.652995
100.000000	-13.791177	-13.460901	5.438369	19.935068	13.458067
100.000000	-6.521185	-10.735825	12.042665	29.030758	16.820746
99.915667	-21.723618	-16.545476	3.198242	33.605618	40.521978
99.773668	-8.099560	-9.888019	3.935347	12.484767	29.668111
100.000000	-9.246079	-9.351624	17.997174	24.680134	32.614162
100.000000	-15.905850	-15.646980	14.872665	20.098761	28.961672
99.927220	-13.451647	-18.238696	9.693140	28.723318	24.677757
100.000000	-8.315699	-12.356479	14.563176	32.212066	27.382273
100.000000	-29.294444	-7.256617	15.359946	25.263977	45.676590
100.000000	-1.565801	0.145745	12.398714	13.982247	16.805945
100.000000	4.987528	3.120195	13.588964	14.701392	17.046841
100.000000	-43.895038	-27.305174	5.377947	37.847931	60.213602
99.825427	-24.447089	-24.864588	9.539046	32.831569	49.761370
99.775697	-27.609899	-25.101029	28.483249	31.972603	55.295280
99.884571	-91.807664	-51.631584	15.831022	54.447005	99.916577
99.323826	2.669877	1.828192	11.909443	14.145142	21.828785
99.827179	-0.964021	-9.120209	13.540443	27.400562	21.764726
98.947824	-3.991455	-8.688293	15.681347	22.098761	32.740604
100.000000	-36.606115	-8.561917	23.033355	51.123498	54.091825
99.464922	-0.742695	-9.843099	12.139241	18.688165	23.435564
100.000000	-33.883183	-23.612987	20.105699	38.821685	59.207520
100.000000	-8.643449	-2.575598	10.983633	19.960746	25.134566
99.986934	-16.495825	-10.452415	14.216684	14.929664	30.664866
99.614949	5.999274	2.577447	15.370982	17.809741	23.025617
100.000000	-4.371852	-3.894430	13.107369	19.094843	24.929932
99.955287	-7.508426	3.257282	7.105295	10.655052	27.810669
99.907939	-81.495989	-26.488477	-23.741943	45.515243	93.742121
99.653873	-7.441701	-8.174521	10.412218	24.832749	23.686077
100.000000	-9.817812	-3.966197	15.308018	26.761232	37.713053
100.000000	-32.200883	-14.457084	19.498674	16.002997	46.000929
99.916505	-99.083488	-33.488256	-7.809296	45.866530	98.007876
100.000000	-6.917997	-5.085741	7.940516	23.478032	33.311102
99.806218	-7.897095	-0.257968	16.357643	20.230533	30.854874
99.803234	-9.200165	-7.006724	11.927283	19.878575	24.703848
99.722880	-6.218739	-10.595516	5.811377	21.471715	28.970696
99.982105	-5.074728	-7.537120	13.538570	32.233047	30.818588
99.859379	-22.929945	-15.519959	6.382933	35.228844	53.701417
100.000000	-100.000000	-33.490333	-84.108074	34.776337	100.000000
100.000000	-16.541867	-39.232002	17.048593	40.768481	46.675519
100.000000	3.415057	5.693668	11.272322	15.335922	16.158436
99.904972	-52.364545	-41.412381	16.769031	37.742273	83.438651
100.000000	-6.486635	-4.643572	13.059268	17.920395	27.554872
100.000000	-9.256902	-11.847633	15.653109	20.325611	29.005037
99.759931	-32.160901	-22.990528	23.228062	33.315948	52.938116
100.000000	-9.485117	-16.031122	11.115998	29.309994	26.768958
100.000000	4.086288	5.642813	9.537386	15.809179	21.377183
100.000000	-0.583594	-4.972836	17.003200	23.257366	32.737170
99.742385	-9.731470	-21.855257	11.832958	25.572460	26.776833
100.000000	-30.218594	-20.212870	3.082218	13.499418	56.836491
99.897898	-20.253951	-11.709963	-0.114772	21.180859	20.004872
100.000000	6.287246	-1.331179	13.652200	14.905740	19.365310
100.000000	-100.000000	-36.036932	-83.563077	33.529762	99.959514
99.693619	-7.875784	-5.319053	15.150420	15.243890	22.563739
100.000000	-12.594867	-3.080036	20.382356	29.885738	38.802342
100.000000	-20.045733	-8.971951	9.994945	28.886526	39.933570
100.000000	-53.659631	-50.985042	25.068458	62.733186	86.064711
100.000000	-28.646694	-37.063663	21.631300	37.258286	60.883033
99.930466	-13.071292	-34.662942	19.701665	30.304255	49.427047
99.956673	0.590702	-11.545453	18.371281	17.577461	24.446330
99.797337	-6.699353	-8.776805	6.436579	19.860132	32.406677
100.000000	1.009387	4.338858	9.708370	16.644969	18.245017
100.000000	-41.814242	-45.237016	14.794004	66.321048	82.839837
100.000000	-10.160321	-7.846699	24.953724	21.049293	32.826623
100.000000	-11.367178	-3.696129	7.054262	23.341367	28.947473
100.000000	-29.370423	-6.698280	5.532962	26.309729	50.632668
99.846674	-31.415150	3.161036	-6.976512	39.875773	57.790884
100.000000	-21.387251	-12.998562	0.120532	20.675454	28.055422
99.653681	-48.949216	-26.776749	9.514835	54.303264	73.354235
99.867848	-18.902043	-5.525735	5.498214	13.538496	28.912593
100.000000	-9.110688	-12.092856	20.071447	22.882532	38.025436
100.000000	8.521068	1.956110	12.923304	10.162877	18.048062
99.939799	-7.165368	1.700981	-4.518476	7.478792	18.977585
100.000000	-38.428536	-42.846340	0.508629	38.598222	49.616128
100.000000	-30.451806	-18.879656	23.730949	41.582057	41.647573
100.000000	-12.850369	-24.885644	11.858649	14.997540	42.040665
100.000000	-30.994948	-13.630257	13.628870	41.599989	56.258696
99.952033	-22.410881	-12.259038	17.634550	32.983808	46.754698
100.000000	-51.758709	-45.635284	9.466688	61.602159	63.514795
100.000000	-17.728410	-8.661210	-3.139828	25.457601	39.217934
99.855569	-5.525205	-3.562404	10.968616	24.277840	21.121157
100.000000	-8.993638	-10.537236	-0.181901	19.321332	45.156526
100.000000	-4.271580	-0.895993	5.831705	22.435437	30.176066
99.994003	-20.599857	-18.841585	7.873696	20.800793	50.688364
99.622510	-8.542547	-6.272319	17.526992	10.690504	20.141528
100.000000	-22.075860	-15.280556	24.616308	41.428578	49.536935
99.477371	4.963162	0.196677	10.113674	12.180421	22.498280
99.711717	-54.176207	15.279332	10.476330	20.545652	70.257087
100.000000	-1.082985	6.709566	13.153073	14.779111	10.182216
100.000000	-14.191503	-10.183318	6.541613	27.747829	47.280377
100.000000	-10.004902	3.428386	19.222871	28.906049	37.624358
100.000000	-17.189667	-6.625611	-0.551948	13.763043	41.309981
99.670232	-7.932957	-6.991776	13.118727	26.758869	31.946407
99.985817	-32.026640	-17.709190	6.753712	39.933177	49.246188
99.635888	-11.677287	-4.252843	6.920896	24.190184	37.707284
99.918312	-100.000000	-46.741436	-0.062544	36.543402	100.000000
99.741800	-31.118725	-36.822488	-11.464761	34.581330	62.052170
100.000000	-25.646378	-45.505533	11.570015	37.701725	54.011946
100.000000	-27.366103	-24.703487	15.228416	30.527974	44.705893
100.000000	2.162556	4.948206	7.681334	14.272530	21.520350
100.000000	-10.442772	1.018730	14.709115	18.694822	37.782132
100.000000	-94.431121	-38.206780	-4.664640	50.141980	88.951793
100.000000	2.474909	3.613627	7.856302	20.455994	16.311371
99.644776	-10.899857	-10.127909	2.454313	30.377210	37.747333
99.912573	-43.221056	-22.791194	-2.555918	56.262147	61.278389
99.962742	-99.995072	-39.588335	-65.278976	34.715900	100.000000
100.000000	-52.736969	-23.783926	-2.448444	31.075235	75.553768
99.618954	-7.356238	-6.086388	8.654105	18.209547	35.174175
100.000000	-21.184615	-12.499074	10.113405	32.383929	48.127920
100.000000	-8.635648	-7.324501	19.481497	31.356104	31.657720
99.850359	-9.744666	-1.731219	17.089562	30.726363	33.953800
100.000000	-5.349906	-5.774192	11.749087	14.854456	21.177711
100.000000	3.619436	-18.660342	10.717125	24.794622	19.042446
100.000000	-9.611018	-17.915672	11.614286	23.915933	40.984900
100.000000	-66.646437	-39.961015	10.790537	51.852585	92.773257
99.968792	-100.000000	-29.982036	-52.013314	34.743387	100.000000
99.905656	-82.820873	-59.742763	10.172665	56.213066	94.961040
100.000000	-0.601733	-4.415558	6.262852	28.277026	15.828750
100.000000	-10.390742	-2.866037	7.090491	29.828847	37.595242
100.000000	-5.607216	4.584658	15.698944	24.685847	17.408307
99.557039	-6.096412	-2.785397	14.004634	22.597960	25.007238
100.000000	-17.694764	-21.560061	14.741060	29.382397	39.658287
99.239776	-5.053356	-9.641494	15.267123	15.510505	28.590333
99.163474	-10.213086	-10.335773	20.992439	28.137561	31.615897
99.360610	-4.190214	-15.300428	13.136109	24.167580	32.573251
99.747308	-1.236130	-4.689613	7.378268	26.953402	20.836201
99.745160	-7.213605	-15.701057	12.105963	22.141441	31.555398
100.000000	-14.268387	-19.173014	26.345444	38.973273	53.658183
99.660555	-10.185865	-4.808751	11.618449	21.590406	24.276387
99.828524	-22.933116	-15.041327	11.349484	27.070810	32.797972
99.539983	-12.005501	-8.761677	10.099225	14.725874	24.726465
99.757112	-47.002724	-26.654512	14.771190	44.368878	67.396263
100.000000	-44.668403	-37.849074	15.512341	39.026194	76.618674
100.000000	-36.331026	-14.676072	11.286042	37.696072	59.235526
99.777997	-5.721120	-16.232333	14.439476	24.710203	29.529159
99.931698	-3.553861	-3.901975	15.545980	21.317425	33.658481
99.967482	-99.765518	-41.693401	-28.145255	34.226561	100.000000
100.000000	-28.613536	-13.545142	2.246159	29.590323	54.113282
100.000000	-19.894609	-24.466437	17.891193	39.889262	38.448277
100.000000	-3.363728	-14.928758	14.613968	24.508994	23.510831
99.966993	-9.774714	-8.815185	10.201686	16.388368	24.903266
99.761103	-9.747726	-6.038483	16.975844	21.529147	32.083641
99.957193	-46.511524	-36.762705	14.219784	38.787804	68.068719
99.238667	2.716441	0.739079	9.454874	12.085618	13.941937
100.000000	-4.147675	6.615552	9.833870	17.368063	35.559579
99.807291	-9.041048	-3.994841	11.335060	19.024150	22.704924
100.000000	-9.611186	1.534777	9.759124	25.199595	38.894794
99.902678	3.404688	3.830435	8.186166	10.561399	26.199571
99.940800	-62.913877	-52.199658	4.286045	58.235853	99.952219
100.000000	3.382369	4.338061	10.547681	10.987525	20.094566
100.000000	-27.122681	-13.102264	7.755621	24.831676	49.564139
99.873997	-53.223100	-34.847768	-11.552226	60.386060	99.169899
99.811582	-6.378628	-5.663888	5.127078	9.649541	30.711195
100.000000	-21.954984	-9.821860	13.254102	11.627371	36.958371
99.649879	-15.601363	-16.733987	8.354681	33.949834	37.770126
99.448630	1.982102	3.153748	12.168054	16.630586	17.269856
100.000000	-6.706536	-7.232985	8.826973	20.023322	32.253036
100.000000	-23.533668	-13.624280	16.922766	30.432252	51.169839
100.000000	0.879523	0.351188	8.150057	18.034507	22.660895
99.929840	-47.438750	-50.320581	-3.939921	47.843916	68.522445
100.000000	-93.944183	-40.720404	6.326190	50.615815	100.000000
100.000000	-14.428105	1.142105	17.248989	11.976877	36.387606
100.000000	-15.175142	-21.133917	8.335174	26.819172	39.166873
99.504055	-4.201555	1.889097	7.178937	18.765938	21.674599
99.995800	-28.318340	-15.416752	8.292997	37.014716	46.870080
99.971586	3.320454	-4.936530	-2.250316	14.243562	19.678205
100.000000	-10.568211	3.312818	14.820402	15.718013	33.325389
99.359837	-8.059726	-10.267131	9.497930	12.249074	23.493644
99.666202	-9.744536	-8.700821	13.169277	19.290993	29.391791
100.000000	-17.578148	-4.710154	6.669414	24.639718	36.621383
99.988054	-9.312630	-8.470509	5.256507	21.906164	31.049073
100.000000	-41.979290	-21.897232	19.142440	61.435893	72.003866
99.805702	-5.076804	-10.300044	9.597258	20.521136	28.534008
100.000000	-17.329408	-5.607043	20.644395	14.270397	37.084015
99.619765	-30.128950	-30.378290	6.826860	45.565540	51.673125
100.000000	-48.810882	-31.678564	16.060607	38.046779	53.841980
100.000000	-36.296982	-35.571599	19.975856	46.863490	74.385198
99.679673	-13.960282	-4.340470	6.922059	24.077015	34.187300
100.000000	-4.343809	-10.016218	2.851154	16.044588	26.305534
99.993785	3.012505	-12.734378	15.389594	19.003024	21.092181
99.409554	-11.193601	-8.538693	14.929644	13.747504	37.846424
99.962844	-54.570593	-50.160017	16.756717	61.814349	71.630437
99.960235	-0.155441	5.466789	11.528241	16.755489	17.767039
99.983177	-23.986646	-7.452161	14.587043	31.620666	53.218944
99.599097	-12.979547	-22.668938	8.376803	26.625767	39.104478
100.000000	-27.090757	-11.951899	5.878461	35.952641	52.272871
99.931382	-36.389584	-21.967233	11.364192	51.429493	65.894736
99.887792	-4.752524	-0.356498	7.833578	15.081321	27.017432
99.968891	-50.291684	-22.189684	2.663847	58.364831	77.909173
100.000000	-0.508195	5.748730	14.844644	16.600117	19.613667
100.000000	-10.376258	-18.312531	17.513107	19.248714	36.614674
99.987535	-55.858085	-38.223647	-1.301629	57.298382	72.027553
100.000000	-80.751451	-31.880939	3.626111	47.627938	98.845327
100.000000	1.058700	0.771178	13.106068	12.176809	21.223807
100.000000	-17.023112	-28.215359	-4.569983	35.029091	23.461271
99.504514	-0.771986	-8.293506	15.446247	22.937430	29.962457
100.000000	-9.607467	-13.778069	15.960423	19.402937	27.754002
99.144972	-12.634936	3.960541	7.139756	20.870238	30.855967
100.000000	-18.505853	-12.634830	16.510127	24.047012	34.168315
100.000000	-26.998307	-3.454999	14.358288	21.485490	54.735322
99.972580	0.241262	3.141263	16.212854	15.662733	23.134261
100.000000	-39.236573	-28.295589	8.725286	38.397180	61.328812
99.961100	-100.000000	-43.458875	0.702786	35.382244	99.887825
100.000000	-6.927631	4.805127	1.472585	27.137589	37.047825
99.674782	-1.224694	-4.602195	10.631521	25.298972	34.401173
99.989997	-100.000000	-44.963907	-16.821445	34.647420	100.000000
100.000000	-25.823150	-26.304352	1.793785	35.308472	51.403425
100.000000	-9.616140	-3.188528	15.104703	13.352116	17.470028
100.000000	-22.694180	-10.673807	10.599280	27.003053	42.788629
99.953493	-52.054479	-52.648379	6.176160	69.174290	61.026536
100.000000	-12.265193	-4.261181	8.483651	11.575729	30.605492
100.000000	-55.080254	-35.007870	12.990691	55.352705	81.662115
100.000000	-40.382059	-41.964039	10.166893	51.166872	58.399962
99.688776	-13.235023	-8.197667	8.519578	22.037512	35.877097
99.695052	-10.105818	-12.453943	15.651564	23.246705	43.532071
100.000000	-28.989924	4.828936	-3.614637	8.231539	40.803078
100.000000	-10.929808	-6.030511	10.585350	18.141605	34.248194
100.000000	-38.564598	-22.658852	-10.068530	34.173709	59.181185
100.000000	-7.851412	4.570614	12.420859	23.592561	24.589796
100.000000	-1.791476	-7.992927	14.036077	20.012107	28.894681
100.000000	-1.416569	-12.073252	7.709636	30.993894	31.072057
100.000000	-3.514556	-9.953819	6.627216	21.900894	32.570363
99.910958	-8.822769	-6.224405	12.323892	16.750025	26.751293
99.929420	-57.533568	-40.718360	15.423578	62.312100	78.646147
99.543576	-12.173164	-6.880155	15.852078	18.981237	23.166244
100.000000	0.251379	-9.624158	6.248727	21.377551	24.164231
100.000000	-12.519653	-6.149742	11.658039	24.615824	32.783077
100.000000	-9.855955	-8.394781	16.329542	22.626547	31.357400
99.611358	-3.958170	-13.285205	11.857482	17.319644	14.706341
99.996134	-8.922486	-14.188152	14.241461	28.996481	33.005425
100.000000	-19.414835	-26.206749	2.987961	35.404182	35.708171
100.000000	-21.289207	-22.419604	3.555645	31.838386	63.431567
99.936464	-6.737094	-6.361294	7.940388	20.242562	29.303076
100.000000	-5.156102	-2.396719	5.261436	18.732010	34.812511
100.000000	-16.051762	-32.345140	8.027195	32.973847	35.389378
100.000000	-26.321227	-36.380784	17.585468	46.380356	53.664193
99.139559	-0.757288	-2.966635	6.522051	19.588882	27.270316
100.000000	-0.378730	-7.204714	7.918409	17.295730	26.300604
99.949765	-65.624401	-35.753989	16.226415	59.592260	96.577731
99.632886	3.477584	4.535001	6.605397	15.612681	26.377948
99.844500	-5.830036	-3.645829	14.667523	24.869782	34.981432
99.847403	-7.090802	-3.980329	9.306071	22.696524	25.222968
100.000000	-7.701563	-2.970078	11.221407	22.348617	31.332041
99.981320	-95.175323	-57.012875	3.208369	49.182192	99.952063
99.699646	-2.764133	-10.582803	10.603697	23.684268	31.775269
99.952148	-70.153698	-63.486006	-1.702076	56.306213	98.436627
99.963758	4.200547	-7.468323	12.604907	13.943299	27.418290
99.997868	-13.988127	-0.150559	15.309276	27.197739	32.147050
100.000000	1.137684	5.995832	6.794973	13.416790	16.390281
99.985755	-23.929583	-32.137554	13.986200	30.510594	45.818928
100.000000	-8.573853	-6.100356	2.546392	26.458510	34.508477
100.000000	-100.000000	-16.664118	-32.510064	34.667846	100.000000
99.941486	-20.738958	-5.547048	7.844266	26.841039	39.015443
99.981747	-99.999936	-48.463743	10.381525	38.632616	100.000000
100.000000	-14.047166	-12.004411	23.338100	27.446075	40.583447
99.805615	-47.476718	-12.652896	22.826979	40.205783	60.052442
100.000000	-8.746373	-2.940684	9.729613	19.812585	27.376309
100.000000	-9.270060	-10.957387	5.296997	33.870534	38.720574
100.000000	-11.861560	-21.843617	16.338211	36.596521	28.337922
99.326056	-3.831125	-13.879218	16.854877	26.075270	27.897221
99.656953	-10.333098	-13.032519	10.815457	27.117531	31.097728
100.000000	-30.848382	-7.529892	2.052197	16.073376	43.567222
99.623147	-7.336920	-6.037619	11.902584	23.164561	26.461770
99.958454	-11.944592	-7.178601	11.508856	16.968954	20.419919
100.000000	-34.389045	-13.694171	6.285586	27.012275	68.309289
100.000000	2.546178	4.954961	12.468557	16.278485	15.218167
99.883118	-62.257836	-34.603565	-0.505530	49.002104	90.231363
100.000000	-99.943643	-44.768454	-78.673730	34.614478	99.954646
100.000000	-88.288087	-38.213057	0.789799	48.586613	99.886450
100.000000	-8.588870	-6.723053	12.059347	21.425325	30.539976
99.504397	0.469933	-4.697813	5.987748	18.584810	28.221007
99.795791	-14.770920	-1.395963	19.885791	13.440974	42.967674
100.000000	-12.171483	-1.025740	5.745366	13.467569	28.262179
99.690153	-9.934008	-4.403426	9.980054	18.604031	32.766235
99.913714	-9.696030	5.511461	5.935043	12.068569	28.009069
100.000000	-21.454086	-0.506426	2.180943	14.837123	33.821623
100.000000	-44.840513	-55.587287	17.780449	55.086697	71.297505
100.000000	-10.542198	1.255342	15.473413	22.485556	43.429106
100.000000	-77.455238	-47.356605	6.200136	56.900822	100.000000
99.695651	-26.696196	-23.853698	15.830369	33.192053	52.965753
100.000000	-32.963149	-5.311790	7.862173	17.346403	49.098514
99.650560	-2.512114	-13.323445	17.357698	26.523848	37.844621
99.935267	-22.640174	-0.948864	0.817544	27.035829	50.534604
99.926097	-20.480658	-10.639568	16.285193	23.638149	45.825210
100.000000	-5.443840	-3.054092	2.472020	15.743160	24.561780
100.000000	-17.985656	-14.662742	5.074795	33.587433	41.324785
100.000000	-61.056867	-42.914845	5.598151	58.371045	92.230690
98.967521	4.290763	1.919110	8.427386	16.270596	17.555341
100.000000	-12.487171	-8.738880	12.364760	16.998840	35.365162
100.000000	-7.486030	-7.974735	19.484058	28.195343	30.349172
100.000000	-10.003929	-4.334320	8.289885	22.022637	24.674764
100.000000	-34.227686	-20.680019	13.123062	36.685751	54.728213
99.957417	-99.959192	-45.046712	-83.826864	34.589132	100.000000
99.839981	-14.631201	1.242562	7.426906	20.651149	27.370206
100.000000	-7.403341	-6.956798	13.367469	18.703428	28.032534
99.997727	-54.963679	-17.473198	8.753601	36.445482	68.746681
100.000000	-24.463662	-19.744779	12.968640	37.458886	56.089899
99.762867	-9.624345	-2.101539	7.604595	20.764332	37.435665
100.000000	3.051402	-15.277539	-0.799353	24.471863	24.273637
100.000000	-7.272612	-3.472380	10.886362	12.563081	18.431333
100.000000	-4.084511	-3.932257	24.048958	15.360417	28.172841
99.962490	-13.358040	-15.606310	15.671266	23.604539	33.417591
100.000000	-11.060247	1.737453	12.530471	18.552468	22.899684
100.000000	-3.464254	-13.341691	17.216617	15.413927	38.264839
100.000000	-99.979082	-44.942766	-8.049815	34.309146	100.000000
99.298762	-8.592027	-7.450061	12.865873	14.126340	17.595062
100.000000	4.549758	1.073443	14.400712	15.939660	19.411005
99.922655	-99.996724	-44.877755	-15.289010	34.692702	100.000000
99.777529	-11.758716	-13.638727	16.811137	29.077971	43.866291
99.725573	-17.664374	-21.923079	9.687106	21.247564	41.161978
100.000000	-6.351244	6.678462	13.732037	9.934014	27.277765
100.000000	-10.497047	-3.693791	13.834081	13.094348	24.422302
100.000000	-27.108787	-26.604651	0.242395	44.365614	56.249263
99.836288	-11.925928	-3.685693	9.855010	14.831392	29.521361
100.000000	-2.880911	-2.543972	10.591072	19.346665	30.970546
99.712216	2.815951	0.659666	18.983996	16.362197	17.389798
99.625642	-25.592103	-12.152896	24.985533	22.260175	45.191838
99.854226	-19.329882	0.811944	-11.337861	22.159452	27.205865
99.813249	-10.181113	-6.097359	14.181214	13.363290	31.842643
99.750943	-16.567794	-29.237689	14.506708	26.966483	41.475147
99.982609	-23.635174	-18.645426	3.238488	32.899707	48.140720
99.866561	-10.983566	-3.921888	19.977201	19.137885	27.978182
99.697832	1.168491	-8.947290	11.488663	23.086599	23.432514
99.629611	-10.489294	-2.642182	7.302915	15.332658	25.092864
99.869551	-4.448835	-4.606839	16.738075	16.364771	28.323724
99.855143	-16.886355	-9.110881	12.186576	18.961689	31.618551
100.000000	-9.562192	-4.606513	15.946356	16.487598	26.637316
99.835000	-19.844605	-21.107888	24.798161	42.675338	45.179791
99.489817	-4.986501	-15.340167	22.772340	23.290933	26.267432
99.456318	-15.735639	-10.897098	5.262205	22.419766	44.383703
100.000000	-6.183642	0.111456	11.867129	25.447938	28.808341
99.821610	-32.369227	0.444478	-12.665598	23.993635	44.300943
100.000000	2.449041	-0.097985	9.388661	15.014048	21.984165
100.000000	4.716970	2.159690	13.023046	20.934928	16.773680
99.821178	5.389229	3.538977	15.409834	17.845786	13.755905
99.707615	-29.990765	-27.730067	3.975200	50.672294	29.895958
99.622986	-1.359057	-14.073773	16.636867	30.995279	11.223144
100.000000	-15.737554	10.099303	12.535075	7.626763	38.718625
99.784868	-26.483876	-31.220045	28.355417	50.314286	43.210297
99.836371	0.807060	-5.865210	12.850192	20.338061	31.869664
99.588526	-34.010701	-31.874607	-9.231193	25.083064	47.440394
100.000000	-22.213915	-14.217854	0.679194	31.582141	44.867648
99.336661	1.445812	0.594329	7.824320	15.801480	21.779817
100.000000	-13.582576	-15.629297	4.853909	17.766147	33.232935
100.000000	-6.217701	-21.417514	11.093199	19.921793	17.812456
99.782267	-3.250970	-12.249732	21.282388	25.682812	24.646128
99.802284	-43.702662	-21.748586	12.003964	29.665938	79.229766
100.000000	-4.447034	2.480607	8.614208	17.945414	26.982281
100.000000	-29.929564	-20.005761	11.591071	29.951631	48.459067
99.736273	-5.739918	-0.542794	1.619988	21.909163	28.742167
100.000000	-99.577670	-44.460843	-21.839485	40.469219	99.835529
99.833819	4.707516	-1.747695	11.046440	14.898613	22.575984
100.000000	-2.910797	-16.510104	14.676675	28.371466	43.759232
99.380628	-9.341624	-6.641727	17.395031	25.975967	23.340776
100.000000	3.018002	10.622913	5.400632	15.091641	30.346169
99.919775	-33.285795	-47.201082	15.860269	44.111469	64.923563
99.950873	-80.185381	-31.516342	-23.391449	52.153907	96.291283
100.000000	-15.586126	-28.504782	6.938764	41.408479	40.793018
100.000000	-9.158529	-6.418771	18.684903	9.837456	25.551488
99.942385	-66.843325	-18.961468	23.813015	64.448926	87.994064
100.000000	-3.854438	-4.360561	16.755264	30.923046	27.740680
100.000000	-10.244215	-15.148337	5.967456	25.344299	28.177735
99.986302	-32.321843	-27.545551	14.117166	40.250892	48.021139
100.000000	-15.840440	-11.530342	12.049039	25.816416	45.202169
100.000000	-99.855610	-41.079426	-84.503639	34.600379	99.885658
99.830252	-86.287132	-55.104310	8.763854	51.279173	100.000000
100.000000	-18.976419	-18.482085	13.960923	28.374136	37.638370
100.000000	-6.682874	-7.365920	14.296727	21.579087	25.690710
99.931845	-17.657990	-3.360893	5.330314	25.322626	52.559400
100.000000	-6.245500	-3.338418	4.861391	16.944698	20.160259
100.000000	-6.467702	-20.463265	17.050349	23.213157	27.301591
100.000000	-83.814079	-29.159699	-6.946806	49.443891	90.314211
100.000000	-22.117557	-16.249312	13.499212	25.284662	44.488837
100.000000	-21.049539	-29.020048	10.950944	24.100996	31.335508
99.917385	-30.829330	-8.382178	10.461617	26.408002	33.432083
100.000000	-0.692868	-7.374326	9.935021	20.420923	25.360499
100.000000	-34.288413	-0.243044	8.367627	13.894909	10.153631
99.824783	-15.804175	-8.811366	3.647816	24.775255	48.620398
99.988681	-5.734331	-4.987215	11.091489	20.560794	31.984320
100.000000	-100.000000	-46.078293	-7.311797	35.919452	100.000000
100.000000	-23.680973	-16.473506	2.367286	30.350831	44.950420
99.533946	-14.737779	-8.292117	11.021642	32.840219	34.464068
100.000000	-8.700903	-2.662398	11.384786	22.132760	14.580221
99.643305	-13.894935	-9.748417	14.468154	21.327944	31.351591
100.000000	-36.274743	-27.136822	9.870105	39.710525	54.722572
98.961036	-20.995858	-14.574136	2.134848	18.135173	38.988066
100.000000	5.648476	2.873838	3.117332	16.558346	21.797578
100.000000	-9.922788	-5.743211	20.864230	15.893963	37.206323
100.000000	-23.687862	-19.962197	1.688399	37.247967	46.348446
100.000000	-25.956194	-9.057210	17.091172	27.151633	48.211131
99.998999	-97.762280	-44.973138	-6.509414	38.485804	99.970916
99.208129	-10.619715	-19.600777	7.644588	26.494712	38.098360
99.739760	-6.091586	-12.437410	11.674309	15.715967	32.537053
100.000000	-25.291479	-20.264654	28.952205	47.029722	47.602101
100.000000	-40.508247	-49.964397	-39.216113	59.913628	71.247289
100.000000	-12.808872	-11.662957	11.087058	21.019091	31.525232
100.000000	-15.843533	-12.674340	7.933091	29.209415	27.942757
100.000000	-21.434363	-21.858426	13.037481	36.275505	31.332188
100.000000	-100.000000	-41.979864	-26.186701	33.588573	100.000000
100.000000	-3.199499	-2.024573	8.341393	16.506900	34.598926
99.843049	-30.191862	-7.714813	15.830322	27.682463	42.846029
99.173089	-6.971652	-11.959128	12.938928	18.159003	24.052807
100.000000	-35.140014	-23.114059	16.790622	19.396925	46.888236
100.000000	-0.000251	-8.184510	2.553988	19.139455	28.685059
100.000000	-7.836109	-13.609348	11.001615	17.871796	34.405693
99.922599	-4.985970	0.222631	3.707088	23.253999	22.381995
100.000000	-9.276432	-6.234742	11.701127	24.586734	23.232597
99.943811	-8.188581	-1.195877	13.152204	8.344621	28.280188
100.000000	-60.786648	-47.598136	6.199601	46.885474	97.605051
100.000000	0.943644	3.258959	12.665609	14.571745	11.709511
99.837138	-9.723397	0.314304	15.583199	20.748495	34.506851
99.837867	-18.916812	-16.447436	12.693126	28.237753	40.326105
99.904149	-0.946634	-12.022424	14.729707	18.363093	35.507914
99.718120	-10.128523	-11.100185	14.055753	29.470020	33.782188
100.000000	-99.964216	-32.875697	-50.362711	33.972512	100.000000
100.000000	-66.680892	-59.535264	8.778265	62.976367	92.707840
99.977770	-21.125135	-20.567076	5.872026	35.667106	44.359727
100.000000	-96.690048	-35.086158	-1.130336	48.772332	93.601447
99.984723	-39.611018	-15.016121	12.327493	32.458718	58.373315
99.868940	-76.435696	-89.350984	-11.322401	11.525488	14.351916
100.000000	-27.801178	-31.773687	17.602653	35.351734	50.137320
100.000000	-23.426994	-8.442853	1.862501	17.718395	59.737602
100.000000	-16.309934	-6.770973	12.541745	22.441334	37.418949
100.000000	-21.677762	-10.260090	15.922708	27.906672	46.061548
99.772228	0.730635	-3.816429	11.826442	16.735286	22.324260
100.000000	-24.577951	-26.113263	8.672923	31.293371	56.320848
99.970027	5.104621	2.260583	9.287102	18.896174	20.121565
100.000000	-100.000000	-33.118348	-48.205532	34.742137	100.000000
100.000000	-12.794430	-5.796291	8.278549	23.724760	29.752917
99.777992	-20.710529	-15.208419	9.599193	25.148297	33.148708
100.000000	-5.182444	-9.607057	6.698501	18.768117	29.321816
99.957910	-25.042042	-10.017047	-3.220438	23.251416	53.031775
100.000000	-7.989418	-5.553138	18.630539	20.872373	29.204701
99.992990	-85.533751	-38.586211	14.227850	46.406961	100.000000
100.000000	-35.740329	-17.829484	7.064009	30.288595	40.758523
99.724560	-23.942857	-18.746107	15.765550	32.919682	56.238180
100.000000	-17.565625	-7.147890	-1.810703	29.659019	33.984337
100.000000	-6.670641	-1.485476	4.423820	22.491940	32.153626
99.990294	-44.587613	-43.088120	3.778137	29.269084	61.703363
100.000000	-100.000000	-41.228222	-84.529166	33.531889	100.000000
100.000000	-7.928954	-11.287188	17.662358	15.932815	34.427915
99.038350	-11.758261	0.884410	19.866520	26.012927	31.180227
99.856272	-9.077517	-11.635615	15.369902	21.270290	34.752172
100.000000	-7.714107	-17.117369	14.565785	26.027132	32.153712
99.551586	-7.599597	-14.686709	11.019309	26.014128	28.392988
99.662221	-13.274016	-10.987664	10.560872	25.514454	23.999356
100.000000	-30.711530	-22.407792	17.805638	30.320509	45.246136
100.000000	-29.530556	-16.554307	14.807719	21.079960	40.461877
100.000000	-18.098764	-20.371217	1.308017	21.709637	27.006605
100.000000	-66.959479	-56.289879	15.828813	57.173067	99.936674
100.000000	5.545807	3.223164	9.241777	14.930819	17.278746
