10.000000	10.000000	10.000000	10.000000	10.000000	10.000000
6.084789	14.666105	15.136838	2.017715	4.074636	18.268648
5.898312	23.423100	8.949585	-2.424613	2.498271	39.407197
11.784398	15.505587	6.396017	10.000000	7.176298	45.864843
15.224537	3.600743	2.527407	10.000000	9.850889	44.453333
14.516382	-4.895569	-2.668623	10.000000	4.033407	40.088262
17.564243	10.000000	10.000000	10.000000	5.240356	36.778750
17.250867	10.000000	10.000000	10.000000	4.453864	29.254863
19.547601	10.000000	10.000000	10.000000	2.134082	23.996210
17.846244	10.000000	10.000000	10.000000	-3.927976	16.631132
17.029391	10.000000	10.000000	10.000000	10.000000	9.361648
16.110358	10.000000	10.000000	10.000000	10.000000	4.517581
17.147958	10.000000	10.000000	10.000000	10.000000	-1.918175
16.882066	10.000000	10.000000	10.000000	10.000000	10.000000
16.496895	10.000000	10.000000	10.000000	10.000000	10.000000
16.732986	10.000000	10.000000	10.000000	10.000000	10.000000
16.794793	10.000000	10.000000	10.000000	10.000000	10.000000
17.212617	10.000000	10.000000	10.000000	10.000000	10.000000
17.152722	10.000000	10.000000	10.000000	10.000000	10.000000
17.201588	10.000000	10.000000	10.000000	10.000000	10.000000
17.186029	10.000000	10.000000	10.000000	10.000000	10.000000
17.165887	10.000000	10.000000	10.000000	10.000000	10.000000
16.130484	10.000000	10.000000	10.000000	10.000000	10.000000
16.261401	10.000000	10.000000	10.000000	10.000000	10.000000
15.713769	10.000000	10.000000	10.000000	10.000000	10.000000
16.327715	10.000000	10.000000	10.000000	10.000000	10.000000
17.160475	10.000000	10.000000	10.000000	10.000000	10.000000
17.180133	10.000000	10.000000	10.000000	10.000000	10.000000
16.171221	10.000000	10.000000	10.000000	10.000000	10.000000
16.131946	10.000000	10.000000	10.000000	10.000000	10.000000
15.124518	10.000000	10.000000	10.000000	10.000000	10.000000
15.204678	10.000000	10.000000	10.000000	10.000000	10.000000
13.955678	10.000000	10.000000	10.000000	10.000000	10.000000
13.481815	10.000000	10.000000	10.000000	10.000000	10.000000
13.519468	10.000000	10.000000	10.000000	10.000000	10.000000
14.311695	10.000000	10.000000	10.000000	10.000000	10.000000
14.633144	10.000000	10.000000	10.000000	10.000000	10.000000
15.725496	10.000000	10.000000	10.000000	10.000000	10.000000
15.928457	10.000000	10.000000	10.000000	10.000000	10.000000
15.651403	10.000000	10.000000	10.000000	10.000000	10.000000
15.348149	10.000000	10.000000	10.000000	10.000000	10.000000
15.816378	10.000000	10.000000	10.000000	10.000000	10.000000
15.901830	10.000000	10.000000	10.000000	10.000000	10.000000
15.595534	10.000000	10.000000	10.000000	10.000000	10.000000
15.457665	10.000000	10.000000	10.000000	10.000000	10.000000
15.400058	10.000000	10.000000	10.000000	10.000000	10.000000
15.198545	10.000000	10.000000	10.000000	10.000000	10.000000
15.086470	10.000000	10.000000	10.000000	10.000000	10.000000
15.870908	10.000000	10.000000	10.000000	10.000000	10.000000
16.259650	10.000000	10.000000	10.000000	10.000000	10.000000
15.992305	10.000000	10.000000	10.000000	10.000000	10.000000
16.130593	10.000000	10.000000	10.000000	10.000000	10.000000
15.820056	10.000000	10.000000	10.000000	10.000000	10.000000
15.429959	10.000000	10.000000	10.000000	10.000000	10.000000
14.461559	10.000000	10.000000	10.000000	10.000000	10.000000
15.205747	10.000000	10.000000	10.000000	10.000000	10.000000
15.590360	10.000000	10.000000	10.000000	10.000000	10.000000
15.367640	10.000000	10.000000	10.000000	10.000000	10.000000
16.012166	10.000000	10.000000	10.000000	10.000000	10.000000
16.669364	10.000000	10.000000	10.000000	10.000000	10.000000
15.883413	10.000000	10.000000	10.000000	10.000000	10.000000
15.350126	10.000000	10.000000	10.000000	10.000000	10.000000
15.934836	10.000000	10.000000	10.000000	10.000000	10.000000
15.970125	10.000000	10.000000	10.000000	10.000000	10.000000
16.063522	10.000000	10.000000	10.000000	10.000000	10.000000
16.143085	10.000000	10.000000	10.000000	10.000000	10.000000
16.387558	10.000000	10.000000	10.000000	10.000000	10.000000
16.596748	10.000000	10.000000	10.000000	10.000000	10.000000
16.773350	10.000000	10.000000	10.000000	10.000000	10.000000
16.596824	10.000000	10.000000	10.000000	10.000000	10.000000
17.059973	10.000000	10.000000	10.000000	10.000000	10.000000
17.114797	10.000000	10.000000	10.000000	10.000000	10.000000
18.118352	10.000000	10.000000	10.000000	10.000000	10.000000
18.619216	10.000000	10.000000	10.000000	10.000000	10.000000
18.766562	10.000000	10.000000	10.000000	10.000000	10.000000
18.615949	10.000000	10.000000	10.000000	10.000000	10.000000
18.763959	10.000000	10.000000	10.000000	10.000000	10.000000
19.182225	10.000000	10.000000	10.000000	10.000000	10.000000
18.732648	10.000000	10.000000	10.000000	10.000000	10.000000
18.131238	10.000000	10.000000	10.000000	10.000000	10.000000
18.043331	10.000000	10.000000	10.000000	10.000000	10.000000
17.339292	10.000000	10.000000	10.000000	10.000000	10.000000
17.404613	10.000000	10.000000	10.000000	10.000000	10.000000
17.977562	10.000000	10.000000	10.000000	10.000000	10.000000
16.550546	10.000000	10.000000	10.000000	10.000000	10.000000
16.084517	10.000000	10.000000	10.000000	10.000000	10.000000
16.114635	10.000000	10.000000	10.000000	10.000000	10.000000
15.434400	10.000000	10.000000	10.000000	10.000000	10.000000
14.588430	10.000000	10.000000	10.000000	10.000000	10.000000
14.057394	10.000000	10.000000	10.000000	10.000000	10.000000
14.395716	10.000000	10.000000	10.000000	10.000000	10.000000
15.538267	10.000000	10.000000	10.000000	10.000000	10.000000
15.385163	10.000000	10.000000	10.000000	10.000000	10.000000
14.597326	10.000000	10.000000	10.000000	10.000000	10.000000
15.012939	10.000000	10.000000	10.000000	10.000000	10.000000
15.392528	10.000000	10.000000	10.000000	10.000000	10.000000
15.784667	10.000000	10.000000	10.000000	10.000000	10.000000
15.684878	10.000000	10.000000	10.000000	10.000000	10.000000
15.450985	10.000000	10.000000	10.000000	10.000000	10.000000
17.057075	10.000000	10.000000	10.000000	10.000000	10.000000
18.044594	10.000000	10.000000	10.000000	10.000000	10.000000
18.288777	10.000000	10.000000	10.000000	10.000000	10.000000
17.538123	10.000000	10.000000	10.000000	10.000000	10.000000
18.148472	10.000000	10.000000	10.000000	10.000000	10.000000
17.528804	10.000000	10.000000	10.000000	10.000000	10.000000
18.118963	10.000000	10.000000	10.000000	10.000000	10.000000
17.657147	10.000000	10.000000	10.000000	10.000000	10.000000
17.726008	10.000000	10.000000	10.000000	10.000000	10.000000
17.550556	10.000000	10.000000	10.000000	10.000000	10.000000
17.062272	10.000000	10.000000	10.000000	10.000000	10.000000
17.357347	10.000000	10.000000	10.000000	10.000000	10.000000
17.087526	10.000000	10.000000	10.000000	10.000000	10.000000
17.303005	10.000000	10.000000	10.000000	10.000000	10.000000
17.967183	10.000000	10.000000	10.000000	10.000000	10.000000
17.247058	10.000000	10.000000	10.000000	10.000000	10.000000
17.585195	10.000000	10.000000	10.000000	10.000000	10.000000
17.678216	10.000000	10.000000	10.000000	10.000000	10.000000
17.724236	10.000000	10.000000	10.000000	10.000000	10.000000
17.743882	10.000000	10.000000	10.000000	10.000000	10.000000
17.727846	10.000000	10.000000	10.000000	10.000000	10.000000
18.159056	10.000000	10.000000	10.000000	10.000000	10.000000
18.280986	10.000000	10.000000	10.000000	10.000000	10.000000
17.727474	10.000000	10.000000	10.000000	10.000000	10.000000
16.713453	10.000000	10.000000	10.000000	10.000000	10.000000
17.300865	10.000000	10.000000	10.000000	10.000000	10.000000
18.516701	10.000000	10.000000	10.000000	10.000000	10.000000
18.757082	10.000000	10.000000	10.000000	10.000000	10.000000
19.077318	10.000000	10.000000	10.000000	10.000000	10.000000
19.496396	10.000000	10.000000	10.000000	10.000000	10.000000
19.572182	10.000000	10.000000	10.000000	10.000000	10.000000
19.582333	10.000000	10.000000	10.000000	10.000000	10.000000
19.180182	10.000000	10.000000	10.000000	10.000000	10.000000
19.903432	10.000000	10.000000	10.000000	10.000000	10.000000
20.466922	10.000000	10.000000	10.000000	10.000000	10.000000
20.379406	10.000000	10.000000	10.000000	10.000000	10.000000
21.026155	10.000000	10.000000	10.000000	10.000000	10.000000
21.002717	10.000000	10.000000	10.000000	10.000000	10.000000
20.716735	10.000000	10.000000	10.000000	10.000000	10.000000
20.640839	10.000000	10.000000	10.000000	10.000000	10.000000
19.728313	10.000000	10.000000	10.000000	10.000000	10.000000
19.485404	10.000000	10.000000	10.000000	10.000000	10.000000
19.478937	10.000000	10.000000	10.000000	10.000000	10.000000
19.822863	10.000000	10.000000	10.000000	10.000000	10.000000
19.751730	10.000000	10.000000	10.000000	10.000000	10.000000
20.089642	10.000000	10.000000	10.000000	10.000000	10.000000
19.421205	10.000000	10.000000	10.000000	10.000000	10.000000
18.633985	10.000000	10.000000	10.000000	10.000000	10.000000
18.336487	10.000000	10.000000	10.000000	10.000000	10.000000
18.589984	10.000000	10.000000	10.000000	10.000000	10.000000
17.898054	10.000000	10.000000	10.000000	10.000000	10.000000
17.428060	10.000000	10.000000	10.000000	10.000000	10.000000
17.871229	10.000000	10.000000	10.000000	10.000000	10.000000
17.803885	10.000000	10.000000	10.000000	10.000000	10.000000
17.750433	10.000000	10.000000	10.000000	10.000000	10.000000
18.350332	10.000000	10.000000	10.000000	10.000000	10.000000
17.634167	10.000000	10.000000	10.000000	10.000000	10.000000
18.148610	10.000000	10.000000	10.000000	10.000000	10.000000
18.414211	10.000000	10.000000	10.000000	10.000000	10.000000
17.841532	10.000000	10.000000	10.000000	10.000000	10.000000
17.852965	10.000000	10.000000	10.000000	10.000000	10.000000
18.499619	10.000000	10.000000	10.000000	10.000000	10.000000
18.536702	10.000000	10.000000	10.000000	10.000000	10.000000
18.590516	10.000000	10.000000	10.000000	10.000000	10.000000
18.179666	10.000000	10.000000	10.000000	10.000000	10.000000
17.881309	10.000000	10.000000	10.000000	10.000000	10.000000
16.842866	10.000000	10.000000	10.000000	10.000000	10.000000
18.423659	10.000000	10.000000	10.000000	10.000000	10.000000
18.265362	10.000000	10.000000	10.000000	10.000000	10.000000
18.059534	10.000000	10.000000	10.000000	10.000000	10.000000
18.910791	10.000000	10.000000	10.000000	10.000000	10.000000
19.086208	10.000000	10.000000	10.000000	10.000000	10.000000
18.278900	10.000000	10.000000	10.000000	10.000000	10.000000
18.036114	10.000000	10.000000	10.000000	10.000000	10.000000
17.967288	10.000000	10.000000	10.000000	10.000000	10.000000
17.636519	10.000000	10.000000	10.000000	10.000000	10.000000
17.735912	10.000000	10.000000	10.000000	10.000000	10.000000
17.340127	10.000000	10.000000	10.000000	10.000000	10.000000
17.667547	10.000000	10.000000	10.000000	10.000000	10.000000
17.355643	10.000000	10.000000	10.000000	10.000000	10.000000
17.923997	10.000000	10.000000	10.000000	10.000000	10.000000
17.487657	10.000000	10.000000	10.000000	10.000000	10.000000
17.752746	10.000000	10.000000	10.000000	10.000000	10.000000
18.708333	10.000000	10.000000	10.000000	10.000000	10.000000
19.760099	10.000000	10.000000	10.000000	10.000000	10.000000
19.980994	10.000000	10.000000	10.000000	10.000000	10.000000
20.686757	10.000000	10.000000	10.000000	10.000000	10.000000
19.869063	10.000000	10.000000	10.000000	10.000000	10.000000
19.468061	10.000000	10.000000	10.000000	10.000000	10.000000
18.869823	10.000000	10.000000	10.000000	10.000000	10.000000
18.699819	10.000000	10.000000	10.000000	10.000000	10.000000
19.564461	10.000000	10.000000	10.000000	10.000000	10.000000
18.676166	10.000000	10.000000	10.000000	10.000000	10.000000
18.472824	10.000000	10.000000	10.000000	10.000000	10.000000
18.234396	10.000000	10.000000	10.000000	10.000000	10.000000
17.595873	10.000000	10.000000	10.000000	10.000000	10.000000
18.038583	10.000000	10.000000	10.000000	10.000000	10.000000
18.722419	10.000000	10.000000	10.000000	10.000000	10.000000
19.321916	10.000000	10.000000	10.000000	10.000000	10.000000
19.064603	10.000000	10.000000	10.000000	10.000000	10.000000
19.606695	10.000000	10.000000	10.000000	10.000000	10.000000
19.362131	10.000000	10.000000	10.000000	10.000000	10.000000
18.796392	10.000000	10.000000	10.000000	10.000000	10.000000
18.646721	10.000000	10.000000	10.000000	10.000000	10.000000
18.467533	10.000000	10.000000	10.000000	10.000000	10.000000
18.675669	10.000000	10.000000	10.000000	10.000000	10.000000
17.619220	10.000000	10.000000	10.000000	10.000000	10.000000
17.255262	10.000000	10.000000	10.000000	10.000000	10.000000
17.830470	10.000000	10.000000	10.000000	10.000000	10.000000
17.410811	10.000000	10.000000	10.000000	10.000000	10.000000
17.576827	10.000000	10.000000	10.000000	10.000000	10.000000
17.234893	10.000000	10.000000	10.000000	10.000000	10.000000
18.001426	10.000000	10.000000	10.000000	10.000000	10.000000
18.031785	10.000000	10.000000	10.000000	10.000000	10.000000
18.347279	10.000000	10.000000	10.000000	10.000000	10.000000
18.395708	10.000000	10.000000	10.000000	10.000000	10.000000
17.670320	10.000000	10.000000	10.000000	10.000000	10.000000
17.673193	10.000000	10.000000	10.000000	10.000000	10.000000
18.166416	10.000000	10.000000	10.000000	10.000000	10.000000
17.761627	10.000000	10.000000	10.000000	10.000000	10.000000
19.043317	10.000000	10.000000	10.000000	10.000000	10.000000
20.134520	10.000000	10.000000	10.000000	10.000000	10.000000
19.455885	10.000000	10.000000	10.000000	10.000000	10.000000
19.455086	10.000000	10.000000	10.000000	10.000000	10.000000
18.976771	10.000000	10.000000	10.000000	10.000000	10.000000
17.930569	10.000000	10.000000	10.000000	10.000000	10.000000
17.696087	10.000000	10.000000	10.000000	10.000000	10.000000
18.187330	10.000000	10.000000	10.000000	10.000000	10.000000
18.020134	10.000000	10.000000	10.000000	10.000000	10.000000
18.740154	10.000000	10.000000	10.000000	10.000000	10.000000
18.196088	10.000000	10.000000	10.000000	10.000000	10.000000
18.404721	10.000000	10.000000	10.000000	10.000000	10.000000
18.208943	10.000000	10.000000	10.000000	10.000000	10.000000
19.143706	10.000000	10.000000	10.000000	10.000000	10.000000
19.422070	10.000000	10.000000	10.000000	10.000000	10.000000
18.902602	10.000000	10.000000	10.000000	10.000000	10.000000
18.798148	10.000000	10.000000	10.000000	10.000000	10.000000
17.705613	10.000000	10.000000	10.000000	10.000000	10.000000
17.192816	10.000000	10.000000	10.000000	10.000000	10.000000
16.916437	10.000000	10.000000	10.000000	10.000000	10.000000
16.624548	10.000000	10.000000	10.000000	10.000000	10.000000
15.794828	10.000000	10.000000	10.000000	10.000000	10.000000
16.462738	10.000000	10.000000	10.000000	10.000000	10.000000
15.594012	10.000000	10.000000	10.000000	10.000000	10.000000
16.913401	10.000000	10.000000	10.000000	10.000000	10.000000
16.926263	10.000000	10.000000	10.000000	10.000000	10.000000
16.348125	10.000000	10.000000	10.000000	10.000000	10.000000
17.668417	10.000000	10.000000	10.000000	10.000000	10.000000
17.211593	10.000000	10.000000	10.000000	10.000000	10.000000
17.113971	10.000000	10.000000	10.000000	10.000000	10.000000
16.982599	10.000000	10.000000	10.000000	10.000000	10.000000
17.275475	10.000000	10.000000	10.000000	10.000000	10.000000
17.219909	10.000000	10.000000	10.000000	10.000000	10.000000
16.726530	10.000000	10.000000	10.000000	10.000000	10.000000
16.289257	10.000000	10.000000	10.000000	10.000000	10.000000
17.239741	10.000000	10.000000	10.000000	10.000000	10.000000
17.905898	10.000000	10.000000	10.000000	10.000000	10.000000
18.120265	10.000000	10.000000	10.000000	10.000000	10.000000
17.911823	10.000000	10.000000	10.000000	10.000000	10.000000
17.644742	10.000000	10.000000	10.000000	10.000000	10.000000
17.805579	10.000000	10.000000	10.000000	10.000000	10.000000
17.635767	10.000000	10.000000	10.000000	10.000000	10.000000
17.758806	10.000000	10.000000	10.000000	10.000000	10.000000
17.051964	10.000000	10.000000	10.000000	10.000000	10.000000
16.505272	10.000000	10.000000	10.000000	10.000000	10.000000
16.559317	10.000000	10.000000	10.000000	10.000000	10.000000
17.160256	10.000000	10.000000	10.000000	10.000000	10.000000
16.644972	10.000000	10.000000	10.000000	10.000000	10.000000
15.625002	10.000000	10.000000	10.000000	10.000000	10.000000
16.122179	10.000000	10.000000	10.000000	10.000000	10.000000
16.037562	10.000000	10.000000	10.000000	10.000000	10.000000
16.183808	10.000000	10.000000	10.000000	10.000000	10.000000
15.801517	10.000000	10.000000	10.000000	10.000000	10.000000
16.761955	10.000000	10.000000	10.000000	10.000000	10.000000
17.330714	10.000000	10.000000	10.000000	10.000000	10.000000
17.785681	10.000000	10.000000	10.000000	10.000000	10.000000
17.844986	10.000000	10.000000	10.000000	10.000000	10.000000
18.296237	10.000000	10.000000	10.000000	10.000000	10.000000
18.612465	10.000000	10.000000	10.000000	10.000000	10.000000
18.733269	10.000000	10.000000	10.000000	10.000000	10.000000
19.176895	10.000000	10.000000	10.000000	10.000000	10.000000
19.717375	10.000000	10.000000	10.000000	10.000000	10.000000
19.832955	10.000000	10.000000	10.000000	10.000000	10.000000
20.656174	10.000000	10.000000	10.000000	10.000000	10.000000
20.700266	10.000000	10.000000	10.000000	10.000000	10.000000
20.993337	10.000000	10.000000	10.000000	10.000000	10.000000
21.467172	10.000000	10.000000	10.000000	10.000000	10.000000
21.604853	10.000000	10.000000	10.000000	10.000000	10.000000
21.248107	10.000000	10.000000	10.000000	10.000000	10.000000
21.633677	10.000000	10.000000	10.000000	10.000000	10.000000
22.620251	10.000000	10.000000	10.000000	10.000000	10.000000
22.017378	10.000000	10.000000	10.000000	10.000000	10.000000
21.753079	10.000000	10.000000	10.000000	10.000000	10.000000
22.525144	10.000000	10.000000	10.000000	10.000000	10.000000
23.332390	10.000000	10.000000	10.000000	10.000000	10.000000
22.854852	10.000000	10.000000	10.000000	10.000000	10.000000
22.793603	10.000000	10.000000	10.000000	10.000000	10.000000
21.753503	10.000000	10.000000	10.000000	10.000000	10.000000
21.746995	10.000000	10.000000	10.000000	10.000000	10.000000
22.165432	10.000000	10.000000	10.000000	10.000000	10.000000
22.041369	10.000000	10.000000	10.000000	10.000000	10.000000
22.717713	10.000000	10.000000	10.000000	10.000000	10.000000
22.552033	10.000000	10.000000	10.000000	10.000000	10.000000
22.603811	10.000000	10.000000	10.000000	10.000000	10.000000
22.509439	10.000000	10.000000	10.000000	10.000000	10.000000
23.154840	10.000000	10.000000	10.000000	10.000000	10.000000
23.914959	10.000000	10.000000	10.000000	10.000000	10.000000
24.463263	10.000000	10.000000	10.000000	10.000000	10.000000
23.955525	10.000000	10.000000	10.000000	10.000000	10.000000
23.933670	10.000000	10.000000	10.000000	10.000000	10.000000
23.656790	10.000000	10.000000	10.000000	10.000000	10.000000
24.411455	10.000000	10.000000	10.000000	10.000000	10.000000
23.747322	10.000000	10.000000	10.000000	10.000000	10.000000
24.102966	10.000000	10.000000	10.000000	10.000000	10.000000
24.017823	10.000000	10.000000	10.000000	10.000000	10.000000
23.465615	10.000000	10.000000	10.000000	10.000000	10.000000
23.308432	10.000000	10.000000	10.000000	10.000000	10.000000
23.997676	10.000000	10.000000	10.000000	10.000000	10.000000
23.478783	10.000000	10.000000	10.000000	10.000000	10.000000
23.363323	10.000000	10.000000	10.000000	10.000000	10.000000
23.103271	10.000000	10.000000	10.000000	10.000000	10.000000
23.101354	10.000000	10.000000	10.000000	10.000000	10.000000
23.925473	10.000000	10.000000	10.000000	10.000000	10.000000
23.782935	10.000000	10.000000	10.000000	10.000000	10.000000
24.005641	10.000000	10.000000	10.000000	10.000000	10.000000
23.265624	10.000000	10.000000	10.000000	10.000000	10.000000
23.074461	10.000000	10.000000	10.000000	10.000000	10.000000
22.837573	10.000000	10.000000	10.000000	10.000000	10.000000
23.499438	10.000000	10.000000	10.000000	10.000000	10.000000
23.002849	10.000000	10.000000	10.000000	10.000000	10.000000
22.732938	10.000000	10.000000	10.000000	10.000000	10.000000
23.579250	10.000000	10.000000	10.000000	10.000000	10.000000
23.161320	10.000000	10.000000	10.000000	10.000000	10.000000
23.279729	10.000000	10.000000	10.000000	10.000000	10.000000
23.162916	10.000000	10.000000	10.000000	10.000000	10.000000
23.305747	10.000000	10.000000	10.000000	10.000000	10.000000
23.192562	10.000000	10.000000	10.000000	10.000000	10.000000
23.146142	10.000000	10.000000	10.000000	10.000000	10.000000
23.190556	10.000000	10.000000	10.000000	10.000000	10.000000
23.613444	10.000000	10.000000	10.000000	10.000000	10.000000
23.611630	10.000000	10.000000	10.000000	10.000000	10.000000
22.995907	10.000000	10.000000	10.000000	10.000000	10.000000
23.699529	10.000000	10.000000	10.000000	10.000000	10.000000
24.040451	10.000000	10.000000	10.000000	10.000000	10.000000
24.314030	10.000000	10.000000	10.000000	10.000000	10.000000
24.293845	10.000000	10.000000	10.000000	10.000000	10.000000
24.049705	10.000000	10.000000	10.000000	10.000000	10.000000
23.992165	10.000000	10.000000	10.000000	10.000000	10.000000
23.867666	10.000000	10.000000	10.000000	10.000000	10.000000
24.598179	10.000000	10.000000	10.000000	10.000000	10.000000
24.760066	10.000000	10.000000	10.000000	10.000000	10.000000
24.827857	10.000000	10.000000	10.000000	10.000000	10.000000
25.011031	10.000000	10.000000	10.000000	10.000000	10.000000
24.487069	10.000000	10.000000	10.000000	10.000000	10.000000
24.171087	10.000000	10.000000	10.000000	10.000000	10.000000
23.948251	10.000000	10.000000	10.000000	10.000000	10.000000
24.053984	10.000000	10.000000	10.000000	10.000000	10.000000
23.784653	10.000000	10.000000	10.000000	10.000000	10.000000
23.956130	10.000000	10.000000	10.000000	10.000000	10.000000
24.190639	10.000000	10.000000	10.000000	10.000000	10.000000
23.445115	10.000000	10.000000	10.000000	10.000000	10.000000
23.968954	10.000000	10.000000	10.000000	10.000000	10.000000
23.391313	10.000000	10.000000	10.000000	10.000000	10.000000
23.972269	10.000000	10.000000	10.000000	10.000000	10.000000
23.997342	10.000000	10.000000	10.000000	10.000000	10.000000
24.353338	10.000000	10.000000	10.000000	10.000000	10.000000
24.208097	10.000000	10.000000	10.000000	10.000000	10.000000
23.959161	10.000000	10.000000	10.000000	10.000000	10.000000
24.378505	10.000000	10.000000	10.000000	10.000000	10.000000
24.224581	10.000000	10.000000	10.000000	10.000000	10.000000
24.498408	10.000000	10.000000	10.000000	10.000000	10.000000
24.866429	10.000000	10.000000	10.000000	10.000000	10.000000
24.667774	10.000000	10.000000	10.000000	10.000000	10.000000
24.591232	10.000000	10.000000	10.000000	10.000000	10.000000
24.963055	10.000000	10.000000	10.000000	10.000000	10.000000
25.746065	10.000000	10.000000	10.000000	10.000000	10.000000
26.065531	10.000000	10.000000	10.000000	10.000000	10.000000
26.609284	10.000000	10.000000	10.000000	10.000000	10.000000
26.840984	10.000000	10.000000	10.000000	10.000000	10.000000
27.173320	10.000000	10.000000	10.000000	10.000000	10.000000
27.292228	10.000000	10.000000	10.000000	10.000000	10.000000
27.120081	10.000000	10.000000	10.000000	10.000000	10.000000
26.481775	10.000000	10.000000	10.000000	10.000000	10.000000
25.872539	10.000000	10.000000	10.000000	10.000000	10.000000
25.367937	10.000000	10.000000	10.000000	10.000000	10.000000
25.022299	10.000000	10.000000	10.000000	10.000000	10.000000
24.513155	10.000000	10.000000	10.000000	10.000000	10.000000
24.409385	10.000000	10.000000	10.000000	10.000000	10.000000
24.564072	10.000000	10.000000	10.000000	10.000000	10.000000
24.920688	10.000000	10.000000	10.000000	10.000000	10.000000
25.050678	10.000000	10.000000	10.000000	10.000000	10.000000
24.546190	10.000000	10.000000	10.000000	10.000000	10.000000
25.075936	10.000000	10.000000	10.000000	10.000000	10.000000
24.892095	10.000000	10.000000	10.000000	10.000000	10.000000
25.411303	10.000000	10.000000	10.000000	10.000000	10.000000
25.137033	10.000000	10.000000	10.000000	10.000000	10.000000
25.686982	10.000000	10.000000	10.000000	10.000000	10.000000
26.402744	10.000000	10.000000	10.000000	10.000000	10.000000
26.017016	10.000000	10.000000	10.000000	10.000000	10.000000
26.393136	10.000000	10.000000	10.000000	10.000000	10.000000
26.128049	10.000000	10.000000	10.000000	10.000000	10.000000
26.481817	10.000000	10.000000	10.000000	10.000000	10.000000
27.441696	10.000000	10.000000	10.000000	10.000000	10.000000
27.054189	10.000000	10.000000	10.000000	10.000000	10.000000
27.426027	10.000000	10.000000	10.000000	10.000000	10.000000
27.073707	10.000000	10.000000	10.000000	10.000000	10.000000
27.189695	10.000000	10.000000	10.000000	10.000000	10.000000
26.770971	10.000000	10.000000	10.000000	10.000000	10.000000
26.106499	10.000000	10.000000	10.000000	10.000000	10.000000
25.952017	10.000000	10.000000	10.000000	10.000000	10.000000
25.861156	10.000000	10.000000	10.000000	10.000000	10.000000
26.021356	10.000000	10.000000	10.000000	10.000000	10.000000
26.046542	10.000000	10.000000	10.000000	10.000000	10.000000
25.973873	10.000000	10.000000	10.000000	10.000000	10.000000
25.816941	10.000000	10.000000	10.000000	10.000000	10.000000
25.732992	10.000000	10.000000	10.000000	10.000000	10.000000
26.201369	10.000000	10.000000	10.000000	10.000000	10.000000
26.068731	10.000000	10.000000	10.000000	10.000000	10.000000
25.362529	10.000000	10.000000	10.000000	10.000000	10.000000
25.251474	10.000000	10.000000	10.000000	10.000000	10.000000
25.006538	10.000000	10.000000	10.000000	10.000000	10.000000
25.025367	10.000000	10.000000	10.000000	10.000000	10.000000
24.623761	10.000000	10.000000	10.000000	10.000000	10.000000
24.717469	10.000000	10.000000	10.000000	10.000000	10.000000
24.101917	10.000000	10.000000	10.000000	10.000000	10.000000
24.782373	10.000000	10.000000	10.000000	10.000000	10.000000
24.948408	10.000000	10.000000	10.000000	10.000000	10.000000
25.084122	10.000000	10.000000	10.000000	10.000000	10.000000
25.057241	10.000000	10.000000	10.000000	10.000000	10.000000
24.949176	10.000000	10.000000	10.000000	10.000000	10.000000
25.415210	10.000000	10.000000	10.000000	10.000000	10.000000
25.416291	10.000000	10.000000	10.000000	10.000000	10.000000
25.713778	10.000000	10.000000	10.000000	10.000000	10.000000
25.532515	10.000000	10.000000	10.000000	10.000000	10.000000
25.176822	10.000000	10.000000	10.000000	10.000000	10.000000
24.957084	10.000000	10.000000	10.000000	10.000000	10.000000
26.038814	10.000000	10.000000	10.000000	10.000000	10.000000
25.681143	10.000000	10.000000	10.000000	10.000000	10.000000
26.091339	10.000000	10.000000	10.000000	10.000000	10.000000
25.872312	10.000000	10.000000	10.000000	10.000000	10.000000
25.836803	10.000000	10.000000	10.000000	10.000000	10.000000
25.893007	10.000000	10.000000	10.000000	10.000000	10.000000
26.263202	10.000000	10.000000	10.000000	10.000000	10.000000
26.220236	10.000000	10.000000	10.000000	10.000000	10.000000
26.515293	10.000000	10.000000	10.000000	10.000000	10.000000
26.157692	10.000000	10.000000	10.000000	10.000000	10.000000
25.975633	10.000000	10.000000	10.000000	10.000000	10.000000
26.014425	10.000000	10.000000	10.000000	10.000000	10.000000
26.097261	10.000000	10.000000	10.000000	10.000000	10.000000
26.487239	10.000000	10.000000	10.000000	10.000000	10.000000
26.574175	10.000000	10.000000	10.000000	10.000000	10.000000
26.508196	10.000000	10.000000	10.000000	10.000000	10.000000
26.574018	10.000000	10.000000	10.000000	10.000000	10.000000
26.729368	10.000000	10.000000	10.000000	10.000000	10.000000
26.337581	10.000000	10.000000	10.000000	10.000000	10.000000
25.849740	10.000000	10.000000	10.000000	10.000000	10.000000
25.723295	10.000000	10.000000	10.000000	10.000000	10.000000
25.760134	10.000000	10.000000	10.000000	10.000000	10.000000
25.747973	10.000000	10.000000	10.000000	10.000000	10.000000
26.325706	10.000000	10.000000	10.000000	10.000000	10.000000
25.816365	10.000000	10.000000	10.000000	10.000000	10.000000
25.628697	10.000000	10.000000	10.000000	10.000000	10.000000
25.808998	10.000000	10.000000	10.000000	10.000000	10.000000
26.749264	10.000000	10.000000	10.000000	10.000000	10.000000
26.304938	10.000000	10.000000	10.000000	10.000000	10.000000
26.126838	10.000000	10.000000	10.000000	10.000000	10.000000
25.919595	10.000000	10.000000	10.000000	10.000000	10.000000
27.143008	10.000000	10.000000	10.000000	10.000000	10.000000
27.281026	10.000000	10.000000	10.000000	10.000000	10.000000
27.389357	10.000000	10.000000	10.000000	10.000000	10.000000
28.156545	10.000000	10.000000	10.000000	10.000000	10.000000
27.542355	10.000000	10.000000	10.000000	10.000000	10.000000
27.708029	10.000000	10.000000	10.000000	10.000000	10.000000
27.867251	10.000000	10.000000	10.000000	10.000000	10.000000
28.443847	10.000000	10.000000	10.000000	10.000000	10.000000
28.328194	10.000000	10.000000	10.000000	10.000000	10.000000
28.181020	10.000000	10.000000	10.000000	10.000000	10.000000
28.531603	10.000000	10.000000	10.000000	10.000000	10.000000
28.921679	10.000000	10.000000	10.000000	10.000000	10.000000
28.722665	10.000000	10.000000	10.000000	10.000000	10.000000
29.033174	10.000000	10.000000	10.000000	10.000000	10.000000
29.456209	10.000000	10.000000	10.000000	10.000000	10.000000
29.310060	10.000000	10.000000	10.000000	10.000000	10.000000
28.752003	10.000000	10.000000	10.000000	10.000000	10.000000
28.409541	10.000000	10.000000	10.000000	10.000000	10.000000
27.638805	10.000000	10.000000	10.000000	10.000000	10.000000
28.739366	10.000000	10.000000	10.000000	10.000000	10.000000
29.002251	10.000000	10.000000	10.000000	10.000000	10.000000
29.294353	10.000000	10.000000	10.000000	10.000000	10.000000
28.815164	10.000000	10.000000	10.000000	10.000000	10.000000
28.571449	10.000000	10.000000	10.000000	10.000000	10.000000
28.463199	10.000000	10.000000	10.000000	10.000000	10.000000
28.393760	10.000000	10.000000	10.000000	10.000000	10.000000
28.618795	10.000000	10.000000	10.000000	10.000000	10.000000
28.036391	10.000000	10.000000	10.000000	10.000000	10.000000
28.270673	10.000000	10.000000	10.000000	10.000000	10.000000
28.721471	10.000000	10.000000	10.000000	10.000000	10.000000
28.560084	10.000000	10.000000	10.000000	10.000000	10.000000
29.167652	10.000000	10.000000	10.000000	10.000000	10.000000
29.798679	10.000000	10.000000	10.000000	10.000000	10.000000
29.422644	10.000000	10.000000	10.000000	10.000000	10.000000
29.363236	10.000000	10.000000	10.000000	10.000000	10.000000
29.036409	10.000000	10.000000	10.000000	10.000000	10.000000
28.704583	10.000000	10.000000	10.000000	10.000000	10.000000
27.931527	10.000000	10.000000	10.000000	10.000000	10.000000
27.746916	10.000000	10.000000	10.000000	10.000000	10.000000
27.520362	10.000000	10.000000	10.000000	10.000000	10.000000
26.949984	10.000000	10.000000	10.000000	10.000000	10.000000
26.922802	10.000000	10.000000	10.000000	10.000000	10.000000
26.813402	10.000000	10.000000	10.000000	10.000000	10.000000
27.188997	10.000000	10.000000	10.000000	10.000000	10.000000
27.155396	10.000000	10.000000	10.000000	10.000000	10.000000
27.037901	10.000000	10.000000	10.000000	10.000000	10.000000
27.503681	10.000000	10.000000	10.000000	10.000000	10.000000
27.093229	10.000000	10.000000	10.000000	10.000000	10.000000
26.398128	10.000000	10.000000	10.000000	10.000000	10.000000
26.665462	10.000000	10.000000	10.000000	10.000000	10.000000
26.162124	10.000000	10.000000	10.000000	10.000000	10.000000
26.649752	10.000000	10.000000	10.000000	10.000000	10.000000
27.137024	10.000000	10.000000	10.000000	10.000000	10.000000
27.172153	10.000000	10.000000	10.000000	10.000000	10.000000
26.905219	10.000000	10.000000	10.000000	10.000000	10.000000
26.953340	10.000000	10.000000	10.000000	10.000000	10.000000
26.794803	10.000000	10.000000	10.000000	10.000000	10.000000
26.862079	10.000000	10.000000	10.000000	10.000000	10.000000
27.003990	10.000000	10.000000	10.000000	10.000000	10.000000
26.952098	10.000000	10.000000	10.000000	10.000000	10.000000
26.696216	10.000000	10.000000	10.000000	10.000000	10.000000
27.324304	10.000000	10.000000	10.000000	10.000000	10.000000
27.104245	10.000000	10.000000	10.000000	10.000000	10.000000
26.954334	10.000000	10.000000	10.000000	10.000000	10.000000
26.967499	10.000000	10.000000	10.000000	10.000000	10.000000
27.247418	10.000000	10.000000	10.000000	10.000000	10.000000
27.113152	10.000000	10.000000	10.000000	10.000000	10.000000
27.290439	10.000000	10.000000	10.000000	10.000000	10.000000
27.531653	10.000000	10.000000	10.000000	10.000000	10.000000
27.621279	10.000000	10.000000	10.000000	10.000000	10.000000
26.920491	10.000000	10.000000	10.000000	10.000000	10.000000
26.150632	10.000000	10.000000	10.000000	10.000000	10.000000
25.648391	10.000000	10.000000	10.000000	10.000000	10.000000
25.396567	10.000000	10.000000	10.000000	10.000000	10.000000
25.421792	10.000000	10.000000	10.000000	10.000000	10.000000
25.087246	10.000000	10.000000	10.000000	10.000000	10.000000
24.638373	10.000000	10.000000	10.000000	10.000000	10.000000
24.560971	10.000000	10.000000	10.000000	10.000000	10.000000
24.612199	10.000000	10.000000	10.000000	10.000000	10.000000
24.444600	10.000000	10.000000	10.000000	10.000000	10.000000
24.461507	10.000000	10.000000	10.000000	10.000000	10.000000
24.537360	10.000000	10.000000	10.000000	10.000000	10.000000
24.667219	10.000000	10.000000	10.000000	10.000000	10.000000
25.146202	10.000000	10.000000	10.000000	10.000000	10.000000
25.336325	10.000000	10.000000	10.000000	10.000000	10.000000
25.679463	10.000000	10.000000	10.000000	10.000000	10.000000
26.002498	10.000000	10.000000	10.000000	10.000000	10.000000
26.516116	10.000000	10.000000	10.000000	10.000000	10.000000
26.882021	10.000000	10.000000	10.000000	10.000000	10.000000
26.629624	10.000000	10.000000	10.000000	10.000000	10.000000
27.217290	10.000000	10.000000	10.000000	10.000000	10.000000
27.392200	10.000000	10.000000	10.000000	10.000000	10.000000
27.020471	10.000000	10.000000	10.000000	10.000000	10.000000
27.308313	10.000000	10.000000	10.000000	10.000000	10.000000
27.326628	10.000000	10.000000	10.000000	10.000000	10.000000
28.328993	10.000000	10.000000	10.000000	10.000000	10.000000
28.366325	10.000000	10.000000	10.000000	10.000000	10.000000
28.210297	10.000000	10.000000	10.000000	10.000000	10.000000
28.033978	10.000000	10.000000	10.000000	10.000000	10.000000
28.333163	10.000000	10.000000	10.000000	10.000000	10.000000
28.574436	10.000000	10.000000	10.000000	10.000000	10.000000
28.730207	10.000000	10.000000	10.000000	10.000000	10.000000
28.683699	10.000000	10.000000	10.000000	10.000000	10.000000
28.783869	10.000000	10.000000	10.000000	10.000000	10.000000
29.066003	10.000000	10.000000	10.000000	10.000000	10.000000
29.203230	10.000000	10.000000	10.000000	10.000000	10.000000
29.323075	10.000000	10.000000	10.000000	10.000000	10.000000
29.567169	10.000000	10.000000	10.000000	10.000000	10.000000
29.354308	10.000000	10.000000	10.000000	10.000000	10.000000
29.187042	10.000000	10.000000	10.000000	10.000000	10.000000
29.265127	10.000000	10.000000	10.000000	10.000000	10.000000
29.209975	10.000000	10.000000	10.000000	10.000000	10.000000
29.116461	10.000000	10.000000	10.000000	10.000000	10.000000
28.998041	10.000000	10.000000	10.000000	10.000000	10.000000
29.414368	10.000000	10.000000	10.000000	10.000000	10.000000
29.355137	10.000000	10.000000	10.000000	10.000000	10.000000
29.530118	10.000000	10.000000	10.000000	10.000000	10.000000
29.621893	10.000000	10.000000	10.000000	10.000000	10.000000
30.094110	10.000000	10.000000	10.000000	10.000000	10.000000
29.710981	10.000000	10.000000	10.000000	10.000000	10.000000
29.860370	10.000000	10.000000	10.000000	10.000000	10.000000
29.573391	10.000000	10.000000	10.000000	10.000000	10.000000
29.471433	10.000000	10.000000	10.000000	10.000000	10.000000
29.733212	10.000000	10.000000	10.000000	10.000000	10.000000
29.730200	10.000000	10.000000	10.000000	10.000000	10.000000
29.973546	10.000000	10.000000	10.000000	10.000000	10.000000
29.521177	10.000000	10.000000	10.000000	10.000000	10.000000
29.148412	10.000000	10.000000	10.000000	10.000000	10.000000
29.290342	10.000000	10.000000	10.000000	10.000000	10.000000
29.176292	10.000000	10.000000	10.000000	10.000000	10.000000
29.560301	10.000000	10.000000	10.000000	10.000000	10.000000
29.214112	10.000000	10.000000	10.000000	10.000000	10.000000
29.501020	10.000000	10.000000	10.000000	10.000000	10.000000
29.287644	10.000000	10.000000	10.000000	10.000000	10.000000
29.505590	10.000000	10.000000	10.000000	10.000000	10.000000
28.505783	10.000000	10.000000	10.000000	10.000000	10.000000
29.022825	10.000000	10.000000	10.000000	10.000000	10.000000
29.956783	10.000000	10.000000	10.000000	10.000000	10.000000
29.586568	10.000000	10.000000	10.000000	10.000000	10.000000
29.904979	10.000000	10.000000	10.000000	10.000000	10.000000
29.739592	10.000000	10.000000	10.000000	10.000000	10.000000
29.954026	10.000000	10.000000	10.000000	10.000000	10.000000
29.602169	10.000000	10.000000	10.000000	10.000000	10.000000
29.617505	10.000000	10.000000	10.000000	10.000000	10.000000
29.227732	10.000000	10.000000	10.000000	10.000000	10.000000
29.192071	10.000000	10.000000	10.000000	10.000000	10.000000
28.711647	10.000000	10.000000	10.000000	10.000000	10.000000
29.079911	10.000000	10.000000	10.000000	10.000000	10.000000
29.009863	10.000000	10.000000	10.000000	10.000000	10.000000
29.014234	10.000000	10.000000	10.000000	10.000000	10.000000
28.766402	10.000000	10.000000	10.000000	10.000000	10.000000
28.207315	10.000000	10.000000	10.000000	10.000000	10.000000
28.135760	10.000000	10.000000	10.000000	10.000000	10.000000
27.921222	10.000000	10.000000	10.000000	10.000000	10.000000
27.692426	10.000000	10.000000	10.000000	10.000000	10.000000
27.795039	10.000000	10.000000	10.000000	10.000000	10.000000
27.365802	10.000000	10.000000	10.000000	10.000000	10.000000
27.030702	10.000000	10.000000	10.000000	10.000000	10.000000
27.023271	10.000000	10.000000	10.000000	10.000000	10.000000
27.180965	10.000000	10.000000	10.000000	10.000000	10.000000
27.353336	10.000000	10.000000	10.000000	10.000000	10.000000
27.373744	10.000000	10.000000	10.000000	10.000000	10.000000
27.451095	10.000000	10.000000	10.000000	10.000000	10.000000
27.654519	10.000000	10.000000	10.000000	10.000000	10.000000
27.178066	10.000000	10.000000	10.000000	10.000000	10.000000
28.025182	10.000000	10.000000	10.000000	10.000000	10.000000
27.372824	10.000000	10.000000	10.000000	10.000000	10.000000
27.062882	10.000000	10.000000	10.000000	10.000000	10.000000
26.930222	10.000000	10.000000	10.000000	10.000000	10.000000
27.167765	10.000000	10.000000	10.000000	10.000000	10.000000
27.106447	10.000000	10.000000	10.000000	10.000000	10.000000
27.447862	10.000000	10.000000	10.000000	10.000000	10.000000
27.116480	10.000000	10.000000	10.000000	10.000000	10.000000
27.105221	10.000000	10.000000	10.000000	10.000000	10.000000
27.203596	10.000000	10.000000	10.000000	10.000000	10.000000
27.481784	10.000000	10.000000	10.000000	10.000000	10.000000
27.522828	10.000000	10.000000	10.000000	10.000000	10.000000
27.267749	10.000000	10.000000	10.000000	10.000000	10.000000
27.110848	10.000000	10.000000	10.000000	10.000000	10.000000
27.457415	10.000000	10.000000	10.000000	10.000000	10.000000
26.916628	10.000000	10.000000	10.000000	10.000000	10.000000
27.062877	10.000000	10.000000	10.000000	10.000000	10.000000
26.739010	10.000000	10.000000	10.000000	10.000000	10.000000
26.497797	10.000000	10.000000	10.000000	10.000000	10.000000
26.199067	10.000000	10.000000	10.000000	10.000000	10.000000
26.450870	10.000000	10.000000	10.000000	10.000000	10.000000
26.548836	10.000000	10.000000	10.000000	10.000000	10.000000
26.765041	10.000000	10.000000	10.000000	10.000000	10.000000
26.410873	10.000000	10.000000	10.000000	10.000000	10.000000
26.021166	10.000000	10.000000	10.000000	10.000000	10.000000
25.841367	10.000000	10.000000	10.000000	10.000000	10.000000
26.151579	10.000000	10.000000	10.000000	10.000000	10.000000
25.215796	10.000000	10.000000	10.000000	10.000000	10.000000
25.180704	10.000000	10.000000	10.000000	10.000000	10.000000
25.071003	10.000000	10.000000	10.000000	10.000000	10.000000
25.096405	10.000000	10.000000	10.000000	10.000000	10.000000
25.383152	10.000000	10.000000	10.000000	10.000000	10.000000
26.005120	10.000000	10.000000	10.000000	10.000000	10.000000
26.284170	10.000000	10.000000	10.000000	10.000000	10.000000
26.355011	10.000000	10.000000	10.000000	10.000000	10.000000
26.524814	10.000000	10.000000	10.000000	10.000000	10.000000
26.176285	10.000000	10.000000	10.000000	10.000000	10.000000
26.419170	10.000000	10.000000	10.000000	10.000000	10.000000
25.769311	10.000000	10.000000	10.000000	10.000000	10.000000
26.220521	10.000000	10.000000	10.000000	10.000000	10.000000
25.527135	10.000000	10.000000	10.000000	10.000000	10.000000
25.439959	10.000000	10.000000	10.000000	10.000000	10.000000
26.576718	10.000000	10.000000	10.000000	10.000000	10.000000
26.799064	10.000000	10.000000	10.000000	10.000000	10.000000
26.591078	10.000000	10.000000	10.000000	10.000000	10.000000
26.722443	10.000000	10.000000	10.000000	10.000000	10.000000
26.419869	10.000000	10.000000	10.000000	10.000000	10.000000
26.205138	10.000000	10.000000	10.000000	10.000000	10.000000
26.112293	10.000000	10.000000	10.000000	10.000000	10.000000
25.990483	10.000000	10.000000	10.000000	10.000000	10.000000
25.779296	10.000000	10.000000	10.000000	10.000000	10.000000
25.445891	10.000000	10.000000	10.000000	10.000000	10.000000
24.981928	10.000000	10.000000	10.000000	10.000000	10.000000
25.170802	10.000000	10.000000	10.000000	10.000000	10.000000
25.680599	10.000000	10.000000	10.000000	10.000000	10.000000
25.469872	10.000000	10.000000	10.000000	10.000000	10.000000
24.994949	10.000000	10.000000	10.000000	10.000000	10.000000
25.174895	10.000000	10.000000	10.000000	10.000000	10.000000
25.695953	10.000000	10.000000	10.000000	10.000000	10.000000
25.897493	10.000000	10.000000	10.000000	10.000000	10.000000
25.886655	10.000000	10.000000	10.000000	10.000000	10.000000
25.546888	10.000000	10.000000	10.000000	10.000000	10.000000
25.963063	10.000000	10.000000	10.000000	10.000000	10.000000
25.928582	10.000000	10.000000	10.000000	10.000000	10.000000
25.664577	10.000000	10.000000	10.000000	10.000000	10.000000
25.493772	10.000000	10.000000	10.000000	10.000000	10.000000
25.766980	10.000000	10.000000	10.000000	10.000000	10.000000
25.813579	10.000000	10.000000	10.000000	10.000000	10.000000
26.090321	10.000000	10.000000	10.000000	10.000000	10.000000
25.560942	10.000000	10.000000	10.000000	10.000000	10.000000
25.133682	10.000000	10.000000	10.000000	10.000000	10.000000
24.713137	10.000000	10.000000	10.000000	10.000000	10.000000
24.548155	10.000000	10.000000	10.000000	10.000000	10.000000
25.191571	10.000000	10.000000	10.000000	10.000000	10.000000
24.607874	10.000000	10.000000	10.000000	10.000000	10.000000
24.791798	10.000000	10.000000	10.000000	10.000000	10.000000
24.663444	10.000000	10.000000	10.000000	10.000000	10.000000
25.027366	10.000000	10.000000	10.000000	10.000000	10.000000
24.358661	10.000000	10.000000	10.000000	10.000000	10.000000
24.489699	10.000000	10.000000	10.000000	10.000000	10.000000
24.123648	10.000000	10.000000	10.000000	10.000000	10.000000
23.962950	10.000000	10.000000	10.000000	10.000000	10.000000
23.894354	10.000000	10.000000	10.000000	10.000000	10.000000
23.774852	10.000000	10.000000	10.000000	10.000000	10.000000
23.719911	10.000000	10.000000	10.000000	10.000000	10.000000
23.609809	10.000000	10.000000	10.000000	10.000000	10.000000
23.609733	10.000000	10.000000	10.000000	10.000000	10.000000
23.491535	10.000000	10.000000	10.000000	10.000000	10.000000
23.532656	10.000000	10.000000	10.000000	10.000000	10.000000
22.924312	10.000000	10.000000	10.000000	10.000000	10.000000
23.435998	10.000000	10.000000	10.000000	10.000000	10.000000
24.120577	10.000000	10.000000	10.000000	10.000000	10.000000
23.873492	10.000000	10.000000	10.000000	10.000000	10.000000
24.296755	10.000000	10.000000	10.000000	10.000000	10.000000
24.846159	10.000000	10.000000	10.000000	10.000000	10.000000
25.070196	10.000000	10.000000	10.000000	10.000000	10.000000
24.595935	10.000000	10.000000	10.000000	10.000000	10.000000
23.695072	10.000000	10.000000	10.000000	10.000000	10.000000
23.883332	10.000000	10.000000	10.000000	10.000000	10.000000
23.849137	10.000000	10.000000	10.000000	10.000000	10.000000
24.002072	10.000000	10.000000	10.000000	10.000000	10.000000
23.592529	10.000000	10.000000	10.000000	10.000000	10.000000
22.567067	10.000000	10.000000	10.000000	10.000000	10.000000
23.041559	10.000000	10.000000	10.000000	10.000000	10.000000
22.884705	10.000000	10.000000	10.000000	10.000000	10.000000
21.652342	10.000000	10.000000	10.000000	10.000000	10.000000
21.342107	10.000000	10.000000	10.000000	10.000000	10.000000
21.085528	10.000000	10.000000	10.000000	10.000000	10.000000
21.022561	10.000000	10.000000	10.000000	10.000000	10.000000
20.663848	10.000000	10.000000	10.000000	10.000000	10.000000
20.778548	10.000000	10.000000	10.000000	10.000000	10.000000
21.616007	10.000000	10.000000	10.000000	10.000000	10.000000
21.081346	10.000000	10.000000	10.000000	10.000000	10.000000
21.027362	10.000000	10.000000	10.000000	10.000000	10.000000
20.720436	10.000000	10.000000	10.000000	10.000000	10.000000
20.443067	10.000000	10.000000	10.000000	10.000000	10.000000
20.541451	10.000000	10.000000	10.000000	10.000000	10.000000
19.927370	10.000000	10.000000	10.000000	10.000000	10.000000
20.026822	10.000000	10.000000	10.000000	10.000000	10.000000
20.073196	10.000000	10.000000	10.000000	10.000000	10.000000
20.212105	10.000000	10.000000	10.000000	10.000000	10.000000
20.562363	10.000000	10.000000	10.000000	10.000000	10.000000
19.527227	10.000000	10.000000	10.000000	10.000000	10.000000
19.120029	10.000000	10.000000	10.000000	10.000000	10.000000
18.910798	10.000000	10.000000	10.000000	10.000000	10.000000
19.353685	10.000000	10.000000	10.000000	10.000000	10.000000
18.784332	10.000000	10.000000	10.000000	10.000000	10.000000
19.253167	10.000000	10.000000	10.000000	10.000000	10.000000
18.826064	10.000000	10.000000	10.000000	10.000000	10.000000
19.376566	10.000000	10.000000	10.000000	10.000000	10.000000
19.539022	10.000000	10.000000	10.000000	10.000000	10.000000
19.167357	10.000000	10.000000	10.000000	10.000000	10.000000
19.807719	10.000000	10.000000	10.000000	10.000000	10.000000
19.751588	10.000000	10.000000	10.000000	10.000000	10.000000
20.230198	10.000000	10.000000	10.000000	10.000000	10.000000
20.134693	10.000000	10.000000	10.000000	10.000000	10.000000
21.001585	10.000000	10.000000	10.000000	10.000000	10.000000
21.185442	10.000000	10.000000	10.000000	10.000000	10.000000
21.090886	10.000000	10.000000	10.000000	10.000000	10.000000
20.749940	10.000000	10.000000	10.000000	10.000000	10.000000
20.464988	10.000000	10.000000	10.000000	10.000000	10.000000
20.114818	10.000000	10.000000	10.000000	10.000000	10.000000
19.520178	10.000000	10.000000	10.000000	10.000000	10.000000
19.353220	10.000000	10.000000	10.000000	10.000000	10.000000
19.188664	10.000000	10.000000	10.000000	10.000000	10.000000
19.881385	10.000000	10.000000	10.000000	10.000000	10.000000
20.038345	10.000000	10.000000	10.000000	10.000000	10.000000
19.834658	10.000000	10.000000	10.000000	10.000000	10.000000
19.553010	10.000000	10.000000	10.000000	10.000000	10.000000
19.965746	10.000000	10.000000	10.000000	10.000000	10.000000
20.459157	10.000000	10.000000	10.000000	10.000000	10.000000
20.084560	10.000000	10.000000	10.000000	10.000000	10.000000
19.894934	10.000000	10.000000	10.000000	10.000000	10.000000
20.054249	10.000000	10.000000	10.000000	10.000000	10.000000
19.714597	10.000000	10.000000	10.000000	10.000000	10.000000
19.698795	10.000000	10.000000	10.000000	10.000000	10.000000
19.940280	10.000000	10.000000	10.000000	10.000000	10.000000
20.516309	10.000000	10.000000	10.000000	10.000000	10.000000
20.623829	10.000000	10.000000	10.000000	10.000000	10.000000
20.073010	10.000000	10.000000	10.000000	10.000000	10.000000
20.009889	10.000000	10.000000	10.000000	10.000000	10.000000
19.407767	10.000000	10.000000	10.000000	10.000000	10.000000
19.331782	10.000000	10.000000	10.000000	10.000000	10.000000
19.379053	10.000000	10.000000	10.000000	10.000000	10.000000
19.712593	10.000000	10.000000	10.000000	10.000000	10.000000
19.532735	10.000000	10.000000	10.000000	10.000000	10.000000
19.981062	10.000000	10.000000	10.000000	10.000000	10.000000
19.492998	10.000000	10.000000	10.000000	10.000000	10.000000
20.285845	10.000000	10.000000	10.000000	10.000000	10.000000
20.138644	10.000000	10.000000	10.000000	10.000000	10.000000
20.795172	10.000000	10.000000	10.000000	10.000000	10.000000
20.495509	10.000000	10.000000	10.000000	10.000000	10.000000
20.453322	10.000000	10.000000	10.000000	10.000000	10.000000
19.830602	10.000000	10.000000	10.000000	10.000000	10.000000
20.288479	10.000000	10.000000	10.000000	10.000000	10.000000
20.241541	10.000000	10.000000	10.000000	10.000000	10.000000
20.449173	10.000000	10.000000	10.000000	10.000000	10.000000
20.550595	10.000000	10.000000	10.000000	10.000000	10.000000
20.546132	10.000000	10.000000	10.000000	10.000000	10.000000
20.613524	10.000000	10.000000	10.000000	10.000000	10.000000
20.036323	10.000000	10.000000	10.000000	10.000000	10.000000
20.285175	10.000000	10.000000	10.000000	10.000000	10.000000
20.021621	10.000000	10.000000	10.000000	10.000000	10.000000
20.137436	10.000000	10.000000	10.000000	10.000000	10.000000
20.078144	10.000000	10.000000	10.000000	10.000000	10.000000
19.838809	10.000000	10.000000	10.000000	10.000000	10.000000
19.089799	10.000000	10.000000	10.000000	10.000000	10.000000
19.418468	10.000000	10.000000	10.000000	10.000000	10.000000
19.946863	10.000000	10.000000	10.000000	10.000000	10.000000
20.685982	10.000000	10.000000	10.000000	10.000000	10.000000
20.866965	10.000000	10.000000	10.000000	10.000000	10.000000
20.575308	10.000000	10.000000	10.000000	10.000000	10.000000
20.125128	10.000000	10.000000	10.000000	10.000000	10.000000
21.373753	10.000000	10.000000	10.000000	10.000000	10.000000
21.581132	10.000000	10.000000	10.000000	10.000000	10.000000
21.017437	10.000000	10.000000	10.000000	10.000000	10.000000
21.050632	10.000000	10.000000	10.000000	10.000000	10.000000
20.191353	10.000000	10.000000	10.000000	10.000000	10.000000
19.616584	10.000000	10.000000	10.000000	10.000000	10.000000
19.703137	10.000000	10.000000	10.000000	10.000000	10.000000
19.824483	10.000000	10.000000	10.000000	10.000000	10.000000
20.042719	10.000000	10.000000	10.000000	10.000000	10.000000
20.561046	10.000000	10.000000	10.000000	10.000000	10.000000
21.262811	10.000000	10.000000	10.000000	10.000000	10.000000
21.184367	10.000000	10.000000	10.000000	10.000000	10.000000
21.347818	10.000000	10.000000	10.000000	10.000000	10.000000
20.400569	10.000000	10.000000	10.000000	10.000000	10.000000
20.889049	10.000000	10.000000	10.000000	10.000000	10.000000
20.634310	10.000000	10.000000	10.000000	10.000000	10.000000
20.231817	10.000000	10.000000	10.000000	10.000000	10.000000
19.543614	10.000000	10.000000	10.000000	10.000000	10.000000
19.719070	10.000000	10.000000	10.000000	10.000000	10.000000
19.233369	10.000000	10.000000	10.000000	10.000000	10.000000
19.720435	10.000000	10.000000	10.000000	10.000000	10.000000
18.496073	10.000000	10.000000	10.000000	10.000000	10.000000
19.000205	10.000000	10.000000	10.000000	10.000000	10.000000
18.961185	10.000000	10.000000	10.000000	10.000000	10.000000
17.966173	10.000000	10.000000	10.000000	10.000000	10.000000
18.660077	10.000000	10.000000	10.000000	10.000000	10.000000
18.720237	10.000000	10.000000	10.000000	10.000000	10.000000
18.982659	10.000000	10.000000	10.000000	10.000000	10.000000
19.123540	10.000000	10.000000	10.000000	10.000000	10.000000
18.216856	10.000000	10.000000	10.000000	10.000000	10.000000
18.799487	10.000000	10.000000	10.000000	10.000000	10.000000
18.615928	10.000000	10.000000	10.000000	10.000000	10.000000
18.072478	10.000000	10.000000	10.000000	10.000000	10.000000
18.226075	10.000000	10.000000	10.000000	10.000000	10.000000
17.752459	10.000000	10.000000	10.000000	10.000000	10.000000
17.536451	10.000000	10.000000	10.000000	10.000000	10.000000
17.458941	10.000000	10.000000	10.000000	10.000000	10.000000
16.362746	10.000000	10.000000	10.000000	10.000000	10.000000
16.258533	10.000000	10.000000	10.000000	10.000000	10.000000
16.265632	10.000000	10.000000	10.000000	10.000000	10.000000
16.468527	10.000000	10.000000	10.000000	10.000000	10.000000
16.827663	10.000000	10.000000	10.000000	10.000000	10.000000
16.346266	10.000000	10.000000	10.000000	10.000000	10.000000
17.085247	10.000000	10.000000	10.000000	10.000000	10.000000
17.472531	10.000000	10.000000	10.000000	10.000000	10.000000
17.199272	10.000000	10.000000	10.000000	10.000000	10.000000
17.931754	10.000000	10.000000	10.000000	10.000000	10.000000
17.316842	10.000000	10.000000	10.000000	10.000000	10.000000
16.825621	10.000000	10.000000	10.000000	10.000000	10.000000
16.866084	10.000000	10.000000	10.000000	10.000000	10.000000
16.236950	10.000000	10.000000	10.000000	10.000000	10.000000
16.146499	10.000000	10.000000	10.000000	10.000000	10.000000
15.264021	10.000000	10.000000	10.000000	10.000000	10.000000
16.383871	10.000000	10.000000	10.000000	10.000000	10.000000
16.628598	10.000000	10.000000	10.000000	10.000000	10.000000
16.834767	10.000000	10.000000	10.000000	10.000000	10.000000
16.626608	10.000000	10.000000	10.000000	10.000000	10.000000
15.802755	10.000000	10.000000	10.000000	10.000000	10.000000
16.779322	10.000000	10.000000	10.000000	10.000000	10.000000
16.671405	10.000000	10.000000	10.000000	10.000000	10.000000
17.092331	10.000000	10.000000	10.000000	10.000000	10.000000
16.941233	10.000000	10.000000	10.000000	10.000000	10.000000
16.258622	10.000000	10.000000	10.000000	10.000000	10.000000
15.980830	10.000000	10.000000	10.000000	10.000000	10.000000
15.698201	10.000000	10.000000	10.000000	10.000000	10.000000
15.578423	10.000000	10.000000	10.000000	10.000000	10.000000
15.615503	10.000000	10.000000	10.000000	10.000000	10.000000
16.612555	10.000000	10.000000	10.000000	10.000000	10.000000
17.200940	10.000000	10.000000	10.000000	10.000000	10.000000
17.236865	10.000000	10.000000	10.000000	10.000000	10.000000
17.345535	10.000000	10.000000	10.000000	10.000000	10.000000
17.570149	10.000000	10.000000	10.000000	10.000000	10.000000
18.166173	10.000000	10.000000	10.000000	10.000000	10.000000
17.704779	10.000000	10.000000	10.000000	10.000000	10.000000
16.500849	10.000000	10.000000	10.000000	10.000000	10.000000
16.764416	10.000000	10.000000	10.000000	10.000000	10.000000
16.297405	10.000000	10.000000	10.000000	10.000000	10.000000
16.377869	10.000000	10.000000	10.000000	10.000000	10.000000
17.101180	10.000000	10.000000	10.000000	10.000000	10.000000
18.277885	10.000000	10.000000	10.000000	10.000000	10.000000
18.210928	10.000000	10.000000	10.000000	10.000000	10.000000
17.976998	10.000000	10.000000	10.000000	10.000000	10.000000
17.443069	10.000000	10.000000	10.000000	10.000000	10.000000
16.298721	10.000000	10.000000	10.000000	10.000000	10.000000
14.993948	10.000000	10.000000	10.000000	10.000000	10.000000
14.959990	10.000000	10.000000	10.000000	10.000000	10.000000
15.225313	10.000000	10.000000	10.000000	10.000000	10.000000
15.615716	10.000000	10.000000	10.000000	10.000000	10.000000
15.646594	10.000000	10.000000	10.000000	10.000000	10.000000
16.306020	10.000000	10.000000	10.000000	10.000000	10.000000
16.725690	10.000000	10.000000	10.000000	10.000000	10.000000
16.451744	10.000000	10.000000	10.000000	10.000000	10.000000
17.084676	10.000000	10.000000	10.000000	10.000000	10.000000
17.261689	10.000000	10.000000	10.000000	10.000000	10.000000
16.720134	10.000000	10.000000	10.000000	10.000000	10.000000
18.760961	10.000000	10.000000	10.000000	10.000000	10.000000
18.953941	10.000000	10.000000	10.000000	10.000000	10.000000
18.840913	10.000000	10.000000	10.000000	10.000000	10.000000
17.745076	10.000000	10.000000	10.000000	10.000000	10.000000
18.462313	10.000000	10.000000	10.000000	10.000000	10.000000
18.624901	10.000000	10.000000	10.000000	10.000000	10.000000
18.853638	10.000000	10.000000	10.000000	10.000000	10.000000
18.874023	10.000000	10.000000	10.000000	10.000000	10.000000
18.668034	10.000000	10.000000	10.000000	10.000000	10.000000
18.650061	10.000000	10.000000	10.000000	10.000000	10.000000
17.470058	10.000000	10.000000	10.000000	10.000000	10.000000
16.774036	10.000000	10.000000	10.000000	10.000000	10.000000
17.140536	10.000000	10.000000	10.000000	10.000000	10.000000
16.936917	10.000000	10.000000	10.000000	10.000000	10.000000
17.147340	10.000000	10.000000	10.000000	10.000000	10.000000
17.142043	10.000000	10.000000	10.000000	10.000000	10.000000
18.284990	10.000000	10.000000	10.000000	10.000000	10.000000
18.893749	10.000000	10.000000	10.000000	10.000000	10.000000
18.983881	10.000000	10.000000	10.000000	10.000000	10.000000
18.571180	10.000000	10.000000	10.000000	10.000000	10.000000
19.214125	10.000000	10.000000	10.000000	10.000000	10.000000
19.574751	10.000000	10.000000	10.000000	10.000000	10.000000
19.280069	10.000000	10.000000	10.000000	10.000000	10.000000
19.471779	10.000000	10.000000	10.000000	10.000000	10.000000
19.526294	10.000000	10.000000	10.000000	10.000000	10.000000
19.990356	10.000000	10.000000	10.000000	10.000000	10.000000
19.502122	10.000000	10.000000	10.000000	10.000000	10.000000
19.504999	10.000000	10.000000	10.000000	10.000000	10.000000
18.706739	10.000000	10.000000	10.000000	10.000000	10.000000
18.312073	10.000000	10.000000	10.000000	10.000000	10.000000
18.746567	10.000000	10.000000	10.000000	10.000000	10.000000
18.528346	10.000000	10.000000	10.000000	10.000000	10.000000
18.177114	10.000000	10.000000	10.000000	10.000000	10.000000
18.727406	10.000000	10.000000	10.000000	10.000000	10.000000
18.699725	10.000000	10.000000	10.000000	10.000000	10.000000
18.562259	10.000000	10.000000	10.000000	10.000000	10.000000
18.647994	10.000000	10.000000	10.000000	10.000000	10.000000
18.954501	10.000000	10.000000	10.000000	10.000000	10.000000
18.146035	10.000000	10.000000	10.000000	10.000000	10.000000
18.070801	10.000000	10.000000	10.000000	10.000000	10.000000
18.061484	10.000000	10.000000	10.000000	10.000000	10.000000
17.622222	10.000000	10.000000	10.000000	10.000000	10.000000
17.935280	10.000000	10.000000	10.000000	10.000000	10.000000
17.223880	10.000000	10.000000	10.000000	10.000000	10.000000
18.717156	10.000000	10.000000	10.000000	10.000000	10.000000
19.569975	10.000000	10.000000	10.000000	10.000000	10.000000
19.392519	10.000000	10.000000	10.000000	10.000000	10.000000
17.587308	10.000000	10.000000	10.000000	10.000000	10.000000
17.802916	10.000000	10.000000	10.000000	10.000000	10.000000
17.952351	10.000000	10.000000	10.000000	10.000000	10.000000
19.141541	10.000000	10.000000	10.000000	10.000000	10.000000
19.351815	10.000000	10.000000	10.000000	10.000000	10.000000
18.584495	10.000000	10.000000	10.000000	10.000000	10.000000
18.531376	10.000000	10.000000	10.000000	10.000000	10.000000
18.714006	10.000000	10.000000	10.000000	10.000000	10.000000
18.713002	10.000000	10.000000	10.000000	10.000000	10.000000
18.221065	10.000000	10.000000	10.000000	10.000000	10.000000
18.897393	10.000000	10.000000	10.000000	10.000000	10.000000
18.737154	10.000000	10.000000	10.000000	10.000000	10.000000
19.655853	10.000000	10.000000	10.000000	10.000000	10.000000
20.096700	10.000000	10.000000	10.000000	10.000000	10.000000
20.255653	10.000000	10.000000	10.000000	10.000000	10.000000
20.013759	10.000000	10.000000	10.000000	10.000000	10.000000
20.356080	10.000000	10.000000	10.000000	10.000000	10.000000
20.155150	10.000000	10.000000	10.000000	10.000000	10.000000
20.230701	10.000000	10.000000	10.000000	10.000000	10.000000
20.329481	10.000000	10.000000	10.000000	10.000000	10.000000
19.386376	10.000000	10.000000	10.000000	10.000000	10.000000
19.617939	10.000000	10.000000	10.000000	10.000000	10.000000
18.810560	10.000000	10.000000	10.000000	10.000000	10.000000
19.540623	10.000000	10.000000	10.000000	10.000000	10.000000
19.769934	10.000000	10.000000	10.000000	10.000000	10.000000
19.416060	10.000000	10.000000	10.000000	10.000000	10.000000
19.055041	10.000000	10.000000	10.000000	10.000000	10.000000
19.574944	10.000000	10.000000	10.000000	10.000000	10.000000
19.455856	10.000000	10.000000	10.000000	10.000000	10.000000
18.910675	10.000000	10.000000	10.000000	10.000000	10.000000
19.230330	10.000000	10.000000	10.000000	10.000000	10.000000
20.008268	10.000000	10.000000	10.000000	10.000000	10.000000
19.748789	10.000000	10.000000	10.000000	10.000000	10.000000
20.925813	10.000000	10.000000	10.000000	10.000000	10.000000
