16.913877	-99.484453	-100.000000	-99.108185	-21.021893	-84.105103
100.000000	99.279970	-100.000000	-1.083818	-13.129072	-25.853029
57.671252	99.446129	-100.000000	66.555866	48.676133	-29.309072
98.435098	99.911824	-100.000000	31.030414	-59.277544	-45.289070
-46.607193	-99.887047	100.000000	-73.565320	21.187638	63.186477
-86.541379	-4.051779	-100.000000	98.202634	-33.689326	-35.850100
70.915081	100.000000	100.000000	30.425218	-43.864472	75.401395
100.000000	70.239169	-100.000000	-100.000000	-44.538679	-21.482109
92.085053	88.810037	100.000000	-67.611832	71.991098	21.236521
100.000000	99.717959	-100.000000	-41.966986	36.358150	-69.722067
-0.034869	100.000000	100.000000	100.000000	-70.524252	46.375077
100.000000	100.000000	49.130584	-14.197767	79.808646	-10.874202
-92.328002	-99.842673	-100.000000	20.367032	-32.082626	-21.155464
-22.506676	99.472387	100.000000	100.000000	-30.716315	46.281367
-95.498095	58.545455	54.234726	98.436406	-32.190017	-11.280409
-78.739554	39.823919	-100.000000	100.000000	17.816214	-45.647285
-100.000000	-77.550814	100.000000	92.846928	-52.270594	29.680539
86.800670	100.000000	-100.000000	38.111422	-15.226157	-20.921525
100.000000	100.000000	-100.000000	-39.550350	49.728531	-37.036318
-90.852666	9.680811	-100.000000	100.000000	-45.047673	-22.215393
-42.546969	100.000000	100.000000	100.000000	-30.581641	48.292796
-44.410414	98.552982	100.000000	99.628882	16.322544	60.458374
69.243918	100.000000	-100.000000	59.688486	-32.990983	-91.349700
100.000000	91.645059	-100.000000	-71.764994	44.197758	-51.644779
43.092718	-99.659882	-100.000000	-99.799896	-23.172534	-47.946815
61.506650	99.697806	100.000000	44.470777	39.576629	85.133959
-53.169465	-100.000000	-100.000000	-66.385639	-48.401914	-37.460854
-100.000000	-100.000000	100.000000	28.308145	36.699731	34.498225
100.000000	60.082849	-99.411759	-100.000000	75.420355	-5.032816
-97.387666	-91.838812	100.000000	48.310632	2.646333	2.491272
22.911283	100.000000	100.000000	87.029266	44.287532	79.613787
94.701980	99.328196	100.000000	4.410523	-31.534459	15.683380
81.913287	-14.707315	100.000000	-99.837454	-12.965910	46.907558
100.000000	99.567413	-100.000000	-8.706941	29.923154	-39.571179
79.183790	100.000000	100.000000	34.511335	-1.158102	48.998309
38.307278	100.000000	-100.000000	77.507105	34.828195	-32.814483
21.736697	-99.926235	100.000000	-100.000000	59.298528	63.897240
77.054817	-100.000000	-100.000000	-99.599765	83.450669	-99.000116
-83.898399	-88.927869	-100.000000	64.064998	23.914018	-42.755799
-82.599699	-100.000000	-100.000000	-16.748647	-69.795993	-45.772283
100.000000	64.498653	-100.000000	-99.455526	22.957632	-86.546131
-73.952166	99.880559	100.000000	98.858151	26.991328	23.272327
-100.000000	71.794514	100.000000	99.402260	19.325890	59.097522
20.783113	-100.000000	-100.000000	-99.955575	-70.377867	-41.074830
-32.313100	99.748355	100.000000	100.000000	25.280078	75.534123
100.000000	47.720965	-100.000000	-98.783577	-67.654342	-9.947081
-85.463033	-20.761234	-100.000000	99.525493	32.341125	-39.787052
44.881941	-99.892912	-100.000000	-99.816925	-14.882255	-56.020666
61.219472	-100.000000	-100.000000	-98.964653	21.615949	-25.549371
-33.393979	-99.735829	-100.000000	-70.555611	-32.408617	-57.513716
80.474846	-99.851838	-100.000000	-100.000000	18.834472	-47.158999
-40.720863	99.912472	100.000000	99.320276	56.111627	37.357888
-84.662146	-67.702965	-100.000000	97.256217	-64.679855	-39.804694
-62.098857	99.851705	-100.000000	99.020816	8.926582	-16.974199
71.045459	-47.107762	100.000000	-100.000000	16.785097	51.548983
81.642289	96.921494	100.000000	30.835706	-2.536720	53.974916
-64.181703	99.839150	100.000000	99.408039	49.132204	21.885686
100.000000	31.285147	-100.000000	-99.756341	-25.078419	-17.449578
-99.954250	-100.000000	-95.140584	37.314224	-15.523076	3.535739
-31.443579	-100.000000	100.000000	-80.922767	23.681760	67.245447
-38.485808	99.894441	-100.000000	99.612302	-27.924150	-37.992990
-66.911760	99.980211	100.000000	99.923848	-77.443876	68.568043
92.648879	100.000000	100.000000	-11.789529	-39.574190	18.331422
100.000000	99.872447	-100.000000	16.013420	-48.009179	-25.263563
-14.023403	99.865640	100.000000	99.576044	-33.596232	84.212077
39.245581	-99.698515	100.000000	-99.999287	24.495783	36.507352
-81.766995	-15.125584	-100.000000	99.224007	-27.440388	-47.475535
75.292727	100.000000	100.000000	40.097084	-31.492136	22.366309
79.182830	-8.942730	100.000000	-99.688486	-44.447807	54.045174
36.910406	-100.000000	-100.000000	-99.758889	-10.233524	-23.121114
-100.000000	-74.896511	100.000000	96.570386	97.569913	20.864672
-5.010313	99.606619	100.000000	99.902720	-17.576962	19.528587
93.411198	69.427296	100.000000	-100.000000	39.909801	18.741853
100.000000	-74.191414	-100.000000	-100.000000	50.234876	-43.862029
78.534127	99.748234	-100.000000	45.234762	1.007676	-30.023057
40.110216	-50.274447	100.000000	-100.000000	20.413658	91.838609
-100.000000	-99.790041	100.000000	38.079447	-45.003588	17.930086
100.000000	99.962364	-100.000000	2.181117	51.422669	-72.545701
-54.337859	-99.785076	100.000000	-68.088341	-45.498539	44.631508
-77.475637	100.000000	100.000000	100.000000	-20.616594	23.757510
-64.836713	-99.990956	-100.000000	-47.213841	26.685806	-49.872027
83.289094	100.000000	100.000000	-17.573058	30.934340	42.444845
-74.753887	66.977350	-100.000000	99.694630	-49.465467	-33.374209
75.122994	100.000000	100.000000	8.461803	33.601137	63.511792
-72.655111	-45.879845	-100.000000	99.841857	-12.725767	-73.621588
-100.000000	-100.000000	100.000000	7.819030	30.637080	14.210211
45.103457	-100.000000	-100.000000	-99.081795	-35.524141	-47.615242
-100.000000	-99.542204	100.000000	4.221363	60.375928	13.756505
-35.823110	100.000000	100.000000	100.000000	-55.191741	36.657175
64.833067	98.053994	100.000000	52.034991	-16.576895	36.884695
44.065159	-56.314056	100.000000	-99.903003	-16.113549	77.280341
-97.244301	77.476159	100.000000	99.544652	73.741361	17.916605
-59.049312	99.607388	100.000000	98.686148	-59.514661	7.636009
89.494332	-83.758784	82.612420	-98.701299	-23.822462	-8.287766
78.595190	99.733055	100.000000	-47.450939	-17.826229	56.314702
-48.070807	-99.640510	-100.000000	-59.726088	36.299700	-82.291552
100.000000	99.942996	-100.000000	-30.477275	77.838324	-52.646774
-100.000000	38.353499	100.000000	98.028609	56.277450	11.804457
79.295840	99.920121	100.000000	-44.888140	-3.664336	54.646140
-100.000000	-67.351022	100.000000	100.000000	-42.696793	24.637680
-100.000000	-7.314806	100.000000	100.000000	-31.028136	63.217437
4.859691	-99.826816	-100.000000	-100.000000	-17.814484	-49.072388
70.064485	99.539544	-100.000000	58.840141	49.459514	-28.496398
70.549676	90.980085	100.000000	-55.313410	28.699854	77.299151
0.065352	100.000000	100.000000	98.365743	52.212739	29.679398
40.655947	99.362064	-100.000000	75.952027	59.776397	-31.964389
85.678531	100.000000	100.000000	9.417930	43.387447	35.470508
-6.600005	99.985744	100.000000	99.300088	25.696594	46.926339
12.762756	99.995111	100.000000	92.571839	77.031040	37.128996
100.000000	66.425076	-100.000000	-99.403390	-44.196810	-23.919818
92.059388	-14.612120	100.000000	-100.000000	17.537242	18.136664
100.000000	99.719319	-100.000000	6.047942	18.296820	-27.000358
100.000000	99.969578	-100.000000	12.582492	72.778273	-14.769279
-100.000000	-100.000000	100.000000	8.347344	-12.652168	79.175055
88.914660	100.000000	100.000000	-13.559731	-70.133217	26.575253
17.039468	-100.000000	-100.000000	-99.627853	34.950437	-29.092426
-31.076916	99.977915	100.000000	99.889609	40.692133	36.437866
-70.741714	100.000000	100.000000	100.000000	33.464366	33.010187
100.000000	85.234076	-100.000000	-84.106989	84.548705	-10.391200
-100.000000	-3.794136	100.000000	98.807731	-25.577147	44.547336
88.420697	100.000000	100.000000	-14.515056	-6.197294	25.363246
-100.000000	-99.553799	100.000000	15.629064	16.412096	28.193209
78.757550	99.315189	-48.899248	40.940655	57.553891	-4.790364
27.230102	99.811661	100.000000	83.404963	84.330621	26.060846
76.581896	-22.139328	100.000000	-100.000000	-16.977632	61.859764
35.792676	99.684064	-100.000000	79.327362	-22.998670	-36.571821
100.000000	-9.235389	-100.000000	-99.642564	27.081459	-18.837144
90.362738	100.000000	100.000000	-27.778455	50.148642	25.636583
-80.299556	-75.427812	-100.000000	84.937658	40.669711	-49.447135
100.000000	99.365671	-100.000000	6.916061	11.528005	-13.873250
61.460212	64.672385	100.000000	-81.566825	-19.253719	99.523530
100.000000	1.540825	-100.000000	-95.643059	-56.656669	-25.437480
-84.722818	-19.062907	-100.000000	98.365345	71.146460	-39.832212
100.000000	96.230962	-20.488636	-64.898813	-5.579494	-0.306510
73.125180	99.430120	-100.000000	56.117344	-67.706939	-17.241917
-100.000000	90.607770	100.000000	99.657729	13.580106	41.582211
-100.000000	-99.594763	100.000000	50.204155	22.727588	11.468690
69.967339	-44.924837	100.000000	-99.981288	52.486264	55.116582
100.000000	98.609427	-100.000000	-17.149379	-15.631537	-16.788697
70.501412	-46.596830	100.000000	-100.000000	28.752300	53.695222
75.343754	-100.000000	-100.000000	-99.737632	72.875975	-94.857902
39.978351	100.000000	-100.000000	75.750795	-98.754848	-21.399540
51.445098	-99.979418	-100.000000	-99.965241	60.617497	-96.683587
-100.000000	-99.957924	100.000000	36.576218	-14.393257	44.629624
61.400674	99.543800	100.000000	43.746753	-38.178023	89.562405
100.000000	99.595261	-100.000000	-23.815862	14.936585	-16.790978
100.000000	84.792182	-100.000000	-81.817397	-13.288081	-21.140567
-96.407331	-99.481126	-100.000000	-14.511512	27.205152	-13.189416
-94.476531	-7.654114	-100.000000	100.000000	62.285719	-12.667974
54.158170	-100.000000	100.000000	-100.000000	99.764148	11.329332
88.553631	100.000000	100.000000	-22.535018	91.972936	28.806119
-15.225093	-100.000000	-100.000000	-90.998978	29.738416	-35.411098
-100.000000	-74.378300	100.000000	98.110723	49.650387	98.804148
-82.680230	99.893712	100.000000	99.363501	-86.687969	32.020984
-84.249372	100.000000	100.000000	100.000000	33.528740	34.579131
93.152478	99.868137	100.000000	-18.255013	-58.732139	17.836122
-50.997561	-99.809453	-100.000000	-60.802448	40.676535	-72.456827
-100.000000	-99.846089	100.000000	0.191556	-54.502489	76.015004
-77.952319	-99.896009	-100.000000	-26.298457	24.562288	-57.705328
100.000000	99.992381	-100.000000	-6.041039	1.780051	-17.663731
95.663831	99.076696	100.000000	-36.171764	-43.654671	11.906070
100.000000	100.000000	-100.000000	-28.104782	-19.696502	-47.671999
-23.053035	99.166493	100.000000	98.228462	-12.843368	53.853466
-82.389600	48.850171	-100.000000	99.461431	-43.568587	-37.004512
-24.219995	-100.000000	100.000000	-85.851242	48.231037	14.984200
-100.000000	-100.000000	100.000000	38.016619	-35.923936	36.333178
-80.319358	-99.984786	-100.000000	-8.628004	68.124038	-47.934841
19.218087	99.547852	100.000000	89.363610	-32.276592	53.329068
-3.986015	100.000000	100.000000	99.859031	50.487285	17.202679
90.240795	99.397438	100.000000	22.316910	28.532729	23.589635
100.000000	99.824241	-100.000000	-35.853967	-88.984218	-39.008953
-100.000000	-65.314356	100.000000	98.783047	-17.794040	54.358802
28.027527	-100.000000	-100.000000	-98.543769	20.928432	-27.787994
-100.000000	-64.314356	100.000000	100.000000	-19.192800	22.972523
-83.282506	-99.660298	100.000000	-50.725410	25.642665	73.991788
24.668178	-76.460052	100.000000	-99.953596	-31.462167	86.031745
10.970864	-99.794697	-100.000000	-100.000000	-25.990612	-52.633960
93.962455	100.000000	100.000000	-39.868267	22.050403	17.581761
-73.928974	-100.000000	100.000000	-52.893959	-74.724613	7.283369
100.000000	-16.268934	-100.000000	-99.392096	21.216683	-12.177537
69.598579	-11.436198	100.000000	-99.685956	-29.814257	81.821205
-100.000000	35.912979	100.000000	99.286581	87.346956	38.285171
-89.729043	-3.753289	-100.000000	97.658391	-16.388126	-23.741542
84.947359	99.411699	100.000000	14.159359	23.317203	39.429388
-100.000000	-54.159251	100.000000	99.707644	26.118772	18.461167
10.470590	100.000000	100.000000	94.648681	40.720582	49.537226
-100.000000	-100.000000	100.000000	30.630571	24.165112	77.622745
80.967539	99.369772	100.000000	25.429872	38.312515	49.532425
36.800014	-73.179651	100.000000	-99.586001	61.597811	72.482214
39.388258	99.955331	-100.000000	76.262620	30.670745	-68.250168
-32.677958	-99.906520	100.000000	-81.212208	-9.914555	41.125483
56.415224	99.805177	-100.000000	67.034574	47.578868	-64.279277
-91.482202	-80.654156	-100.000000	81.842725	-18.402379	-24.198853
100.000000	100.000000	-100.000000	-39.728969	-12.013695	-72.119786
-10.007029	99.150953	100.000000	99.396465	-40.763030	3.439836
37.559622	-99.533525	100.000000	-99.984156	23.018600	43.060546
5.041933	100.000000	100.000000	91.383127	7.412214	44.128138
-100.000000	-76.131202	100.000000	94.233767	38.248795	50.731199
100.000000	30.222787	-100.000000	-100.000000	44.728858	-30.761902
53.192397	98.647434	-100.000000	69.406764	-57.319030	-13.360827
100.000000	100.000000	-100.000000	9.894287	12.407633	-38.239044
86.191810	94.901520	100.000000	-53.263589	-8.875788	36.223865
87.107607	99.065195	100.000000	22.708687	-18.484106	32.596374
85.960691	61.051450	100.000000	-99.164569	-15.341226	36.038542
70.561913	-98.896806	100.000000	-99.681105	76.776742	12.510053
-100.000000	-100.000000	100.000000	16.325265	3.432366	30.282218
100.000000	-57.994832	-100.000000	-98.626886	-40.972375	-21.068644
-87.738518	-99.622783	-100.000000	36.690798	13.811034	-32.141020
-60.794288	-99.995466	100.000000	-64.444478	36.913542	63.232246
70.105646	-69.853153	100.000000	-100.000000	-22.510193	30.865158
75.219891	99.479945	-100.000000	47.911182	-11.888999	-12.760629
100.000000	1.460884	-100.000000	-96.321999	26.049026	-26.803503
91.508728	13.745656	100.000000	-99.253471	-22.643994	17.004731
21.108363	99.199148	-100.000000	89.955567	-57.127841	-13.527020
-100.000000	-16.026543	100.000000	99.521069	-68.682370	87.564890
84.557519	-100.000000	-100.000000	-99.882178	33.179312	-71.404039
96.330171	100.000000	53.514481	-43.155287	38.326461	11.549134
100.000000	99.941007	-100.000000	-51.243819	33.116445	-29.382028
100.000000	63.026379	-100.000000	-99.649352	39.629588	-29.436995
68.265761	-72.167265	100.000000	-99.672517	27.126328	35.160740
-100.000000	83.806325	100.000000	99.340247	-69.613112	46.183089
-65.180746	-7.856104	-100.000000	98.872720	-18.563061	-92.784148
100.000000	-67.039921	-100.000000	-99.295565	-73.629180	-60.903062
100.000000	3.874163	-31.254308	-97.005437	-19.891355	-9.948563
86.974362	100.000000	100.000000	1.553777	-42.735815	34.929448
15.989906	99.915052	100.000000	90.719992	22.490240	45.301248
80.334732	99.567638	-100.000000	43.622351	50.256565	-15.327893
-100.000000	-60.754743	100.000000	99.549791	62.972609	38.955334
51.530168	100.000000	100.000000	69.519748	90.783303	18.275648
70.283478	99.654837	100.000000	-25.455431	68.526668	77.127881
71.379852	-33.266697	100.000000	-99.956387	-51.186865	62.241099
90.575550	99.357080	100.000000	20.191008	-50.077328	23.737232
100.000000	-27.146944	-100.000000	-99.932413	22.487023	-91.823943
100.000000	99.606170	-100.000000	-3.140935	-13.367948	-10.993556
42.237849	-99.773075	100.000000	-100.000000	-62.098286	42.332914
93.903137	100.000000	-100.000000	29.078259	52.565725	-14.957868
43.081561	99.775883	100.000000	61.215117	-33.408425	97.314333
-100.000000	-70.126424	100.000000	99.627504	40.120189	84.072096
62.760408	-100.000000	-100.000000	-99.243418	28.646207	-90.248765
100.000000	-30.870203	-100.000000	-98.856016	75.116655	-24.323504
-71.113670	-99.931069	100.000000	-58.368353	34.761266	92.375133
-46.862189	100.000000	-100.000000	100.000000	-68.244834	-39.842754
-31.187929	100.000000	100.000000	100.000000	30.960084	38.847681
6.139911	-86.482412	100.000000	-99.483764	13.894941	87.049062
89.128070	100.000000	100.000000	-43.139367	58.929788	28.416605
50.789712	-31.035726	100.000000	-99.898841	40.936587	92.679268
-100.000000	-99.282051	100.000000	48.646171	65.451165	18.059691
-100.000000	59.099799	100.000000	100.000000	-19.292361	21.331282
-62.328740	99.513329	100.000000	100.000000	13.268765	86.404406
100.000000	100.000000	-100.000000	10.304845	48.792164	-27.008907
100.000000	100.000000	83.163075	-21.423813	-73.343094	-8.744528
-8.408558	99.811967	100.000000	100.000000	50.091499	17.515679
-100.000000	77.039915	100.000000	99.782835	-14.645389	99.155609
-100.000000	-100.000000	100.000000	2.681935	-51.409468	22.959997
100.000000	99.721161	-100.000000	-44.818446	-28.141497	-27.356541
-100.000000	-53.832772	100.000000	100.000000	-45.375638	17.826732
-100.000000	-69.803724	100.000000	99.967496	-21.977739	83.312162
88.939517	99.982959	-100.000000	37.978218	42.203520	-31.868746
100.000000	0.815882	-100.000000	-96.612169	20.095591	-38.883193
82.890342	99.638323	100.000000	-27.977227	65.085075	45.158623
-84.808269	-99.986319	-100.000000	-19.815679	-58.560790	-38.986112
-78.546805	-49.964039	-100.000000	99.760102	-25.092287	-55.702293
-100.000000	-99.515915	100.000000	-21.544907	14.124381	48.416298
98.021317	-74.551210	-100.000000	-99.270584	-24.837387	-13.451481
-80.321863	100.000000	100.000000	100.000000	-51.143493	93.634671
-100.000000	-100.000000	100.000000	-30.219881	-45.204252	72.814770
-85.941339	8.317734	-100.000000	98.908537	49.024463	-35.169996
-100.000000	-66.817712	100.000000	99.918127	57.072468	26.656784
100.000000	100.000000	-100.000000	-6.424659	48.352773	-25.507398
100.000000	99.930339	-100.000000	-51.420364	28.562846	-88.893660
100.000000	-58.953521	-100.000000	-99.890339	-45.893727	-85.572657
73.689392	-100.000000	-100.000000	-100.000000	23.469544	-89.487343
-29.901933	99.929560	100.000000	99.970215	53.653286	90.261460
16.956901	99.656996	100.000000	89.779468	48.639847	66.414407
-95.261837	83.153700	-14.402016	100.000000	-35.520946	11.111146
-100.000000	-91.674807	100.000000	70.534990	-39.485726	49.176734
85.423863	94.862659	100.000000	-57.367179	18.199795	30.748847
-100.000000	-99.349663	100.000000	9.376911	-73.756303	23.199499
-100.000000	-41.227708	100.000000	99.958998	24.975982	17.772351
29.101866	99.739785	100.000000	82.977446	-28.429374	85.017410
100.000000	98.392985	-100.000000	-8.411250	51.890493	-14.402696
-100.000000	-83.822543	100.000000	81.995864	57.390295	74.503628
93.794535	99.124626	100.000000	-9.007442	-16.045424	15.635480
91.696322	-48.288266	100.000000	-99.221069	-41.758306	22.837605
61.561374	99.851177	-100.000000	64.148510	58.180226	-24.396026
52.919954	-99.612575	-100.000000	-99.350605	36.392367	-54.877848
-100.000000	16.336437	100.000000	99.791743	58.306961	24.173367
100.000000	77.405352	95.569300	-92.710597	-22.672555	-5.574967
59.281716	99.529956	100.000000	57.053249	-64.927040	39.273981
-18.245822	99.956475	100.000000	100.000000	-64.024702	55.463455
90.577709	57.134966	100.000000	-99.957223	71.004201	20.592746
90.479569	100.000000	100.000000	23.830548	-55.206762	24.426031
87.541423	-57.401047	100.000000	-100.000000	9.476749	20.830134
-53.517956	99.097781	100.000000	100.000000	-30.060165	33.943014
88.349775	90.924135	100.000000	-65.669487	18.161193	29.102544
-76.717090	-32.331101	-100.000000	100.000000	-74.953773	-61.304567
-100.000000	-99.505031	100.000000	-14.018391	-21.591438	100.000000
84.152047	100.000000	100.000000	23.006472	-33.904353	40.964174
-100.000000	0.734057	100.000000	95.476291	-51.031643	61.693332
-84.477371	100.000000	100.000000	99.090888	31.559315	39.059992
-91.589785	99.848689	100.000000	99.344992	17.308670	100.000000
80.662839	98.672328	100.000000	-50.982464	14.035727	50.423820
40.223362	100.000000	-100.000000	76.516591	61.872684	-29.200689
-87.671104	100.000000	100.000000	99.858026	73.437515	36.285933
71.677529	99.589359	100.000000	14.439813	39.488865	74.041596
17.331647	99.039576	100.000000	90.292500	-27.006277	37.438318
-17.245386	99.581809	100.000000	99.984209	25.988092	76.624325
24.072291	100.000000	100.000000	86.391933	-21.372149	72.553076
91.346597	31.284402	100.000000	-99.683949	-22.139465	20.319234
100.000000	76.085665	-100.000000	-92.944637	27.878059	-33.002477
-100.000000	-83.076113	100.000000	86.165822	21.897104	22.293049
98.828613	53.618731	-98.502715	-93.351545	19.156283	-4.544871
-51.602090	97.141440	-100.000000	99.886302	20.554173	-36.960674
92.968546	99.867538	100.000000	-40.290148	-22.424339	19.079840
67.861956	-59.093814	100.000000	-99.295030	20.076506	41.344323
95.035431	99.237033	100.000000	22.630309	-16.177669	11.403578
48.968273	-95.768673	100.000000	-100.000000	11.607450	39.658984
100.000000	92.384840	-51.196131	-68.665502	88.581863	-12.250658
94.165535	30.690024	100.000000	-100.000000	-17.855425	14.522167
-11.537537	99.647691	100.000000	99.446566	-27.689666	49.236937
-84.558853	99.745256	100.000000	99.667858	50.965004	59.129642
90.911497	35.426236	100.000000	-100.000000	50.938215	24.977508
-27.471200	100.000000	-100.000000	100.000000	18.678423	-40.037632
-100.000000	-77.504438	100.000000	93.267902	-49.298003	57.592416
100.000000	35.703810	-100.000000	-99.546943	37.165426	-50.865525
87.321516	99.794667	100.000000	9.164445	29.948400	30.963760
81.668412	79.986455	100.000000	-78.474164	-45.043036	48.032582
52.395282	100.000000	100.000000	69.687901	73.513705	17.594987
-100.000000	-100.000000	100.000000	51.901540	-42.361475	81.494519
76.106588	-48.870178	100.000000	-99.378552	-81.009877	42.930029
84.317473	98.604444	100.000000	20.064893	-10.182111	39.511235
-88.736225	-7.744380	-100.000000	99.796785	69.263764	-28.346332
-80.808632	98.991151	100.000000	100.000000	56.011377	17.484927
68.244144	0.034156	100.000000	-98.719042	-11.906872	80.229231
-100.000000	-59.486217	100.000000	99.865688	27.416005	17.930742
-42.820570	99.717098	-100.000000	100.000000	76.959474	-36.768448
84.183649	83.326869	100.000000	-73.854118	25.048540	40.466876
100.000000	-78.220703	-100.000000	-99.767891	-30.710731	-53.245767
89.413872	-35.168326	100.000000	-100.000000	-38.791948	25.522248
71.724509	100.000000	100.000000	-4.182541	45.470706	75.759606
77.755297	-0.162722	100.000000	-99.663233	-18.456996	58.457944
-73.231060	-99.674926	-100.000000	-11.784086	12.827298	-69.799551
31.507644	99.523397	100.000000	81.563794	-43.335414	23.979666
90.536022	-57.849948	100.000000	-99.630275	55.668396	20.249676
99.912714	71.765207	-98.503416	-89.428343	-52.974310	3.036774
-100.000000	-7.695819	100.000000	99.941186	76.790708	11.755032
-13.734117	97.128289	18.280680	99.400132	13.473242	9.851467
-80.084304	99.812830	100.000000	99.870024	89.464406	52.920982
-75.147987	-99.813150	-100.000000	27.306484	72.779700	-64.137970
66.116085	100.000000	-100.000000	58.436909	-14.709542	-24.732728
-96.809751	-99.274393	-100.000000	-10.085915	33.815275	-12.251347
-100.000000	62.933800	100.000000	99.288142	21.468775	8.989609
13.686608	99.669971	-100.000000	91.495956	-42.984365	-28.080199
48.869896	99.718322	100.000000	70.101924	73.516717	15.092122
91.397006	99.323703	33.159791	18.424030	11.525090	21.255204
89.572386	43.872197	100.000000	-100.000000	23.701678	25.150971
-100.000000	-0.711239	100.000000	99.645577	90.688770	32.215291
100.000000	99.613287	-100.000000	4.908908	78.069725	-47.352502
-1.885001	99.738523	100.000000	100.000000	62.751592	16.738694
-40.605619	99.639224	100.000000	99.727833	48.166698	33.791012
83.698416	100.000000	100.000000	31.824157	24.490370	30.633246
83.437843	-35.993356	100.000000	-99.395381	35.556349	42.968066
100.000000	100.000000	-100.000000	-33.490465	-69.725627	-45.637898
6.477073	-99.449708	100.000000	-100.000000	99.001417	33.438682
-85.232830	-15.937798	-100.000000	100.000000	82.592905	-39.645554
-68.032621	45.962721	-100.000000	99.720594	-48.388071	-55.957555
71.519621	99.973843	100.000000	-21.195620	-20.795753	71.502538
93.230272	99.625003	100.000000	24.595931	11.517848	19.121987
87.137501	94.765823	100.000000	-59.853784	-21.436142	32.294174
-87.896023	99.617580	100.000000	99.660712	47.396571	39.609010
82.646635	89.138515	100.000000	-67.081382	9.421826	45.273791
-100.000000	44.636099	100.000000	99.403825	39.322911	31.861912
100.000000	99.943934	-100.000000	-34.408349	-69.081528	-39.022266
35.723783	-99.741673	100.000000	-100.000000	10.977723	38.505848
-100.000000	50.618974	100.000000	99.735155	68.410463	39.867286
64.978095	99.904107	-100.000000	62.223790	-39.464591	-31.506477
-100.000000	-64.387099	100.000000	99.537283	-34.322871	64.761988
-100.000000	71.630484	100.000000	99.992263	73.724248	94.493757
-14.129598	100.000000	100.000000	99.882445	23.598394	84.724201
81.251521	100.000000	100.000000	13.899846	-59.128016	45.978546
-80.913384	99.923763	100.000000	99.859636	-60.797691	41.397075
-100.000000	55.835975	100.000000	99.733054	-27.253949	57.263848
-88.802550	-99.495739	-100.000000	6.445762	53.154408	-30.649214
-97.088839	-63.300959	-97.874650	99.440638	86.410650	-7.994636
38.739784	-79.891705	100.000000	-100.000000	-26.534807	67.468851
-83.884460	-69.528083	-100.000000	95.523260	-11.184256	-38.726143
-28.096541	-99.968117	100.000000	-82.981399	15.378582	76.804418
-66.300052	100.000000	100.000000	100.000000	-41.307433	13.435745
-26.106445	-100.000000	100.000000	-85.010615	79.833857	49.956257
-84.270483	-25.133424	-100.000000	99.936666	71.696937	-41.178905
-100.000000	-80.887638	100.000000	87.506439	25.864048	83.883443
-77.050669	-69.945146	-100.000000	89.515573	25.458738	-58.567209
96.455381	100.000000	100.000000	-37.410256	-10.429706	9.500457
-59.703374	99.511748	-100.000000	99.219512	-32.924425	-21.148898
67.585018	47.875239	100.000000	-99.364683	-17.776255	84.441272
-63.338104	96.272215	-100.000000	100.000000	19.213537	-21.625710
-80.325482	99.727981	100.000000	99.796074	23.678686	33.501360
21.551423	-100.000000	100.000000	-100.000000	36.406805	27.187646
94.297266	-4.093554	100.000000	-100.000000	-73.197421	17.648738
7.028888	99.946522	100.000000	96.504323	-31.916924	73.460984
-100.000000	-87.868053	100.000000	76.100535	-73.409558	43.877041
-100.000000	-70.494394	100.000000	99.615591	-55.468713	83.219299
-99.187270	-99.663914	100.000000	-27.034957	35.456968	40.216958
-100.000000	-99.860444	100.000000	42.316147	-60.105835	86.114683
87.454239	96.191769	100.000000	-49.992643	88.638420	33.610500
-90.523808	-59.138000	-100.000000	99.591172	88.746791	-25.935768
-39.298412	99.294615	100.000000	99.730488	-40.632574	35.893015
-58.925003	99.291503	-100.000000	97.844760	88.687632	-7.116679
-100.000000	-68.478982	100.000000	99.996925	26.777433	27.985925
100.000000	7.143129	-100.000000	-99.438957	-35.112552	-16.738004
-25.263103	99.445301	100.000000	99.852738	-28.317123	70.488643
-100.000000	0.708059	100.000000	99.778859	82.848018	74.243153
84.015017	99.438120	-100.000000	47.948293	-25.982695	-48.925074
64.823127	99.943347	100.000000	52.207778	-20.983308	34.261748
-92.003055	-24.147243	-100.000000	99.910899	-31.386651	-18.441676
100.000000	99.295582	-100.000000	-11.745467	35.109775	-24.888602
-13.733533	100.000000	-100.000000	99.812218	51.276142	-19.229478
-100.000000	52.131052	100.000000	99.553560	-41.243877	51.863177
-100.000000	-98.996861	100.000000	-26.277377	22.386307	69.068523
-100.000000	-16.137870	100.000000	99.469016	55.676472	99.818603
-46.243230	99.650298	-100.000000	100.000000	44.864291	-41.264892
-35.621441	99.762520	-100.000000	99.608417	-19.074148	-34.729436
91.584817	-99.931605	-100.000000	-99.745993	68.424352	-71.109312
64.709845	46.722163	100.000000	-97.324075	33.134523	93.163667
100.000000	99.897521	-100.000000	-6.269396	-37.188026	-19.663121
-64.344191	100.000000	100.000000	99.797639	26.923094	42.610604
100.000000	99.179467	-100.000000	-45.949444	16.061440	-49.112903
100.000000	99.714160	-100.000000	-8.536701	22.172157	-23.827024
94.321663	26.317744	100.000000	-100.000000	55.827975	17.870097
83.817686	-35.685434	100.000000	-99.725359	-57.858179	42.562385
100.000000	14.206883	-100.000000	-99.737100	-49.794171	-29.355840
83.772897	23.305237	100.000000	-99.588147	34.577621	40.468310
17.345739	-99.914161	100.000000	-99.973166	31.362777	61.073097
-68.894324	100.000000	100.000000	99.356965	22.549726	47.066352
27.776828	100.000000	100.000000	84.036683	48.657526	76.030911
-84.233453	-29.142718	-100.000000	99.659122	55.920784	-41.568890
-82.851736	-16.546717	-100.000000	100.000000	99.024386	-43.633373
-100.000000	-53.273930	100.000000	99.705990	52.604928	77.138813
3.891686	-89.035131	100.000000	-99.900168	6.685542	99.930323
49.650380	99.617950	-100.000000	71.504724	-98.380530	-40.999920
11.385779	-100.000000	-100.000000	-99.395078	-63.856841	-23.867548
-100.000000	41.066347	100.000000	99.558503	-82.149036	35.808604
-100.000000	-13.457613	100.000000	99.492743	19.063329	41.364627
51.790474	-96.692226	100.000000	-100.000000	-23.790523	36.491771
54.276721	98.852122	100.000000	68.009053	-22.395646	13.093916
60.745025	100.000000	100.000000	56.355469	-72.760708	38.418095
-82.068917	41.619021	-100.000000	100.000000	-56.957872	-40.839941
71.916041	88.169461	100.000000	-60.255061	-32.343281	74.473015
38.430917	-98.285229	100.000000	-99.951573	-78.412004	53.451996
-13.591467	-99.596664	-100.000000	-90.997954	-23.243970	-17.224957
71.198314	30.261303	100.000000	-99.902472	-57.590371	75.829529
82.877908	-32.269529	100.000000	-99.603893	-42.336552	45.821341
83.482761	99.890320	100.000000	25.544942	-42.753176	42.271578
41.286590	-48.008058	100.000000	-100.000000	-57.961517	89.818523
100.000000	100.000000	-100.000000	1.533643	-52.810723	-26.743428
80.417221	74.990536	100.000000	-84.720775	-43.977210	51.520107
-100.000000	-99.819966	100.000000	43.910186	22.879502	41.988557
87.783257	94.908139	100.000000	-56.915733	50.538772	33.519664
92.396518	99.986265	100.000000	-36.256044	97.416566	15.868876
-100.000000	-99.907350	100.000000	37.055092	41.796073	74.238018
-76.479031	-64.202451	-100.000000	92.280529	-32.553852	-60.440426
100.000000	94.996096	-100.000000	-66.758939	29.447910	-29.275992
-100.000000	3.081771	100.000000	95.961691	39.923457	13.118987
-77.995809	-98.699423	-100.000000	-26.942579	18.724042	-56.153777
-100.000000	-99.809747	100.000000	49.981757	18.994670	27.177749
76.318654	99.801496	100.000000	-0.128355	-38.286075	62.658318
100.000000	-49.919734	-100.000000	-100.000000	35.103616	-50.920478
-91.856898	-36.137053	-100.000000	99.318170	49.051242	-20.060508
100.000000	-3.263191	-100.000000	-99.941950	97.724000	-49.605850
100.000000	7.666473	-100.000000	-99.791080	21.022477	-35.973507
-75.321771	-99.271982	100.000000	-58.314521	-11.606379	43.484708
-72.896797	-99.761583	-100.000000	6.620715	37.295987	-71.322532
60.690658	95.294313	100.000000	53.456056	54.392767	8.019986
-97.238933	99.756955	100.000000	100.000000	-67.636178	47.724687
68.318073	98.227685	100.000000	-45.761701	-25.769551	81.822035
93.638150	74.022624	100.000000	-92.960902	36.178601	14.895409
-28.988340	-100.000000	100.000000	-83.990795	72.853327	48.641628
47.415758	-98.732761	100.000000	-99.189945	18.571893	36.785546
-34.968732	-98.768323	-100.000000	-78.892322	-22.687481	-26.337047
45.921827	99.946427	-100.000000	73.123362	69.101331	-28.765137
-100.000000	11.365363	100.000000	100.000000	11.125700	39.513784
-100.000000	-99.875126	100.000000	21.928391	50.482316	75.395884
-90.781931	-100.000000	-100.000000	20.533695	45.245437	-24.616303
50.674530	99.287897	100.000000	71.330715	20.955853	13.060007
92.252463	-10.884354	100.000000	-99.936881	99.607670	21.107753
23.143644	99.738724	100.000000	85.562105	45.838814	29.354584
85.243854	-36.377634	100.000000	-99.827291	72.235707	39.588224
-100.000000	41.182329	100.000000	100.000000	21.831713	87.562974
95.437325	100.000000	100.000000	-52.019246	12.441802	11.873298
80.895137	-100.000000	-100.000000	-99.870906	68.021116	-54.219017
-82.376428	-39.148418	-100.000000	99.395433	71.156029	-46.274332
-100.000000	-73.077360	100.000000	99.929564	98.388331	94.170078
-100.000000	-81.731391	100.000000	87.090386	43.876080	43.564844
16.271441	99.741645	-100.000000	90.833456	-18.766029	-40.762716
95.532013	99.496874	100.000000	-37.471813	33.161530	9.870359
-100.000000	-59.599158	100.000000	99.336562	33.639183	26.935161
100.000000	73.564133	-100.000000	-98.736599	78.473565	-35.165654
-82.309825	100.000000	100.000000	100.000000	-62.459087	20.172010
-20.323490	100.000000	-100.000000	100.000000	23.107139	-26.991367
82.843716	85.756399	100.000000	-69.831793	31.174208	44.464431
-6.721478	100.000000	100.000000	99.611021	61.117011	13.775450
-27.188594	-99.780625	100.000000	-84.192204	79.571635	37.277784
-7.024954	100.000000	100.000000	99.857090	-37.640188	16.471246
84.809722	82.412120	100.000000	-77.540455	-19.419723	40.501352
23.810470	100.000000	-100.000000	85.842777	23.798963	-39.660399
42.351998	99.593705	-100.000000	75.369766	45.088589	-53.216504
-77.473407	99.877273	100.000000	99.754546	19.082016	44.016841
-100.000000	-73.910723	100.000000	97.515094	50.510057	73.974093
34.651573	-99.858495	-100.000000	-100.000000	-11.428619	-53.131769
80.410184	49.883100	100.000000	-100.000000	-20.639089	51.195757
-80.538713	100.000000	100.000000	99.684838	41.383156	36.209576
9.341348	99.091454	100.000000	93.115255	24.100465	12.298383
-70.063929	-99.950927	100.000000	-58.522492	68.274211	44.644867
-100.000000	-100.000000	100.000000	-9.188757	22.207774	54.695597
100.000000	-72.461048	-100.000000	-100.000000	51.649795	-23.825324
-28.777582	-99.749744	100.000000	-82.346246	16.809463	39.244159
-28.372357	99.854670	100.000000	100.000000	65.998201	76.478256
70.326438	85.053652	100.000000	-64.015015	51.740461	79.121160
82.301822	68.029566	100.000000	-95.760826	57.591219	45.591862
-100.000000	1.754448	100.000000	96.889835	-17.515442	13.322029
-83.691706	-14.839229	-100.000000	99.838222	46.788034	-42.655297
100.000000	77.052037	-100.000000	-92.803624	-44.899029	-39.419883
-20.139826	100.000000	100.000000	99.944156	29.418206	55.597323
100.000000	51.658692	-100.000000	-100.000000	-88.865679	-17.581615
100.000000	99.738243	-100.000000	-48.561050	86.188723	-59.205510
100.000000	98.750055	-100.000000	1.633963	-36.422244	-18.924224
54.736735	-67.954025	100.000000	-99.678589	-16.361524	39.330689
100.000000	-19.802498	-100.000000	-98.885462	27.875682	-18.531472
-65.994442	55.440670	-100.000000	99.681128	-43.956583	-49.117354
-79.792669	-60.670887	-100.000000	97.850187	-67.397591	-52.457326
37.907331	-76.839601	100.000000	-99.529619	44.363895	70.124118
-97.138869	100.000000	100.000000	100.000000	24.056075	52.585556
-100.000000	-93.764843	100.000000	68.715204	-80.998057	18.895034
-32.395091	99.750559	100.000000	100.000000	60.531985	36.950472
93.894829	100.000000	100.000000	18.860528	77.109170	19.046385
-100.000000	-66.329499	-15.726327	97.747900	-6.774112	9.464504
-88.705467	-99.837472	100.000000	-37.544834	-54.668362	25.480625
-61.719634	99.800857	100.000000	98.274935	-13.557861	46.791262
-100.000000	-99.977988	100.000000	53.567659	26.477179	25.246717
94.153154	99.563179	100.000000	7.299767	-55.862134	11.319715
96.884943	99.762714	100.000000	7.985611	15.521883	11.191899
79.682716	77.483867	100.000000	-81.515862	-32.944571	53.691749
86.331395	100.000000	100.000000	5.932832	29.789245	35.957812
-6.032348	100.000000	100.000000	98.877115	21.556015	13.219682
88.646309	100.000000	100.000000	11.176817	16.629101	28.912385
84.472247	100.000000	100.000000	-37.789531	-38.859140	39.450631
-100.000000	-98.680190	100.000000	63.432035	51.351333	54.817828
-100.000000	-100.000000	100.000000	-24.839311	-53.830274	38.738854
-87.557005	20.859193	-100.000000	100.000000	27.577251	-34.052240
21.200466	99.644694	100.000000	87.960082	-19.319619	93.734328
72.307982	99.258832	100.000000	48.493400	4.742299	24.039168
-100.000000	76.397516	100.000000	100.000000	36.841377	16.883384
39.212093	100.000000	-100.000000	77.528219	60.223829	-40.519490
93.029986	100.000000	100.000000	10.670183	-56.199360	18.463084
90.839203	63.660358	100.000000	-100.000000	4.546253	7.558246
100.000000	99.695526	-100.000000	22.095193	-46.812686	-37.048040
-100.000000	1.884391	100.000000	99.661712	69.417197	74.854735
85.738631	-41.183347	100.000000	-99.489545	-21.217707	36.789628
-100.000000	-45.115291	100.000000	100.000000	21.823117	19.140875
89.202011	99.947758	100.000000	-52.840875	16.292885	23.609245
-70.616122	-99.185208	-100.000000	-42.179376	-13.379916	-59.560144
-14.428558	-99.812310	100.000000	-92.945311	49.336460	41.596786
14.901814	100.000000	100.000000	91.720193	-35.456912	97.712276
62.336507	-47.764216	100.000000	-100.000000	-32.419523	61.232404
-13.651213	-100.000000	-100.000000	-91.280209	-29.137795	-56.119520
79.263687	73.792316	100.000000	-85.343974	24.336707	54.417508
88.641455	68.824276	100.000000	-98.849944	-42.622440	30.618228
78.508168	-38.173350	100.000000	-99.872000	-50.057943	48.581456
100.000000	100.000000	-100.000000	-44.943476	27.286075	-39.315658
-91.143049	-99.941599	-100.000000	21.256143	67.384185	-22.000821
30.400911	99.982200	100.000000	80.580651	35.318783	30.800395
-82.684929	-100.000000	-100.000000	23.134785	28.544511	-44.714060
83.959431	42.344774	100.000000	-100.000000	14.379062	41.592610
58.641501	-77.869399	100.000000	-99.910357	-10.786391	42.812813
-19.694159	100.000000	100.000000	100.000000	66.565427	25.149317
86.701355	-58.722450	100.000000	-99.745680	62.204208	24.238277
-81.164723	100.000000	100.000000	99.844484	-59.603123	44.014551
62.690286	99.839893	-100.000000	63.478772	-70.823233	-18.857850
-82.207492	99.687407	100.000000	100.000000	-52.703197	66.253697
-57.600479	100.000000	-100.000000	99.218454	33.715653	-10.899138
81.422447	100.000000	100.000000	-31.919527	-4.136285	44.037219
39.580419	99.792988	100.000000	67.322441	27.529965	96.318443
-100.000000	-3.932149	100.000000	99.935701	-6.515201	69.230334
78.693705	70.094218	100.000000	-92.136689	-75.702132	55.051296
-88.529452	11.515466	-100.000000	99.826187	-28.472362	-29.697090
100.000000	100.000000	-91.938078	-51.367566	-36.752622	-8.307006
89.320135	41.508142	100.000000	-98.440698	33.756072	24.713631
13.900385	99.848577	100.000000	92.304636	26.304992	74.283873
-39.009255	100.000000	100.000000	99.671146	-34.501226	48.320041
-42.278278	99.771201	100.000000	98.291145	22.678596	48.419101
-89.601453	9.729456	-100.000000	99.876251	-59.139441	-29.509885
-7.022848	99.735660	100.000000	100.000000	28.351597	59.248269
-83.035075	-99.910596	-100.000000	6.188839	73.576532	-43.760581
65.047107	74.147905	100.000000	-77.667451	-41.585985	92.087782
-86.520251	12.801197	-100.000000	100.000000	-35.517935	-35.472604
-100.000000	-4.010084	100.000000	97.940405	-34.827378	58.558218
71.568949	99.571607	100.000000	46.409442	67.847511	25.826329
100.000000	-18.617207	-100.000000	-100.000000	-26.172741	-54.696697
-71.197831	-100.000000	-100.000000	-27.103059	-58.613763	-75.903031
-70.964768	99.965431	100.000000	100.000000	85.083765	35.951749
-68.386762	99.959394	100.000000	99.626165	59.302508	22.685566
-88.930011	-69.479115	-100.000000	98.279164	49.388961	-28.701766
94.042388	99.497221	100.000000	10.454760	-31.820397	16.569480
49.777763	100.000000	100.000000	70.116684	-11.087758	15.952254
26.563520	99.326572	100.000000	84.672885	-14.394653	39.020163
100.000000	94.643866	-100.000000	-66.354873	24.452347	-14.530710
100.000000	-77.796827	-100.000000	-99.410317	39.546427	-28.883019
-83.652475	-98.568982	-100.000000	45.413493	15.204857	-44.501934
14.033770	99.990698	100.000000	90.369123	-74.392352	99.541362
-76.994968	-80.194957	-100.000000	76.446714	25.707942	-59.848095
-89.801432	-88.266932	-100.000000	70.845489	12.409344	-25.730148
-52.371714	99.627481	100.000000	98.931883	14.955220	98.188720
32.940393	99.861937	100.000000	76.229355	-59.959840	88.867399
-78.428581	-99.481192	-100.000000	-14.992611	58.480907	-57.665806
15.208133	99.782522	100.000000	90.790044	-60.356509	64.110200
-89.096158	-99.956585	-100.000000	8.442489	81.680712	-28.762028
-100.000000	-90.514751	100.000000	74.703415	29.549577	58.761801
25.638782	99.754387	100.000000	86.246705	-60.333191	34.155899
90.657314	-29.367693	100.000000	-99.978796	50.131110	25.286960
5.459741	100.000000	100.000000	95.144414	45.820469	41.910193
-30.440576	99.955137	-100.000000	99.961255	21.028924	-32.061442
39.492357	-100.000000	-100.000000	-99.405138	-40.971408	-60.339718
96.907097	99.376846	-97.111046	-1.790508	-77.989482	-3.754649
-29.225822	99.709632	100.000000	100.000000	64.155217	12.236103
-99.121653	-99.685055	100.000000	-31.565956	-33.930034	46.789062
-100.000000	-99.461825	100.000000	-22.607175	65.276527	45.828129
19.777112	99.802441	100.000000	88.665133	34.246999	55.831639
100.000000	100.000000	-100.000000	16.876280	-35.907853	-29.871119
45.354279	99.878672	-100.000000	72.888410	-60.933721	-35.924121
-70.306579	74.130846	-100.000000	99.655708	45.079041	-31.965003
62.462975	99.986827	100.000000	-31.343825	21.273479	99.996112
5.845058	99.788180	100.000000	97.924752	44.705466	31.857640
27.002772	99.814695	100.000000	83.948674	29.911972	85.272302
-1.957705	100.000000	100.000000	100.000000	-63.124127	20.863544
100.000000	69.034732	-100.000000	-99.165496	-69.339512	-17.321223
-71.455507	100.000000	100.000000	100.000000	25.335051	67.737427
-75.014281	23.260712	-100.000000	99.674398	30.746130	-66.214317
65.331027	-96.688561	100.000000	-99.818009	-41.848663	21.326115
46.784015	-88.282001	100.000000	-99.483623	27.254176	50.463297
-55.023728	99.952310	100.000000	100.000000	-17.799865	53.757847
97.887227	100.000000	95.962970	-54.244208	-62.517115	7.119614
-76.041948	48.914916	-100.000000	99.807179	23.608261	-45.699103
73.853467	47.722697	100.000000	-99.688532	-23.519016	67.956616
-7.901227	-100.000000	-100.000000	-96.143160	-24.828848	-48.304325
100.000000	99.657907	-100.000000	-57.246113	77.504203	-11.719373
-100.000000	-100.000000	100.000000	-19.010072	-44.333221	69.137449
-84.785197	-74.988463	-100.000000	88.836808	29.966966	-37.217001
80.821217	99.719319	-100.000000	47.094821	-55.168595	-26.687938
-53.181544	100.000000	100.000000	99.884238	76.649626	49.503023
90.223542	-27.561416	100.000000	-99.818145	-15.645393	19.263942
6.811976	99.571011	100.000000	96.034771	53.292016	38.450999
34.240409	99.713222	-100.000000	80.356709	-45.823193	-37.788081
68.002915	-100.000000	-100.000000	-99.787531	39.405717	-17.321965
25.760674	99.515435	100.000000	84.550483	42.182386	71.337607
-100.000000	-9.417020	100.000000	99.837708	2.775276	34.957014
83.682186	78.136659	100.000000	-82.413400	-11.800625	42.235653
76.763599	100.000000	100.000000	40.755148	-81.265141	25.538447
10.680955	99.946620	100.000000	92.718667	55.865807	35.871249
-100.000000	-8.674320	100.000000	99.650319	32.568778	32.115709
50.023606	-99.685501	-100.000000	-98.789694	6.945661	-50.074307
-0.861079	99.511948	100.000000	100.000000	-30.238302	14.338768
99.617911	100.000000	-85.954320	0.301148	20.358861	2.286484
100.000000	100.000000	-100.000000	10.704331	49.626349	-28.096152
-100.000000	52.945368	100.000000	99.553360	16.839055	30.390818
-100.000000	21.338752	100.000000	100.000000	24.133550	23.928148
-100.000000	-99.846908	100.000000	-10.423866	-35.163422	73.083058
91.638624	-29.640378	100.000000	-99.931260	84.664742	23.738135
97.538753	8.475543	-73.346528	-99.668031	-11.893957	3.328818
-18.230099	-99.840398	100.000000	-88.496649	50.937367	55.168817
-30.326293	100.000000	-100.000000	99.257933	-32.906234	-31.603315
-38.735388	100.000000	100.000000	99.417485	-17.857823	42.215845
42.271258	99.578162	100.000000	72.241886	-22.037875	53.731560
-87.401077	99.928941	100.000000	100.000000	15.127432	25.184629
70.312113	100.000000	60.606701	58.552832	-28.147207	-3.983202
-96.878024	79.430642	-6.596214	100.000000	-76.740067	13.617168
-18.927195	-99.878161	100.000000	-89.199901	-26.173963	55.758241
26.736440	99.458590	-100.000000	84.718336	32.711307	-42.479305
-78.557135	-49.416061	-100.000000	99.902230	-81.027855	-55.631384
96.935285	10.294679	-90.668432	-100.000000	-45.261536	0.662627
90.598788	68.245492	100.000000	-99.485180	-15.291014	26.011826
21.529972	100.000000	-100.000000	85.751002	-39.829627	-37.598481
100.000000	65.701871	-100.000000	-99.318202	-50.657600	-30.127336
-100.000000	-34.829626	100.000000	100.000000	-46.091058	38.548277
50.750144	-34.129275	100.000000	-99.983387	7.364804	86.019993
96.983026	69.505999	100.000000	-100.000000	75.051344	7.693266
-98.181021	99.929876	100.000000	99.920633	67.117891	70.917751
75.715347	89.037730	100.000000	-60.600962	49.665594	62.959424
72.423485	99.760968	-100.000000	57.309932	62.881317	-21.262307
100.000000	63.318763	-100.000000	-100.000000	12.243289	-10.365326
-100.000000	42.880689	100.000000	99.990297	63.291435	72.447896
83.840483	-99.848746	-100.000000	-99.945770	-28.009195	-54.434801
70.380656	75.251931	100.000000	-77.464921	-21.489801	77.472285
66.166042	9.010619	100.000000	-99.686062	16.755450	86.545659
100.000000	62.712342	-100.000000	-99.840601	-11.296434	-53.343953
100.000000	96.578984	-100.000000	-61.904899	19.990393	-12.755554
14.578081	-99.885371	-100.000000	-99.731956	24.305900	-91.635157
100.000000	68.450083	-100.000000	-100.000000	-22.114012	-61.040304
-33.273016	-99.999601	100.000000	-80.645585	66.564756	43.565139
85.555312	100.000000	100.000000	-43.189958	-44.946531	38.780694
100.000000	4.025707	-100.000000	-99.794869	65.350575	-67.829137
95.318057	-52.474902	100.000000	-99.652221	39.169101	14.510983
-100.000000	-99.855349	100.000000	19.634569	34.757862	30.189454
-100.000000	46.134077	100.000000	99.892374	66.549612	39.415104
91.325166	95.280866	100.000000	-62.540464	53.032745	21.493344
-100.000000	-18.680362	100.000000	99.747344	34.788587	41.605024
100.000000	99.372577	-100.000000	14.093283	-32.721060	-28.468514
-100.000000	-87.214886	100.000000	76.114233	37.070898	28.109824
29.093258	-99.817839	-100.000000	-100.000000	-24.229500	-48.279564
-67.475043	100.000000	100.000000	99.422998	31.782174	31.738330
52.511080	-99.825960	100.000000	-100.000000	-17.962652	33.111155
76.350142	94.621420	100.000000	-50.690579	85.514919	59.805772
100.000000	-61.470997	-100.000000	-99.956519	22.008107	-62.304016
68.105212	79.059712	100.000000	-70.305102	34.162867	84.824495
-19.352137	99.805722	100.000000	100.000000	-21.295069	27.077315
-32.945097	100.000000	100.000000	99.775469	-57.582236	38.423577
-71.803877	100.000000	100.000000	99.722637	-52.684479	35.296163
50.141512	99.915922	100.000000	67.353886	40.332831	44.736892
-93.925697	-10.625441	-100.000000	99.343864	71.449075	-15.693850
62.555986	95.832416	98.748223	65.273667	22.189542	3.405193
-70.065437	-100.000000	-100.000000	-11.932383	-82.470282	-78.626864
-82.311616	-60.209446	-100.000000	99.973502	41.216099	-46.835138
91.548329	98.724817	100.000000	7.037418	27.225531	21.547104
69.178524	-13.583883	100.000000	-99.959568	34.497643	80.168514
22.530172	99.778937	100.000000	85.460101	-34.867569	32.409387
-100.000000	30.438243	100.000000	99.805935	-75.880376	35.810743
90.530911	96.099893	-100.000000	36.745644	-1.598949	-33.540381
100.000000	99.100988	-100.000000	16.098854	14.486716	-31.904175
100.000000	83.442879	-100.000000	-82.300992	41.238277	-45.465943
100.000000	-53.649953	-100.000000	-99.595661	-42.125546	-98.373696
-100.000000	76.333360	100.000000	99.488608	-21.834277	26.321854
-89.523702	-85.182277	-100.000000	75.649457	17.576360	-25.067735
100.000000	12.093281	-100.000000	-98.249750	36.866203	-38.136603
-100.000000	-99.921392	100.000000	48.689593	45.869170	31.982995
-62.223651	99.935742	100.000000	100.000000	-46.782152	43.986002
78.646605	16.723021	100.000000	-100.000000	-73.296071	55.164588
82.809873	84.107392	100.000000	-73.385733	42.004446	45.161533
78.479887	99.942423	100.000000	-13.447178	73.140698	57.023710
79.999663	23.995327	100.000000	-99.778114	59.483330	52.141427
100.000000	-40.967847	-100.000000	-99.622158	16.552192	-30.764302
-28.052169	-99.704105	100.000000	-83.618897	52.188177	40.135878
-100.000000	55.491993	100.000000	100.000000	36.399602	31.259705
79.595154	100.000000	100.000000	-31.127105	48.570604	54.650957
76.997429	-99.192622	-100.000000	-99.960577	20.025109	-36.664145
-4.645004	99.809168	100.000000	99.903483	-31.279991	42.289605
83.748296	100.000000	100.000000	15.340757	-50.249263	40.992566
-100.000000	-72.698433	100.000000	100.000000	32.568142	38.045976
-12.081076	-100.000000	100.000000	-92.799787	76.217512	21.088370
-100.000000	-43.320401	100.000000	99.471859	45.848820	68.152850
30.118043	-99.386846	-100.000000	-100.000000	17.295429	-34.239615
100.000000	53.515006	-100.000000	-99.454558	-80.621433	-16.425126
-6.593651	95.214972	-100.000000	99.566039	18.103977	-82.892933
100.000000	100.000000	-100.000000	-35.221240	-39.400410	-38.202018
-40.606378	100.000000	-100.000000	99.863275	38.777176	-35.388514
-64.720640	28.258133	-100.000000	99.652251	-69.124245	-75.572262
-32.376187	99.427094	100.000000	100.000000	-34.026092	35.775426
100.000000	-56.792413	-100.000000	-99.892761	-52.154643	-61.198581
67.892968	-41.033954	100.000000	-100.000000	-36.112561	62.789579
100.000000	-46.569372	-100.000000	-99.840104	17.682362	-27.106630
89.519753	100.000000	100.000000	2.634426	-61.509973	26.479388
-17.673222	99.893281	-100.000000	98.730906	16.863620	-27.674489
-53.673299	-98.768733	100.000000	-68.738843	50.582777	16.999059
-42.742007	99.922012	100.000000	99.994561	16.685481	39.063159
47.606509	99.421640	-100.000000	72.269366	39.822339	-26.511001
100.000000	100.000000	-100.000000	-54.337102	13.261813	-20.291050
-100.000000	-85.853216	100.000000	80.510003	51.953730	42.606866
-96.270638	8.871921	-100.000000	98.760025	-36.767716	-11.996623
-61.730094	-99.560315	-100.000000	-55.329442	96.986827	-34.957305
12.585244	100.000000	100.000000	91.916830	-18.383045	85.464479
-50.120747	100.000000	100.000000	99.720903	39.966268	21.850716
100.000000	74.809509	-100.000000	-95.277290	6.740110	-42.489363
42.973098	99.594520	100.000000	66.576511	-23.512560	83.759023
-77.608962	99.700569	100.000000	100.000000	55.251069	32.514180
100.000000	64.493326	-100.000000	-99.485453	-25.675992	-79.679625
85.487674	13.600736	100.000000	-100.000000	35.293333	37.352437
-100.000000	-3.966922	100.000000	97.053921	-41.526414	30.261798
100.000000	-2.120385	-100.000000	-96.161621	-47.256704	-67.265952
-90.245992	-76.500227	-87.664334	89.136118	6.355555	-21.406717
-44.888103	63.839971	-100.000000	99.984962	-34.229187	-68.346711
7.057371	99.476552	-100.000000	98.602839	24.484620	-13.068153
-57.484624	85.136804	-100.000000	99.751750	-77.922374	-39.970523
8.618606	99.831079	100.000000	94.470739	-14.645895	38.442638
-100.000000	-100.000000	100.000000	-3.376104	-27.966490	25.065685
100.000000	-15.891840	-100.000000	-99.996966	-45.580396	-82.382288
1.756349	-100.000000	100.000000	-93.188225	32.157545	28.051740
-1.174341	-99.593617	-100.000000	-100.000000	62.389888	-44.350957
-39.188887	99.539921	100.000000	99.691600	-38.572825	38.707787
-100.000000	-75.515716	100.000000	95.780004	36.855146	95.693521
33.979246	-99.874195	-100.000000	-100.000000	-33.954071	-12.360717
100.000000	98.030528	-100.000000	-59.225977	59.692892	-18.583668
-49.232038	97.918959	-100.000000	100.000000	-21.699709	-40.306814
-92.683133	99.581774	100.000000	99.904614	56.783273	69.720135
-82.156916	-99.807541	-100.000000	12.723703	75.521124	-46.805932
-100.000000	-4.339502	100.000000	97.820759	9.546691	86.596235
-52.333771	-99.910439	100.000000	-69.183351	18.985336	75.884290
82.106060	99.921627	100.000000	-25.030081	-40.834898	46.638630
86.963739	100.000000	100.000000	6.710593	34.445677	33.829027
-100.000000	13.723500	100.000000	99.541801	69.466636	23.139139
-81.417517	-41.751041	-100.000000	100.000000	95.486200	-49.142242
100.000000	79.089060	-100.000000	-90.516600	-29.320995	-86.283110
-15.698427	-99.949548	-100.000000	-90.698513	-45.460207	-34.237566
-90.060419	96.614822	100.000000	100.000000	20.389848	27.372548
100.000000	98.445638	-100.000000	24.586919	14.009205	-48.631144
-87.423346	-20.634897	-100.000000	99.584513	84.838882	-33.480992
-80.823471	100.000000	100.000000	99.858426	69.917893	35.148847
91.544279	99.448021	100.000000	1.973650	-27.485987	20.807168
70.447786	96.150548	100.000000	-49.082659	65.112577	73.719465
-100.000000	-4.925063	100.000000	98.580319	43.474352	14.418810
-100.000000	95.261846	100.000000	99.340925	-24.691608	73.685869
100.000000	99.824851	-100.000000	24.636532	48.290290	-76.432551
82.854216	99.872255	100.000000	24.024487	53.708522	43.976192
-100.000000	-15.016412	100.000000	100.000000	-3.748895	46.545118
-75.070990	99.997074	100.000000	99.810717	16.250955	24.750860
-64.459027	100.000000	100.000000	100.000000	-30.861181	30.395133
100.000000	52.678657	-100.000000	-99.734480	-37.984772	-59.606377
-100.000000	44.788355	100.000000	99.525243	-17.725882	36.378315
-47.736425	85.869939	-100.000000	100.000000	43.588118	-52.934348
-100.000000	-99.841376	100.000000	51.994467	42.917339	62.254192
93.508910	99.682618	100.000000	18.033049	51.719698	18.740846
-100.000000	32.248468	100.000000	99.840821	-26.282233	44.163829
-100.000000	54.003267	100.000000	99.644732	53.098926	39.829815
-100.000000	-99.803343	100.000000	43.705924	50.169414	51.822361
100.000000	100.000000	-100.000000	-13.690785	42.606868	-21.589951
100.000000	100.000000	-100.000000	5.969649	-21.282041	-36.156874
-100.000000	-3.858839	100.000000	100.000000	29.478669	36.256606
96.596695	98.735720	100.000000	15.640474	15.183241	7.398977
67.890989	99.609624	100.000000	-16.160436	-32.232693	82.975694
96.794321	100.000000	100.000000	3.363183	-32.558611	9.233022
-35.758360	100.000000	100.000000	99.727679	91.515197	43.856248
-100.000000	-99.761593	100.000000	38.427280	-21.637620	68.572177
-7.232391	99.707626	100.000000	100.000000	-23.206111	23.111045
-26.176838	99.434838	-100.000000	99.015401	-40.087889	-21.978414
85.766950	80.668507	100.000000	-77.274310	58.882431	37.883958
-57.739751	99.937678	100.000000	99.719942	-14.360132	64.557233
-78.762152	-100.000000	-100.000000	22.952788	17.451753	-55.754237
59.556880	99.886875	100.000000	59.681191	52.877400	31.169171
91.980202	99.076861	100.000000	-33.422853	-31.226625	19.804721
-100.000000	-68.820558	100.000000	98.720271	-17.754574	34.348047
100.000000	3.730092	-100.000000	-99.698855	-35.338352	-21.988760
-0.770461	99.901824	100.000000	99.841178	31.941560	49.832494
-100.000000	-100.000000	100.000000	31.760614	64.132627	36.616730
-71.584542	-100.000000	-100.000000	14.361875	-27.870444	-73.295257
-81.199810	97.051229	100.000000	99.046219	-6.755252	37.538483
81.895283	99.974874	100.000000	18.602187	48.254415	47.374784
6.451088	99.184857	100.000000	96.599046	-18.415109	14.344175
64.320430	100.000000	100.000000	41.909363	-55.446527	84.590181
82.180039	97.198141	100.000000	-54.389725	-41.771469	43.439603
100.000000	99.542429	-100.000000	-10.918500	63.866360	-20.797843
-80.735025	-100.000000	100.000000	-46.029773	92.266783	18.668205
-63.358693	89.430979	-100.000000	99.695373	-40.033232	-26.391045
25.594452	-99.870399	-100.000000	-100.000000	-45.890818	-68.039592
74.595277	100.000000	-100.000000	47.549596	20.726217	-8.480359
100.000000	39.635037	-100.000000	-98.697945	45.584496	-12.882315
4.231786	99.686986	100.000000	96.293485	-31.539477	14.175498
-67.403632	100.000000	100.000000	99.856663	29.712117	75.726679
-34.832090	-100.000000	100.000000	-79.518688	47.065949	48.840913
67.563545	-34.498709	100.000000	-99.739666	-64.558464	67.374151
100.000000	17.153566	-100.000000	-100.000000	99.927941	-40.617481
-100.000000	49.237507	100.000000	99.880574	-44.518372	41.404772
-100.000000	35.590805	100.000000	100.000000	-51.576308	8.926333
100.000000	0.895457	-100.000000	-99.879813	11.292741	-75.670201
-84.899431	-99.867549	-100.000000	37.985467	83.080534	-39.053298
-100.000000	-79.856413	100.000000	89.102777	-91.683147	39.015791
2.270326	99.828457	100.000000	96.005438	-24.376097	49.073011
-100.000000	84.832555	100.000000	99.930781	38.455086	44.525721
6.772946	-77.980797	100.000000	-99.910372	-49.191058	98.254512
100.000000	60.037695	-100.000000	-99.298118	6.741949	-70.573489
-100.000000	13.390582	100.000000	100.000000	93.593408	23.610173
100.000000	100.000000	-100.000000	-13.327582	54.971605	-41.735217
93.651395	58.628898	-70.910553	-99.489867	-20.864065	9.412449
40.917966	-93.418129	100.000000	-100.000000	-82.240835	54.300021
100.000000	32.329349	-100.000000	-100.000000	6.866733	-92.946074
87.731204	19.836641	100.000000	-100.000000	50.001871	32.430322
94.119558	99.449633	100.000000	-42.041203	30.763362	14.849812
83.901435	99.579941	100.000000	-28.715130	-47.384917	41.124120
-65.628562	-65.059568	-100.000000	83.616587	-22.771993	-89.863568
-84.996158	-77.322747	-100.000000	86.070522	22.042713	-38.815155
-57.868718	-100.000000	-100.000000	-52.999906	51.626629	-63.180728
-100.000000	71.986625	100.000000	100.000000	-83.619006	12.350375
-40.653500	98.403559	100.000000	99.577232	-84.578652	14.599258
-100.000000	-99.710474	100.000000	-20.517755	67.924305	71.418685
-100.000000	99.616288	100.000000	99.887340	10.966894	96.712171
95.687609	98.743199	100.000000	14.203788	-58.022723	10.242016
80.147438	99.913243	100.000000	-0.406717	-60.093152	53.561524
-10.069611	100.000000	100.000000	99.630195	-20.698125	82.507559
-95.212501	55.588395	-100.000000	100.000000	0.855451	-14.505582
-87.273378	99.262158	100.000000	100.000000	74.591087	23.384141
14.964756	99.875361	-100.000000	90.547985	-45.705180	-50.676197
71.883572	-25.773303	100.000000	-99.607246	34.159910	67.539084
88.535644	100.000000	100.000000	26.346341	29.702062	24.621517
72.655610	80.040782	100.000000	-71.996386	23.149673	72.123301
46.432487	98.475575	100.000000	64.103257	15.720345	68.752249
-100.000000	45.688877	100.000000	99.107695	19.290902	86.751423
58.975964	99.273269	100.000000	57.750822	-36.789955	6.647716
-20.084283	99.928761	100.000000	100.000000	75.379434	35.356486
-100.000000	-97.215907	100.000000	63.393354	-8.847038	39.884858
100.000000	100.000000	-100.000000	-7.513196	-55.729677	-20.271032
-100.000000	-6.884496	100.000000	100.000000	48.380039	33.437251
32.551621	99.716551	-100.000000	79.549844	23.622404	-40.723323
-6.552100	99.825997	100.000000	99.603036	31.304160	46.738400
-100.000000	-99.151817	100.000000	-16.704618	38.136768	38.196639
-85.506825	-100.000000	-100.000000	-12.330715	25.279334	-38.007542
-100.000000	-1.535425	100.000000	94.867976	-27.547959	56.493703
93.441419	100.000000	100.000000	18.085714	31.886928	17.542948
84.605880	-36.081729	100.000000	-99.896431	-76.459541	41.335487
85.668446	99.852869	100.000000	30.656859	94.280026	21.757198
100.000000	99.579858	-100.000000	-13.463541	-57.771306	-21.286959
62.748570	100.000000	100.000000	38.771712	80.453377	67.366341
73.543463	99.438945	100.000000	-38.640453	-51.431715	68.007341
42.275186	-98.161583	-100.000000	-97.353072	10.691730	-13.678412
100.000000	99.868038	-100.000000	-38.224603	79.094457	-49.056551
-89.351876	19.355781	-100.000000	99.667809	-22.050202	-28.334279
-100.000000	25.151090	100.000000	100.000000	47.980915	29.702565
-46.908556	100.000000	100.000000	99.980948	-11.919447	42.843914
-70.476846	-99.969919	100.000000	-58.940642	22.786490	66.969236
100.000000	100.000000	-100.000000	-6.424263	-19.271256	-20.833587
58.619970	98.859842	100.000000	62.393795	25.659770	24.251777
-85.618097	-51.872117	-100.000000	99.081882	-66.948415	-38.850741
-4.511712	99.785080	-100.000000	99.677991	-19.506407	-79.512429
-100.000000	56.016386	100.000000	100.000000	17.135151	65.719717
86.760455	68.914799	100.000000	-99.028509	93.570130	34.830938
-58.531388	87.287910	-100.000000	99.805595	17.555061	-37.206545
14.516812	99.946480	100.000000	90.910327	-56.460452	99.777337
100.000000	100.000000	-100.000000	20.568641	24.147693	-36.613584
-86.277837	-59.342285	-100.000000	98.855650	6.508349	-36.642670
-3.114180	99.956465	100.000000	99.226861	34.852802	21.040564
92.197507	98.879792	100.000000	-45.442519	-90.478574	19.180251
-100.000000	-99.955139	100.000000	2.715352	95.265036	60.697156
100.000000	98.991286	-100.000000	-55.530011	18.722569	-15.741087
100.000000	100.000000	-100.000000	-40.358115	-13.670973	-29.258837
95.701824	-75.731289	-34.094361	-99.430000	-10.573490	-8.697717
-46.558904	89.954607	-100.000000	99.550132	-43.379426	-48.550383
-100.000000	60.073090	100.000000	99.808608	65.438117	57.112638
-47.598291	-100.000000	-100.000000	-72.417657	47.039146	-22.009270
-80.262311	100.000000	100.000000	100.000000	58.500217	38.382650
-100.000000	87.473441	100.000000	98.465315	-37.182802	64.188468
-91.027371	-47.529526	-100.000000	99.986224	16.153186	-24.725887
-55.408450	100.000000	-100.000000	100.000000	-60.562075	-5.174369
-41.104225	100.000000	100.000000	100.000000	25.230584	48.733647
88.277804	91.479479	100.000000	-63.995733	66.881662	26.956195
86.792896	99.959668	100.000000	-54.481231	-73.013524	32.824594
-52.169107	99.825640	100.000000	100.000000	73.183428	26.761417
-45.404125	-99.771899	100.000000	-72.141168	11.734242	36.772265
-100.000000	42.126218	100.000000	99.844124	21.254544	92.058605
-91.927434	-93.539769	-100.000000	55.427781	71.122517	-20.141586
100.000000	99.457236	-100.000000	-56.846011	29.765678	-27.715654
46.531543	99.625311	100.000000	69.440471	40.952014	64.807185
-88.340675	-99.728429	-100.000000	25.361243	-13.133817	-27.649259
81.768013	-48.527028	100.000000	-99.771829	49.990786	34.010398
11.839229	-99.893565	-100.000000	-100.000000	81.301061	-81.233341
-23.576886	100.000000	100.000000	99.905728	9.605040	29.085791
-100.000000	28.808576	100.000000	99.749486	-33.924326	48.805586
-76.187361	99.876125	100.000000	99.673353	-43.295681	30.140293
100.000000	-29.773874	-100.000000	-99.973146	97.827584	-38.659649
2.696678	99.715013	100.000000	99.402303	32.325566	41.212198
-87.082137	-10.665796	-100.000000	99.974099	-20.147462	-35.458566
100.000000	100.000000	-100.000000	19.198924	-12.799254	-14.371189
-100.000000	-70.830541	100.000000	99.726011	33.657948	51.813457
-49.958094	99.882500	-100.000000	99.819512	-63.156183	-22.092442
85.851421	19.231459	100.000000	-99.889525	-62.978582	35.439628
100.000000	99.449404	-100.000000	6.583137	-34.282964	-16.121934
-74.633183	-99.709971	-100.000000	26.210140	55.515336	-65.910654
100.000000	83.525266	-100.000000	-83.091715	28.171679	-69.623322
-100.000000	19.188708	100.000000	99.392676	-38.068088	49.011939
100.000000	99.570639	-100.000000	-58.590280	33.302587	-27.804014
-100.000000	-99.708390	100.000000	50.290415	-21.693718	65.469561
78.632022	-0.727353	100.000000	-93.762756	20.121750	59.949648
92.121276	100.000000	100.000000	-14.103245	66.858599	18.417538
100.000000	49.273552	-100.000000	-98.666433	-14.283964	-53.862949
95.260805	-99.378863	-100.000000	-99.970012	67.353800	-68.899546
-100.000000	27.725608	100.000000	99.766792	-33.060905	50.879751
43.165210	100.000000	100.000000	74.438872	-54.511771	14.317385
100.000000	100.000000	-100.000000	18.120931	33.068291	-80.852605
-84.431078	-78.929894	-100.000000	82.191354	23.356217	-40.595350
-100.000000	51.143675	100.000000	99.929903	32.271151	71.332673
-26.964807	100.000000	-100.000000	99.751122	-22.010485	-50.893697
92.509283	-40.163101	100.000000	-99.527173	62.003144	20.235677
84.362339	35.446466	100.000000	-99.424367	28.506754	41.933317
77.032175	100.000000	-100.000000	44.485853	7.505672	-10.527607
-57.185144	30.026973	-100.000000	99.697355	94.306573	-83.663457
100.000000	100.000000	-100.000000	-30.465469	-37.787490	-44.613207
-100.000000	5.875616	100.000000	100.000000	-52.115039	12.617624
-41.473228	99.521199	100.000000	99.237888	-9.024841	72.743975
100.000000	100.000000	-100.000000	-7.707568	-31.137465	-15.346384
91.069684	99.468791	100.000000	-28.187364	87.994947	20.679173
-60.318311	-100.000000	-100.000000	-59.813492	13.304370	-38.690462
-77.780034	-98.014324	-100.000000	-37.014615	8.239977	-48.897453
100.000000	99.467584	-100.000000	-0.655291	0.490449	-21.299654
-82.248353	23.026168	-100.000000	99.825707	-9.995904	-47.563609
-84.623158	-34.536573	-100.000000	99.984579	47.435084	-39.761600
100.000000	76.417007	-100.000000	-94.174995	46.815988	-34.604041
-100.000000	-76.644973	100.000000	93.549660	-45.487035	52.320645
-25.338292	100.000000	-100.000000	98.809854	-25.057791	-17.199086
-100.000000	-99.489954	100.000000	4.196786	-45.482018	22.625609
-88.054676	-40.321396	-100.000000	100.000000	18.872519	-28.920880
-100.000000	-99.756356	100.000000	9.359267	-40.802205	20.251985
-24.970601	99.764419	100.000000	100.000000	-28.623022	27.583526
-83.223450	61.466139	-100.000000	99.127092	27.810077	-32.883348
-84.721114	-99.460965	-100.000000	39.031380	24.218309	-37.907574
94.057488	7.882370	100.000000	-99.706572	42.678894	15.441013
-48.286522	99.820756	100.000000	99.600963	74.076522	67.488800
