-2.694228	-47.618400	100.000000	-37.843836	-13.041401	-12.061094
40.386430	-38.426991	74.331929	-98.996498	25.473746	4.050635
-44.872688	-61.171583	75.990493	-55.061670	56.398593	-7.508383
-28.353346	40.053252	-66.738252	90.404606	13.116457	-9.790889
-61.692122	-69.874290	38.662516	-49.370084	97.810352	22.908006
9.184125	38.133670	-94.970280	30.259503	28.613457	3.118424
-40.891988	47.382958	-70.594220	100.000000	-28.247687	2.651650
30.718463	-63.951315	94.040671	-98.940968	59.774400	-14.577028
14.369845	-8.064910	19.630963	-57.365873	-39.781273	49.582063
-91.345400	-45.097765	-11.761007	0.029862	100.000000	23.902824
-62.980280	47.850024	-100.000000	100.000000	-41.561543	44.030227
-65.924314	27.822449	-79.385676	74.118106	11.256650	23.232048
-93.241867	-32.204710	-23.986944	33.422351	100.000000	23.797761
-82.826609	-59.944854	19.159142	-16.050781	100.000000	22.177228
74.642351	57.875044	-25.415768	35.320589	-100.000000	-17.435931
-6.357965	71.350031	-93.238881	100.000000	-69.528047	-6.579501
-89.862301	-47.801571	-8.168254	-0.412785	100.000000	21.653789
-64.134086	-13.833774	-44.735494	49.885964	52.821375	-15.861880
74.259549	62.328647	-34.321347	33.432536	-93.677881	-16.939966
11.638685	62.280848	-100.000000	84.423886	-43.403786	8.035012
-59.186795	-41.493870	28.027508	9.241056	82.550123	-18.348563
41.083867	71.217626	-83.302304	72.519301	-67.204212	-16.605902
-42.979664	56.600753	-95.856823	97.480160	-58.056151	24.413065
29.921739	-22.406730	86.702593	-67.930559	-30.392833	4.045798
-73.346113	-61.094372	33.577940	-34.641384	93.983487	17.331475
88.191222	51.745949	-0.229289	9.447087	-100.000000	-29.079609
-15.636940	60.041998	-84.597636	99.663008	-52.741171	-7.001033
27.973483	1.234213	-20.355971	-3.431878	85.624464	-26.919735
14.323141	67.322638	-100.000000	83.467461	-34.310263	-8.476003
78.631530	-37.698446	100.000000	-94.303751	19.530374	-57.566578
-96.696627	-34.406408	-19.133636	27.669228	100.000000	23.896166
75.816446	48.893573	-11.343433	-1.746179	-100.000000	-12.597602
-11.402815	54.268476	-100.000000	69.064790	-1.101719	15.862974
-52.944463	19.705941	-64.422593	83.531535	3.937073	-6.155792
26.192447	29.926584	-15.605324	20.226247	-53.591225	6.402960
49.373060	-2.166433	7.928088	-2.550242	-93.076526	10.902503
20.907340	0.387123	64.445983	-67.318167	-88.345488	14.284452
-27.317129	-45.772383	57.518227	-28.960725	52.418815	-24.919746
-16.575331	8.830942	9.526363	42.397657	-100.000000	33.199741
29.935258	-14.274298	89.196536	-44.254808	39.576801	-64.672676
-17.585790	-75.025518	92.106925	-99.536384	68.681456	21.648634
-68.935201	-55.080124	30.876397	-16.504114	95.736598	3.325481
-68.684430	23.181580	-81.877804	82.982904	0.864108	29.983157
36.864677	35.114617	15.350643	-10.307881	-60.452832	21.419992
67.398618	-14.700070	72.042744	-87.816978	-23.330789	-21.801726
18.526915	-68.420627	94.070318	-100.000000	66.472950	2.705341
-59.832596	-63.241877	69.696539	-48.360671	73.224816	11.975264
-80.911958	33.679339	-99.295963	92.765767	-12.015853	56.294798
-10.101035	68.551053	-91.499552	99.954557	-68.906708	-0.906196
41.668571	71.283820	-85.934791	68.010523	-49.658204	-13.920457
52.880251	62.255638	-49.560802	34.330646	-88.100721	-8.028530
-99.199874	8.967882	-95.819363	69.489498	53.994062	46.693696
-54.288525	-1.464818	-17.997670	15.184667	16.014949	-21.336137
-1.774145	83.566590	-90.565548	99.753402	-75.096327	-5.513907
14.431207	-68.873702	93.529905	-99.798358	69.487088	2.155556
-93.568968	11.094150	-86.727258	77.708188	52.003113	47.179777
-99.979527	-20.742997	-42.403262	39.514823	100.000000	30.444071
-73.932305	11.330718	-77.746231	88.194640	30.215644	28.454607
20.622862	-54.317227	89.790891	-99.162587	35.036528	-6.922660
46.557816	71.506068	-82.978052	64.347713	-68.982886	-19.133321
25.130045	40.553910	-65.097091	15.114722	15.238298	-10.350857
97.700015	20.209135	24.803137	-39.293287	-100.000000	-19.347455
-2.867908	27.896274	-3.079375	86.358891	-11.060489	-76.880385
-39.678867	12.282945	-100.000000	59.610742	37.975753	33.390686
17.767478	14.113226	-94.301607	50.315905	78.872644	-18.968965
46.645537	28.868795	16.961399	-4.211050	-59.453822	19.675928
-84.169349	40.254258	-100.000000	91.714899	-13.956057	62.686662
68.413748	-33.815865	100.000000	-98.219587	23.978845	-53.159033
-35.761688	-73.239092	92.149740	-78.659798	63.624203	18.841524
-28.569863	10.129944	-100.000000	55.930496	54.254341	34.049675
-95.719797	12.277023	-96.834944	79.573415	38.269101	53.791925
-89.328149	-32.089013	-15.456997	25.711292	100.000000	14.535884
44.791707	14.344106	-29.906349	-46.637923	-29.250102	41.125500
-30.062501	-74.240691	90.878002	-90.017229	68.017519	21.706056
10.692531	-76.964155	91.982132	-100.000000	71.478165	8.916595
-25.383053	57.563886	-94.330163	100.000000	-58.676738	12.256123
23.326923	80.077435	-93.255369	99.338465	-68.728565	-26.220256
71.719803	-39.570215	100.000000	-96.004890	28.971608	-52.188940
92.930551	34.285124	14.644174	-28.352631	-100.000000	-17.824558
12.795934	74.401432	-94.324773	98.779532	-66.702100	-17.170428
-88.125919	-25.753763	-35.711435	38.885294	100.000000	19.428256
-51.163575	-72.868280	62.563746	-81.626603	82.711681	25.790417
3.485860	-21.408675	71.243887	-83.061431	-49.704088	37.015168
37.669252	69.014249	-86.311537	74.806734	-66.824844	-17.381458
87.514420	46.438250	5.439765	-2.738686	-100.000000	-15.522227
-5.814225	-44.480382	100.000000	-72.047371	18.156633	-23.034031
-33.556622	24.062251	-66.693293	48.170538	51.517163	-17.504804
-14.114628	72.959336	-92.670108	99.979173	-70.342071	-8.323256
-22.801340	50.772539	-83.343250	86.818924	-12.308118	6.475159
-25.208793	51.685891	-71.021310	98.315021	-30.654463	-2.638466
-74.673301	-57.839390	22.052561	-31.651846	100.000000	16.474520
-29.863477	-78.937147	92.716715	-99.735461	70.891888	30.445706
67.573004	60.390598	-28.950330	39.038481	-94.887771	-9.163696
87.893669	-27.017373	100.000000	-89.347404	-2.057733	-68.707280
19.192772	6.402578	94.888094	-10.233294	23.390044	-71.822280
-62.773483	5.799568	-62.634778	71.132538	33.294797	-7.952872
8.467290	-67.373579	97.244085	-98.406240	52.152999	-8.582272
94.438026	-6.737908	84.786685	-74.639327	-62.071763	-42.052202
-47.583365	40.075359	-76.317316	84.648635	-4.153838	11.234176
67.383301	64.083193	-40.504429	34.022176	-89.918736	-10.524150
15.399300	39.806006	-26.839013	47.331777	1.270539	-50.471942
-78.091751	-56.092130	20.538789	-18.000736	100.000000	14.773348
5.340389	42.132595	-73.121113	66.920462	-5.414006	-9.293807
50.556027	34.755351	1.910779	-12.066397	-41.464176	29.923033
-53.434645	0.944165	-53.742297	66.773051	19.297217	-21.921754
95.518323	6.249904	73.812076	-72.365249	-77.353963	-34.553591
-9.984178	10.313420	-5.007203	5.748711	-94.428688	64.778782
-26.545522	-38.756260	-6.683991	-6.039584	60.771276	1.960281
0.271595	-77.415920	93.442018	-100.000000	67.787076	11.056341
-42.903852	29.744482	-59.876014	90.819895	-2.037521	-22.193876
21.836117	75.352002	-94.015923	99.676088	-68.749287	-21.187834
-7.316044	37.141666	-59.691532	99.695392	-32.025237	-17.403065
75.749552	61.732569	-29.510829	34.516449	-98.165133	-17.489908
24.905048	-15.852282	28.987574	-51.306483	-71.076567	57.532415
87.415847	20.283437	31.737658	-43.827983	-100.000000	-18.564388
-29.133430	63.214270	-95.410872	100.000000	-65.113293	10.308934
73.304039	27.832754	31.501049	-47.188289	-82.081094	9.636229
13.552806	-38.631343	82.212902	-89.851611	-9.700031	11.844396
-0.367625	67.244161	-100.000000	98.371912	-53.028279	-1.722893
-60.595438	-54.997875	47.526911	-19.178581	71.894173	-9.639743
42.339724	73.658658	-71.192099	84.499722	-79.820055	-25.015860
33.092933	14.606250	61.363752	-63.657952	-52.683489	6.967109
19.981236	15.329645	29.288775	-58.203545	-100.000000	43.519065
-52.139127	28.521536	-49.985799	89.240734	5.670560	-12.210370
-66.761275	2.832458	-60.960153	58.729540	39.791211	6.425262
-80.819865	7.678836	-78.969291	84.960977	39.262818	36.342745
-8.669147	-46.537169	100.000000	-50.995179	11.408835	-22.095675
-54.528880	49.380143	-82.397198	97.117295	-30.077186	23.582464
-45.574392	-41.279667	42.855509	14.729017	51.292347	-34.376667
50.679104	61.704248	-81.907060	41.179904	-53.895311	4.629783
-41.425856	27.238041	-59.393397	76.016333	8.153534	-17.003083
19.440988	-31.947490	58.286005	-97.737263	11.728179	31.371598
-35.130994	64.538700	-96.164226	100.000000	-61.366609	17.631024
36.108336	11.252998	-50.548295	-33.880573	-8.424731	50.574269
0.226472	-69.134009	94.990192	-100.000000	63.914799	8.173272
11.565556	78.836374	-94.820594	100.000000	-66.366137	-18.192817
-74.520379	26.235582	-98.778928	95.890864	-2.016449	46.605858
49.615867	45.011909	-69.289798	0.232569	-48.880908	35.491282
-23.400193	55.045814	-92.844830	99.170092	-54.127985	8.394524
58.437786	72.487079	-46.199062	64.502722	-90.518580	-25.067783
-48.100568	47.391728	-96.781203	99.807507	-34.320073	27.768581
50.350230	19.060775	13.178947	-70.249031	-35.566749	36.829266
49.904769	-39.444336	97.244880	-99.174556	29.006457	-28.819976
10.696398	-12.644937	100.000000	-28.909696	-67.005015	-40.858398
-66.370938	26.431978	-85.397984	94.496891	9.393205	34.662482
-49.532934	39.666077	-85.505338	97.684970	-21.112937	16.067425
-62.604287	-5.076956	-41.763075	53.634447	42.915180	-23.571506
39.747063	21.747999	-39.546070	-19.595434	-16.761971	41.517119
-80.513719	-27.439423	-28.073886	52.366272	100.000000	-0.657817
14.177323	-74.763904	91.756152	-99.570542	73.087557	9.236204
0.741070	48.473713	-95.997051	93.606216	-20.229350	-7.318497
-22.586074	50.889121	-81.137666	99.633262	-8.883797	7.975419
46.865762	52.066067	-66.594623	32.545104	-59.044464	16.082735
37.954144	31.933113	0.562142	-24.683815	-91.749064	58.787395
83.639051	23.700038	39.852077	-31.843405	-82.445759	2.034679
32.424053	-40.915543	81.130995	-75.419027	-17.918941	2.642933
32.416344	-68.547415	95.238716	-100.000000	63.708082	-13.012222
-69.474326	-65.241341	32.996420	-37.098366	96.000230	16.469256
-44.065245	36.123796	-70.218398	98.533869	3.503163	-0.312781
41.017920	31.459628	-46.561632	-20.493781	-33.379691	27.681501
-62.322244	-55.789825	49.144252	-18.820592	81.675011	1.204012
78.296562	3.016417	63.063856	-75.416232	-47.237477	-18.965762
-22.815428	-47.625851	100.000000	-2.064235	8.724503	-35.613233
-84.705006	9.650208	-87.476595	81.750258	45.676828	48.367892
-73.170710	32.780426	-100.000000	96.660778	-12.775601	55.495084
-98.755721	-10.025311	-73.103320	60.788341	94.295589	26.834689
-98.946096	-24.316166	-33.500408	34.687269	100.000000	29.768765
42.638398	-64.035962	96.937067	-98.846486	63.711520	-21.668025
16.607963	79.998507	-92.617960	100.000000	-71.011250	-23.573333
-65.156805	41.867141	-100.000000	99.940192	-23.102641	47.828166
97.023285	-0.716491	84.500595	-79.069957	-57.211825	-44.231011
-11.696278	47.210615	-100.000000	62.184449	15.181001	12.476542
22.627423	-21.623892	-8.776637	-39.189645	7.234473	64.030172
-20.320781	-57.533319	79.775382	-70.304480	38.182195	-7.178039
71.678445	-15.369344	83.695687	-92.064482	-19.380449	-32.028915
-38.215733	-74.849429	82.847062	-80.709637	70.950390	19.258907
-17.519113	66.307559	-92.344999	100.000000	-68.041531	-2.919340
18.759707	-17.497794	100.000000	-21.203979	-47.447003	-47.455961
57.425255	-22.506047	55.103265	-48.614593	-61.337725	-0.463189
-52.189626	60.181225	-97.499256	96.527478	-62.949518	35.848165
-59.997545	-4.406963	-48.101526	82.991300	28.032616	-7.702623
-74.161821	-64.356075	15.315006	-49.271377	100.000000	30.679956
-76.358164	24.071535	-94.933855	93.248513	7.822771	49.675833
-14.272086	-72.210316	96.452851	-97.878519	62.908583	14.071329
36.352923	23.109579	-31.019237	7.854705	26.480216	-20.335059
-82.252957	-17.401798	-45.006158	54.891889	88.398084	7.926087
41.715531	5.812652	6.153721	-37.131340	2.158200	39.235394
-1.274044	37.303757	-100.000000	53.692406	29.473293	39.820397
47.535612	75.168974	-78.829999	75.714143	-71.283201	-22.249513
-4.503395	-11.351141	-11.718097	23.158137	-61.406059	75.106985
0.250462	57.748214	-97.686940	100.000000	-26.609613	-1.152414
17.369206	11.859767	-100.000000	7.194549	50.705107	33.394698
-74.880099	19.178891	-92.401591	93.390764	24.315982	42.166254
-59.973585	51.436925	-99.573282	97.208904	-52.331861	41.493594
32.152998	10.278843	-24.208370	-14.110776	-24.358888	61.055594
-46.609907	70.721143	-96.246709	99.479828	-62.230704	22.476075
-43.528346	-65.763485	86.096732	-63.420893	65.887558	4.582605
20.229230	44.824834	-63.542236	14.306129	-43.989679	34.029348
-21.466563	65.466886	-95.913707	100.000000	-62.855845	4.732930
100.000000	15.279698	77.435617	-65.292353	-77.712668	-34.623279
-58.139418	-9.512990	-7.938837	34.516397	55.929887	-32.659749
-8.314063	-58.305581	100.000000	-56.368555	22.584141	-21.514400
28.245068	-28.192085	73.828156	-74.181789	-16.923105	20.162125
-34.364151	14.181490	-44.669703	24.977564	36.653642	-45.187498
47.689605	-70.433770	98.269237	-99.322245	61.438807	-23.579716
35.538042	72.491281	-94.402853	80.130809	-63.652263	-15.097872
45.216437	-0.830163	74.951938	-15.231852	-28.704450	9.212665
25.074776	-49.938333	80.560928	-87.504954	6.765530	8.690438
6.414515	26.966832	-34.155938	46.701771	-76.787158	27.978010
90.734198	29.341339	24.411047	-34.361054	-100.000000	-19.820299
62.703317	39.785879	3.689978	-30.148336	-61.016960	24.784219
7.314387	24.760396	1.962946	10.671468	-100.000000	34.753374
-77.807485	6.809250	-68.029942	81.621323	41.100059	17.397657
-65.974503	-30.283406	-11.989070	43.424595	76.298192	-23.631961
-64.526385	53.895005	-100.000000	100.000000	-51.432068	46.063120
-32.261370	-8.749876	-78.172269	60.504747	85.912486	-5.314599
-90.616278	32.175877	-100.000000	88.644414	-2.566430	68.903008
52.138614	13.017686	6.468404	-26.184856	-15.447956	14.189221
45.909874	5.085962	-21.446209	-18.985843	-25.857598	37.274259
11.715368	69.996822	-96.659585	100.000000	-62.387059	-12.315736
-38.085450	61.876269	-100.000000	98.439730	-55.589853	24.923787
-55.669311	-33.748224	24.215723	31.018489	53.386196	-32.119619
-59.788840	-39.595633	17.297158	8.125015	80.117018	-34.402775
-68.818046	-56.421633	39.295757	-19.098331	89.092852	6.017678
-94.072623	-1.547797	-76.396476	63.011253	72.160957	40.296002
-62.685654	50.091882	-100.000000	100.000000	-47.592877	44.115707
-9.510150	42.300001	-71.694483	66.279874	-11.814187	-23.322534
-38.425019	-63.175621	90.874755	-56.751130	54.830222	-4.649507
-30.754349	51.730086	-73.348282	100.000000	-33.228299	6.702880
-40.916752	-62.576008	100.000000	-83.428388	52.183499	16.732169
62.691374	27.691040	25.942580	-49.657273	-67.446737	29.813649
-16.272512	13.615654	-100.000000	48.450609	81.220374	9.951582
-74.361363	-50.099031	12.438676	3.928496	100.000000	-4.318739
16.713886	46.858445	-33.292476	41.455714	-62.895405	23.695913
3.745405	-73.635661	93.916346	-99.517895	67.650741	13.179830
77.606542	-38.472287	100.000000	-94.610413	22.907269	-57.312280
-63.015503	14.528909	-63.358505	58.942886	20.397495	6.244343
77.448399	53.552526	-16.469085	9.565058	-100.000000	-11.704689
1.894192	66.139696	-96.396309	98.163308	-59.053088	4.067169
89.129017	7.696359	71.646136	-71.432824	-73.703891	-36.136722
78.923724	-40.127482	100.000000	-93.871711	14.062125	-59.728071
-28.198057	-68.286089	97.044871	-79.361299	57.595161	13.719795
76.092015	4.442785	70.351102	-65.208993	-52.099147	-11.381766
-33.926438	26.135919	-64.093277	59.808139	8.578036	-30.207306
-7.609725	-52.594568	100.000000	-93.849619	10.301311	10.155925
-100.000000	-6.951046	-72.321853	55.533093	94.942617	28.447878
-19.883919	49.394223	-82.788103	89.061403	-3.740389	-6.390276
-51.781502	13.017279	-44.495331	64.732677	11.863171	-26.972600
1.835833	28.734881	-26.667491	56.269914	-29.632161	-29.093826
46.667595	-62.443144	96.150343	-100.000000	60.277346	-21.581123
10.234348	-27.758380	-13.127556	-80.304194	42.652896	63.408469
-85.513217	14.136260	-88.670770	87.812836	32.458093	47.079385
-62.201049	-22.540697	4.277277	14.163461	29.440257	-7.615194
-70.479674	-35.350848	-18.943738	14.472068	100.000000	-17.584107
-90.921726	-5.461584	-73.486721	69.593109	73.976110	33.145596
55.218310	52.044531	-49.863617	8.040251	-69.666221	16.545221
100.000000	3.697540	73.300028	-61.964280	-92.858339	-27.688135
-11.827600	46.360642	-85.530744	88.831580	-1.581716	2.947919
-28.186364	13.900925	0.092802	75.032234	-47.295390	-30.587547
43.118531	-33.268815	64.607619	-91.916105	-17.280227	12.534053
-94.952808	1.369788	-78.544645	73.481265	73.939685	36.260817
34.682498	37.558595	-29.152914	-7.241679	-23.013705	0.564867
-83.733405	-48.674367	-10.081141	0.626342	100.000000	16.555261
73.530307	66.872334	-29.519439	40.046461	-99.913731	-20.204389
55.388762	-12.996224	49.311930	-79.304370	-27.722863	15.263253
0.052285	37.099086	-68.577716	79.944936	-45.652100	44.230316
-2.638644	66.094708	-93.035512	99.621593	-65.304777	-9.065263
-8.494983	76.286727	-92.710597	100.000000	-70.654570	-9.995032
-20.336748	-64.711975	100.000000	-74.299793	37.907851	-7.063043
-52.246407	-36.712355	41.080359	-3.559994	63.622268	-35.378872
-16.280510	-18.534867	45.429468	-81.407535	-38.770708	37.719062
-21.826571	-52.388731	100.000000	-43.107379	16.118894	-16.840359
42.212950	-38.440503	64.608485	-93.077553	12.255621	6.392865
-9.010309	-62.944709	100.000000	-81.406289	44.408776	-0.285823
-90.835954	11.301439	-92.438947	81.117230	35.479249	54.984136
-32.647337	-51.380587	78.495394	-51.830768	44.698851	-26.006645
27.067940	45.118827	-48.541185	35.400787	-39.332984	16.454987
93.522892	11.327418	58.793254	-63.688146	-91.318041	-28.000179
9.389248	51.250738	-97.559476	83.591054	-24.212991	2.603799
61.581361	45.602220	-25.609073	3.085680	-77.700899	18.025469
-31.235811	66.733588	-94.534953	100.000000	-42.899655	23.564787
-51.318408	-13.660598	-32.805474	79.431003	49.059977	-33.801793
-23.961819	-51.626558	100.000000	-64.625541	18.917958	-4.924000
-9.680812	-70.410332	96.293818	-97.312728	59.898874	8.761756
-16.502014	24.086219	-13.364833	28.729168	-55.243895	-20.045109
0.846710	-62.032681	78.883179	-99.234271	62.424487	15.340872
0.772967	54.219761	-100.000000	90.530111	-17.720807	-4.000083
15.168825	41.811470	-88.728186	33.659716	-5.235758	22.417510
70.561946	-45.464092	100.000000	-98.300769	25.819750	-52.919294
74.637779	16.220358	50.928965	-30.910172	-79.970009	-0.684815
-73.949675	38.723643	-100.000000	97.809811	-27.693043	51.835844
-96.625752	-17.290097	-50.473002	46.963625	100.000000	28.224276
24.857084	77.102580	-93.115010	95.708572	-69.924576	-24.382055
-46.254942	-14.738559	18.401654	-14.947301	-38.778822	32.840319
37.341125	-64.153540	96.438742	-99.432955	61.483851	-17.092829
0.766895	-60.511940	97.892179	-97.625111	41.117227	6.537831
2.692776	-72.412729	93.196156	-99.989856	68.591361	6.943005
41.114424	-64.649567	96.740909	-100.000000	63.346964	-17.575926
13.607442	-48.278164	81.508289	-98.498312	23.098070	0.085313
-98.227393	-22.122975	-40.234465	43.165732	100.000000	29.070945
-73.888556	8.805045	-57.273235	75.995484	31.186681	9.622173
3.173346	58.426627	-100.000000	82.479779	-24.783007	0.954397
47.858596	-4.783575	50.632318	-46.744256	24.094639	-12.725782
-32.372207	52.182494	-86.863185	99.595635	-53.998735	9.050790
-67.105374	-5.270564	-52.096652	70.706543	30.376485	-6.649593
-91.500512	-1.188912	-60.092446	59.667246	73.589120	38.763993
76.947265	-30.622750	100.000000	-95.270881	6.165339	-53.863779
27.135536	68.482859	-95.882854	86.870596	-64.665151	-18.537192
-44.453757	-7.265618	-25.115116	61.824025	-5.802624	-13.640818
-66.471964	-64.253456	43.989076	-30.681888	88.689673	12.703598
-45.897804	-36.756077	51.796747	-1.900127	24.150683	-16.711202
2.672947	39.734839	-100.000000	50.248274	33.408488	-5.444385
-65.673169	46.733826	-84.303852	79.346676	-12.653762	32.639807
-29.631299	-69.471557	90.078491	-89.526237	63.155367	16.066000
47.600864	31.031548	7.251633	4.033651	-36.244707	12.200542
-78.775998	-27.964165	-30.312229	42.032982	100.000000	-6.633105
-83.170769	25.631060	-100.000000	91.328966	-4.691233	58.368894
-55.238203	-64.025386	46.518684	-44.568917	91.675444	15.740814
82.254254	-47.661355	100.000000	-90.840757	36.392978	-64.830557
-63.808209	43.063539	-100.000000	99.856671	-39.159689	45.601637
-91.115301	20.843544	-97.890692	84.514808	23.717488	60.699715
-65.459127	-25.652837	-53.261310	80.578535	37.781321	-8.095233
60.311032	66.071064	-63.025508	57.945173	-77.343574	-20.481693
-46.531054	-60.922454	42.743379	-39.844028	68.363807	-22.999400
-24.397965	-39.974074	98.798737	-43.221856	2.236144	-6.819799
5.055420	-41.309060	65.317981	-91.526303	53.454920	-37.248710
99.847361	-6.775484	100.000000	-74.302971	-67.278139	-39.305906
36.475128	66.541529	-92.260352	63.007523	-58.435997	0.765622
-60.649070	-25.871785	-26.597147	28.433102	77.436993	-34.922338
-37.858476	-52.970114	93.189522	-37.290490	41.691870	-21.013007
69.547347	14.185900	46.346880	-66.619869	-65.799121	5.328942
87.333283	-19.615268	92.462837	-87.611989	-37.348005	-51.377383
-28.070250	38.216203	-99.487863	93.760333	-13.958409	12.705892
-22.225734	-72.982445	99.163625	-85.351220	55.495225	10.921357
94.232384	28.895123	20.667608	-30.260506	-100.000000	-20.167572
-80.525073	36.391998	-100.000000	91.740347	-15.961599	62.214959
-63.713854	43.375181	-100.000000	99.977922	-28.813966	46.966309
87.755840	53.136051	3.010983	-10.084405	-100.000000	-17.381331
-87.575676	-34.139349	-12.437159	24.857769	100.000000	14.106814
16.643263	54.863320	-100.000000	57.308703	-15.870584	16.371239
1.231571	27.722981	-99.721767	46.408942	-0.427580	40.892356
62.455069	-28.031187	81.276670	-87.457207	-3.566472	-23.903193
-49.356793	-67.313477	72.929825	-55.568058	71.347922	10.145235
-11.775274	77.599162	-94.846560	99.023529	-64.507754	1.950904
93.577903	-10.780265	95.669283	-75.572662	-52.958042	-46.597765
46.788113	35.489182	-14.055184	-5.990116	-39.412690	19.093447
-15.986421	35.531372	-60.092430	61.130519	28.592138	-32.560515
-67.711764	40.208585	-100.000000	99.267875	-36.458415	49.347978
-33.696172	64.031532	-95.078729	98.795280	-61.026654	17.831649
38.692582	69.669859	-90.142734	75.325938	-60.900466	-17.219624
75.292084	-42.133103	100.000000	-94.770541	29.344685	-55.121124
-53.744727	-61.895020	51.086640	-35.047836	89.818227	13.683569
-20.096603	-76.512053	95.353020	-93.790175	66.486999	17.481787
70.658289	-34.496953	77.883788	-90.760399	7.192240	-28.486153
57.254943	64.580951	-55.318270	43.053092	-81.298404	-11.908110
43.254442	-42.124489	86.146815	-99.372324	35.088793	-8.069074
35.015920	-16.509815	65.713731	-75.989108	15.114522	5.402728
-75.265669	-52.684200	29.808587	-5.566878	90.514607	7.701429
7.921644	-46.372004	94.101203	-71.055824	-7.206958	-2.029706
73.318141	-41.403873	99.850611	-96.506216	26.501956	-50.151611
99.770509	-0.610841	85.850496	-72.331286	-72.324734	-35.348079
-56.644203	54.555972	-100.000000	99.875531	-53.328735	38.767237
-29.350903	5.936638	49.373406	-7.687239	9.206996	-50.839654
-17.073392	-9.693399	42.711462	27.985526	20.320574	-71.760505
-96.802302	-26.591626	-35.742280	31.681178	100.000000	24.093009
11.636595	7.530793	-85.490009	44.707398	73.718462	-24.842358
63.841117	-10.350611	50.236862	-68.814842	-6.118443	8.587527
-28.736707	-43.729957	55.141353	-16.552371	40.098842	-33.238353
-76.613356	6.485493	-80.254386	89.030271	42.394191	34.079417
-75.664995	-7.520465	-57.918990	66.465662	51.301208	6.547155
32.003792	-12.199075	-26.414201	-23.995974	8.926384	45.125725
-61.534095	-24.424725	-14.484711	32.569690	92.351759	-30.025690
24.529329	74.145165	-95.769584	97.745888	-66.670329	-19.219621
-1.924944	-78.657177	93.552088	-100.000000	68.334135	6.331891
-12.486426	19.740016	4.933223	14.613336	25.382341	-71.880286
-69.831517	48.172486	-100.000000	98.806386	-28.899115	53.383058
-3.405469	76.903116	-92.769894	100.000000	-69.117071	-6.763668
-91.080185	6.749063	-79.657479	71.562637	68.600050	35.927036
98.108643	23.934476	36.613095	-35.762662	-100.000000	-30.687027
85.181934	44.178329	6.343161	-12.834716	-100.000000	-12.880113
-24.160244	29.685276	-61.192677	61.994667	11.742411	-40.074391
6.536208	-30.069072	-23.923188	-50.167701	100.000000	-7.854016
98.445374	3.909275	80.142176	-63.622260	-79.601028	-34.852296
69.189862	73.942910	-49.564524	45.078094	-82.225828	-14.986882
53.601114	-30.609232	95.039092	-100.000000	42.411574	-27.357262
-31.098687	-34.771837	24.177966	-26.324024	61.054111	-17.270661
-11.853031	-79.756404	91.430045	-99.630766	74.414465	22.121215
99.522484	3.684081	81.354763	-67.955429	-77.556817	-35.856276
-5.150641	7.740355	77.205014	-21.587461	-27.079252	-53.265088
-15.156253	13.382393	-100.000000	29.704312	64.081625	42.335879
-31.172089	-4.826059	61.371321	-59.162941	-17.445478	-4.754144
17.092075	51.422505	-100.000000	71.829811	-9.385969	5.068281
-58.281569	49.172742	-100.000000	100.000000	-44.405480	40.537964
78.503820	-43.841943	100.000000	-95.274971	28.659852	-66.730757
-34.093191	69.445494	-95.580229	100.000000	-65.071522	10.626213
55.885663	-50.988942	100.000000	-99.573056	49.396307	-39.509459
81.959283	56.808489	-9.239329	13.205827	-100.000000	-22.577685
-68.910518	-67.043194	24.857325	-49.853797	100.000000	24.540334
-11.661712	-1.295521	78.269993	-8.482060	6.861216	-73.316795
90.025700	11.335013	52.324984	-57.213240	-100.000000	-25.472801
48.245912	2.046288	56.075697	-76.682262	-18.437246	17.761330
-52.049032	69.371823	-94.705827	99.138061	-64.786565	24.473427
-82.165393	-24.429184	-24.975861	45.204562	100.000000	-5.290427
-69.570446	-7.676444	-35.970409	-10.682633	80.939381	-24.110860
13.876299	-23.935473	38.876735	-41.593023	4.007516	40.867559
44.823268	77.575891	-63.299095	82.486246	-82.238212	-23.884665
66.677093	-47.625317	100.000000	-99.520460	44.658495	-47.897696
4.023140	-38.673345	100.000000	-46.665418	-37.790420	-23.191214
-5.033600	14.385465	-68.838378	65.323495	82.838559	-31.324357
-34.449266	-61.167150	99.093031	-36.257400	36.176688	-22.407324
-48.812866	-70.810496	83.978524	-69.922366	67.846091	19.071398
-80.214853	-29.867423	-19.144585	35.826164	100.000000	-1.636705
96.181387	-12.676193	91.077366	-76.776891	-47.521864	-49.978308
23.851644	-41.399431	73.153016	-100.000000	6.661138	5.537124
-47.784452	-14.728379	-41.335491	60.336413	-6.596889	15.491278
-97.634804	8.710819	-94.664259	77.856255	56.837042	44.346784
55.901485	-14.452212	55.685201	-60.936438	-31.342886	16.128512
-99.842266	9.934894	-93.787405	72.406469	58.603190	44.389675
12.182104	-47.810382	58.650706	-94.656317	11.530496	32.320010
-54.755259	10.951795	-57.915034	84.209222	-9.290607	-12.092345
76.368560	46.646874	-10.297688	-2.748455	-100.000000	-8.119048
-57.262514	51.162738	-100.000000	100.000000	-48.690538	36.830105
44.044424	50.206812	-83.980171	40.511793	-64.531133	6.908499
-37.639376	6.123299	-4.188501	22.435684	2.117023	-23.190967
-97.737703	7.571417	-94.336154	72.855176	52.013162	48.758120
38.410482	5.191798	-5.551353	-49.782709	-64.377607	48.685078
85.670698	-10.349016	81.299890	-76.289786	-46.594026	-42.790283
-38.785227	-17.007035	-47.970496	51.777653	44.939704	-9.281005
98.589761	29.967801	31.652334	-30.083843	-100.000000	-29.681262
94.476925	38.145450	11.762253	-17.625989	-100.000000	-20.256265
59.257602	4.642269	40.276502	-43.627792	-24.977455	15.074500
-81.171628	30.021979	-100.000000	90.305437	-4.300398	60.038933
-75.815399	40.777789	-100.000000	95.782948	-28.168676	55.517948
-48.040216	5.867539	4.332917	13.738316	8.754271	-30.718175
-19.872341	55.274659	-92.810246	91.401899	-18.535545	4.365730
52.006429	72.441366	-65.666181	69.280101	-80.553079	-22.971427
-54.085643	-30.155737	8.882183	4.095715	55.738211	-33.363669
14.816809	26.735913	0.409418	4.567333	-100.000000	27.644638
70.203025	52.574804	-29.575628	12.761652	-95.970403	-4.264222
55.300946	36.068988	-25.946310	-0.414257	-77.644662	34.877775
-90.350770	-23.349819	-36.949898	51.177409	100.000000	24.278997
36.928479	33.011803	13.255250	10.799092	-25.037393	-17.050000
-69.329845	23.117977	-76.233407	91.701506	7.804654	24.525795
24.450387	-29.829450	30.936368	-76.008271	6.665611	47.235569
16.358107	-40.425217	75.755715	-92.036335	2.036669	21.604725
-29.896998	-64.359469	99.846772	-79.066233	56.475426	9.281563
16.690093	-71.288860	92.645236	-99.994579	70.084547	-8.947672
-83.434259	34.800212	-99.897059	86.364660	-6.907840	63.115781
-52.331497	-54.424308	63.419538	-17.671046	64.619192	-15.849133
-17.163373	30.529533	-97.589042	99.340824	11.723892	3.907887
-43.255957	22.398622	-38.848375	78.880399	-2.309413	-29.046343
-2.208450	-79.000723	96.928762	-86.615852	59.875481	-4.423484
46.298485	56.211625	-86.708928	42.550723	-44.624420	13.184989
-63.135526	-45.856701	36.372696	-5.670372	79.778303	-14.926595
61.110929	47.341960	-39.860247	-8.069313	-78.670946	21.664942
38.361341	48.715139	-75.662753	3.776789	-46.604897	37.957923
-61.060506	-57.824698	39.035995	-11.944540	81.145697	-13.032043
-23.350497	73.779467	-94.913617	100.000000	-65.129797	3.278547
77.898427	-8.685496	73.052431	-77.935405	-28.588118	-26.606099
92.415208	-11.055545	91.302591	-80.007793	-43.066331	-49.622361
49.159147	61.969933	-77.957372	42.514831	-57.140088	8.140670
-86.864819	26.495536	-100.000000	90.369878	4.294971	61.028612
81.500861	4.805920	66.234016	-68.410259	-60.267994	-31.935428
13.123975	43.006676	-95.057946	42.806614	-0.530777	23.070274
52.411359	58.953869	-72.690875	42.134387	-61.576069	3.111543
34.825881	80.420696	-85.908080	95.444921	-73.369956	-29.820253
43.730231	12.975236	62.106314	-87.358217	-25.817348	12.241052
-62.788412	45.502694	-99.987006	98.913651	-39.663392	42.987872
-4.763526	64.881509	-99.367738	99.675668	-40.899187	5.139167
-97.029428	2.865662	-80.926202	63.757274	74.763015	33.683218
68.031397	7.936045	44.272182	-44.827209	-60.030475	22.932630
16.773843	76.706182	-95.394187	100.000000	-66.450749	-14.991929
-58.324358	-74.325011	61.467275	-71.481958	78.573880	24.750343
-68.881172	45.160130	-100.000000	97.492819	-34.508391	50.486964
-92.610579	-23.274632	-32.522413	35.760982	100.000000	23.468690
-14.475641	-55.030193	100.000000	-33.326842	25.383748	-41.290350
66.363954	66.874003	-32.694475	38.120147	-96.140754	-16.251646
-15.521513	28.146187	13.004343	73.925079	-100.000000	3.031193
99.969879	10.567120	56.243263	-44.343299	-100.000000	-30.235107
44.153108	-7.875228	10.176087	-57.393315	8.635732	33.514102
-39.862097	56.621513	-96.139162	100.000000	-59.319453	25.471007
2.843016	78.350035	-92.094705	99.554123	-72.261871	-17.766400
88.368069	-7.497314	85.619903	-78.465265	-47.866828	-47.296552
97.366332	25.839911	33.179242	-28.682764	-100.000000	-29.667586
-91.817378	-36.492050	-19.278332	31.365400	100.000000	21.120220
15.001036	68.259780	-96.974008	93.862500	-62.058581	-13.699700
-48.748974	12.995020	-48.863171	86.848902	10.398384	-7.047894
64.110692	74.507483	-38.289816	59.608549	-95.539406	-24.714587
20.947840	67.210519	-100.000000	69.766898	-41.275460	14.064340
91.421938	17.675025	49.671516	-58.794676	-100.000000	-24.938312
-38.431318	40.181695	-84.036305	99.092516	-38.213139	11.098800
13.025967	52.914492	-100.000000	64.794402	-22.026392	19.291985
-25.561246	66.632646	-94.894257	99.713875	-63.341090	9.969808
-27.855103	41.511604	-50.563227	69.017535	22.744284	-16.990329
-0.333639	72.401561	-93.047835	100.000000	-69.438831	-12.647926
41.542956	-57.958339	96.062924	-100.000000	58.012216	-24.261721
-71.111753	51.821329	-100.000000	96.688439	-47.322815	53.234220
-0.740363	77.120803	-92.066829	99.512011	-71.122606	-14.078838
25.614310	55.087870	-92.700889	71.918555	-40.834351	13.918512
39.856443	57.560927	-82.777414	35.522804	-43.721238	26.839861
-81.709444	29.253784	-100.000000	92.259300	-2.801825	58.658099
-85.878560	-49.664980	-3.030162	-7.034203	100.000000	32.937060
29.389987	77.922696	-82.282855	92.805896	-76.601341	-26.585434
60.500296	-19.534755	68.209552	-91.428234	3.179655	-3.255616
26.899710	21.645539	-8.260671	5.381554	16.717058	-25.226135
-59.149031	8.348623	-69.414084	63.662161	6.519800	-8.994195
4.718710	-50.921639	100.000000	-66.386659	14.663430	-3.887734
36.973710	79.983678	-83.146975	87.098260	-74.852558	-27.271653
-29.052764	1.718715	0.590537	27.596397	-12.283799	-11.968532
-22.556742	-55.639979	100.000000	-43.935100	24.925874	-16.080410
81.135872	-34.795559	100.000000	-90.703206	5.771205	-63.633016
-85.341536	-7.558050	-61.761842	67.655745	70.917814	23.047464
-3.765494	75.541399	-93.415358	100.000000	-68.104121	-10.808005
-9.338529	-5.001931	-92.314820	48.222629	100.000000	-5.318854
-53.625847	17.958753	-59.777961	84.911511	-3.584685	-13.595838
-44.410068	-51.651693	62.913316	-35.896178	54.666358	-25.141077
-33.712016	-37.844103	36.118153	-56.685281	24.783570	10.223959
36.931309	61.408354	-97.984971	59.225349	-43.644159	7.410741
-8.889186	-13.107929	-75.737010	2.264792	100.000000	-16.120426
-55.107793	-67.608066	63.230390	-62.679453	75.583459	17.237292
99.676049	30.826039	17.897462	-26.425966	-100.000000	-22.046898
25.246341	-22.646603	59.946250	-99.734541	19.735307	28.174521
-39.840436	36.373150	-84.055377	98.853332	-13.765677	11.816583
-61.317638	49.981987	-100.000000	100.000000	-44.148584	45.369986
-17.585940	29.324799	-46.977573	79.271740	-18.875518	-44.915139
-91.078904	-36.753206	-11.498490	30.498786	100.000000	13.422039
40.562565	-60.697637	100.000000	-100.000000	59.280727	-26.067128
33.441496	1.998456	51.687059	-35.654457	-43.141885	4.917909
40.499732	-9.371152	52.742386	-93.346623	-7.153180	33.246837
-38.365344	67.071187	-93.812847	100.000000	-51.660698	25.883048
82.613064	-38.758420	100.000000	-93.207575	27.389131	-64.609122
54.993562	36.244390	-2.550853	7.385854	-73.875509	30.467749
-77.892262	-30.865546	-15.130395	31.097094	100.000000	-9.225602
-57.526262	-61.346966	44.119563	-33.039268	88.193800	7.646314
9.510593	-37.145667	55.009666	-48.782944	39.128860	14.678095
-77.170447	28.681193	-99.923252	93.824897	0.413037	54.752166
-3.766643	33.686656	-100.000000	67.271373	33.157494	0.593571
48.287715	-55.485786	100.000000	-99.201668	53.989426	-23.703891
-39.695577	-17.958085	-30.468283	74.087664	92.049157	-31.899590
-61.492040	-66.903021	28.432820	-50.199146	100.000000	17.457008
-92.036839	-32.700279	-16.137691	19.435226	100.000000	18.922566
85.501305	40.044718	7.770141	-19.470599	-100.000000	-8.029171
86.300452	-17.248404	94.622890	-88.495781	-21.464642	-58.820573
-81.593003	27.987373	-99.803889	92.607827	6.038390	59.777419
36.153834	40.467903	-73.142740	-5.610139	-11.235811	32.122840
-37.352849	15.974997	-54.187907	37.818571	42.679908	-37.514912
10.382715	-22.397351	36.746308	-77.715388	76.861986	-38.560003
-91.080122	-3.099577	-82.412834	81.896048	71.956509	32.987878
-89.664711	-48.099711	-5.851812	7.013649	100.000000	15.666943
54.727055	-43.267624	98.560601	-100.000000	33.131346	-35.983311
73.673889	55.623842	-27.404271	15.757936	-97.930862	-7.063867
-100.000000	-9.416449	-73.749513	62.487931	90.294626	27.773277
9.944288	-7.027824	-65.138625	29.181684	36.317713	43.037023
15.090493	52.081575	-100.000000	81.401341	-9.985360	-11.285570
-83.301609	-29.042707	-22.977023	40.533588	100.000000	10.873875
-40.018364	4.920730	-1.452458	34.839120	51.038805	-43.561389
88.743249	47.205264	9.606271	5.264099	-100.000000	-27.769745
0.642484	66.997074	-96.737983	98.580491	-53.318922	-0.363886
26.094859	48.582953	-100.000000	55.311372	-35.029225	16.471251
-58.817129	-11.584244	-34.979457	67.784885	32.963610	-22.037353
-25.598180	57.996654	-89.194019	100.000000	-30.931311	6.456614
-36.788116	34.906755	-64.302247	88.785968	19.575959	-10.059723
-70.428541	6.005683	-70.768984	90.830507	32.869581	12.499850
21.904564	42.066589	9.430291	40.109465	-84.796420	22.311890
-11.571535	-9.847972	43.406791	-7.225584	-86.335291	63.436033
78.106082	8.645914	53.129899	-69.319614	-56.974995	-7.541923
85.827700	-28.979238	100.000000	-89.525705	1.979979	-68.449037
-75.378345	-28.313661	-31.438178	44.625933	97.275928	-7.399048
-17.964290	66.429058	-93.906852	100.000000	-65.923345	4.788342
-54.509859	-59.997464	72.366739	-32.640602	61.168377	-4.120985
-48.454979	-75.735531	65.748552	-73.616408	81.332631	24.530063
-74.669523	26.127480	-99.143308	95.910953	-1.887287	46.199662
-7.299215	21.855396	36.460405	52.844940	-100.000000	-8.610989
-14.494345	-38.543949	100.000000	-63.062516	-13.600415	-14.940357
99.382737	35.138980	18.115270	-29.187747	-100.000000	-25.210510
-11.340640	32.019870	-46.050473	71.070587	18.649022	-57.016111
-48.627408	18.594649	-55.234019	48.091109	37.865178	-21.183722
31.550264	-29.430754	87.707078	-99.595400	-5.555116	-10.899896
62.913524	63.708023	-34.628854	33.679095	-94.855247	-10.047017
-95.902348	-22.066745	-34.824603	37.652428	100.000000	28.455476
0.999636	41.073017	-67.860927	33.901740	-0.377542	-6.690162
22.808890	50.681672	-85.215290	96.061169	-28.408987	1.973946
80.435846	50.175974	-9.604259	8.107829	-100.000000	-13.927565
-23.065162	-69.682570	95.202662	-83.594388	61.377873	11.623080
-6.436188	-75.167992	94.450832	-98.383287	66.129884	11.818515
-79.298039	-57.230069	20.714533	-28.025340	100.000000	15.811007
96.520281	-5.904132	86.506304	-75.111322	-64.241532	-40.939053
-68.121843	-59.921172	40.081497	-33.347772	85.848071	10.227984
62.611402	-7.301642	60.835313	-54.481106	-30.427227	14.670805
64.681478	55.751032	-37.802564	44.065725	-88.151466	-9.424276
9.325161	32.097258	-88.624351	55.507070	52.363569	-23.176554
-7.683809	45.435602	-79.580936	79.423354	10.124536	-19.188121
-12.281233	-48.085505	73.435033	-90.511191	31.927849	15.971259
-78.373362	-48.288444	15.929200	-6.281415	100.000000	4.807312
82.587851	41.380992	2.795961	-9.758616	-100.000000	-14.421395
76.793214	45.751443	-6.062563	15.709751	-100.000000	-3.865733
-36.507065	-40.519896	67.657480	15.466026	7.848100	-28.154838
-90.616151	19.856493	-96.798758	87.507618	18.084729	62.401847
61.918476	-41.231912	100.000000	-98.728691	35.180636	-43.750218
89.974235	37.605882	8.578967	-16.238742	-100.000000	-13.401373
63.527053	-53.549904	100.000000	-96.421637	47.108941	-37.232013
-52.157004	-39.796617	37.220995	15.109164	49.064565	-37.804864
-92.489561	4.886752	-87.089027	78.932392	58.147740	42.500349
49.480360	-35.489464	72.755575	-78.552901	-23.717050	-1.846266
-72.383076	-37.368821	-8.899968	23.270241	100.000000	-15.600323
-44.761720	35.599876	-95.628388	100.000000	-31.000364	24.379362
-38.352425	19.761422	-45.035106	71.359238	26.285772	-34.431805
-75.546573	5.603311	-76.929779	86.679796	45.577744	25.524790
-73.934657	-55.518052	28.763436	-22.812019	95.464913	8.847259
-12.840561	6.494774	73.708480	-11.273145	-100.000000	0.762679
-79.747255	-9.189016	-55.568271	53.296955	71.189942	11.560923
24.553889	-59.222267	93.843504	-98.369117	62.497700	-11.314104
-10.237245	4.087658	-78.423921	-13.184776	-34.613942	87.458983
-31.660304	22.580647	-18.032794	53.176851	-3.184504	-53.127542
-63.577204	8.258197	-53.960113	51.682609	42.979279	-14.793776
96.683959	-7.168442	90.428634	-67.641228	-68.583748	-40.560045
94.714242	-5.544656	87.365311	-75.385022	-62.972351	-41.173741
0.421993	-21.078242	100.000000	-26.885729	-62.672777	-22.495385
-71.118304	30.256997	-95.461638	96.668883	-3.034975	44.247950
-64.636255	5.561142	-58.320487	63.180749	43.102780	-2.084223
77.829819	-23.871957	100.000000	-91.589601	5.435236	-55.769403
-32.621048	36.485969	-61.455333	64.954332	21.873519	-21.117426
26.711912	52.479218	-89.092383	57.547435	-38.250232	27.725621
35.292642	74.290598	-95.543741	75.014489	-60.568960	-16.709804
-96.036134	4.978616	-89.762744	71.369703	61.056152	43.628726
-77.660746	-55.036492	19.409328	-25.494122	100.000000	17.565612
-26.463783	66.142952	-93.552014	100.000000	-66.687918	4.556487
-10.694902	-75.455271	93.865904	-100.000000	68.965157	18.496533
34.034820	72.476258	-87.298741	78.953279	-67.001640	-18.985915
-46.369969	3.740366	-0.398920	28.335157	1.204304	-7.963216
81.654910	-34.765577	100.000000	-91.472437	17.668714	-60.927948
-64.100747	-67.694768	48.355198	-42.564235	80.838792	13.995425
62.086574	72.450208	-39.885754	45.713954	-94.078708	-17.762424
95.668537	-15.574778	97.598779	-74.833003	-42.876636	-53.038480
64.716327	61.986195	-39.907863	31.358067	-91.120224	-10.948414
-45.940508	49.122010	-89.075528	100.000000	-40.264681	25.807607
-30.346372	49.132004	-64.722910	99.622694	-24.398331	-12.437533
67.266491	66.897267	-37.098125	37.417051	-94.997725	-16.460109
67.239128	1.938206	58.073332	-79.704149	-50.778050	3.326554
-78.155604	-25.323566	-33.824175	39.946254	86.448647	-5.964028
-15.945138	72.300636	-93.066494	99.681164	-68.369263	-0.704511
72.692985	56.889360	-32.632071	11.329392	-91.602624	-8.303323
14.084533	-16.947011	100.000000	-77.464776	-7.973588	-25.045466
-88.253497	30.788615	-100.000000	85.729349	-4.886578	68.238739
57.464899	63.370983	-57.264726	57.629572	-77.730845	-11.478210
58.258071	52.816995	-50.114372	15.710662	-63.476245	24.641281
-76.239592	22.628878	-100.000000	91.834774	0.846767	52.652786
-14.082475	52.855738	-98.626756	75.677532	3.608180	7.634725
-68.228354	-31.358536	-33.361248	33.675265	94.734929	-19.267929
14.905464	-56.963971	84.508519	-100.000000	30.254947	9.941893
-81.241099	-12.778169	-50.264945	51.571611	68.777913	-6.892803
-28.903524	-69.401478	100.000000	-96.682834	48.891501	16.127490
-6.274135	-62.855323	98.361056	-91.828736	59.966834	7.690459
-76.800387	-43.185103	8.178351	5.220487	100.000000	-7.612196
17.668855	-51.401756	82.247484	-100.000000	17.293139	4.569038
87.884878	-33.921992	100.000000	-90.379943	4.907769	-65.590637
15.111978	25.457747	-95.159335	46.906299	55.671589	-7.556731
41.010481	-55.505332	97.859821	-100.000000	55.032968	-25.373441
-77.070534	-34.050805	-17.196877	35.529998	100.000000	-7.480480
-64.477224	-15.082212	-37.218590	49.596406	76.089959	-19.879321
22.626860	56.513252	-100.000000	52.357163	-17.587761	13.388370
48.504981	-58.796435	95.062686	-95.979685	59.926957	-29.313701
-9.429910	33.104850	-100.000000	47.594485	43.146773	0.919774
60.243920	-49.845839	100.000000	-98.950724	40.045895	-42.041484
33.090705	36.909494	-38.373780	-16.858905	-33.922265	37.416133
-68.449560	-53.033894	34.547607	0.582013	92.461561	-2.575180
86.757516	7.381936	63.734078	-66.852152	-82.555773	-32.146558
27.260904	37.396430	-57.417946	-11.584558	-45.642152	39.497177
41.810187	76.130510	-69.842704	83.926916	-81.463407	-26.898808
-8.553311	-76.916002	93.558810	-100.000000	69.736911	15.524133
-100.000000	-10.549194	-64.195001	53.720751	98.001131	27.356355
-74.241522	-10.181356	-58.460519	77.730526	46.694294	14.100062
-21.118261	44.683970	-57.772136	100.000000	-9.887702	-20.303613
2.087516	-67.235569	94.733597	-100.000000	63.022785	0.077276
1.370977	-25.724112	-3.620634	12.406161	100.000000	-66.154936
19.029571	-41.053811	63.836734	-55.076809	-17.207158	32.367069
80.330270	14.398139	47.442056	-56.798161	-74.341581	-7.182267
74.803306	13.570723	40.320945	-26.412580	-84.448554	10.453684
-33.013219	-2.492497	40.353191	6.435364	10.793504	-40.700369
66.561320	54.979908	-43.415689	22.596301	-85.115021	4.754662
61.374910	-2.229184	49.245549	-23.513201	-49.611603	22.183805
-14.844135	-67.380192	96.537459	-85.168312	57.123100	0.075900
-95.752258	-13.478328	-53.951890	55.468629	97.686188	27.544644
86.952602	33.088168	19.038730	-31.880482	-100.000000	-16.339322
25.038179	-34.369814	65.628144	-65.830057	-26.624027	25.722537
-22.425429	-66.501455	100.000000	-75.532775	48.544602	0.585491
-77.018139	-63.047030	26.956838	-36.015336	99.320878	18.591178
63.143689	-32.623491	72.728354	-85.938963	-10.754858	-17.906837
-18.149011	58.893129	-82.247273	100.000000	-49.798898	-1.688978
84.383577	41.428844	4.228052	-21.479897	-100.000000	-6.667093
-17.241655	-73.116960	100.000000	-99.208864	50.440982	3.237885
-45.078408	-10.720262	27.993879	4.983349	72.253345	-44.061905
-17.414462	68.417609	-92.269988	100.000000	-68.775250	-1.237465
-56.310838	-29.972189	-24.610580	43.759745	65.862561	-26.973774
-35.655546	-14.025136	60.488448	-8.565917	46.848464	-49.829491
-66.612707	15.330668	-70.449851	85.734260	15.916950	13.021348
-35.532286	-49.616342	94.602011	-18.080457	35.073750	-31.303163
-97.143503	-3.080391	-78.225121	75.146749	69.250029	36.908394
61.102612	2.254814	34.144128	-73.750728	-49.007905	24.669027
-40.950327	-47.827656	83.536762	-36.318645	44.686121	-21.699091
-23.773813	70.943133	-94.665149	100.000000	-68.346239	3.466278
-8.261278	-5.214324	-100.000000	-22.145442	100.000000	42.443328
-99.714448	13.748585	-99.406409	77.564314	43.077084	52.159345
34.267596	7.334131	-13.099691	30.433674	31.199744	6.116394
4.608129	76.988123	-91.854729	100.000000	-71.487434	-17.452871
-97.092904	-8.677355	-68.839646	67.970098	88.164977	28.470698
-25.851793	28.259576	-21.307382	52.661688	-31.698686	-51.712191
-58.580798	6.798599	-56.588393	83.398208	17.555802	-17.018460
-16.658587	-13.735040	31.109204	-78.724206	-29.778621	44.741744
46.547553	44.697709	-42.690950	-10.953974	-59.331077	38.557816
54.695624	69.515376	-61.202149	58.046693	-81.128062	-16.688612
22.165325	-63.814825	97.505389	-100.000000	58.036332	-10.092411
56.067469	-7.337075	39.364020	-67.763834	-19.434569	18.511598
-61.733213	-9.456823	-51.540216	63.696574	47.656241	-14.147377
-69.718599	-31.934941	-31.355807	23.078383	96.855345	-24.930191
70.268990	12.766775	50.815767	-54.859120	-47.315458	2.497764
-65.831038	-64.892948	29.516400	-37.844388	97.003553	14.729107
54.042865	4.939914	6.378485	-35.648872	-13.525175	18.373263
-29.560600	-61.183045	100.000000	-40.200750	37.326581	-24.743588
-17.171876	-60.364816	100.000000	-73.892475	37.396954	-4.529892
37.274987	32.393704	20.885721	-21.268316	-36.761491	6.100990
22.606283	-38.114623	100.000000	-43.094573	-1.143840	-32.892952
-39.425475	34.730622	-58.954268	77.071292	0.476487	-17.229801
21.538511	-34.982056	77.516319	-98.647532	-3.417088	9.920208
3.804896	21.973108	51.495034	5.719402	-29.098891	-56.619163
15.966984	-35.650584	80.607157	-52.452040	-5.190207	22.894893
72.008305	-37.814585	100.000000	-97.607608	20.433112	-57.048559
-3.684208	-14.438658	100.000000	-27.258424	-60.292759	-34.196395
-95.432378	-39.218799	-8.428750	14.494800	100.000000	20.766409
27.844539	-17.645131	57.656251	-100.000000	-41.413781	18.517845
-49.538056	25.898433	-55.553265	87.226044	14.955770	-7.620218
60.621818	50.487249	-24.407191	33.850101	-84.967773	8.386321
-37.082930	12.057045	-23.727872	-14.276266	13.676032	-18.892987
49.925212	-36.843594	60.966288	-71.412830	-12.334871	2.586183
-12.247117	23.952294	-62.487023	89.457805	-56.850848	40.115650
87.086595	-25.165307	99.054514	-90.091731	-9.151655	-62.383699
-66.000584	-51.055958	34.982614	-4.748119	88.298474	4.142159
-11.217745	68.953572	-95.599613	100.000000	-64.435208	-4.284761
96.327054	10.771850	63.258710	-58.614627	-97.535371	-26.679534
-59.605237	21.752154	-74.433375	93.278759	-1.955063	8.746025
-5.766259	70.112268	-95.520124	100.000000	-62.604576	0.158464
42.204632	7.795849	-14.977047	-11.708530	-57.774888	57.266463
72.417934	16.638527	44.483893	-72.107021	-61.498835	6.519301
93.807065	-2.328020	82.252248	-66.807241	-65.580787	-41.902011
78.773922	2.689609	59.364885	-65.893666	-39.289029	-11.006796
87.630029	-25.972601	100.000000	-89.929770	-6.793322	-66.681717
-81.579712	31.417671	-100.000000	92.360539	-4.867790	58.109302
-79.705641	-18.396529	-37.344057	54.379056	85.647568	2.752660
15.939847	-45.271580	73.114155	-93.373430	-4.237793	11.640026
-72.490974	-68.180798	37.343245	-37.370274	93.148312	19.301509
18.451427	23.545855	26.651014	10.613006	-49.305649	-24.366235
-28.021950	6.829258	9.731888	-7.121157	-85.909765	29.349946
46.915717	-45.659040	87.978026	-100.000000	25.614040	-19.081392
-77.052290	5.974941	-76.659998	85.050630	24.370878	18.466686
89.080534	48.269616	-6.354891	11.206981	-100.000000	-21.246274
-70.869926	35.973215	-100.000000	98.108031	-10.876436	51.562248
-19.128444	44.618086	-68.006220	81.481311	-0.385977	-25.278237
71.799517	51.308800	-28.468456	8.189871	-94.495115	-4.923027
45.755218	-38.995467	66.615042	-94.855486	11.732601	-1.533668
-82.641826	33.407698	-100.000000	91.601242	-14.889046	61.230093
9.300882	-42.838206	100.000000	-89.961048	20.868997	-28.111308
70.597280	-13.768134	57.221039	-60.468736	-34.541692	-3.674112
-66.001512	-26.038016	-23.518695	22.672048	76.044333	-23.210505
-51.934616	28.704149	-74.036313	100.000000	-20.900733	-9.748920
-1.315184	68.022767	-92.810697	99.987832	-69.275487	-16.190419
-30.469343	-32.176186	-24.052154	8.052373	31.367511	31.200109
-39.853221	11.328895	-22.550376	3.997407	-2.971513	-28.130691
-68.703110	27.774172	-80.108553	92.305820	3.226971	34.951212
-53.823404	49.439496	-86.742178	99.043650	-16.878955	28.211887
-7.643965	27.848943	-57.236869	58.417533	-17.719025	-13.123232
-76.119232	-60.838116	30.881316	-31.311117	97.374995	17.698125
75.056397	53.763037	-22.243997	5.376333	-100.000000	-10.672998
0.425074	27.286689	-99.883175	-21.138776	26.633211	46.258981
-94.471655	-8.483572	-61.966784	61.525665	93.794674	27.252725
91.955847	41.730616	8.476026	-12.972657	-100.000000	-21.257620
6.528862	45.871871	-100.000000	42.933506	12.977662	2.641712
-0.894528	32.396632	-100.000000	53.561536	22.215491	32.370735
-50.019708	-54.184183	50.288924	-27.828179	69.228482	-15.316623
-3.988688	23.198431	-29.228437	41.134814	89.288502	-72.347424
44.934247	54.683619	-78.161702	17.961997	-45.496961	26.140688
-84.875266	39.853643	-98.565964	88.836613	-10.007377	61.239958
-9.854778	27.780697	14.196849	90.634524	-96.788682	-26.110951
-70.559242	-40.231526	18.887875	20.972268	96.627151	-11.625682
51.722237	23.542460	6.058045	-34.763037	-25.827609	15.052533
-23.608869	-69.109168	95.226122	-98.701027	64.702899	18.342577
25.849488	75.781158	-89.806483	99.883907	-70.672530	-24.283615
9.555673	57.731412	-100.000000	64.881888	-10.722548	12.481611
-55.902122	6.796801	-14.080760	53.638589	2.178050	-26.476057
91.602457	45.371158	9.478920	-3.236522	-100.000000	-24.817946
-28.646707	-64.771939	100.000000	-80.117036	47.930714	2.967741
83.824751	-1.743790	72.782446	-73.867371	-53.226424	-40.340647
-59.016209	21.537629	-63.736340	93.662240	-3.752923	-8.979624
39.391129	54.886738	-98.839902	38.111120	-40.054850	15.264175
-29.855086	62.038847	-85.064047	94.888442	-59.394671	20.653321
82.670902	18.317964	35.711302	-52.548438	-96.489817	-4.395329
90.967806	19.500683	42.861031	-49.973525	-95.152002	-17.868826
-86.866662	-1.678327	-66.785272	71.611774	69.740646	33.684043
45.954276	-52.548826	100.000000	-98.149088	55.604959	-23.805542
-81.878562	21.904901	-98.174904	91.966463	10.134775	54.785064
-68.274550	5.767957	-62.651004	70.166599	29.719136	9.926714
-25.547196	31.728132	-72.712205	94.654241	12.739814	-20.857207
-14.984843	71.429541	-94.018630	99.673168	-68.340254	3.614163
64.094944	26.900624	30.206610	-45.443258	-70.026774	22.616922
92.118400	2.008173	72.174860	-65.164979	-71.282540	-35.885153
48.640954	10.763396	-2.637099	-23.956516	50.415126	-35.175536
-57.659306	28.987361	-79.964741	100.000000	-14.761367	13.616125
-97.617814	20.846490	-100.000000	81.385742	21.905809	63.041386
-32.726865	-76.054295	91.494952	-87.677180	67.231037	24.505720
-94.837694	-35.517966	-19.987870	25.087872	100.000000	25.209057
59.011685	71.243553	-58.721774	73.630555	-83.403846	-26.154732
-0.536893	66.124027	-100.000000	84.709222	-27.454884	7.800963
-4.914434	-57.367586	100.000000	-86.205429	19.866603	-12.533065
99.967497	-3.086327	76.332020	-66.418762	-88.214807	-26.131441
-72.794319	-46.847603	23.490650	-6.589473	92.774509	-8.015841
-25.620515	75.264817	-92.960844	100.000000	-70.009264	4.865407
-5.767839	-74.523134	93.951557	-99.094259	68.297887	14.141576
83.989898	-18.009874	94.646853	-89.750241	-20.144226	-54.401295
24.330566	-67.244737	96.470844	-99.422552	62.355102	-11.299934
-82.764694	24.264322	-98.686832	90.545712	8.648194	58.698609
-27.572016	26.812107	-30.165256	40.618783	17.496211	-48.926344
-22.489701	64.230893	-92.066673	100.000000	-63.916066	10.253361
38.737633	71.875321	-86.630245	77.870929	-68.394516	-20.579861
-24.700896	-15.338043	-37.254897	11.337050	73.456128	-28.452629
8.251770	-8.425325	69.946622	-7.064825	39.684309	-79.786795
-55.762299	32.179790	-71.839805	65.611530	3.463974	0.758193
-68.268318	-67.373962	29.061890	-49.395776	100.000000	24.551624
-93.176308	-14.808471	-49.281519	43.512736	94.413282	22.948191
71.833399	-37.901181	100.000000	-97.320963	18.164376	-52.259201
88.151372	33.351537	22.063286	-36.827378	-100.000000	-17.644424
-59.894431	18.950525	-79.090328	48.357938	6.688857	4.256552
-78.851819	-41.256870	-3.807124	13.977903	100.000000	6.372791
18.342444	5.773425	-87.689615	33.586845	77.320054	-17.158875
-51.999895	27.407657	-68.918732	87.017328	-7.947899	-9.561525
15.339577	58.440017	-100.000000	80.259111	-34.831863	3.209624
58.605838	46.017133	-27.031446	7.336170	-81.369019	23.349297
61.598118	68.004153	-60.219627	65.004495	-81.146147	-23.391889
-86.832572	20.874898	-94.833304	87.906568	21.937662	56.653933
-88.510946	12.385013	-90.662456	84.375264	33.566536	55.986544
36.307947	-18.379718	54.182607	-93.000562	-39.251915	18.220148
-13.076048	23.343646	-40.901548	65.088798	73.434472	-50.687975
-88.155282	-54.442222	2.167706	-16.508489	100.000000	27.206452
48.131614	42.479287	-54.863420	-13.320445	-59.390401	38.864635
-22.716172	64.862584	-91.354332	98.791349	-60.944411	14.644181
35.250547	49.581809	-72.707885	60.840680	-47.050248	25.205579
-78.469411	-54.740670	28.108273	3.660250	98.903184	7.631033
-32.997674	-55.370355	100.000000	-52.291034	33.202812	-17.297399
-83.615739	-5.228915	-59.587202	68.528609	79.021687	19.264694
38.895992	78.848178	-70.285572	81.063151	-78.075428	-20.322145
57.428965	-52.912756	99.242676	-99.181227	45.187806	-40.414299
-0.604092	-29.868118	28.242664	-48.018030	-51.218583	69.409558
-41.982652	28.774915	-48.358659	56.043962	44.018472	-25.859106
-41.506082	-7.735470	60.959230	19.997546	17.303653	-45.064561
-84.016944	20.202736	-91.800129	89.097478	17.202490	53.112378
17.275216	-13.131232	44.326823	-64.341513	-68.276124	44.241891
5.143794	48.078213	-100.000000	51.465284	-1.496254	1.847977
9.785639	-14.327956	-70.411320	-36.768978	100.000000	20.275936
-34.065500	9.220869	-28.010462	51.475690	20.623963	-45.951389
-68.484430	13.053819	-80.004025	92.936050	21.925536	26.772521
-83.657480	-45.186777	-4.640260	8.487138	100.000000	16.238294
100.000000	-14.512324	96.256159	-70.982963	-50.487052	-48.456388
4.942043	40.024011	-100.000000	42.288942	18.485419	28.685646
-11.565235	-53.180077	100.000000	-65.043646	9.693258	-14.003958
-79.361115	-38.531239	-7.996637	24.832629	100.000000	0.228604
-68.317962	-23.587669	-33.441448	59.274075	86.876997	-10.772980
-98.825545	-11.039129	-68.538525	62.182090	91.456115	29.227611
14.716686	-43.753166	69.235532	-72.045715	-14.524112	28.659766
24.887182	61.565153	-100.000000	77.118282	-41.386327	5.123965
90.510650	-18.409771	100.000000	-88.846685	-16.976627	-63.972185
-25.562916	-10.401207	8.874933	52.322029	88.600232	-69.325488
86.231579	-16.440065	88.529016	-83.663457	-33.735052	-50.430503
73.249098	31.209241	36.170224	-36.655924	-92.305612	9.289384
19.904451	58.244824	-100.000000	45.839435	-37.048240	26.851138
-41.086154	-69.572424	88.703121	-50.887063	59.470056	-0.619256
72.918579	-22.811007	89.544193	-93.621619	-12.907834	-40.077277
-16.852134	4.702464	-19.428965	53.656932	99.404106	-67.125894
58.302522	-60.717711	100.000000	-99.797330	50.097847	-40.841204
32.514534	71.711529	-97.664308	73.931788	-57.021423	-16.056076
-20.236300	68.820909	-93.372259	99.867845	-67.926900	2.130215
91.462921	-5.598365	80.565774	-60.693395	-51.477576	-41.825008
27.536626	1.973502	56.315754	-52.348236	-100.000000	18.981919
-30.686493	-39.865958	36.648671	27.127991	44.124687	-47.069536
66.975945	-50.352490	100.000000	-99.621619	45.828264	-48.929837
25.842358	53.300614	-90.370720	90.246762	-26.152922	-11.264143
33.785893	-39.903247	70.531148	-88.380454	10.682312	4.425398
-78.978298	-22.562723	-28.944677	44.710676	100.000000	-1.050455
35.130980	38.647279	-45.454486	-38.321396	-30.766181	41.544216
94.729223	11.746138	61.351242	-61.410666	-92.963393	-27.322385
3.234717	-46.449261	93.100100	-86.114576	19.159041	-22.820876
77.027551	-20.069761	88.209783	-90.935873	-20.547608	-42.802037
12.936359	77.889920	-93.139373	100.000000	-71.378091	-20.689943
40.831085	54.041862	-84.339031	31.812257	-45.747478	20.793459
60.000015	-51.329446	100.000000	-100.000000	48.755073	-42.669508
6.573972	-52.405586	100.000000	-83.994284	11.364151	-8.870128
65.235983	59.406587	-49.202259	27.859987	-82.548597	-8.519371
-68.586329	-32.105275	-5.300140	13.729315	94.017436	-27.694015
94.544231	16.782914	44.607809	-50.723686	-100.000000	-26.925461
-39.787910	36.073631	-57.261327	84.702516	5.261480	-21.384993
-32.882016	-77.369574	92.772399	-85.192742	65.315164	18.431715
38.491122	74.815672	-63.889856	82.619475	-82.079591	-20.780771
15.402839	-57.132560	85.191281	-100.000000	53.943767	-1.149651
-71.310632	-45.946829	21.136433	5.487099	95.457721	-3.144280
22.371378	36.064517	-42.491823	30.405550	-44.179180	22.395848
-18.352958	38.479165	-100.000000	54.385917	-2.281123	12.289535
-25.040533	70.389173	-94.163616	99.834823	-67.370103	2.042170
-0.704121	-31.594616	100.000000	-58.421114	-25.243507	-8.320151
83.949685	-7.848117	80.364805	-69.387937	-36.669285	-33.966872
54.426286	-43.761554	87.389364	-99.531203	18.990206	-27.970425
-40.050949	-16.470954	6.366736	22.084205	11.598714	-30.124904
74.328819	-35.784903	100.000000	-94.194069	22.042272	-52.231112
100.000000	6.069612	72.100897	-51.265046	-97.624485	-28.077310
33.566944	20.676459	72.863132	-38.742475	-88.025427	8.448429
-33.658226	34.998233	-59.802605	46.913550	30.432934	-22.718755
-64.444582	-62.711883	40.915653	-33.002318	89.159584	10.873437
28.312461	-40.288329	76.831814	-100.000000	27.729139	7.241616
28.167894	30.175696	-47.588255	7.292700	-9.050273	25.233638
-89.176775	-25.100976	-35.271134	38.745378	100.000000	23.137184
79.246129	7.748549	59.635340	-63.399284	-63.368661	-8.154443
-70.698424	-64.113462	33.328938	-36.769478	97.226296	17.504652
-97.757802	7.077294	-96.812507	75.901159	56.651475	43.206767
-52.176120	12.796096	-40.182885	89.044072	3.712585	-18.567527
9.833324	27.523450	-68.975933	5.549434	-42.123303	67.075323
50.824128	-29.544040	64.590335	-88.226957	0.874181	-1.459933
-86.970916	-23.453476	-36.712714	52.849680	100.000000	17.020023
-57.264272	-23.438675	24.635085	28.472402	61.239075	-41.231593
-68.592758	46.690280	-100.000000	97.999157	-45.344050	48.197527
14.135306	46.619365	-61.783343	6.585057	-54.558572	53.967121
-74.430311	-57.776999	30.491396	-23.178542	95.142257	12.638663
-77.529571	38.735286	-100.000000	94.201840	-24.350440	56.328494
64.770433	27.087506	27.151254	-53.900743	-81.685982	18.991091
2.756498	49.282930	-95.552882	78.029621	11.826692	-16.513777
62.817655	6.361359	58.031262	-75.056130	-41.074377	5.665282
17.314066	-10.751388	100.000000	-19.432279	17.786008	-70.114448
-60.149688	31.253322	-79.278381	90.382209	-6.538569	20.339622
32.305876	66.352335	-82.993585	58.433846	-59.140688	5.450241
-83.915854	-54.887931	-1.176507	-13.530187	100.000000	36.419487
-17.707453	-33.007674	59.711411	-0.428107	0.270140	-15.183079
12.373221	-26.912080	19.349135	-52.385681	-14.357073	63.734611
-0.300637	82.231807	-93.519551	99.347456	-70.421633	-13.897164
-80.599051	-33.500860	-17.683340	38.661322	100.000000	7.250609
94.654271	18.832465	51.940817	-51.727261	-100.000000	-26.938679
8.808208	-31.981328	81.187911	-95.008175	49.783555	-28.870324
-99.317532	27.878923	-100.000000	78.819289	15.093011	66.814726
66.442745	-16.764380	69.999133	-86.557301	-18.129689	-13.687929
-22.608807	-84.019984	95.038847	-80.146691	65.297156	15.989834
-36.145809	-67.082544	98.228538	-63.927258	50.591906	5.838346
-53.626601	-14.156625	-0.035154	44.412088	17.181633	-19.923997
-40.877786	56.027822	-92.152013	100.000000	-38.415505	20.299653
-61.467525	50.720187	-99.163901	100.000000	-49.566761	41.912720
64.292810	64.907693	-33.115666	45.911551	-98.990578	-16.864153
20.406889	46.328005	-66.061459	44.195778	-38.339988	32.586837
77.408258	-42.494727	100.000000	-92.661276	27.927164	-56.692622
-29.123944	35.924127	-60.542704	68.420919	13.149245	-9.527468
90.196936	22.855132	35.367686	-44.053175	-100.000000	-23.382326
-63.188888	-9.401299	-44.576991	64.950395	65.765280	-11.231097
-41.325975	-54.162485	77.103201	-37.195566	54.420627	-16.105139
64.713591	-7.486734	73.144143	-88.446468	-38.670659	4.282151
29.195473	70.139017	-100.000000	71.119704	-47.521288	-2.092333
-39.110595	61.048105	-98.568075	100.000000	-57.547392	22.832879
-50.704679	-58.876792	77.934737	-48.117944	60.424404	4.299902
16.788916	-64.160210	93.223699	-100.000000	65.835601	-5.983832
99.497965	14.271998	59.339899	-51.578813	-100.000000	-26.401148
68.977826	2.743864	67.625003	-81.661013	-23.981438	-1.237331
-78.307180	-51.309148	3.301760	7.970908	100.000000	17.384709
-54.744713	52.235794	-98.384996	99.628006	-46.241138	38.255341
54.729537	-56.186189	100.000000	-98.477982	57.111092	-30.743666
-27.652081	9.016822	-13.205616	41.141470	8.603598	-49.977030
-31.388964	-41.120056	39.110824	1.957814	46.955859	-39.751111
100.000000	2.942854	73.283452	-69.510619	-85.416572	-30.312471
99.887239	22.044477	41.320788	-33.350932	-100.000000	-31.684760
-99.919044	-2.533152	-73.279483	59.845245	82.596447	34.357111
25.586942	13.565585	-43.090788	-9.677070	66.531335	-21.170368
-48.603284	59.823557	-96.983656	100.000000	-57.640655	24.309019
80.617494	-10.365237	78.486435	-84.223480	-30.782177	-33.624449
-91.577798	-36.563674	-18.214605	27.949740	100.000000	18.313520
-37.821487	20.541217	-53.387186	85.101262	37.893593	-27.307539
87.485069	4.494689	62.549146	-70.603413	-71.641649	-30.222345
19.701722	-11.791532	89.713821	-60.811878	-73.225388	2.081305
-67.589531	-62.507695	32.572344	-36.930537	95.776654	15.055939
74.070468	-35.103015	99.207501	-96.052006	5.618825	-53.320616
-64.939216	-53.221150	25.787599	4.056747	100.000000	-6.464055
31.307165	17.051879	-15.168545	-57.690799	5.057456	18.353518
-44.685516	-23.326911	-68.339065	50.956388	74.879051	-2.783831
-65.813943	-49.456120	9.751016	-12.366958	92.679565	-14.449480
91.289842	-19.070782	93.331195	-82.611809	-27.567618	-59.020869
-17.550066	-10.085849	-39.316896	83.996731	80.822649	-47.939477
15.396226	41.244330	-69.627829	24.592856	9.703173	-6.842988
-65.892364	-64.438413	35.111497	-56.030291	97.693361	23.468700
-81.032705	-59.324882	23.739213	-23.851949	100.000000	14.953917
-59.924698	-57.913119	50.324902	-25.563956	77.730315	5.931936
69.970328	-29.645458	93.193769	-96.933523	1.811913	-40.426493
19.890542	80.690907	-93.343866	99.625009	-70.589070	-24.940676
72.328250	29.525895	24.368749	-49.251658	-100.000000	5.061687
63.406866	-35.877030	93.764923	-99.127479	9.121376	-41.368599
73.403960	-32.358080	100.000000	-96.975623	23.313925	-52.708410
4.723000	77.301177	-92.475417	99.883978	-71.107057	-18.175703
-53.050952	-33.430981	41.101312	-4.248044	74.375203	-18.090460
-76.661269	-37.372245	-8.281176	29.130950	100.000000	-5.735636
99.527642	30.426351	20.485462	-24.522837	-100.000000	-20.651579
87.034218	31.727480	16.756391	-27.550897	-100.000000	-13.215796
77.266776	-20.607267	71.803201	-84.733416	-28.921224	-29.689062
