-65.198577	-94.701060	94.361918	99.998081	10.316350	-98.589613
-64.808581	-94.307552	94.250222	99.998259	10.996469	-98.520048
-71.636874	-99.246728	98.480941	99.883421	1.459843	-99.988865
-63.856992	-93.604467	93.291510	99.992621	12.633322	-98.258635
-66.984285	-96.165794	95.976898	100.000000	7.716528	-98.824396
-64.646518	-94.262264	93.975789	100.000000	11.152559	-98.430539
-62.795598	-92.679714	92.415994	100.000000	14.051093	-98.006612
-60.043950	-90.579865	90.257679	100.000000	18.218927	-97.344476
-62.254160	-92.318713	92.075083	99.990981	14.777208	-97.854666
-64.523864	-93.999602	93.858519	99.987241	11.405295	-98.179890
-63.919725	-93.764378	93.621520	100.000000	12.128647	-98.297010
-63.409078	-93.170371	92.959625	99.987495	13.133012	-98.132615
-66.219657	-95.335541	95.028796	100.000000	8.963590	-98.710705
-65.018914	-94.596415	94.540531	99.978818	10.478642	-98.534878
-65.269256	-94.863939	94.716291	100.000000	10.169495	-98.629141
-63.234192	-93.102505	92.757252	100.000000	13.459434	-97.989789
-63.969862	-93.581380	93.344591	100.000000	12.517966	-98.198716
-63.176347	-92.878642	92.706128	100.000000	13.667075	-98.022054
-63.621858	-93.347366	93.000863	100.000000	12.928527	-98.102654
67.016685	96.275563	-96.139604	-100.000000	-7.432052	98.957016
-65.698659	-95.216588	95.178648	100.000000	9.204813	-98.482059
-66.985803	-95.970467	95.938854	100.000000	7.653257	-98.733275
-65.506088	-94.910525	94.789050	99.997830	9.604856	-98.453921
-62.893480	-92.821599	92.691224	99.994940	13.957962	-97.982003
-63.172401	-92.992107	92.675004	99.990722	13.370638	-98.049737
-63.778283	-93.622181	93.188695	100.000000	12.755448	-98.065258
-67.201055	-96.566549	96.191095	100.000000	6.647568	-98.955451
-62.594421	-92.468669	92.115838	99.993663	14.657679	-97.861853
-66.754125	-96.029392	95.939465	100.000000	7.978989	-98.835921
-62.870411	-92.788841	92.510196	100.000000	13.958123	-97.880842
-64.997137	-94.584809	94.367688	99.990143	10.502843	-98.327664
93.602377	98.790463	-99.592389	-20.426549	-1.194696	99.756657
-66.383385	-95.524553	95.599166	100.000000	8.561577	-98.737595
-67.506742	-96.631746	96.108825	99.997857	6.817000	-98.861075
-65.760953	-95.074520	94.761907	99.991860	9.468673	-98.531290
-72.009808	-100.000000	99.930164	99.935415	-0.135072	-100.000000
-65.930014	-94.945397	95.058476	100.000000	9.431202	-98.768662
-64.552767	-94.083979	93.872872	100.000000	11.464201	-98.318200
-66.146985	-95.196164	95.192695	100.000000	9.145078	-98.662471
-67.912565	-96.575479	96.603436	99.999116	6.572347	-98.992997
-63.762473	-93.692056	93.269346	100.000000	12.447015	-98.165561
-68.664304	-97.171886	97.664968	100.000000	4.860018	-99.082198
-64.665185	-94.239210	94.045211	99.992505	11.085389	-98.419607
-64.373179	-94.259471	93.867917	100.000000	11.304526	-98.326041
-65.514152	-95.164913	94.788303	99.989995	9.654677	-98.559603
67.282953	96.392002	-96.251456	-100.000000	-7.072590	98.847109
-65.785551	-95.195678	94.831250	100.000000	9.374538	-98.655432
-68.094542	-97.048896	97.266718	99.990393	5.411420	-99.122235
-64.243178	-93.999452	93.610411	100.000000	11.817366	-98.320629
-63.458510	-93.423595	93.019758	100.000000	12.953175	-98.039997
-64.118374	-93.956016	93.724583	100.000000	11.908284	-98.358690
-62.731026	-92.925334	92.481773	99.996762	14.099659	-97.983305
-65.833462	-95.125439	95.179202	99.997159	9.390308	-98.619361
-72.321263	-99.878957	99.969500	98.510733	-0.077112	-100.000000
-74.130020	-99.983320	99.626805	90.566709	0.254979	-99.550612
-63.700844	-93.453861	93.060456	99.985033	12.669066	-98.068487
-66.724713	-95.964503	95.835822	100.000000	7.832717	-98.785229
-60.633771	-91.097871	90.781247	99.998361	17.246105	-97.517349
-68.135924	-96.913352	96.857339	99.986977	5.934832	-98.849622
-62.944843	-92.811480	92.651770	99.996942	13.978357	-97.841513
-67.610688	-96.407045	96.568258	100.000000	6.174575	-99.230715
-65.205288	-94.671569	94.480351	99.997840	10.420652	-98.514518
-67.243525	-96.258153	96.031294	100.000000	7.351089	-98.938713
-66.631406	-95.791718	95.770511	100.000000	7.894511	-98.836853
-65.410927	-94.902238	94.594350	100.000000	9.847842	-98.563720
-65.191312	-94.709078	94.534322	99.998298	10.372260	-98.596268
-65.618297	-94.971520	94.728077	99.991133	9.757014	-98.677867
-63.208737	-93.136949	92.871377	100.000000	13.303567	-98.026123
-65.684943	-95.032325	94.661325	100.000000	9.954654	-98.529051
-62.999355	-93.023698	92.728244	100.000000	13.704967	-97.973505
-64.087557	-93.905459	93.434340	99.989529	12.324298	-98.101155
-65.985558	-95.490441	95.135534	100.000000	9.123978	-98.522410
-64.350492	-93.970740	93.754180	99.970515	11.622534	-98.254636
-65.402284	-94.843165	94.851341	99.995456	9.861714	-98.595695
-64.666370	-94.393705	94.267365	100.000000	11.073964	-98.277292
-66.425041	-96.112550	95.630813	99.997046	8.221398	-98.584119
-62.607433	-92.542923	92.187380	100.000000	14.468598	-97.802430
-65.908286	-95.183476	94.902689	100.000000	9.357150	-98.602132
-64.715868	-94.171638	94.006201	100.000000	11.255761	-98.459438
-68.955344	-97.511809	97.175212	99.996759	4.583842	-99.512137
-64.026808	-93.835186	93.379795	100.000000	12.096825	-98.298408
-64.211295	-93.813307	93.571745	99.996027	11.921606	-98.234765
-66.362908	-95.690276	95.500187	99.984069	8.835030	-98.894867
-64.594362	-94.270640	94.092263	100.000000	11.166036	-98.363142
-62.897471	-92.844666	92.498350	99.979237	13.877063	-97.964047
-65.917459	-95.020022	94.755355	99.990601	9.217996	-98.735720
-64.211805	-93.852312	93.701458	99.995765	11.797799	-98.193745
-64.913969	-94.468081	94.115556	99.991321	10.774378	-98.303424
-64.910523	-94.216983	94.040803	100.000000	10.936362	-98.402096
-66.291581	-95.670847	95.491327	99.997609	8.589089	-98.898423
-62.092952	-92.228579	91.825143	100.000000	15.099716	-97.839119
-66.558648	-95.892824	95.227984	100.000000	8.565115	-98.918407
-66.789108	-95.909803	95.769427	100.000000	7.705735	-98.955322
-67.886906	-96.856911	96.921918	99.987617	6.018196	-99.028724
-65.231094	-94.862682	94.637740	99.987497	9.947121	-98.588941
-65.905782	-95.549163	95.133314	100.000000	9.112878	-98.680864
-66.019459	-95.362243	95.129173	99.978896	8.927971	-98.621999
-66.244532	-95.406335	95.388571	99.984047	8.385962	-98.737025
-66.152325	-95.482796	95.192334	100.000000	8.846600	-98.612733
-64.925647	-94.226930	94.001294	99.994888	10.939307	-98.316271
-64.817043	-94.232737	93.795781	100.000000	11.286976	-98.318791
-64.360562	-94.127816	93.789205	100.000000	11.641379	-98.277851
-66.514041	-95.758940	95.535468	100.000000	8.027947	-98.565716
-65.940931	-95.248183	95.016647	100.000000	9.294991	-98.526014
-67.654446	-96.483378	96.522083	99.991595	6.760781	-98.913430
-67.923460	-96.912149	96.700372	100.000000	6.307934	-98.839185
-63.635258	-93.392123	93.052312	99.992029	12.986386	-98.154189
-66.934372	-95.867955	95.489063	100.000000	7.977322	-98.827840
-63.961178	-93.678972	93.375699	99.993527	12.318595	-98.179336
-66.031431	-95.176313	95.354885	100.000000	8.969956	-98.689259
-65.476957	-94.672311	94.674506	100.000000	9.868139	-98.699438
-66.790221	-96.171868	95.867375	99.996676	7.711000	-98.671499
-63.684532	-93.379009	93.099233	99.998036	12.616052	-98.052713
-62.123105	-92.232202	91.797026	99.980574	15.200927	-97.780738
-86.551328	-99.993866	100.000000	47.841074	0.017752	-99.991699
-63.485059	-93.293348	93.042163	100.000000	12.893985	-98.080044
-63.171763	-93.058531	92.805599	99.998505	13.483249	-98.033169
-62.856282	-92.958575	92.456050	100.000000	13.880833	-97.950840
-64.152761	-93.854349	93.678993	99.991441	11.951598	-98.153508
-68.732060	-97.328293	97.111997	99.998769	5.100065	-99.040534
-64.362528	-93.997714	93.880731	100.000000	11.523337	-98.285360
-64.153094	-93.873956	93.581119	99.993908	11.846116	-98.243599
-71.595129	-100.000000	99.847085	100.000000	0.432088	-100.000000
-62.560440	-92.656355	92.372269	100.000000	14.083626	-97.931781
-68.101038	-97.094397	96.803738	99.994165	6.031332	-99.099258
-65.280677	-94.658497	94.353685	100.000000	10.311529	-98.546576
-66.396741	-95.618296	95.249772	99.992734	8.653861	-98.726009
-68.866926	-97.332044	97.387038	100.000000	4.911473	-99.179467
-63.055303	-92.960274	92.590205	100.000000	13.605701	-98.014109
-64.039300	-93.652057	93.473429	99.993703	12.129624	-98.121918
-67.432983	-96.178982	96.220607	99.994447	7.061161	-98.846074
-62.680864	-92.812877	92.642774	99.991031	13.949362	-97.943612
-65.517757	-94.885360	94.734277	99.991198	9.993857	-98.525697
-61.547288	-91.783218	91.427491	100.000000	16.048479	-97.542509
-66.699988	-95.770288	95.612990	99.996025	7.898262	-98.722098
-62.602058	-92.631245	92.390407	99.990170	14.224575	-97.872854
-61.402917	-91.662223	91.374406	99.986688	16.099597	-97.608905
-68.043346	-96.790908	96.914928	99.994365	6.116728	-99.151882
-63.438542	-93.247874	93.115978	99.997145	13.106579	-98.083122
-65.419197	-94.537827	94.589473	100.000000	10.084152	-98.694174
-65.352618	-94.921542	94.762264	100.000000	9.959826	-98.578539
-64.147922	-93.957435	93.667840	100.000000	11.712502	-98.219457
-65.051837	-94.645625	94.483906	100.000000	10.568972	-98.287931
-65.629013	-94.898420	94.749915	100.000000	9.808998	-98.316136
-72.317296	-99.997781	99.991430	98.445550	0.015275	-100.000000
-67.254046	-96.409789	96.031752	99.996767	7.285324	-98.804450
-64.558198	-94.029838	93.977916	100.000000	11.413940	-98.361124
-63.044872	-92.811865	92.530093	99.992647	13.820500	-98.082712
99.995307	100.000000	-100.000000	0.923990	1.962969	99.986226
-63.627931	-93.393649	92.932000	100.000000	12.638552	-98.188544
-63.676145	-93.484987	93.043557	100.000000	12.705613	-98.222534
-65.042867	-94.666812	94.232741	99.993596	10.181026	-98.563830
-64.427422	-94.124847	93.737671	100.000000	11.620812	-98.345018
-65.922972	-95.135289	95.065319	100.000000	9.309505	-98.527021
-64.303461	-94.038652	93.784004	99.968513	11.711837	-98.115751
-72.690787	-99.976858	100.000000	96.855955	0.054590	-99.875572
-65.078136	-94.553472	94.243672	100.000000	10.660540	-98.551930
-65.143285	-94.557194	94.390767	100.000000	10.628782	-98.398868
-65.612762	-94.937915	94.866807	99.990098	9.456059	-98.560078
-66.670164	-95.591584	95.383319	100.000000	8.297067	-98.721890
-68.359952	-97.182928	97.081777	100.000000	5.587335	-99.043219
-64.635495	-94.070635	94.171911	100.000000	11.266434	-98.256655
-65.338062	-94.907097	94.639059	99.998495	10.189058	-98.575435
-65.928631	-95.158502	95.043755	99.980225	9.431421	-98.521131
-65.418678	-94.841986	94.413859	99.992862	10.287979	-98.450651
-64.650087	-94.257050	94.146888	100.000000	10.964424	-98.370307
-63.028326	-93.044263	92.589836	99.982433	13.577513	-98.020116
-63.294982	-93.087851	92.754754	99.992148	13.441900	-97.887939
-63.850936	-93.635505	93.231953	99.996705	12.406178	-98.331762
-68.210110	-97.310037	96.916364	99.991038	5.717489	-99.284755
-65.797874	-94.919784	94.936038	100.000000	9.453411	-98.739588
-66.237920	-95.448205	95.320699	99.992340	8.911277	-98.773056
-67.531166	-96.724966	96.306830	99.998012	6.740828	-98.818704
-64.467354	-94.217944	93.949685	99.996484	11.317165	-98.486907
-65.354370	-95.037487	94.700385	99.993286	9.787783	-98.628722
-62.939647	-92.937282	92.659870	99.992579	13.810122	-97.932785
-65.202701	-94.619194	94.453122	100.000000	10.315682	-98.307242
-65.261345	-94.795353	94.455391	100.000000	10.242027	-98.425123
-64.671211	-94.200511	93.941278	99.983654	11.264632	-98.345711
-65.438666	-94.800239	94.739498	100.000000	9.795653	-98.550504
-63.791531	-93.501745	93.268874	99.986652	12.525251	-98.090468
-64.649111	-94.181525	93.936327	100.000000	11.151445	-98.338669
-67.606505	-96.682256	96.434558	99.985029	6.838435	-99.048859
-63.345002	-93.261144	92.892774	100.000000	13.170223	-98.056428
-67.658206	-96.572285	96.762441	100.000000	6.458885	-99.037769
-60.576255	-90.967170	90.573489	99.998638	17.528707	-97.470422
-64.527981	-94.158028	93.771838	99.998258	11.337708	-98.326302
-66.279234	-95.461787	95.207220	99.992962	9.106809	-98.649222
-65.514002	-94.941954	94.732746	100.000000	9.791683	-98.721344
-63.561197	-93.410542	93.159801	100.000000	12.684688	-98.143221
-64.276554	-93.998162	93.797051	99.980280	11.572573	-98.153021
-65.690441	-95.109987	94.882445	99.987986	9.504412	-98.653058
-63.232686	-93.120425	92.720986	100.000000	13.492076	-98.009265
-63.723593	-93.534864	93.242753	100.000000	12.559602	-98.161153
-68.057529	-96.965498	96.695934	99.996528	5.875362	-99.141633
-70.977946	-98.748664	98.608451	99.998014	1.349573	-100.000000
-64.771287	-94.239541	94.118079	100.000000	11.221847	-98.410190
-65.413910	-94.804980	94.649120	100.000000	10.069231	-98.443751
-67.182526	-96.363373	95.916847	100.000000	7.150162	-98.952421
69.245282	97.406836	-98.366226	-100.000000	-4.012977	99.053416
-65.803909	-95.234577	94.889963	99.982402	9.277768	-98.657599
-64.416617	-93.984890	93.781344	99.995435	11.477059	-98.364026
-72.557142	-100.000000	100.000000	97.282000	-0.104544	-100.000000
-63.285727	-93.082676	92.740432	99.992480	13.278659	-98.110096
-65.119750	-94.705966	94.585794	100.000000	9.855782	-98.668607
-66.180812	-95.779714	95.318483	100.000000	9.021619	-98.947977
-67.303931	-96.504687	96.617541	100.000000	7.135519	-98.965173
-62.394492	-92.546454	92.222201	99.993416	14.317923	-97.866198
-65.003981	-94.470757	94.449105	99.991901	10.480586	-98.445075
-64.077693	-93.818802	93.544777	99.976398	11.963375	-98.197168
-65.833725	-95.007129	94.838733	99.999407	9.762204	-98.457015
-64.994011	-94.616543	94.315792	99.994224	10.643520	-98.365847
-64.248209	-94.057253	93.775849	100.000000	11.623991	-98.230307
-66.783017	-95.815591	95.564257	100.000000	7.891851	-98.730397
-63.066684	-93.004466	92.806407	99.997632	13.575818	-98.123168
-67.561427	-96.393957	96.026818	99.993217	7.034050	-98.835628
-66.783572	-95.785216	95.563366	100.000000	8.007960	-98.679762
-63.269161	-93.066014	92.911120	100.000000	13.206765	-98.032961
-69.032454	-98.101001	97.792480	100.000000	4.138923	-99.719349
-65.901911	-95.211495	95.098883	100.000000	9.484754	-98.672766
-64.260171	-93.970399	93.518914	99.994782	11.684957	-98.326075
-62.573688	-92.489498	92.232987	100.000000	14.363938	-97.885398
-69.017710	-97.756667	97.797729	99.992653	3.419161	-99.499056
-64.784629	-94.293235	94.146194	99.993775	10.772594	-98.427326
-66.585854	-95.699378	95.392457	99.995820	8.371702	-98.748014
-62.775907	-92.810159	92.354479	100.000000	14.083529	-97.985968
-72.577131	-99.994957	99.979865	97.443068	-0.017848	-99.981526
-66.781889	-95.835773	96.053570	99.993028	7.986107	-98.692430
-64.031952	-93.820777	93.598983	99.989032	11.815193	-98.271284
-65.874222	-95.194828	95.276465	100.000000	9.268814	-98.593927
-63.316107	-93.052020	92.689480	100.000000	13.494942	-97.980245
-65.415342	-94.971318	94.814580	99.998723	9.786176	-98.511773
-66.579966	-95.577972	95.565286	99.990530	8.458252	-98.718082
-62.864865	-92.906337	92.459617	99.994581	13.964363	-97.926924
-67.721260	-96.369515	96.444507	100.000000	6.845714	-98.911253
-61.286168	-91.580762	91.193047	99.995596	16.460067	-97.599959
-62.886386	-92.795433	92.486471	100.000000	14.032837	-97.805656
65.646879	94.833066	-94.566476	-99.995366	-9.694235	98.588830
-64.992086	-94.431718	94.255181	99.993166	10.794828	-98.467384
-64.340500	-94.117301	93.841573	100.000000	11.455285	-98.346591
-68.900114	-97.395234	97.131989	100.000000	4.890608	-99.554109
-65.989409	-95.216151	94.950820	99.984876	9.324010	-98.681994
-68.226860	-97.001885	96.918509	99.999258	5.968523	-99.495764
-66.749235	-96.089266	95.787576	100.000000	8.255341	-98.696466
-66.758463	-96.055430	95.826405	100.000000	7.884863	-98.719652
-63.586411	-93.347670	93.012852	99.990224	12.713378	-98.181744
-65.971372	-95.277935	95.459740	99.988860	8.832422	-98.747947
-61.649965	-91.964970	91.564341	100.000000	15.746659	-97.691776
-62.154766	-92.292021	91.912698	100.000000	15.060595	-97.782042
-62.186137	-92.382290	91.979602	99.976105	14.819433	-98.008307
-69.011922	-97.467421	97.286559	99.988334	4.954693	-99.210025
-62.025004	-92.183563	91.953719	100.000000	15.157210	-97.864906
-67.244085	-96.077614	96.009655	99.984707	7.613913	-98.657954
-71.864061	-100.000000	99.967221	99.982176	0.046919	-99.940770
-66.492068	-95.953447	95.594556	99.998998	8.124558	-98.817386
-64.653814	-94.285253	93.971333	99.992826	11.172144	-98.417055
-65.518068	-94.752734	94.741664	100.000000	10.029182	-98.525094
-62.345550	-92.283422	91.979556	100.000000	14.873596	-97.827020
-68.132183	-96.987060	96.572386	99.990376	6.106097	-99.044656
-68.565722	-97.723241	97.271769	100.000000	4.963644	-99.176694
-69.505315	-97.901208	98.060438	100.000000	3.544868	-99.248131
-66.313302	-95.562327	95.338879	99.998236	8.621368	-98.795932
-63.195169	-93.049107	92.862446	100.000000	13.472825	-98.082612
-62.367063	-92.433382	92.118933	99.988743	14.697214	-97.849194
-63.416668	-93.320939	93.022936	99.972214	12.943423	-98.153099
-63.671059	-93.378234	93.058945	99.994848	12.761286	-98.098655
-64.908427	-94.230752	94.244936	99.987773	10.826659	-98.366145
-64.383426	-93.919516	93.599470	99.999135	11.482757	-98.267187
-64.612020	-94.249571	94.083413	100.000000	11.175760	-98.360121
-59.928893	-90.491346	90.200475	100.000000	18.394281	-97.379021
-65.047284	-94.584626	94.507713	100.000000	10.500266	-98.280362
-65.116224	-94.673881	94.311928	99.989624	10.619337	-98.471644
-65.512812	-94.886246	94.677311	100.000000	10.104420	-98.287571
-65.518998	-95.039109	94.627441	100.000000	9.679209	-98.652120
-67.214303	-96.663122	96.090420	100.000000	7.291798	-98.831619
-61.711368	-91.859800	91.588826	100.000000	15.708963	-97.721893
-67.036629	-96.101962	95.744800	100.000000	7.664522	-98.948837
-61.252618	-91.469352	91.158750	99.994534	16.532725	-97.509111
-65.257747	-94.613372	94.580593	99.988018	10.324966	-98.511339
-67.792014	-96.521333	96.764568	100.000000	6.184912	-99.171635
-62.838274	-92.836148	92.562843	99.997658	13.986796	-97.930151
-67.153887	-96.280022	96.036886	99.992072	7.304368	-99.043817
-66.197101	-95.332089	95.180274	99.993961	8.653588	-98.698240
-63.343403	-93.012748	92.747491	100.000000	13.466939	-98.058735
-66.073568	-95.177348	95.337877	100.000000	8.944256	-98.545009
-76.813893	-99.756922	99.658086	83.214077	0.057479	-99.872948
-68.102492	-96.754019	96.536510	99.982010	5.985193	-99.122327
-63.101984	-92.851099	92.649015	99.990221	13.583583	-98.022489
-66.133166	-95.272628	95.011635	100.000000	9.032749	-98.477554
-63.325000	-93.316713	92.957004	100.000000	13.219084	-98.075618
-68.484125	-96.799792	96.939174	100.000000	5.855303	-99.427663
-63.023326	-93.109620	92.810281	99.985793	13.426437	-97.939661
-64.028146	-93.862798	93.457268	99.985106	11.924494	-98.241425
-64.450328	-94.114291	93.651505	100.000000	11.420971	-98.282668
-64.610208	-94.328331	93.919395	100.000000	11.109369	-98.464610
-70.216109	-98.533613	98.219420	99.998181	3.568187	-99.433417
-64.614825	-94.133882	94.112949	99.981214	11.236224	-98.333481
-65.327766	-94.833555	94.683402	100.000000	10.170061	-98.475588
-66.221866	-95.356655	95.159712	99.999390	8.817414	-98.638808
-63.278342	-93.332397	92.966904	100.000000	13.181983	-98.007107
-63.813960	-93.603385	93.321103	99.999873	12.300615	-98.226954
-65.920169	-95.197642	94.994055	99.993866	9.215524	-98.530510
-63.208582	-93.158124	92.777175	100.000000	13.287534	-98.148105
-66.148082	-95.265030	95.166932	100.000000	8.917336	-98.749679
-65.186092	-94.890250	94.592076	100.000000	10.188810	-98.469077
-62.685680	-92.724955	92.437172	100.000000	14.100999	-97.914143
-65.742384	-94.913480	94.886908	99.987667	9.255594	-98.638350
-68.028289	-96.568457	96.380048	100.000000	6.365322	-99.264891
-63.875791	-93.504299	93.300786	100.000000	12.645971	-98.064717
-63.223588	-92.888889	92.773635	99.999799	13.277362	-98.110889
-64.693145	-94.336361	94.115605	99.999305	10.966010	-98.333889
-66.107014	-95.502935	95.226689	99.990588	9.030803	-98.502892
-65.479675	-95.086533	94.536400	100.000000	10.116101	-98.366405
-65.372043	-94.720727	94.450168	100.000000	10.031117	-98.590938
-65.196077	-94.517841	94.422404	100.000000	10.330301	-98.619471
-67.877330	-96.999900	96.718379	99.995234	6.149246	-99.064332
-66.129119	-95.521016	95.109342	100.000000	8.933340	-98.750789
-62.273647	-92.483674	92.123212	100.000000	14.624806	-97.897297
-66.234195	-95.670536	95.414538	99.983528	8.652525	-98.687348
-63.880042	-93.627315	93.507946	100.000000	12.319137	-98.115121
-63.286968	-93.191882	93.070874	99.996022	13.191329	-98.069331
-64.179743	-93.877616	93.513658	99.993725	11.719447	-98.399887
-67.341399	-96.694928	96.278477	100.000000	6.651882	-99.252085
-63.115915	-93.058232	92.624499	100.000000	13.544861	-98.056574
-66.026945	-95.288623	95.154669	99.980635	9.139974	-98.769485
-65.167415	-95.039816	94.557299	100.000000	10.164536	-98.601528
-65.518761	-95.071524	94.804118	99.995461	9.786958	-98.543837
-63.153146	-93.184258	92.922519	100.000000	13.400730	-97.908738
-67.757879	-96.863266	96.659270	100.000000	5.664894	-99.164254
-65.898979	-95.246924	95.083947	99.991849	9.275066	-98.804332
-64.746628	-94.255091	93.970062	99.994312	11.261153	-98.393521
-66.232696	-95.324963	95.352417	100.000000	8.985725	-98.887955
-68.845710	-97.863283	97.548584	99.993030	4.913665	-99.432802
-64.540917	-94.149318	93.808445	100.000000	11.383460	-98.287135
-68.427049	-97.305322	97.310288	99.991414	5.168176	-98.722467
-62.591943	-92.369874	92.092185	99.996439	14.892644	-97.883973
-63.364126	-93.200106	92.937900	100.000000	13.464947	-98.064770
-64.834160	-94.401708	94.115150	100.000000	10.933841	-98.325387
-67.184129	-96.348382	96.002419	99.997606	7.348622	-98.772948
-74.501134	-100.000000	99.994131	96.669725	-1.487632	-99.979672
-67.834296	-96.724293	96.865283	100.000000	5.990330	-99.159157
-63.950341	-93.629416	93.326976	100.000000	12.436629	-98.200496
-62.500677	-92.454936	92.096344	99.997419	14.513703	-97.940698
-67.491039	-96.637243	96.542395	99.988477	6.447497	-98.809448
-66.039369	-95.422243	95.059948	99.997989	8.883174	-98.424318
-66.413879	-95.523250	95.435638	99.995360	8.678968	-98.828178
-67.002500	-96.306432	95.903337	100.000000	7.148818	-98.693641
-65.771611	-95.072371	95.066477	99.992872	9.404997	-98.683553
-62.261464	-92.093096	91.840272	99.986899	15.024026	-97.746100
-64.783281	-94.497045	94.345488	99.994214	10.911436	-98.293859
-63.366467	-93.283697	93.138143	99.994529	13.024343	-98.138015
-67.290952	-96.336914	96.571703	99.986250	6.934018	-99.008155
-64.694213	-94.253982	94.055948	100.000000	11.026359	-98.613811
-62.177643	-92.379645	91.856635	99.985665	14.882659	-97.785733
-65.683663	-94.794674	94.464518	99.989738	10.033426	-98.397387
-63.887307	-93.490477	93.315231	99.987443	12.516484	-98.301337
-62.988760	-93.021633	92.626401	99.997264	13.733143	-97.986002
-63.825031	-93.477199	93.295537	99.992050	12.485708	-98.127222
-65.521675	-94.891920	94.857138	100.000000	10.017898	-98.550827
-65.752848	-95.026062	95.022851	99.998924	9.518460	-98.640550
-66.620971	-95.811456	95.479524	100.000000	8.463589	-98.767187
-63.260680	-93.176192	92.944577	100.000000	13.307939	-98.006489
-65.381841	-94.714673	94.734510	99.999671	10.113562	-98.421165
-65.887242	-95.324188	95.186604	100.000000	8.928297	-98.561545
-65.786610	-95.079932	94.848640	100.000000	9.607018	-98.389531
-65.008055	-94.613563	94.504804	100.000000	10.533855	-98.620159
-66.369502	-95.531221	95.437384	100.000000	8.735150	-98.850147
-64.557017	-94.372702	93.994082	99.998861	11.543624	-98.292901
-65.078119	-94.637470	94.526378	100.000000	10.190340	-98.515616
-63.302240	-93.124752	92.842474	100.000000	13.348602	-98.080422
-63.837246	-93.807486	93.402345	99.981095	12.470767	-98.197251
-64.488016	-94.144858	93.903467	100.000000	11.309081	-98.340487
-76.078009	-100.000000	99.994248	84.959693	-0.108233	-99.968424
-66.078136	-95.644598	95.393254	100.000000	8.718309	-98.765677
-67.012404	-95.829017	95.778138	99.995690	7.479753	-99.125987
-63.216957	-93.197470	92.751322	100.000000	13.134855	-98.037417
-68.113641	-96.565528	97.057935	99.996811	5.895367	-99.320439
-62.585352	-92.561358	92.185167	100.000000	14.550879	-97.768199
-63.396103	-93.314912	92.977459	100.000000	13.114115	-98.094775
-65.709697	-94.956105	94.630728	99.992754	9.366319	-98.509942
-62.378837	-92.382731	92.037414	100.000000	14.815503	-97.838634
-63.034671	-92.901132	92.713508	99.993600	13.710731	-97.936205
-67.449914	-96.657403	96.400387	99.994944	6.728393	-98.911395
-65.864316	-95.263714	95.188517	99.990636	9.221443	-98.479882
-66.741816	-95.575401	95.609323	99.994972	8.199213	-98.842871
-63.438917	-93.541492	93.087025	100.000000	12.818882	-98.279590
-64.476880	-94.169787	93.874236	100.000000	11.329106	-98.417661
-62.889746	-92.997834	92.569628	99.999333	13.787333	-97.848861
-63.430470	-93.370586	92.963920	100.000000	12.989038	-98.055195
-64.178385	-93.871466	93.549089	100.000000	11.880458	-98.349607
-66.457573	-95.536347	95.294749	100.000000	8.281644	-98.968539
-63.081805	-92.959129	92.614190	100.000000	13.743949	-98.025693
-63.554999	-93.210094	93.082281	99.994534	13.062059	-98.010942
-63.799950	-93.654241	93.321276	100.000000	12.414619	-98.251463
-65.536570	-95.243279	94.698142	99.989650	9.543544	-98.504966
68.306472	97.133773	-97.007553	-99.979837	-5.413313	99.117603
-62.825405	-92.819279	92.525522	100.000000	13.939474	-98.024358
-63.401532	-93.270028	92.645377	100.000000	13.273712	-98.011841
-67.884762	-97.040120	96.796207	100.000000	6.128445	-99.080365
-65.801005	-95.437834	95.093589	100.000000	9.127032	-98.825374
-66.854620	-95.963212	95.818694	99.991182	7.782189	-98.745427
-64.059834	-93.843270	93.479738	100.000000	12.060877	-98.125244
-67.375081	-96.133888	96.347230	100.000000	6.749067	-99.007130
-67.668419	-96.466909	96.433213	99.995821	7.041493	-99.049043
-65.131399	-94.615778	94.369763	100.000000	10.589243	-98.363567
-64.968988	-94.515859	94.417149	100.000000	10.488552	-98.467185
-65.641426	-94.973933	94.946156	99.996211	9.611373	-98.742184
-67.812837	-97.283925	96.820892	99.998554	5.894614	-98.990425
-62.064433	-92.209840	91.803213	100.000000	15.145891	-97.879717
-68.853309	-97.396797	97.454613	99.997749	4.366742	-99.564721
-63.707567	-93.490897	93.318844	99.990966	12.679010	-98.089824
-68.725769	-97.624705	97.535702	100.000000	4.567784	-99.195188
-64.460714	-94.086609	93.964852	99.998238	11.244159	-98.330224
-62.452373	-92.493756	92.231887	99.995416	14.572532	-97.842032
-66.025730	-95.131584	94.848983	100.000000	9.161669	-98.723127
-67.717730	-96.770597	96.891124	100.000000	6.379396	-98.975127
-63.046348	-92.871666	92.623602	99.996395	13.897773	-97.965680
-62.586144	-92.560072	92.296812	100.000000	14.245399	-97.854850
-62.106114	-92.157454	92.014672	99.998684	14.925906	-97.790066
-67.077833	-96.184185	96.270137	100.000000	7.487212	-98.675138
-64.965275	-94.447883	94.312867	100.000000	10.766624	-98.451080
-65.283231	-94.825063	94.422094	100.000000	10.457416	-98.426450
-65.816591	-95.338230	95.168649	100.000000	9.231863	-98.685123
-67.002692	-96.065244	95.800698	99.993960	7.577310	-98.734831
-63.975785	-93.792971	93.564859	100.000000	12.217189	-98.255076
-66.659777	-95.634852	95.768777	100.000000	8.106982	-98.812256
-64.260951	-94.024928	93.812802	99.988525	11.792702	-98.281300
-62.867101	-92.807020	92.429590	99.993919	14.051587	-97.927413
-62.563462	-92.561778	92.294640	100.000000	14.265886	-97.950323
-64.036220	-93.677382	93.454076	100.000000	12.350477	-98.090372
-66.331919	-95.712932	95.638728	100.000000	8.325489	-98.697991
-63.962471	-93.774196	93.560273	99.997074	12.317172	-98.218618
-69.012376	-98.003104	97.558177	99.991325	4.749934	-99.156875
-61.998140	-92.228521	91.851735	99.996819	15.007258	-97.811422
-62.684934	-92.606612	92.333426	100.000000	14.213395	-97.975047
-64.240358	-93.907658	93.668950	99.996719	11.694975	-98.333377
-63.110629	-93.057904	92.827446	99.995978	13.398889	-98.043182
-63.912385	-93.678232	93.505629	99.992773	12.375226	-98.257614
-64.273598	-93.993563	93.652210	100.000000	11.792866	-98.285380
-64.486171	-94.118937	93.994736	99.994028	11.311222	-98.268574
-63.340100	-93.040109	92.778445	100.000000	13.444534	-97.936607
-63.056066	-92.898531	92.578387	99.982371	13.819733	-98.032378
-64.778604	-94.284116	94.097858	99.993298	10.955664	-98.144401
-65.695233	-95.324404	94.946008	100.000000	9.336868	-98.449484
-64.936998	-94.611699	94.238801	100.000000	10.596349	-98.395774
-66.453596	-95.549603	95.253784	100.000000	8.527936	-98.748046
-66.758812	-95.900184	95.740939	100.000000	7.767666	-98.779594
-67.018470	-96.167055	96.079606	100.000000	7.407840	-98.840688
-63.785519	-93.419911	93.315940	99.992144	12.466076	-98.219952
-65.133554	-94.611290	94.530409	99.995776	10.225497	-98.556515
-62.910863	-92.918309	92.557198	99.987830	13.865583	-97.923006
-68.876484	-97.425628	96.967550	100.000000	4.818266	-99.317764
-65.834607	-95.074413	94.848289	99.993057	9.284262	-98.723124
-64.272973	-94.094656	93.792703	99.992030	11.854340	-98.366867
-68.210298	-97.196402	96.999952	100.000000	5.744352	-99.171251
-65.504508	-94.789108	94.694406	99.995954	10.080255	-98.441783
-65.602269	-95.034690	94.688965	100.000000	9.925120	-98.501142
-66.567120	-95.794734	95.759525	100.000000	7.953445	-98.850948
-67.165639	-96.188548	95.973027	100.000000	7.386505	-98.732691
-71.914019	-100.000000	99.999553	99.956924	0.026035	-99.978954
-66.378621	-95.405140	95.155412	100.000000	9.027392	-98.605581
-63.878414	-93.454964	93.422570	100.000000	12.594250	-98.196571
-66.540778	-95.815522	95.704649	99.992487	8.257488	-98.732443
-63.932804	-93.764161	93.461177	100.000000	12.070860	-98.247280
-66.163714	-95.506640	95.316203	99.995920	8.642294	-98.678376
-63.609781	-93.292052	93.187301	100.000000	12.971520	-98.054871
-64.570747	-94.312217	93.951187	100.000000	11.163712	-98.392489
-63.751330	-93.452062	93.226846	99.994266	12.609787	-98.248228
-64.655368	-94.524631	94.286932	99.997716	10.766514	-98.232080
-64.461911	-94.201768	94.080404	100.000000	11.118795	-98.370183
-65.533813	-94.946730	94.746533	99.995989	9.750875	-98.708523
-65.554848	-94.936356	94.586821	99.992028	9.756025	-98.648932
-64.018913	-93.770814	93.596223	100.000000	12.008066	-98.336774
-62.363877	-92.619548	92.141171	99.992244	14.735961	-97.847550
-66.854034	-95.881811	95.914390	100.000000	7.502758	-98.972156
-62.192324	-92.163579	91.832030	99.985670	15.066330	-97.756428
67.048788	96.342680	-96.287155	-100.000000	-7.268432	98.962023
-67.316974	-96.516211	96.369112	100.000000	7.012245	-98.872547
-67.294558	-96.538849	96.104959	100.000000	7.121789	-98.972960
-65.161603	-94.664645	94.398114	100.000000	10.592651	-98.431044
-62.886176	-92.818834	92.557108	100.000000	13.977324	-97.864197
-63.651569	-93.366822	93.173611	99.982784	12.748645	-98.016876
-63.114689	-92.945285	92.627941	99.988244	13.853491	-97.994173
-65.388056	-94.787991	94.590657	99.992664	9.982032	-98.474289
-61.901485	-92.116938	91.727157	99.999729	15.356136	-97.726140
-66.352464	-95.793794	95.250058	99.997804	8.432126	-99.031580
-63.703280	-93.427530	93.056845	99.995486	12.778548	-98.226896
-65.083935	-94.496136	94.459278	99.998694	10.387296	-98.470173
-65.865439	-95.110282	94.863757	99.997617	9.604230	-98.602118
-66.842136	-96.157953	95.674520	99.998628	7.528034	-99.022527
-60.649430	-91.115335	90.729788	100.000000	17.331275	-97.479609
-64.768189	-94.285628	94.270649	100.000000	10.658100	-98.398791
-64.378824	-93.906229	93.777748	100.000000	11.610980	-98.149675
-64.839105	-94.319240	94.175307	100.000000	11.075718	-98.461906
-62.905280	-92.745879	92.506350	99.994502	13.951494	-97.917227
-67.825175	-96.565241	96.688159	100.000000	6.625285	-98.934663
-65.787628	-94.931411	94.868062	99.991560	9.480398	-98.734087
-63.686500	-93.390474	93.016052	99.987242	12.985200	-97.975037
-63.359615	-93.167636	92.914635	99.995723	13.022105	-98.171421
-66.557788	-95.758237	95.578377	100.000000	8.407895	-98.668505
-65.621775	-95.124125	95.018517	100.000000	9.440153	-98.726240
-63.683735	-93.501366	93.247207	99.984779	12.527352	-98.052273
-66.676671	-96.237096	95.657902	100.000000	7.899409	-98.890222
-66.058165	-95.102190	94.964894	99.996515	9.200740	-98.632313
-64.256322	-93.995159	93.796002	100.000000	11.501470	-98.436758
-65.056184	-94.445308	94.199553	99.991129	10.315460	-98.364266
-65.641811	-94.840949	94.668804	99.991109	10.153137	-98.523853
-65.045143	-94.605302	94.191898	100.000000	10.338621	-98.350568
-62.126494	-92.265860	91.934483	100.000000	15.048352	-97.783283
-65.302066	-94.691289	94.382161	100.000000	10.283931	-98.503462
-63.908597	-93.639548	93.153938	99.999085	12.416875	-98.199246
-68.890329	-97.265853	97.464460	100.000000	4.691275	-99.307682
-66.731063	-95.985712	95.776353	99.989877	7.276425	-99.191044
-63.975224	-93.823388	93.307335	99.988407	12.073016	-98.224030
-67.500739	-96.645362	96.567359	99.989286	6.325430	-98.890592
-64.541909	-94.144184	93.805370	100.000000	11.440899	-98.210691
-64.875575	-94.448802	94.429546	99.990213	10.500319	-98.478198
-63.354613	-93.232950	92.903921	99.999227	13.343583	-97.930227
-65.725092	-95.223180	94.928360	99.986862	9.224386	-98.619403
-68.332279	-97.449145	97.120992	99.988542	5.375333	-99.421405
-65.466255	-94.845540	94.526199	99.996471	10.160814	-98.419280
-66.701704	-95.913983	95.623488	100.000000	8.141133	-98.673498
69.545236	97.618891	-98.166877	-99.990598	-3.381010	99.825365
-67.122226	-96.350218	96.275612	100.000000	6.696306	-98.964676
-67.583063	-96.544448	96.718160	100.000000	6.157191	-99.202931
-65.522207	-94.948641	94.681463	99.994196	9.908778	-98.426124
-63.231962	-93.115417	92.939514	100.000000	13.427336	-98.080409
-64.520336	-94.398435	94.006881	100.000000	11.299090	-98.229816
-62.477248	-92.541425	92.229692	99.996968	14.466751	-97.938898
-64.820864	-94.356356	94.202097	99.993995	11.046142	-98.337808
-64.659063	-94.260682	94.169146	100.000000	11.050701	-98.473425
-64.534009	-94.257755	93.827189	100.000000	11.606761	-98.251491
-64.032562	-93.815945	93.601583	99.995637	12.117328	-98.313003
-67.287043	-96.353301	95.862779	100.000000	7.326343	-98.822751
-64.158388	-93.881609	93.518849	100.000000	11.847186	-98.203712
-67.224222	-96.435887	96.269546	99.971346	7.013122	-99.128930
-64.435048	-94.196103	93.614724	100.000000	11.590129	-98.313571
-65.522069	-95.049600	94.896659	100.000000	9.410991	-98.714551
-65.282853	-94.796632	94.369550	99.990371	10.145391	-98.517868
-64.021162	-93.582303	93.419692	99.998520	12.296199	-98.102194
-65.834107	-95.285361	95.075026	100.000000	9.229331	-98.698312
-67.007150	-96.064518	95.958950	99.983055	7.615202	-99.008335
69.690306	97.953420	-98.001548	-100.000000	-3.800523	99.051318
-66.319350	-95.449765	95.295857	100.000000	8.683598	-98.635899
-69.448064	-97.700114	97.732472	99.990964	4.182158	-99.166685
-65.133130	-94.580251	94.729144	100.000000	10.090121	-98.503377
-63.288293	-93.173624	92.906315	100.000000	13.381667	-98.028138
-66.279739	-95.740235	95.618912	99.999529	8.423390	-98.761808
-65.134421	-94.760362	94.390691	99.973590	10.560718	-98.417517
67.794974	96.764468	-96.545144	-99.996752	-6.250888	99.153287
-66.022888	-95.330648	95.069497	99.989201	9.204219	-98.640996
-66.969507	-96.103770	95.969359	99.998561	7.428190	-98.861962
-61.754368	-92.071916	91.540213	100.000000	15.481889	-97.706190
-63.093642	-93.103701	92.906909	99.997304	13.575454	-98.047755
-66.011599	-95.528497	95.287405	100.000000	8.963328	-98.811533
-63.655385	-93.475128	93.230423	100.000000	12.828526	-98.033738
-68.430525	-97.192543	97.698817	100.000000	5.389041	-99.206962
-66.419432	-95.861644	95.417031	99.990625	8.594770	-98.685299
-64.520125	-94.272596	93.994144	100.000000	11.188313	-98.312253
-64.698633	-94.196788	93.901622	100.000000	11.347615	-98.218470
-67.257612	-96.120356	95.987008	100.000000	7.218469	-99.138148
-64.449589	-94.230297	93.812493	100.000000	11.372457	-98.315020
-64.563477	-94.128145	93.923667	100.000000	11.263958	-98.326698
-64.417331	-94.278721	93.911851	100.000000	11.382216	-98.320813
-64.215593	-93.809079	93.454011	100.000000	11.958162	-98.385407
-67.288018	-96.335866	96.146155	100.000000	7.139225	-98.760727
-62.319040	-92.538109	92.087713	99.988191	14.601090	-97.840538
-64.947258	-94.387136	94.215351	99.993066	10.849533	-98.373566
-63.955282	-93.635297	93.386011	100.000000	12.092995	-98.243029
-66.395868	-95.548407	95.462937	99.985618	8.628072	-98.486477
-64.930859	-94.302287	94.140017	99.993377	10.892660	-98.435337
-63.773960	-93.541562	93.362044	99.990578	12.193702	-98.373289
-65.724469	-94.958346	94.826682	100.000000	9.478741	-98.681008
-64.815117	-94.747324	94.473268	100.000000	10.640625	-98.534781
-66.240013	-95.372364	95.199778	99.987508	8.747991	-98.616376
-67.262540	-96.402990	95.920932	100.000000	7.340020	-98.975513
-65.939872	-95.250952	95.060571	100.000000	8.687207	-98.567396
-64.692124	-94.305730	94.136191	99.996882	11.045375	-98.259092
-65.914935	-95.258743	95.064954	100.000000	9.230366	-98.580912
-64.308113	-93.898911	93.689852	100.000000	11.769005	-98.316356
-65.388340	-94.802169	94.740102	100.000000	9.844222	-98.493874
-64.234928	-93.821509	93.494680	100.000000	11.939910	-98.377180
-65.187401	-94.639241	94.242783	100.000000	10.221315	-98.772117
-66.636556	-95.728586	95.513649	99.994498	8.285571	-98.843810
-67.363317	-96.338646	96.268540	100.000000	7.168208	-98.990550
-66.375331	-95.419709	95.305608	100.000000	8.384788	-98.732913
-67.751489	-96.889177	96.542250	100.000000	6.421053	-98.994347
-66.280978	-95.428060	95.206624	100.000000	8.782947	-98.584847
-64.495274	-94.251946	94.013712	100.000000	11.131269	-98.221429
-64.431346	-93.898290	93.899094	100.000000	11.682775	-98.424817
-63.714927	-93.711223	93.404750	100.000000	12.551565	-98.360137
-65.862537	-95.002880	95.007388	100.000000	9.471969	-98.472612
-64.168539	-93.798137	93.756784	99.998488	11.746861	-98.270345
-62.790179	-92.949846	92.408033	99.992144	14.081876	-98.004900
-64.318619	-93.819808	93.602273	100.000000	12.181167	-98.135304
-68.094754	-96.868343	96.890629	99.982575	6.285615	-99.154269
-64.188223	-93.905142	93.529652	99.986495	11.804481	-98.378215
-63.854272	-93.721296	93.401367	99.995725	12.513829	-98.101493
-67.978775	-96.224957	96.692086	100.000000	6.206914	-98.812997
-62.695109	-92.884659	92.577289	99.996509	13.895156	-98.116871
-63.334499	-93.144651	92.968103	99.992688	13.302568	-98.040850
-61.283668	-91.494775	91.148985	100.000000	16.425218	-97.558727
-99.274015	-99.989270	99.991109	7.705910	-3.895045	-99.994347
-62.843653	-92.934369	92.558706	99.988664	13.946096	-97.914721
-66.469270	-95.863671	95.548205	100.000000	8.334187	-98.656053
-66.792096	-95.936436	95.690164	99.997471	8.014542	-98.864453
-62.670034	-92.771730	92.432947	99.981098	14.295619	-97.877566
-71.321619	-98.418163	98.739374	97.881568	2.814306	-100.000000
-65.320874	-94.833934	94.618700	99.999734	10.091935	-98.499989
-63.209886	-93.120322	92.771550	100.000000	13.337751	-98.051676
-66.602992	-95.755394	95.591188	100.000000	8.332919	-98.696354
-63.806283	-93.661663	93.659561	99.982743	12.316481	-98.227644
-63.091234	-92.902214	92.627179	99.991239	13.709154	-98.068058
-64.438870	-94.181749	93.803965	99.988067	11.428958	-98.314095
-63.392338	-93.199180	93.016566	99.988783	12.858012	-98.099945
-62.889887	-92.851689	92.566550	99.995292	13.988891	-98.072258
-62.638097	-92.477438	92.381270	99.999177	14.497274	-97.829202
-62.940338	-92.915624	92.642079	99.997574	13.771125	-97.886834
-67.039489	-96.092318	96.105705	100.000000	7.302908	-98.911534
-65.206046	-94.622056	94.387066	100.000000	10.218665	-98.412796
-65.179171	-94.566028	94.256228	99.987710	10.407631	-98.512466
-64.532313	-94.133590	93.842914	99.999893	11.472604	-98.325769
-63.946111	-93.828429	93.526997	99.994413	12.070980	-98.374801
-62.594041	-92.544188	92.179926	100.000000	14.584969	-97.829264
-68.089541	-97.203642	97.023020	99.999611	5.961186	-99.238219
-66.382502	-95.408837	95.220803	99.999113	8.769453	-98.880367
-64.856261	-94.638145	94.197151	99.981007	10.641214	-98.468588
-64.883049	-94.405163	94.191268	100.000000	10.656824	-98.410756
-65.069340	-94.670976	94.636687	100.000000	10.288229	-98.603178
-63.449479	-93.115565	92.901457	99.997720	12.991730	-98.086705
-64.912538	-94.408872	94.250985	99.987848	10.948627	-98.432067
-64.515204	-94.008865	93.821799	99.984212	11.153548	-98.413935
-64.607287	-94.251156	93.980088	99.999566	11.243411	-98.316621
-66.330892	-95.293853	95.198803	99.998616	9.001564	-98.671229
-62.232294	-92.414212	92.036736	99.998503	15.020711	-97.802055
-66.742729	-95.933307	95.973082	99.981880	8.032869	-98.881709
-63.917014	-93.712730	93.497547	100.000000	12.187906	-98.168517
-65.404642	-94.811135	94.641947	99.997845	9.812901	-98.667133
-63.796035	-93.273281	93.267270	99.995395	12.555784	-98.206080
-64.103925	-93.704602	93.458299	99.995776	11.966922	-98.192211
-65.595409	-95.121224	94.774005	100.000000	9.506811	-98.582817
-64.490803	-94.046889	93.817080	99.984916	11.499547	-98.355986
-62.513118	-92.390857	92.271706	99.998580	14.512724	-97.873017
-63.264253	-93.173648	92.993013	99.997668	13.037719	-98.104589
-64.171854	-93.721986	93.592336	100.000000	11.820625	-98.303678
-63.498499	-93.279949	93.150088	100.000000	12.771306	-98.152950
-62.128243	-92.417712	91.892516	100.000000	15.068557	-97.759918
-64.238239	-93.890892	93.694696	99.994200	11.790773	-98.277591
-64.909204	-94.464571	94.333055	100.000000	10.413443	-98.431939
-62.005709	-92.135364	91.944562	99.999545	15.244152	-97.769697
-65.955610	-95.253471	95.075255	99.998300	9.069016	-98.689184
69.703519	98.248770	-97.787672	-100.000000	-3.615424	99.478374
-63.564734	-93.314672	92.953730	100.000000	12.982472	-98.080876
-63.678881	-93.291220	93.183020	100.000000	12.902157	-98.163746
-66.605257	-95.709837	95.811155	100.000000	8.332540	-98.753709
-62.706541	-92.734178	92.363008	99.998554	14.192189	-97.855903
-66.088317	-95.392862	95.262212	100.000000	8.966938	-98.648087
-62.133166	-92.445565	91.997591	99.993766	15.006372	-97.834110
-66.251357	-95.555202	95.332241	100.000000	8.648296	-98.801393
-68.256337	-97.071155	96.580778	100.000000	5.325512	-98.876277
-66.298961	-95.474310	95.462326	100.000000	8.699356	-98.611313
-64.434221	-94.077198	93.806830	100.000000	11.415988	-98.451313
-65.619410	-94.979930	94.868151	99.996326	9.466565	-98.576879
-65.215497	-94.709460	94.174164	100.000000	10.238452	-98.477964
-63.246383	-93.063000	92.827237	99.990707	13.528338	-97.959359
-62.624043	-92.508514	92.355826	100.000000	14.220724	-98.073772
-68.627214	-97.903684	97.352776	100.000000	4.688824	-99.402248
-63.258808	-93.044028	93.003365	99.992198	13.424153	-97.981290
-65.146420	-94.665183	94.305174	100.000000	10.468126	-98.581788
-64.787953	-94.531559	94.254625	99.989747	10.604361	-98.293169
-65.263254	-94.414209	94.349417	99.985180	10.487658	-98.587913
-62.058190	-92.097271	91.760938	99.985818	15.160818	-97.714619
-63.124818	-92.952788	92.742960	100.000000	13.484024	-97.956142
-62.164474	-92.396925	92.102189	99.998950	14.727949	-97.809472
-69.332662	-98.406716	99.050855	99.985568	2.724351	-100.000000
-67.666211	-96.428229	96.311442	99.997933	6.656123	-99.036528
-68.158745	-96.930382	96.724540	99.987865	5.637292	-99.586203
-65.744724	-94.920906	94.798289	100.000000	9.703732	-98.508660
-65.953352	-95.196220	95.151245	100.000000	9.179046	-98.574816
72.434362	100.000000	-100.000000	-98.078297	0.015482	99.999616
-64.261546	-93.880435	93.685269	99.999556	11.577063	-98.298290
-65.796834	-95.141466	95.054040	99.999438	9.519289	-98.462990
-65.191872	-94.665209	94.567218	100.000000	10.336647	-98.669760
-64.206872	-93.857308	93.448386	99.998873	11.863692	-98.204785
-63.136560	-93.058449	92.730368	100.000000	13.600228	-98.070571
-67.381128	-96.271006	96.499713	99.998165	6.903775	-98.662893
-63.404274	-93.241105	92.907571	99.993313	13.100918	-98.050971
-65.040380	-94.491018	94.202275	100.000000	10.730879	-98.503634
-66.283420	-95.589477	95.372882	100.000000	8.728971	-98.790602
-65.299290	-94.651194	94.463124	100.000000	10.333597	-98.468823
-66.637275	-95.582758	95.893475	99.998058	7.906616	-98.803089
-66.161333	-95.417739	95.177138	99.977081	8.883805	-98.756992
-64.147416	-93.612039	93.538255	100.000000	12.356075	-98.024463
-65.161748	-94.800424	94.548520	99.998783	10.400139	-98.446005
-63.925779	-93.807544	93.559376	100.000000	12.227347	-98.298759
-62.729641	-92.601423	92.394120	100.000000	14.180363	-97.855052
-66.428399	-95.387046	95.037098	100.000000	8.780871	-98.728282
-63.130229	-93.061948	92.843370	99.986462	13.592197	-98.080197
-69.177840	-98.063052	98.191839	99.995398	3.735872	-98.926183
-64.935803	-94.680918	94.335524	100.000000	10.453308	-98.512504
-68.044188	-96.752093	96.910408	99.996843	5.644332	-99.108137
-63.344359	-93.256884	92.892610	100.000000	13.019457	-98.136446
-63.476829	-93.367983	92.925670	99.994875	13.069474	-98.128582
-63.685505	-93.468375	93.348050	100.000000	12.749375	-98.051447
-63.287970	-93.354693	93.034514	99.998561	13.171531	-98.027510
-65.875230	-95.265181	95.100546	100.000000	8.949317	-98.879909
-66.078711	-95.380165	95.104025	99.996742	8.924534	-98.609333
-66.116129	-95.267944	95.006885	99.993640	8.913192	-98.471085
-64.856736	-94.477219	94.338362	100.000000	10.615364	-98.337422
-64.575897	-94.213437	93.934559	99.996837	11.125664	-98.298586
-68.626172	-97.041373	97.211146	99.995741	5.573387	-99.224752
-63.783176	-93.569288	93.257462	100.000000	12.604855	-98.042468
-67.323017	-96.396580	96.140141	99.987048	6.992940	-98.778023
-67.145665	-96.098290	95.902287	100.000000	7.518545	-99.016767
-62.523465	-92.365059	92.085008	100.000000	14.724241	-97.912202
-65.497394	-94.961916	94.543888	100.000000	9.897574	-98.462073
-66.456617	-95.597049	95.440648	99.992372	8.197959	-98.940820
-61.844098	-92.047544	91.754060	99.996546	15.495050	-97.748445
-65.549416	-94.848563	94.768487	99.985273	9.785161	-98.673698
-64.336832	-94.011958	93.809432	99.995253	11.612085	-98.290291
-68.847697	-97.803218	98.170182	100.000000	4.090821	-99.586807
-67.651760	-96.607306	96.254804	99.979062	6.828714	-98.739476
-65.531425	-94.849341	94.801530	100.000000	9.948944	-98.444178
-64.267259	-94.008541	93.889017	99.988270	11.619383	-98.140901
-63.960486	-93.706924	93.342252	100.000000	12.143696	-98.145518
-73.432603	-99.242644	98.960291	91.943572	2.540021	-99.995077
-64.055230	-93.904104	93.546422	100.000000	12.210070	-98.247203
-63.901036	-93.718845	93.346822	100.000000	12.301802	-98.121753
-65.163900	-94.692211	94.337315	99.991640	10.348136	-98.445824
-66.665568	-95.920622	95.561875	99.971280	7.988433	-98.765816
-64.430843	-94.054168	93.875401	99.988615	11.632946	-98.228306
-61.976600	-92.053446	91.665268	100.000000	15.671120	-97.702024
-64.783685	-94.367422	94.084458	99.997236	10.797463	-98.287502
-63.672525	-93.686170	93.235594	99.994162	12.414975	-98.171609
-65.244972	-94.682433	94.659998	99.987713	10.223518	-98.429308
-65.537540	-94.841634	94.810315	99.977576	9.944474	-98.546070
-69.106008	-98.054937	98.047398	100.000000	4.676465	-99.075340
-65.026503	-94.679583	94.168459	99.986283	10.627849	-98.321697
-65.534938	-94.919652	94.624133	100.000000	9.886698	-98.504805
-65.392877	-94.801087	94.645813	99.983952	9.981834	-98.531282
-65.003675	-94.547874	94.167307	100.000000	10.512066	-98.451553
-65.632884	-95.102690	94.940027	100.000000	9.633018	-98.552474
-65.740459	-95.012190	95.096182	100.000000	9.373535	-98.746258
-65.856275	-95.276083	95.201929	100.000000	9.038233	-98.645407
-68.068612	-96.959883	96.537340	99.990852	5.571080	-99.203369
-65.376265	-94.763025	94.575354	100.000000	9.885472	-98.647429
-68.122838	-97.156178	97.006138	99.993478	5.770182	-99.289928
-63.334079	-93.026513	92.978177	99.984628	12.988463	-98.197952
-64.853827	-94.463807	94.132767	99.990049	10.901573	-98.443502
-63.540131	-93.313536	93.062216	99.994881	12.926743	-98.177200
-64.546147	-94.177757	93.906651	100.000000	11.180485	-98.407585
-71.953851	-99.923327	100.000000	99.289702	-0.282547	-99.995944
-65.673219	-95.006476	94.767272	99.992982	9.523991	-98.527712
-67.974463	-97.502789	97.092858	99.994820	5.367496	-99.203702
-66.204117	-95.324103	95.117734	100.000000	9.067471	-98.665403
-63.246353	-93.307489	92.826351	99.991036	13.180212	-98.078524
-65.577925	-95.085358	94.772562	100.000000	9.697798	-98.527353
-63.111184	-92.822198	92.680886	100.000000	13.743836	-97.919915
-65.557216	-94.905715	94.690917	100.000000	9.723290	-98.580735
-60.296642	-90.801241	90.324748	100.000000	17.923822	-97.343336
-66.107593	-95.629901	95.296012	100.000000	8.885276	-98.734559
-63.076730	-92.944570	92.601830	100.000000	13.681068	-97.957930
-63.428028	-93.101476	92.917131	100.000000	13.123113	-98.043076
-64.758866	-94.381669	94.089115	100.000000	10.935372	-98.383947
-65.315081	-94.637225	94.375630	99.988732	10.541657	-98.308658
-63.502534	-93.168159	93.082294	100.000000	13.109658	-98.069308
-67.425735	-96.386057	95.937244	99.984543	6.810149	-98.730511
-72.373740	-99.994642	99.999859	99.089311	-0.137085	-99.989535
-64.196958	-93.809131	93.641325	100.000000	11.910285	-98.213650
-65.527820	-94.730621	94.643883	100.000000	9.759775	-98.459434
-62.289325	-92.450788	92.111432	99.998631	14.679247	-97.900190
-64.731302	-94.393896	94.459757	99.996657	10.855905	-98.510969
-63.521356	-93.391914	92.924281	99.994466	12.884534	-98.242957
-64.963977	-94.441666	94.286397	100.000000	10.642321	-98.398899
-69.112784	-97.888211	97.905600	99.987720	3.756152	-99.620540
-66.569383	-95.911130	95.873433	100.000000	7.781618	-98.787396
-64.233395	-94.028445	93.620624	100.000000	11.649214	-98.151220
-63.116077	-92.977552	92.662878	100.000000	13.770080	-97.958589
-65.241375	-94.907367	94.892876	99.995302	9.955792	-98.391309
-64.588701	-94.361008	94.056471	100.000000	11.019289	-98.479718
-63.300869	-93.064104	92.931994	99.993983	13.275919	-98.022856
-64.133163	-93.713468	93.574308	99.985204	11.983541	-98.274145
-65.705335	-95.060751	94.684737	99.988174	9.546322	-98.606405
-63.293598	-93.201374	92.919936	99.989552	13.285053	-98.056952
-64.766091	-94.294365	94.253285	99.995765	10.985375	-98.347419
-64.569281	-94.167403	94.069302	99.999720	11.102961	-98.394316
-66.153172	-95.613856	95.553256	99.997630	8.843717	-98.669847
-63.559899	-93.266119	92.933638	100.000000	12.999621	-98.067472
-64.169206	-94.074077	93.618063	99.992162	11.876855	-98.369403
-100.000000	-44.249346	90.089534	-33.181458	-4.143970	-86.706783
-65.223668	-94.591241	94.443735	100.000000	10.639959	-98.416558
-65.968586	-95.333578	94.944581	100.000000	9.016708	-98.860980
-64.099537	-93.908829	93.609300	100.000000	11.961406	-98.174333
-64.991710	-94.443521	94.113926	99.995021	11.061163	-98.387386
-64.685788	-94.471682	93.969945	99.984236	11.223084	-98.299174
-66.069571	-95.581110	95.282952	100.000000	8.865042	-98.597425
-66.070183	-95.329556	95.002918	100.000000	9.310893	-98.570415
-63.454677	-93.440268	92.953866	100.000000	12.723380	-98.079484
-64.558561	-94.283347	94.121827	100.000000	11.200413	-98.403810
-66.317293	-95.458916	95.272092	100.000000	8.755523	-98.651383
-62.044173	-92.251190	91.913792	100.000000	14.965651	-97.768406
-64.202589	-94.006620	93.598589	100.000000	11.600986	-98.482034
-61.626577	-91.744132	91.341749	100.000000	16.057476	-97.692535
70.045753	98.565218	-98.572946	-100.000000	-3.380738	99.358698
-70.317926	-98.654494	98.992375	100.000000	1.470577	-99.858247
-63.142800	-93.123218	92.961481	100.000000	13.197277	-98.147950
-66.134172	-95.461290	95.035165	99.988647	8.871948	-98.667321
-70.101804	-98.234029	98.097917	100.000000	2.885651	-99.777326
-66.799263	-96.016420	95.960323	100.000000	7.628852	-98.799936
-66.055469	-95.067338	94.901814	99.992485	9.408034	-98.701424
-63.951393	-93.772455	93.455767	99.994220	12.084031	-98.051660
-65.388652	-94.662011	94.677245	100.000000	10.328426	-98.359373
-67.688561	-96.479966	96.627036	99.993038	6.526529	-98.724304
-67.081336	-95.911606	95.899979	100.000000	7.818617	-98.911019
-66.415053	-95.561993	95.261812	99.994419	8.558369	-98.529201
-65.477776	-94.874058	94.593857	99.999253	10.110482	-98.392303
-64.419548	-93.949327	93.689151	99.985363	11.691948	-98.242550
-65.902291	-95.323948	95.265873	99.989280	8.978521	-98.691106
-66.652632	-95.964862	95.595153	99.993112	8.066232	-98.827145
-67.483470	-96.923018	96.619883	99.996125	6.481487	-98.977880
-68.068552	-97.110161	96.732010	99.992139	6.087075	-98.991622
-64.443256	-94.042703	93.805937	100.000000	11.504285	-98.128786
-61.817490	-91.947860	91.815448	100.000000	15.492805	-97.780151
-67.115007	-96.065980	96.001653	99.994649	7.370446	-98.743814
-64.223170	-93.898726	93.593098	99.986643	11.858252	-98.293654
-68.135662	-97.071677	97.177967	100.000000	5.664583	-99.199214
88.267894	99.990923	-100.000000	-40.638415	-0.646152	99.981908
-64.816385	-94.520936	94.157763	99.981380	10.826423	-98.545970
-62.747969	-92.910961	92.369051	100.000000	13.930442	-97.928206
-63.685507	-93.362313	93.097826	100.000000	12.777100	-98.073492
-65.598090	-94.992968	94.635610	99.988422	10.070269	-98.599548
-69.204341	-98.081663	97.699593	100.000000	4.256403	-99.231424
-66.899072	-95.862268	96.109201	100.000000	7.768721	-99.029901
-63.216513	-93.362344	92.663035	99.986014	13.231862	-98.053097
-61.582536	-91.723499	91.484411	99.997624	16.052088	-97.682488
-66.225982	-95.604286	95.459877	99.998235	8.778571	-98.647482
-64.475270	-93.895147	93.796910	100.000000	11.724241	-98.295771
-71.103793	-99.446404	99.093532	99.999980	2.053985	-99.721220
-64.270115	-93.916435	93.610262	100.000000	11.632247	-98.190363
-66.538554	-96.218438	95.304547	100.000000	8.354156	-98.808319
-65.466603	-95.005452	94.567906	99.995069	9.904026	-98.608357
-66.307573	-95.625605	95.286264	99.993931	8.460211	-98.734149
-67.084112	-96.309894	96.031634	99.989085	7.282570	-99.204848
-65.920351	-95.197718	95.050675	99.987933	9.256305	-98.703843
-66.131947	-95.512773	95.396030	99.991171	8.797909	-98.485080
-63.244399	-93.171054	92.935302	99.999915	13.270871	-98.116140
-65.626738	-95.068544	94.741885	99.979053	9.580479	-98.569944
-67.419901	-96.466813	96.330100	100.000000	6.998948	-99.034031
-65.317137	-94.598891	94.448304	100.000000	10.219190	-98.508990
-65.420877	-94.887219	94.580952	99.998517	10.126572	-98.447910
-67.120401	-96.313255	95.836796	100.000000	7.668531	-98.988359
-64.336175	-93.945984	93.651457	99.994269	11.749327	-98.344682
-64.236577	-93.967890	93.745437	99.993953	11.959031	-98.222575
-63.915590	-93.544588	93.331248	99.993335	12.447159	-98.112382
-64.377416	-93.854574	93.702675	99.995979	11.785469	-98.375964
-67.046369	-96.502836	96.332706	99.995169	6.963191	-99.146975
-65.249532	-94.704343	94.500441	99.993722	10.341989	-98.473536
-65.191851	-94.643272	94.711339	99.976503	10.309041	-98.397553
-66.621058	-95.790115	95.504176	100.000000	8.014385	-98.761959
-66.835832	-96.209348	96.073037	100.000000	7.445168	-98.894381
-61.943624	-92.069431	91.658430	99.996519	15.470680	-97.719150
-65.046339	-94.807642	94.303605	100.000000	10.222573	-98.647515
-64.860409	-94.346869	94.261448	100.000000	10.846686	-98.281680
-65.622761	-94.758970	94.949790	99.993202	9.682858	-98.582864
-62.756740	-92.816328	92.509855	99.994767	14.015698	-97.925240
-67.166026	-96.440182	96.389604	100.000000	6.941293	-98.997338
-63.675062	-93.532157	93.233924	100.000000	12.519963	-98.225559
-62.358040	-92.308803	92.127008	100.000000	14.744629	-97.871152
-66.118115	-95.584763	95.523836	100.000000	8.475623	-98.822882
66.900236	96.224312	-96.128507	-100.000000	-7.457869	98.719728
-66.866916	-96.163101	95.897720	100.000000	7.459258	-98.805134
-65.111995	-94.654948	94.332901	99.998459	10.557777	-98.635741
-62.020553	-92.049701	91.717231	99.995080	15.340941	-97.726993
-66.532298	-95.894878	95.827404	100.000000	8.371489	-98.953806
-68.389010	-96.981234	97.242243	99.992537	5.424196	-99.199588
-65.882337	-94.953630	94.861687	99.997860	9.447571	-98.753623
-63.315798	-93.112864	93.038390	99.992294	13.157482	-98.061110
-65.328826	-94.787782	94.732724	100.000000	10.186424	-98.540105
-66.978661	-96.205687	95.748018	100.000000	7.431662	-99.006587
-65.550379	-94.992620	94.769982	100.000000	9.623161	-98.658998
-63.834645	-93.773194	93.311596	99.997955	12.410969	-98.257239
-68.343897	-97.066831	96.991485	100.000000	5.892240	-98.964062
-62.406278	-92.424598	92.278010	100.000000	14.551184	-97.835872
-61.811334	-91.987556	91.584839	100.000000	15.630373	-97.675878
-65.272819	-94.882054	94.634988	100.000000	10.073453	-98.520836
-64.186772	-93.640440	93.393649	99.994527	12.196730	-98.232992
-66.068266	-95.467382	95.113725	99.997441	9.081986	-98.816781
-64.645368	-94.160767	93.922649	99.991950	11.365001	-98.454632
-68.647282	-98.337412	98.049905	99.995704	3.854252	-99.598267
-70.287332	-98.298733	98.002237	99.994215	3.430730	-98.837193
-64.702916	-94.446910	94.065982	100.000000	10.883576	-98.447548
-64.662495	-94.339344	93.824414	100.000000	11.346871	-98.353095
-66.872150	-95.894843	95.882693	99.992235	7.952989	-98.578903
-68.741881	-97.507704	97.053699	100.000000	5.023971	-99.188725
-66.631244	-96.067265	95.786887	100.000000	7.718522	-98.815394
-64.633596	-94.205043	93.992093	100.000000	11.204410	-98.351077
-63.057057	-93.037150	92.747557	99.991936	13.453423	-98.030764
-66.520414	-95.677477	95.530947	99.997964	8.399172	-98.909132
-66.895072	-96.075542	95.738321	99.992977	7.887808	-98.824721
-65.708000	-95.146157	95.085528	100.000000	9.466556	-98.665232
-67.058814	-96.444860	95.942575	99.996139	7.183768	-98.999708
-67.303155	-96.329210	96.175746	100.000000	7.246997	-99.082919
-63.965252	-93.901189	93.644230	100.000000	12.153111	-98.095283
-66.891901	-95.837590	95.660711	100.000000	7.763987	-98.923338
-66.619132	-95.735307	95.649005	100.000000	7.958722	-98.842123
-64.399102	-94.058979	93.888405	99.997308	11.447947	-98.371906
-64.127655	-93.820490	93.489690	99.991959	12.049682	-98.369869
-65.256083	-94.706772	94.609845	99.998081	10.289393	-98.431461
-68.170859	-97.509398	97.459144	100.000000	5.258924	-99.140331
-64.221480	-93.990571	93.610534	99.997947	11.972561	-98.283424
-65.985552	-95.282457	95.043050	100.000000	9.261996	-98.592156
-64.609106	-94.412314	93.824143	99.987338	11.226264	-98.354389
-63.153542	-93.019184	92.813432	100.000000	13.405567	-98.155626
-68.413467	-97.632157	96.921054	99.985300	5.188336	-99.020545
-67.207813	-96.210002	96.226506	100.000000	6.752136	-99.192521
-63.262087	-93.138699	92.884918	99.989659	13.399974	-97.919582
-65.817865	-95.145254	94.939716	99.990895	9.216490	-98.612573
-66.881843	-96.119194	95.988820	100.000000	7.375087	-98.827211
-64.290651	-93.866666	93.646957	100.000000	11.752648	-98.342254
-65.381125	-94.843730	94.588137	100.000000	9.894047	-98.393971
-63.131791	-93.172200	92.834145	100.000000	13.297596	-97.902312
-63.378245	-92.971368	92.858723	100.000000	13.512762	-97.832742
-66.263348	-95.741437	95.276390	100.000000	8.555167	-98.637022
-64.131737	-93.691281	93.603611	100.000000	11.887377	-98.412308
67.247706	96.353713	-95.989264	-99.998964	-7.136690	98.840689
-68.973206	-97.278468	97.275302	99.994142	4.605118	-99.199968
-63.497356	-93.280364	93.051290	100.000000	12.997343	-97.970712
-65.288859	-94.854269	94.509515	100.000000	10.114062	-98.443357
-64.947329	-94.412799	94.237348	99.986831	10.814181	-98.311725
-65.792872	-95.182800	95.041260	100.000000	9.204993	-98.594802
69.405832	97.965959	-97.973234	-99.988083	-4.195743	99.146213
-63.506772	-93.526052	93.315662	99.994118	12.627311	-98.187007
-65.184109	-94.723560	94.637345	100.000000	10.565194	-98.569517
-64.783182	-94.349477	94.151084	100.000000	11.088044	-98.379739
-63.575417	-93.248382	93.142298	100.000000	12.861029	-98.134610
-63.692001	-93.570678	93.131678	100.000000	12.587020	-98.082355
-64.843134	-94.460339	94.040406	99.981125	10.920927	-98.351571
-64.730121	-94.430308	94.286222	100.000000	10.577665	-98.317086
-65.130751	-94.468955	94.351303	99.994709	10.324730	-98.611743
-64.320836	-93.765725	93.721236	99.999186	11.685300	-98.355845
-69.707805	-97.993641	97.772891	99.989194	3.341435	-99.710586
-66.847389	-95.801582	95.742226	99.997332	8.080813	-98.718006
-66.316624	-95.336361	95.550094	100.000000	8.454907	-98.751851
-64.953251	-94.319291	94.144468	100.000000	10.884060	-98.526628
-65.943845	-95.469320	95.114951	99.987791	9.106219	-98.655000
-62.744420	-92.663326	92.480900	99.990551	13.945017	-98.023953
-62.005602	-92.136793	91.706015	100.000000	15.322447	-97.776951
-62.841617	-92.983505	92.546794	100.000000	13.970802	-97.943786
-67.251447	-96.179146	96.355468	100.000000	7.511601	-99.151634
-63.563739	-93.496704	93.243606	100.000000	12.708675	-98.182127
-61.785985	-91.950199	91.670464	100.000000	15.595884	-97.690865
-64.130491	-93.817084	93.694477	99.986541	11.778962	-98.164534
-64.556063	-93.965734	93.944696	100.000000	11.447932	-98.402206
-64.439627	-93.924431	93.683925	99.997704	11.706478	-98.331071
-63.013662	-92.947213	92.586883	99.996765	13.963155	-98.012287
-63.311558	-93.167671	92.841930	100.000000	13.311370	-98.016285
-72.409864	-100.000000	99.999831	99.843089	0.549631	-99.993510
-65.018442	-94.456482	94.409871	99.978844	10.531933	-98.381904
-63.696708	-93.452139	93.266956	100.000000	12.788514	-98.016399
-63.761240	-93.421696	93.325593	99.998966	12.640536	-98.098570
-66.516210	-95.759439	95.417993	100.000000	8.453565	-98.773087
-69.046659	-97.571359	97.521467	99.994639	4.487123	-99.055916
-64.240018	-93.952112	93.547580	99.989792	11.730243	-98.349727
-63.821732	-93.518206	93.362969	100.000000	12.647772	-98.059952
-64.526103	-94.520416	94.041575	99.997189	11.005800	-98.294763
-64.040660	-93.739251	93.511263	99.986834	12.410605	-98.167182
-65.507366	-94.934962	94.838899	99.990002	9.700996	-98.772847
-63.440422	-93.261760	93.039933	99.992329	12.859627	-98.157305
-67.422939	-96.666627	96.404155	99.997572	6.466800	-98.814495
-64.492396	-94.200205	93.934349	100.000000	11.232765	-98.451031
-62.528325	-92.581393	92.070756	100.000000	14.391221	-97.825658
-63.266191	-93.210626	92.856905	100.000000	13.280028	-98.201742
-67.299973	-96.312993	96.391981	99.996234	7.189905	-98.930693
-64.872896	-94.496350	94.503250	100.000000	10.699053	-98.481523
-64.222109	-93.874585	93.716349	100.000000	11.939830	-98.121116
-67.012541	-96.157412	96.223233	100.000000	7.787390	-98.736143
-65.240951	-94.809988	94.608681	99.998371	10.045152	-98.497380
-62.251337	-92.475807	92.162117	99.997163	14.647315	-97.918903
-63.105430	-92.989325	92.675919	99.991649	13.835748	-98.078915
-63.943226	-93.667685	93.306382	99.994359	12.303396	-98.224633
-64.419941	-94.090766	93.664099	100.000000	11.615622	-98.328754
-66.563208	-95.936429	95.791896	100.000000	7.808594	-99.065220
-65.605754	-95.036755	94.922032	99.981687	9.390150	-98.839008
-64.314278	-93.987054	93.815492	99.997915	11.663497	-98.324119
-66.016831	-95.539249	95.128096	99.996290	9.112973	-98.819645
-65.077443	-94.713678	94.349087	100.000000	10.287769	-98.551938
-64.586986	-94.103509	93.794569	99.983563	11.369602	-98.368057
-66.608366	-95.730203	95.643408	100.000000	8.389425	-98.714695
-65.055453	-94.507404	94.086564	100.000000	10.726789	-98.561530
-67.017121	-95.973903	96.162341	100.000000	7.459202	-98.878834
-64.845118	-94.491678	94.295716	99.985733	10.544241	-98.527903
-64.657237	-94.268586	93.837506	99.998648	11.074468	-98.512900
-62.952765	-92.826495	92.437728	99.992650	13.793679	-98.084170
-64.306616	-93.946162	93.614612	99.995315	11.780245	-98.360036
-67.681470	-96.557442	96.352688	100.000000	6.393769	-98.913849
-66.517329	-95.734647	95.617241	100.000000	8.288166	-98.858885
-63.311072	-93.077803	92.790869	99.999204	13.303026	-98.063392
-65.330952	-94.744061	94.549603	99.984558	10.149468	-98.509094
-65.403448	-94.890380	94.645274	99.997360	9.979492	-98.607586
-63.763570	-93.495905	93.246482	100.000000	12.608592	-98.146855
