-64.417429	-94.209346	93.889911	99.994557	11.302295	-98.414500
-70.297096	-99.237840	98.916797	99.999517	2.096199	-99.176496
-67.146416	-96.258377	96.235947	99.992271	7.133028	-98.762958
-62.273153	-92.370031	92.023800	100.000000	14.871480	-97.928549
-64.468981	-94.109812	93.983962	99.991508	11.519216	-98.488025
-63.305236	-93.068213	92.866473	100.000000	13.202455	-98.060822
-66.924071	-96.147089	95.592774	100.000000	7.782825	-98.690779
-66.746532	-95.967378	95.365983	99.988326	8.059435	-98.845836
-65.012718	-94.527701	94.186128	99.993730	10.769341	-98.511228
-67.767131	-96.848537	96.548600	100.000000	6.356157	-99.168063
-64.084074	-93.985790	93.499202	99.979833	12.004044	-98.164117
-63.583348	-93.481698	93.228733	100.000000	12.782646	-98.077533
-61.949983	-92.100602	91.763292	100.000000	15.175194	-97.741538
-68.044862	-96.912704	97.070366	100.000000	6.180637	-99.016294
-63.117918	-92.943269	92.758335	100.000000	13.518569	-97.947238
-62.943980	-92.968635	92.661958	99.999959	13.690409	-98.246920
-66.939441	-95.998554	95.780664	100.000000	7.565477	-98.800212
-68.810153	-97.400200	97.413999	100.000000	5.029849	-99.324815
-65.358612	-94.815138	94.638933	99.993920	10.075770	-98.704916
-67.156424	-96.211481	96.281710	99.991248	7.235461	-99.060366
-60.226191	-90.705128	90.267547	100.000000	18.135890	-97.308278
-63.903348	-93.663981	93.224957	99.993033	12.494970	-98.263961
-64.864507	-94.347877	94.323502	100.000000	10.725998	-98.412321
-64.071525	-93.687066	93.326091	99.997165	12.019672	-98.225512
-64.234189	-93.859495	93.705797	99.997057	11.655686	-98.366515
-63.911991	-93.604615	93.342425	100.000000	12.340653	-98.257892
-62.914080	-92.943969	92.624115	100.000000	13.848750	-97.920396
-66.113092	-95.483553	95.354766	99.995477	8.947376	-98.603282
-63.185936	-93.126816	92.686959	100.000000	13.459798	-98.116071
-67.809855	-96.615858	96.497448	99.999251	6.396364	-98.811809
-64.529817	-94.174108	94.024609	100.000000	11.260995	-98.220914
-66.731635	-95.930016	95.988960	99.996230	7.718208	-98.965912
-62.574200	-92.682137	92.383359	99.995857	14.196675	-98.004426
-63.375035	-93.221300	92.936349	100.000000	13.063814	-98.134955
-65.924201	-95.497937	95.294247	100.000000	8.877110	-98.772076
-68.314294	-97.090875	96.809752	99.995444	5.850021	-99.222757
-63.470564	-93.340647	92.984170	99.990449	12.894551	-98.081563
-61.058533	-91.435831	91.043687	99.992971	16.489254	-97.506928
-64.924924	-94.264357	94.132828	99.982523	10.916629	-98.373600
-67.603328	-96.624958	96.528086	100.000000	7.054268	-98.855117
-62.576270	-92.652410	92.172193	99.990725	14.419898	-97.923806
-66.672458	-95.769096	95.593921	100.000000	8.006433	-98.773140
-65.410236	-94.803775	94.547586	99.982383	10.036028	-98.366451
-64.638938	-94.141808	93.876810	99.999207	11.235375	-98.418103
-65.085139	-94.455751	94.351756	100.000000	10.403988	-98.515278
-66.891282	-95.997808	95.715900	99.988566	8.033257	-99.059967
-63.553045	-93.581845	93.092353	100.000000	12.752708	-98.169722
-66.719055	-96.260552	95.616546	99.993660	8.126856	-98.773242
-65.207480	-94.790396	94.684004	100.000000	10.007710	-98.769269
-60.856649	-91.208833	90.866666	100.000000	17.028429	-97.401310
-65.831178	-94.978723	94.771045	100.000000	9.732619	-98.466723
-66.027091	-95.281469	95.178578	100.000000	9.183480	-98.659938
-64.897874	-94.531567	94.316799	99.996629	10.629275	-98.472205
-67.571383	-96.773793	96.307318	100.000000	6.862018	-99.082884
-67.693819	-96.835791	96.750647	99.997722	6.326613	-99.160968
-65.343314	-94.848913	94.548684	100.000000	10.309144	-98.600280
-65.649266	-95.260115	94.800140	99.993927	9.464012	-98.489045
-65.320090	-94.653090	94.425979	99.988220	10.206227	-98.532316
-63.473419	-93.260652	92.876950	99.999454	13.007210	-98.089466
-62.968539	-93.128639	92.751682	100.000000	13.733625	-97.891067
-66.824171	-95.887499	95.728749	99.994898	8.184146	-98.864184
-65.986929	-95.340752	94.924141	99.995051	9.242669	-98.791046
-63.669010	-93.504482	93.126322	100.000000	12.776139	-98.058112
-67.231463	-96.462633	96.127686	100.000000	6.751880	-98.950595
-65.495415	-94.900431	94.602633	99.992012	9.879269	-98.480629
-63.090082	-93.093898	92.713846	100.000000	13.555283	-98.082017
-65.032543	-94.526420	94.342704	99.994217	10.722358	-98.427022
-66.539474	-95.504710	95.264877	99.997468	8.584360	-98.768211
-60.995515	-91.204369	90.816806	99.994044	17.010602	-97.561057
-63.300958	-93.087651	92.829512	99.995148	13.321381	-98.074442
-66.338425	-95.556470	95.177234	100.000000	8.907242	-98.658475
-65.845574	-95.043410	94.967033	100.000000	9.383057	-98.705281
-63.149761	-93.122681	92.853748	100.000000	13.453960	-98.115973
-67.086661	-95.983494	95.983423	99.982599	7.501793	-98.733751
-65.643106	-95.007184	95.005507	100.000000	9.449734	-98.510051
-65.291236	-94.720359	94.456136	100.000000	10.113046	-98.521519
-61.668059	-91.976237	91.630569	99.996326	15.675065	-97.591337
-65.789288	-95.243465	94.956543	99.979761	9.185890	-98.762219
-64.371709	-94.092337	93.913310	99.977829	11.534218	-98.481585
-64.103195	-93.920574	93.545344	100.000000	11.831338	-98.278773
-65.903975	-95.107981	94.716077	99.990326	9.222548	-98.555762
75.011400	99.990786	-100.000000	-89.390397	0.167602	100.000000
-66.320596	-95.665930	95.617265	99.994955	8.284319	-98.801816
-62.996023	-92.842439	92.544172	100.000000	13.754595	-98.086388
-62.324557	-92.475489	92.021177	99.993834	15.024967	-97.770035
-64.151929	-93.928590	93.711536	100.000000	11.827199	-98.518188
-66.424010	-95.627111	95.424931	100.000000	8.415750	-98.695003
-63.568748	-93.426071	93.015774	99.990734	13.042331	-98.110475
-65.730520	-94.998020	94.640752	100.000000	9.672815	-98.622378
-67.441816	-96.335129	96.606061	100.000000	6.771806	-99.068230
-64.166945	-93.843037	93.569304	100.000000	12.142100	-98.198468
-65.007015	-94.571187	94.493255	99.988176	10.380299	-98.366858
-70.178258	-98.119446	98.520427	99.990064	2.993953	-99.977399
-65.869102	-95.296080	95.130985	100.000000	9.671513	-98.534927
-64.511798	-94.173736	93.970351	100.000000	11.398461	-98.326189
-61.970083	-92.089326	91.772282	99.999954	15.318015	-97.838332
-63.766542	-93.665711	93.301571	99.989923	12.234159	-98.309418
-64.441505	-94.185862	93.929321	99.988049	11.215755	-98.533649
68.253415	97.099095	-96.967570	-99.980996	-5.891694	98.786013
-66.838246	-95.811597	95.542710	100.000000	8.332904	-98.752927
-66.014215	-95.521414	95.042139	99.987418	9.019247	-98.646532
-65.830015	-94.947316	95.004515	100.000000	9.457968	-98.617210
-63.860662	-93.706391	93.428056	100.000000	12.346859	-98.166660
-64.721203	-94.135866	93.905269	100.000000	11.215296	-98.310532
-65.089024	-94.542396	94.296155	100.000000	10.578157	-98.337403
84.052985	99.984182	-99.984375	-56.363777	-0.132634	99.890221
-62.956908	-92.860748	92.598478	100.000000	13.709396	-98.081708
-65.211886	-94.601307	94.273952	100.000000	10.472304	-98.491328
67.417171	96.435825	-96.548841	-99.991664	-6.820817	99.036402
-63.330601	-93.098037	92.885636	100.000000	13.237440	-97.988428
-64.586541	-94.197936	93.922539	99.993734	11.253814	-98.292637
-65.027855	-94.620163	94.295163	100.000000	10.591604	-98.367333
-66.345235	-95.711216	95.505680	100.000000	8.328556	-98.759082
-62.199056	-92.250607	92.042780	99.997233	14.897321	-97.942763
-68.218331	-96.746086	96.985456	100.000000	6.005415	-99.153358
-68.079837	-96.846625	96.772940	99.987110	6.075779	-99.112031
-65.348623	-94.621706	94.634507	100.000000	10.007647	-98.517849
-66.345669	-95.887867	95.469308	100.000000	8.463504	-98.588567
-63.532997	-93.304141	93.005675	99.976659	13.031855	-98.107725
-62.268449	-92.412261	92.124863	99.996445	14.777818	-97.801748
-65.359531	-94.852492	94.583611	100.000000	10.029214	-98.575904
-65.941591	-95.230965	95.385665	100.000000	9.311700	-98.709885
-62.891249	-92.812899	92.448378	99.988051	13.947394	-97.916534
-63.794510	-93.662407	93.210622	99.996110	12.358301	-98.104616
-64.806101	-94.152499	93.993470	99.993551	11.129756	-98.297001
-63.518613	-93.121604	92.938323	100.000000	12.999207	-98.036380
-73.480811	-99.954510	99.999671	94.239937	-0.048363	-99.994757
-66.757343	-96.007883	95.614461	100.000000	7.982851	-98.955148
-65.990541	-95.213936	94.940455	100.000000	9.305444	-98.721779
-69.501773	-98.173333	97.693974	99.988537	4.108869	-99.709121
-63.370392	-93.102438	92.860624	99.988617	13.134459	-97.948246
-65.220593	-94.656374	94.411628	100.000000	10.266308	-98.553489
-63.130902	-92.918768	92.697662	99.995070	13.595506	-97.911294
-66.499910	-95.674711	95.462734	100.000000	8.579554	-98.845826
-63.083998	-93.028157	92.708580	100.000000	13.554803	-97.912236
-64.566027	-94.098687	93.969606	99.991767	11.288670	-98.375008
-65.543927	-94.939903	94.885883	100.000000	9.873027	-98.620740
-64.996390	-94.538240	94.081388	99.992642	10.945863	-98.354972
-65.915657	-95.186694	95.251540	99.994648	9.193340	-98.844381
-65.729240	-94.984396	94.865646	99.997005	9.902754	-98.583245
-64.091347	-93.813300	93.570869	100.000000	11.871273	-98.165806
-67.150917	-96.154426	96.009459	99.991344	7.365727	-98.920248
-64.686204	-94.166202	94.021454	100.000000	11.287338	-98.274627
-71.693013	-99.677350	99.987182	99.053347	-0.056265	-100.000000
-63.977024	-93.935755	93.527961	99.986516	12.022360	-98.235771
-66.079902	-95.306385	94.892931	100.000000	9.410860	-98.636003
-88.709234	-99.978216	100.000000	43.794566	-2.840073	-100.000000
-64.540138	-94.047481	93.924047	100.000000	11.203423	-98.450580
-65.683509	-95.412043	95.070686	99.982974	9.382940	-98.694541
-64.074981	-93.730817	93.242738	100.000000	12.262155	-98.165182
-63.043786	-93.014648	92.451640	100.000000	13.514545	-98.033432
-63.777529	-93.438510	93.211059	100.000000	12.471009	-98.263550
-62.470648	-92.631005	92.329314	100.000000	14.338426	-97.975205
-65.662013	-95.024151	94.622771	99.996767	9.657255	-98.684471
-64.373921	-93.955624	93.791482	100.000000	11.544181	-98.206196
-61.860225	-92.065050	91.620865	99.985371	15.455635	-97.770169
-63.512951	-93.437670	93.013109	100.000000	13.024543	-98.149165
-72.764808	-99.204070	99.494234	94.147191	1.247213	-99.748737
-64.340379	-94.060393	93.863637	99.986988	11.519402	-98.388857
-63.222317	-93.303627	92.939626	100.000000	13.291992	-98.045807
-63.671197	-93.632101	93.429576	99.998981	12.714628	-98.185720
-64.010316	-93.662604	93.483432	100.000000	12.275604	-98.171315
-71.656023	-98.991358	98.066097	100.000000	1.689331	-99.641120
-66.063255	-95.326952	94.949964	100.000000	9.284412	-98.534890
-62.508787	-92.459236	92.145732	100.000000	14.693939	-97.860437
-65.425459	-94.861450	94.626419	100.000000	10.040054	-98.743915
-64.178394	-93.947630	93.627052	100.000000	11.658112	-98.183240
-64.696828	-94.506197	93.974459	100.000000	11.027753	-98.377647
-63.535743	-93.262109	92.969470	99.994125	12.776980	-97.978647
-63.788316	-93.364758	93.323131	100.000000	12.486261	-98.134065
-67.909802	-96.829278	97.104266	99.985704	6.055863	-99.117384
-64.777927	-94.178858	93.899781	100.000000	11.293094	-98.389422
-64.494388	-94.230520	94.080845	100.000000	11.365895	-98.392922
-65.451161	-94.936327	94.519777	99.995330	10.028056	-98.508515
-66.915297	-95.864355	95.686251	99.997889	8.054263	-98.863912
-65.173109	-94.525036	94.287734	99.992082	10.114951	-98.566804
-65.225566	-94.662341	94.469936	100.000000	10.367311	-98.625713
-63.721470	-93.439251	93.176341	100.000000	12.850770	-98.142400
-62.244868	-92.436930	92.032932	99.979408	14.938265	-97.716840
-64.760393	-94.213554	94.061120	100.000000	11.084076	-98.296411
-63.862784	-93.652485	93.238678	100.000000	12.327492	-98.026539
-63.327976	-93.118463	93.097952	99.986611	13.201560	-98.084266
-66.328523	-95.663448	95.451645	99.990872	8.674749	-98.761096
-64.566385	-94.259503	94.126808	99.996396	11.330493	-98.447497
-63.094773	-93.175100	92.823625	100.000000	13.579784	-98.029028
-63.127622	-93.065290	92.742104	99.986309	13.522073	-98.014432
-67.720294	-96.559474	96.833872	99.999595	6.311535	-99.090428
-64.376257	-94.171903	93.779639	100.000000	11.418836	-98.361610
-65.486712	-94.897448	94.669120	99.985922	9.644805	-98.466179
-63.829336	-93.547509	93.379298	100.000000	12.290105	-98.303948
-65.720501	-95.110803	95.054944	99.991499	9.211786	-98.630435
-64.387420	-94.137498	93.783834	100.000000	11.575971	-98.239562
-66.751026	-95.737084	95.369119	100.000000	8.080187	-98.798239
-65.449205	-95.208495	94.805485	99.993152	9.610832	-98.558376
-64.318616	-94.117404	93.699858	100.000000	11.565931	-98.258435
-70.377332	-98.859793	99.322320	99.985253	3.017857	-99.811330
-65.884886	-95.207200	95.153506	100.000000	9.169802	-98.823137
-65.789177	-95.098955	94.961144	99.993773	9.926364	-98.502699
-64.329255	-94.164984	93.803825	100.000000	11.685531	-98.140588
-63.905354	-93.732705	93.303309	99.996830	12.240121	-98.189881
-65.097994	-94.764658	94.566780	99.990143	10.257052	-98.534599
-67.343851	-96.317466	96.120310	100.000000	6.840155	-99.223571
-63.804608	-93.591296	93.243568	100.000000	12.332184	-98.274580
-62.716320	-92.677429	92.307688	99.999927	14.126474	-97.915234
-66.100244	-95.317752	95.353052	100.000000	8.778194	-98.759345
-63.386939	-93.187042	93.002538	100.000000	13.131942	-98.167627
-63.417968	-93.368050	93.025355	100.000000	12.858713	-98.025452
-65.589538	-94.950240	94.925964	99.998335	9.873378	-98.565225
-63.421058	-93.385024	92.900227	100.000000	12.990128	-98.111539
-64.710750	-94.449123	94.156886	99.998042	11.290049	-98.329558
-67.203043	-96.333468	96.252250	99.975862	7.194687	-98.949521
-64.918124	-94.584398	94.297113	99.993359	10.424462	-98.503129
-61.295822	-91.648069	91.202892	99.985783	16.250965	-97.686251
-66.552725	-95.698954	95.591593	99.990813	8.324111	-99.062999
-65.701921	-95.074550	95.001845	100.000000	9.647544	-98.683692
-65.350263	-94.868621	94.751279	99.999412	10.198957	-98.380591
-66.064247	-95.438028	95.538256	100.000000	8.896442	-98.496598
-67.568585	-96.297762	96.260375	100.000000	6.972438	-99.011435
-64.156191	-93.914611	93.699058	99.989168	11.817725	-98.300858
-64.930638	-94.280683	94.171074	100.000000	10.780196	-98.433945
-69.153258	-97.833261	97.783824	99.987298	4.183370	-99.154722
-63.941203	-93.592800	93.476731	100.000000	12.412982	-98.142107
68.471730	97.629106	-97.435204	-99.991935	-5.146381	99.358684
-63.178655	-93.137957	92.886295	99.995975	13.295310	-97.966035
-62.663423	-92.673528	92.382981	100.000000	14.259444	-97.804868
-63.114827	-93.173703	92.675801	99.999000	13.404404	-97.967233
-65.245731	-94.690570	94.618782	99.976900	10.192085	-98.577962
-65.568033	-94.908301	94.749994	99.990818	9.892935	-98.536682
-66.362510	-95.550900	95.470556	99.995472	8.468351	-98.621900
-64.037435	-93.543565	93.323986	100.000000	12.336131	-98.146743
-63.201775	-93.079098	92.784469	99.999966	13.574530	-97.918101
-69.006714	-97.817752	97.644840	99.994443	4.399579	-99.264028
-65.209944	-94.953688	94.437277	99.999765	10.519496	-98.514747
-65.594542	-95.017584	94.793841	99.996103	9.768072	-98.577563
-64.309757	-93.949491	93.825938	99.999189	11.665969	-98.191052
-65.650499	-94.881630	94.676645	99.996619	9.798736	-98.637949
-69.900411	-98.645398	98.324263	100.000000	3.076939	-99.450613
-66.472566	-95.851674	95.641380	100.000000	8.562766	-98.689573
-63.176441	-93.180098	92.943993	99.981437	13.282294	-97.948689
-67.246626	-96.208849	96.403361	99.977979	7.202064	-99.016059
-72.498288	-100.000000	100.000000	99.985534	-0.269401	-99.988021
-62.804154	-92.734054	92.573768	100.000000	13.941929	-97.956145
-72.067876	-99.991830	100.000000	99.811998	-0.282956	-99.544385
-64.887313	-94.465193	94.142584	100.000000	10.714472	-98.338808
-64.674409	-94.484716	94.119311	100.000000	11.050379	-98.467885
-63.723237	-93.563382	93.346550	100.000000	12.503002	-98.220744
-64.713483	-94.338840	94.169448	100.000000	10.777177	-98.526417
-64.096591	-94.021762	93.686310	100.000000	12.214482	-98.131317
-62.495959	-92.546003	92.235051	100.000000	14.416943	-97.854507
-64.888303	-94.276650	93.997920	100.000000	11.082498	-98.367547
-61.679468	-91.981039	91.669819	100.000000	15.730693	-97.710947
-66.554159	-95.881897	95.957640	99.999206	7.760652	-99.020819
-63.338387	-93.185430	93.103951	100.000000	12.937216	-98.024534
-63.235623	-93.133274	92.842417	99.990860	13.488613	-97.920445
-63.485035	-93.294988	92.875354	99.993650	12.965742	-98.151422
-61.788993	-92.059165	91.645327	99.983592	15.508037	-97.751209
-63.177898	-93.255009	92.756722	100.000000	13.573827	-98.111069
-68.029540	-96.979969	96.712886	99.994632	6.143322	-99.089311
-66.626874	-95.756182	95.409590	99.981510	7.987178	-98.735523
-67.983422	-97.360006	97.289096	99.986978	4.972824	-99.479372
-63.829268	-93.487561	93.466104	99.991939	12.411814	-98.147473
-64.282989	-93.929317	93.518455	100.000000	11.933466	-98.386560
-65.220905	-94.515335	94.469507	100.000000	10.550337	-98.472389
-63.652272	-93.249317	92.902088	99.998859	13.178289	-98.048378
-65.675288	-94.933872	94.899260	100.000000	9.582264	-98.792652
-66.978523	-96.036499	96.102116	100.000000	7.243560	-98.997514
-62.010220	-92.220745	91.990963	100.000000	15.147846	-97.819970
-65.602419	-95.015466	94.697875	100.000000	9.652733	-98.784254
-67.496230	-96.925935	96.277563	100.000000	6.681346	-98.837750
-65.882236	-95.505275	95.054959	99.994709	9.180220	-98.678289
-61.618823	-91.885819	91.475462	100.000000	15.791826	-97.635780
-65.973489	-95.167998	95.289271	99.984224	9.058128	-98.860266
-60.614509	-91.054683	90.716987	100.000000	17.231009	-97.500533
-65.974553	-95.311234	94.981629	100.000000	9.100867	-98.756270
-63.574622	-93.547620	93.140666	99.976650	12.625970	-98.093244
-65.864254	-95.262047	94.970369	99.993417	9.266752	-98.745033
-63.095867	-92.904011	92.719577	100.000000	13.515681	-98.026949
-69.074634	-97.745505	98.026766	99.991984	4.583141	-99.461158
-67.918016	-96.591122	96.442684	100.000000	6.694396	-99.094411
-65.007015	-94.508158	94.285955	100.000000	10.941641	-98.385956
-64.907572	-94.712401	94.189905	99.990147	10.644225	-98.472517
-66.323991	-95.564979	95.467820	100.000000	8.460195	-98.851169
-65.263656	-94.729825	94.496457	99.995197	10.301997	-98.519241
-64.154493	-93.607621	93.471398	100.000000	12.191558	-98.314910
-65.859348	-95.312626	95.084312	100.000000	9.115546	-98.679815
-63.611953	-93.459701	92.980889	99.992068	12.803143	-98.205731
-65.084456	-94.661653	94.508173	100.000000	10.431293	-98.398290
-64.960493	-94.593472	94.256323	99.992333	10.478605	-98.461191
-64.637147	-94.042995	93.861522	100.000000	11.219449	-98.395579
-65.591075	-94.901979	94.824368	100.000000	9.772918	-98.501622
-61.842533	-91.910681	91.642720	100.000000	15.716029	-97.544125
-64.224979	-93.900617	93.550373	100.000000	11.759745	-98.336435
-65.521369	-94.863441	94.585302	100.000000	9.995402	-98.570630
-65.232715	-94.748703	94.516073	99.981257	10.289673	-98.498808
-68.071415	-96.817624	97.089337	99.987024	5.546749	-99.247524
-63.737036	-93.416538	93.161408	99.989740	12.737367	-98.157326
-65.506667	-95.048506	94.787305	99.995918	9.626347	-98.734157
-65.555374	-94.893691	94.808503	100.000000	9.966986	-98.644152
-65.826929	-95.341323	95.088756	100.000000	9.207760	-98.743219
-64.492486	-94.151579	93.851116	99.994103	11.413717	-98.356177
-64.564750	-94.163709	94.011421	100.000000	11.536232	-98.450777
-64.004257	-93.812563	93.421628	100.000000	12.175395	-98.426991
-67.471325	-96.621409	96.551789	99.991128	6.909994	-98.825043
-75.086345	-99.800802	99.636337	88.294772	0.027459	-99.967435
-64.880008	-94.591884	94.181717	99.979912	10.843133	-98.357094
-68.573185	-97.393955	97.062603	100.000000	5.102766	-98.765660
-66.023047	-95.390500	95.073097	99.992543	8.999194	-98.674530
-63.284141	-93.200787	92.881473	99.994565	13.406954	-98.112715
-66.320827	-95.663445	95.208165	100.000000	8.714743	-98.904647
-71.950228	-100.000000	99.956134	99.542985	-0.003266	-100.000000
-65.278416	-94.488572	94.522504	99.995936	10.347303	-98.395927
-68.349968	-97.394196	97.102786	100.000000	5.279704	-99.304924
-64.306693	-93.985968	93.657142	99.979091	11.630015	-98.227254
-65.403320	-94.748415	94.682713	99.984445	9.911919	-98.653216
-65.737343	-94.966196	94.658747	100.000000	9.765481	-98.516033
-63.806763	-93.605711	93.281453	99.998373	12.321262	-98.165275
-66.808523	-96.121649	95.941566	100.000000	7.712078	-98.844743
-64.176173	-93.915524	93.493281	99.998751	11.942413	-98.278388
-63.682522	-93.357795	93.067859	99.988801	12.729204	-98.116068
-65.866973	-95.299476	95.209279	99.998730	9.387678	-98.681627
-65.911581	-95.016386	95.105258	99.997734	9.293799	-98.491220
-64.185459	-93.770290	93.620049	100.000000	11.914366	-98.239600
-65.149101	-94.470249	94.322908	99.985936	10.501440	-98.430857
-64.368928	-93.879017	93.649843	99.994776	11.736092	-98.382508
-68.236631	-97.239482	96.694386	99.983833	5.905647	-99.276403
-67.172368	-95.931442	95.832356	100.000000	7.848750	-98.853791
-65.707556	-95.036590	95.009192	99.992844	9.632186	-98.668191
-67.137785	-96.406928	96.057095	100.000000	7.269464	-98.622500
-63.017542	-92.896732	92.746349	100.000000	13.838516	-97.960862
-64.783637	-94.415931	94.079280	100.000000	11.080914	-98.199051
-61.319791	-91.626817	91.326891	100.000000	16.314415	-97.539001
-64.566482	-94.250052	93.894528	99.967457	11.324497	-98.267223
-63.752757	-93.676653	93.465804	100.000000	12.543574	-97.995408
-97.103213	-99.995851	100.000000	11.139552	-2.613306	-99.996020
-65.591594	-94.867307	94.875832	100.000000	9.869629	-98.566299
-65.872161	-95.179063	95.087158	99.977607	9.604140	-98.690520
-65.593376	-94.977300	94.786858	100.000000	9.399134	-98.434584
-67.854976	-97.015633	96.279780	100.000000	6.576231	-99.043196
-62.043731	-92.212773	91.931775	100.000000	14.959958	-97.873529
-64.896836	-94.536835	94.378854	99.982373	10.879826	-98.336965
-65.056663	-94.842582	94.453975	100.000000	10.230463	-98.444533
-64.887758	-94.616693	94.381065	99.973676	10.909187	-98.339213
-62.882706	-92.884082	92.334589	99.989147	13.940503	-98.031038
-65.023435	-94.756850	94.421498	99.998084	10.482966	-98.378551
-62.835242	-92.995081	92.479860	99.997100	14.015044	-98.005883
-66.701289	-95.952424	95.527633	100.000000	8.033812	-98.693728
-64.669495	-94.204719	94.151062	99.998027	11.077739	-98.258621
-61.572159	-91.910720	91.328448	99.984365	15.910669	-97.742569
-64.720774	-94.406193	94.302401	99.971639	10.877682	-98.371538
-63.736729	-93.391734	93.114983	100.000000	12.416403	-98.188613
-65.622257	-95.042580	94.911213	100.000000	9.478008	-98.794232
-63.073045	-92.947685	92.580220	100.000000	13.844451	-97.955553
-64.303119	-94.024628	93.725778	100.000000	11.743076	-98.343146
-64.226605	-93.962379	93.648681	100.000000	11.839198	-98.338760
-63.785504	-93.536332	93.347323	99.991236	12.511941	-98.236706
-64.424368	-93.890536	93.785572	99.982147	11.605677	-98.464342
-63.221202	-93.246036	92.920114	100.000000	13.283272	-97.990135
-67.098131	-96.255257	96.112798	99.993944	7.125498	-98.813862
-64.690349	-94.083338	93.998183	99.991242	11.505672	-98.442869
-65.384806	-94.625319	94.405762	100.000000	10.334031	-98.420018
-61.211486	-91.546045	91.158550	100.000000	16.531823	-97.481372
-64.029134	-93.761428	93.359665	99.990418	12.234051	-98.209796
-68.028310	-96.902334	96.940766	100.000000	6.116357	-99.010188
-66.367171	-95.768778	95.384212	99.996371	8.265488	-98.960328
-80.952817	-99.947817	99.939452	66.911513	0.319372	-99.790380
-65.098646	-94.737753	94.318049	100.000000	10.231020	-98.551409
-67.856820	-96.880778	96.599350	100.000000	6.403878	-99.287998
-66.590784	-95.827116	95.848724	100.000000	7.862362	-98.811015
-63.978216	-93.545364	93.315412	100.000000	12.406466	-98.367197
-65.864496	-95.464247	94.924178	100.000000	9.022677	-98.740613
71.934564	100.000000	-99.997991	-99.699111	-0.029852	99.992540
-63.936582	-93.683419	93.511866	100.000000	12.225741	-98.153728
-61.284836	-91.645921	91.186921	99.977181	16.272759	-97.628174
-67.787834	-96.706819	96.465086	100.000000	6.522894	-98.993650
-66.658535	-95.759030	95.261557	100.000000	8.830712	-98.736610
-67.420675	-96.564112	96.628058	100.000000	6.708117	-99.107149
-63.574802	-93.319678	93.098501	99.999743	12.993381	-98.120735
-63.327089	-93.305166	92.929895	99.989065	13.112167	-98.033022
-64.900708	-94.266852	94.309480	100.000000	10.848106	-98.438801
-64.076319	-93.722891	93.603627	99.999922	11.924251	-98.202424
-66.856624	-95.985127	95.899283	99.986059	7.906440	-98.855967
-65.656367	-95.097513	94.933676	99.994012	9.368158	-98.710917
-65.987766	-95.106890	95.164014	100.000000	9.185992	-98.672465
-67.775275	-96.861842	96.711365	99.998500	6.039383	-99.276646
-63.662955	-93.500841	93.282245	100.000000	12.528736	-98.233792
-65.170138	-94.674913	94.481268	99.992497	10.135371	-98.487873
-64.581013	-94.323157	94.104595	99.989956	10.905787	-98.524338
-69.030099	-98.019253	97.648057	99.987679	4.353083	-98.994510
-64.559432	-94.003316	93.733980	100.000000	11.683026	-98.223905
-64.777384	-94.360189	94.254601	99.999364	11.001325	-98.315816
-65.257721	-94.659855	94.535864	100.000000	10.340760	-98.556650
-65.403316	-94.910475	94.554388	99.993387	10.062036	-98.639162
-66.078678	-95.209658	94.961999	100.000000	8.998765	-98.769108
-64.817884	-94.540096	94.161885	100.000000	10.931618	-98.491912
-64.973261	-94.741500	94.440320	99.999077	10.443245	-98.480579
-63.268000	-92.925739	92.766240	100.000000	13.329987	-98.161492
-66.785385	-95.911940	95.788211	100.000000	8.012527	-98.997104
-60.671554	-91.074973	90.776346	100.000000	17.333062	-97.566264
-67.986032	-96.841811	96.645072	99.979167	5.712395	-99.381400
-65.577696	-94.618999	94.610568	99.989012	10.106389	-98.636961
-63.155802	-92.986648	92.832919	100.000000	13.364643	-98.061251
-66.143076	-95.737308	95.307485	99.996279	8.654948	-98.605726
-65.107447	-94.628151	94.515079	100.000000	10.663302	-98.420320
-65.248849	-94.824409	94.490893	100.000000	10.236867	-98.535981
-66.633920	-95.852018	95.546279	100.000000	8.223045	-98.656859
-66.419655	-95.723338	95.361509	100.000000	8.574435	-98.909814
-63.279229	-93.139721	92.827356	99.989431	13.360044	-98.221485
-68.807739	-97.231678	97.417412	100.000000	5.009915	-99.170232
-61.856073	-92.112378	91.703349	100.000000	15.437285	-97.704694
-63.578152	-93.482335	93.212316	100.000000	12.821831	-97.971312
-64.072419	-93.811262	93.500142	100.000000	12.214935	-98.112863
-67.488762	-96.383144	96.352082	100.000000	7.328631	-98.982887
-66.125670	-95.560754	95.155424	99.975918	8.955892	-98.689552
-92.174785	65.674397	34.762626	-47.921405	-4.032758	-80.183057
-68.047177	-96.907522	96.790490	99.985819	5.545514	-99.372067
-66.155944	-95.746360	95.276871	99.986437	8.794623	-98.657660
-64.271576	-93.903911	93.555986	100.000000	11.957875	-98.064335
-65.138384	-94.453283	94.484936	100.000000	10.616037	-98.422918
-75.244739	-100.000000	99.994550	87.866871	-0.210503	-99.718291
-65.596133	-94.919392	94.710414	100.000000	9.798178	-98.531481
-63.842547	-93.588400	93.358973	99.991405	12.308707	-98.139091
-66.011703	-95.505268	95.127775	100.000000	9.037474	-98.639305
-66.309683	-95.490222	95.374551	99.992572	8.834327	-98.822058
-65.781785	-94.981815	94.703262	99.982904	9.559753	-98.629945
-68.263676	-97.499913	96.932732	100.000000	5.388368	-99.546374
-74.247974	-100.000000	99.077317	93.812226	-1.204798	-99.996297
-67.618584	-96.424937	96.045419	100.000000	6.906802	-98.952308
66.795042	95.929526	-95.803125	-99.985623	-7.888706	99.090230
-62.807508	-92.709357	92.472900	100.000000	14.215617	-97.912746
-63.945893	-93.781806	93.462459	99.995478	12.231990	-98.139847
-62.201036	-92.356011	91.935245	100.000000	14.935681	-97.742126
-65.714477	-94.978048	95.077916	100.000000	9.483490	-98.599108
-66.269587	-95.614892	95.160823	100.000000	8.390470	-98.851048
-64.427525	-94.028827	93.891415	100.000000	11.356300	-98.101017
-61.959578	-92.071372	91.764115	99.988908	15.281806	-97.661471
-64.402548	-93.994890	93.650321	100.000000	11.936226	-98.389146
-64.120125	-93.693330	93.466099	100.000000	12.056827	-98.272975
-72.043645	-100.000000	99.977312	99.957204	-0.088721	-99.988645
-65.966656	-95.499315	95.539712	100.000000	8.770464	-98.736248
-63.332911	-93.106212	92.843269	99.993126	13.316228	-98.058537
-62.991717	-92.830515	92.573895	100.000000	13.749327	-97.919092
-64.373015	-94.143955	93.718566	99.981552	11.470972	-98.411237
-70.713517	-99.158522	99.247726	100.000000	1.389868	-99.994123
-63.308577	-93.162809	92.813511	100.000000	13.305617	-98.026295
-68.463088	-97.707201	97.017701	99.995017	5.417537	-99.096091
-64.385777	-94.113687	93.940173	99.985264	11.321919	-98.337756
-66.781334	-95.980153	96.088769	99.987390	7.736950	-98.757624
-63.138895	-92.996578	92.645184	100.000000	13.709341	-97.997388
-64.656485	-94.291028	94.236611	100.000000	11.194607	-98.324245
-66.241147	-95.692604	95.228065	100.000000	8.411524	-98.673319
-64.604446	-94.230574	93.937390	100.000000	11.213328	-98.434308
-64.301480	-93.827831	93.685771	99.989969	11.789322	-98.295857
-65.054992	-94.624613	94.261389	99.994362	10.613332	-98.498195
-67.270315	-96.575548	96.243865	100.000000	6.880945	-99.260491
-65.410043	-95.008849	94.628434	99.999187	9.573738	-98.470708
-63.240964	-93.280307	93.066840	100.000000	13.293841	-98.050144
-64.745065	-94.211162	93.897100	100.000000	11.229554	-98.269786
-63.831858	-93.832804	93.458502	100.000000	12.455804	-98.177982
-64.152165	-93.867531	93.502805	100.000000	11.828039	-98.226835
67.809665	96.883201	-96.652202	-99.995291	-6.124357	99.079785
-65.243574	-94.845331	94.536247	99.991298	10.093689	-98.639633
-65.972365	-95.067210	94.843946	99.997079	9.563806	-98.630762
-66.577575	-95.616825	95.306602	100.000000	8.778833	-98.709662
-63.193624	-93.115829	92.702589	99.994160	13.430765	-97.998697
-67.763277	-96.590247	96.674541	100.000000	6.492055	-99.039682
-65.273611	-94.803038	94.375026	100.000000	10.289489	-98.428912
-66.637498	-95.710370	95.551766	99.994604	8.256982	-98.939948
-63.510054	-93.234917	93.109586	99.996230	13.014982	-98.039360
-63.197889	-93.131464	92.857324	99.989427	13.322035	-98.119955
-73.074410	-99.651035	99.500854	97.619518	-0.744016	-100.000000
-65.724832	-95.066743	94.827803	99.995024	9.681719	-98.761158
-65.182192	-94.634689	94.260380	100.000000	10.557981	-98.500185
-62.985319	-92.860434	92.654754	99.997349	13.613616	-97.967791
-65.101771	-94.842945	94.394204	100.000000	10.332001	-98.353658
-67.501629	-96.536276	96.623284	100.000000	6.914548	-98.700459
-64.476825	-94.105572	93.866574	99.998356	11.466079	-98.213465
-67.435737	-96.418177	96.187334	99.982500	6.905377	-98.975840
-65.471925	-95.021219	94.859612	100.000000	9.837422	-98.613952
-66.082026	-95.545986	95.062769	100.000000	8.926874	-98.934941
-64.183776	-94.111760	93.890003	100.000000	11.566912	-98.376010
-64.269256	-93.789137	93.635028	100.000000	11.922153	-98.346730
-66.564891	-95.733285	95.687493	100.000000	7.889735	-99.091687
-66.597845	-95.774523	95.489889	99.973103	8.029654	-98.878871
-62.321653	-92.418321	92.190620	99.990346	14.684518	-97.924718
-64.951603	-94.734578	94.314884	100.000000	10.695381	-98.399278
-70.538189	-99.408199	98.166642	99.994634	2.370048	-99.456840
-65.619922	-95.011513	94.930528	100.000000	9.495846	-98.602939
-66.918642	-96.063983	95.873918	100.000000	7.852071	-98.952020
-64.830479	-94.330332	94.065623	100.000000	11.078129	-98.490808
-65.158626	-94.649351	94.308369	99.999655	10.747297	-98.240812
-62.974745	-92.830403	92.646360	99.979095	13.852327	-98.041973
-65.577152	-94.865197	94.949728	99.989718	9.824848	-98.602633
-63.684068	-93.417873	93.212654	99.988377	12.609435	-98.279087
-67.880312	-96.581433	96.556519	100.000000	6.921727	-98.851295
-66.271992	-95.656246	95.237549	99.990760	8.607086	-98.599185
-62.664593	-92.571973	92.319329	100.000000	14.178893	-97.849947
-64.258140	-93.958106	93.694771	99.981556	11.795500	-98.385647
-64.513604	-94.031320	93.875991	100.000000	11.248943	-98.267804
-67.874663	-96.667863	96.959459	99.992496	6.379596	-98.925206
-62.976209	-92.892337	92.593119	100.000000	13.753206	-98.015191
-63.986436	-93.659158	93.437270	100.000000	12.165228	-98.233804
-63.337846	-93.247879	92.839531	99.998514	13.390338	-98.012813
-61.234645	-91.563122	91.259005	99.995406	16.388912	-97.629573
-65.870817	-95.038170	95.016115	99.996805	9.268979	-98.552568
-67.222581	-96.239829	96.167005	100.000000	7.193450	-99.058998
-64.813928	-94.566333	94.246377	100.000000	10.568367	-98.432580
-65.197551	-94.515379	94.456504	100.000000	10.203999	-98.431596
-66.507408	-95.858078	95.820085	100.000000	8.038445	-98.899955
-64.088863	-93.739614	93.652477	100.000000	11.888580	-98.247174
-63.824718	-93.530506	93.330133	99.994216	12.425655	-98.152158
-63.993570	-93.781264	93.461455	99.996538	12.124524	-98.196954
-67.273146	-96.328491	96.208963	99.983582	6.988972	-98.871218
-71.878794	-99.985843	100.000000	99.973917	-0.000863	-100.000000
72.819318	99.995626	-99.940421	-96.657462	0.060945	100.000000
-72.299708	-99.216219	98.557491	95.134968	3.014517	-99.997593
-64.566402	-94.229405	94.012049	100.000000	11.085420	-98.450732
-67.300985	-96.463952	96.338914	99.975688	7.116903	-98.652365
-65.808668	-95.093054	94.986720	99.992318	9.245823	-98.521689
-65.600206	-95.108242	94.867009	100.000000	9.755492	-98.645633
-67.459742	-96.605340	96.446008	100.000000	6.865406	-98.888141
-64.978253	-94.511765	94.459058	100.000000	10.468740	-98.621187
-64.107084	-93.722320	93.620442	100.000000	11.883880	-98.358376
-62.025292	-92.088505	91.796073	99.977716	15.481102	-97.748831
-62.693196	-92.600191	92.539467	100.000000	14.226856	-97.970250
-68.223560	-96.565950	96.907053	100.000000	5.811792	-99.078493
-64.810887	-94.433568	94.185921	100.000000	10.818295	-98.368218
-68.333308	-97.071926	97.068179	100.000000	5.316211	-98.862099
-64.491440	-94.121840	94.030332	100.000000	11.394843	-98.187809
-64.654671	-94.410682	94.193690	100.000000	10.866446	-98.335098
-66.173740	-95.465167	95.255330	99.998444	8.802080	-98.797121
-65.654081	-94.945151	94.759861	99.998690	9.806287	-98.712330
-64.630604	-94.169073	94.001122	100.000000	11.064264	-98.369274
-65.374588	-94.750012	94.477198	100.000000	10.169366	-98.542923
-64.716855	-94.183528	93.913327	100.000000	11.027027	-98.358514
-64.830292	-94.320812	93.992568	99.978748	10.816357	-98.358010
72.616939	99.991364	-99.996731	-97.267979	-0.017947	99.987998
-67.638732	-96.732906	96.258237	100.000000	6.816453	-99.047431
-65.852783	-95.192021	94.994438	100.000000	9.112425	-98.786364
-64.546413	-94.182528	93.806065	100.000000	11.398855	-98.558340
-64.580476	-94.355259	93.979102	99.997261	11.357018	-98.312547
-61.742276	-92.009507	91.604576	99.997187	15.575471	-97.725794
-63.338825	-93.101310	92.985696	99.997613	13.225675	-98.112000
-64.439115	-94.143648	93.917691	100.000000	11.637546	-98.375307
-65.104641	-94.561615	94.253415	100.000000	10.723169	-98.464295
-62.884235	-92.732850	92.591396	100.000000	13.862678	-98.063885
-64.747139	-94.631970	94.115426	100.000000	10.721122	-98.455142
-63.383598	-93.340495	92.938323	99.992486	13.294537	-98.068133
-67.039187	-96.161659	96.085288	99.983731	7.417957	-98.870266
-64.169993	-93.796460	93.593899	100.000000	12.027948	-98.329178
-67.794054	-97.476155	96.868498	100.000000	5.659618	-99.113767
-65.493296	-94.998561	94.743549	100.000000	9.925594	-98.745472
-67.268221	-96.581722	96.262769	99.999649	7.132992	-98.838463
-66.188432	-95.713285	95.527417	99.990340	8.413797	-98.661313
-63.932859	-93.770620	93.413633	100.000000	12.210819	-98.272549
-63.946798	-93.670097	93.389117	99.997845	12.156706	-98.121602
-64.799878	-94.404594	94.143559	100.000000	11.104073	-98.429139
-69.762348	-98.599928	98.584104	99.999982	3.348255	-99.242193
-67.537702	-96.689566	96.435817	100.000000	6.429755	-98.996395
-65.837043	-95.086238	94.890319	99.991239	9.202817	-98.717067
-65.040513	-94.472389	94.197314	100.000000	10.718435	-98.428770
-66.849328	-96.030086	95.822023	99.990194	7.938764	-98.866539
-66.174774	-95.436932	94.937124	100.000000	8.869399	-98.639792
-64.829307	-94.451948	94.075432	99.991382	10.896010	-98.259663
-62.904785	-93.041171	92.545565	99.997997	13.768951	-97.928082
-65.800950	-95.173821	95.014055	99.995058	9.435111	-98.609465
-68.561853	-97.706742	97.451728	99.992035	4.639881	-99.206556
-62.578539	-92.452256	92.247791	100.000000	14.592611	-97.898550
-63.335860	-93.314578	93.043577	100.000000	13.085449	-98.030452
-76.029500	-99.969407	99.997241	84.394890	-0.023806	-99.968551
-65.685622	-95.247556	94.863755	99.999195	9.523427	-98.673050
-65.660456	-95.239738	94.823349	99.994807	9.640538	-98.683906
-65.773119	-94.772446	94.631382	100.000000	9.759489	-98.573768
-63.346834	-93.148501	93.057520	99.982136	13.245534	-97.990685
-63.581190	-93.376184	93.213847	99.991335	12.698798	-98.117509
-64.640636	-94.376722	94.028269	100.000000	11.114166	-98.253450
-65.101978	-94.560593	94.069573	100.000000	10.590311	-98.347419
-62.826662	-92.758657	92.268225	100.000000	13.963097	-97.995702
-62.070425	-92.157419	91.783311	100.000000	15.320639	-97.748732
-63.742862	-93.624130	93.432722	99.996902	12.331825	-98.151125
-65.531513	-95.086080	94.847255	99.998604	9.670298	-98.678582
-63.892355	-93.603829	93.374914	100.000000	12.343986	-98.211020
-66.814878	-95.980398	95.880738	99.993597	7.823909	-98.902329
-64.923488	-94.391441	94.210991	99.991500	10.870760	-98.288543
-66.017542	-95.507618	95.134668	100.000000	8.754309	-98.733431
-64.854970	-94.390977	94.060096	100.000000	10.903164	-98.606670
-68.340787	-97.026402	96.904085	100.000000	5.869817	-98.847452
-64.143616	-93.676937	93.367043	100.000000	12.124301	-98.354912
-63.255462	-93.057626	92.769466	99.998389	13.447534	-98.003950
-64.658442	-94.173098	94.044863	100.000000	11.111986	-98.225990
-65.686536	-95.076035	94.927175	99.986414	9.561220	-98.543924
-62.464737	-92.475336	92.186064	99.988259	14.704321	-97.742169
-64.657758	-94.280170	93.848611	99.997647	11.339304	-98.481190
-62.893382	-92.760165	92.665927	100.000000	13.808152	-98.030729
-68.606800	-97.189734	97.382139	99.995695	4.783358	-99.348572
-64.931709	-94.439549	94.114567	99.984324	10.879928	-98.379836
-63.919120	-93.712408	93.475131	100.000000	12.252995	-98.205087
-62.238946	-92.298727	91.872622	99.987207	15.070857	-97.763281
-67.336401	-96.362479	96.069794	99.994373	6.773436	-98.905895
-63.980711	-93.797464	93.407682	100.000000	12.154116	-98.184712
-62.767545	-92.760247	92.505233	99.992456	13.945200	-97.900727
-68.631340	-97.759786	97.710602	100.000000	4.605086	-99.159870
-66.058273	-95.221446	95.189620	100.000000	9.255421	-98.670352
-65.084064	-94.818215	94.529766	100.000000	10.298297	-98.385871
-63.819280	-93.499472	93.166195	99.983810	12.580248	-98.165362
-62.824535	-92.968191	92.407786	100.000000	14.042512	-98.014463
-67.132081	-95.972793	95.809268	100.000000	7.885543	-98.780175
-67.563787	-96.950191	96.454086	99.992441	6.327555	-99.221144
-64.137099	-93.849348	93.635801	100.000000	11.958827	-98.190320
-61.359494	-91.545010	91.121387	100.000000	16.345442	-97.525149
-63.322762	-93.085754	92.686631	100.000000	13.527670	-98.120846
-63.347963	-93.111929	92.801614	100.000000	13.229615	-97.929408
-61.353227	-91.614801	91.298065	99.991759	16.263262	-97.735887
-65.804213	-95.153967	94.984380	100.000000	9.487308	-98.540247
-67.181433	-96.201563	96.363312	99.999695	6.997421	-98.917468
-64.856238	-94.490080	94.249430	100.000000	10.963646	-98.378963
-66.604960	-95.645734	95.715147	100.000000	8.315286	-98.807619
-68.552758	-97.334433	97.665432	99.994388	4.783800	-99.399509
-69.055550	-97.725769	97.486207	99.992178	4.333502	-99.504197
-67.807561	-96.629267	96.577353	99.992745	6.316731	-99.108306
-65.937987	-95.560038	95.076416	99.976712	8.949963	-98.818184
-65.478025	-94.555198	94.546542	99.996324	10.146244	-98.624955
-66.424070	-95.524222	95.616161	100.000000	8.279554	-98.719260
-62.131514	-92.183497	91.824893	100.000000	15.194359	-97.804383
-66.143664	-95.106898	95.210677	99.994640	9.092654	-98.630575
-64.211080	-93.984218	93.591269	99.983677	11.920837	-98.301301
-64.563240	-94.009764	93.754423	99.974658	11.388045	-98.373090
-68.257155	-97.314868	97.064617	100.000000	5.275040	-99.317373
-65.169004	-94.619179	94.245381	99.999235	10.508165	-98.642453
-63.166342	-93.120682	92.800327	99.994985	13.439654	-98.064735
-62.354244	-92.483633	92.150473	100.000000	14.706219	-97.852811
-64.685670	-94.133997	93.853546	99.986665	11.008057	-98.363116
-65.099044	-94.592725	94.206671	99.993192	10.450360	-98.381927
-65.548952	-94.954275	94.681073	100.000000	9.855837	-98.416735
83.153224	98.610206	-97.675209	-55.000700	-3.397094	99.528830
-63.323539	-93.056297	92.901574	99.987719	13.255020	-97.963197
-66.871639	-96.052931	95.747870	99.990125	8.104747	-98.915066
-65.941233	-95.462251	95.151944	100.000000	9.073561	-98.701000
-65.540406	-94.928703	94.613040	100.000000	9.842098	-98.555440
-67.866628	-96.726922	96.502817	100.000000	6.561689	-98.936020
-63.348908	-93.096319	92.805405	100.000000	13.468757	-98.018459
-64.404097	-94.106681	93.855933	99.992280	11.501688	-98.207727
-65.681794	-94.970287	94.757917	99.990904	9.724742	-98.433003
-62.460030	-92.507980	92.277927	100.000000	14.479783	-97.803560
-61.027845	-91.306598	91.033060	99.995994	16.771934	-97.572736
-62.393501	-92.236133	92.163631	100.000000	14.832134	-97.952418
-64.131160	-93.868489	93.599410	100.000000	11.988002	-98.194459
-63.946196	-93.912669	93.584116	99.988947	12.079687	-98.241853
-63.066422	-93.025636	92.823563	100.000000	13.522990	-98.005638
-66.429050	-95.742740	95.404155	99.997443	8.410352	-98.773399
-64.181560	-93.761218	93.424554	99.987735	12.042192	-98.275697
-67.115519	-96.155074	95.922268	99.997580	7.657295	-99.050915
-64.520232	-94.171391	93.963262	100.000000	11.415828	-98.365892
-64.083741	-93.635321	93.307110	99.997063	12.451493	-98.113308
-67.443078	-96.504622	96.455963	99.985017	6.863945	-98.986770
-66.690715	-95.665416	95.638556	99.990092	8.369398	-98.613778
-64.819896	-94.038546	94.054808	99.998648	11.305027	-98.201265
-64.300214	-93.967310	93.665729	100.000000	11.669423	-98.255958
-64.459934	-94.121875	93.904131	99.997361	11.513923	-98.373784
-62.792623	-92.586344	92.376552	100.000000	14.186185	-97.960486
-63.327189	-93.070377	92.896485	100.000000	13.265902	-98.054462
-68.985817	-97.339118	97.847339	99.998769	3.797434	-99.365137
-65.453318	-95.123110	94.575524	100.000000	9.828340	-98.587167
-65.950072	-95.500442	95.339256	100.000000	9.077132	-98.522961
-63.637851	-93.510298	93.345383	99.997481	12.625140	-98.068992
-63.290350	-93.078781	92.901925	100.000000	13.423755	-97.932015
-66.127388	-95.367582	95.022686	99.993840	9.105626	-98.677424
-63.702549	-93.315472	93.094948	99.981505	12.534294	-98.078856
-61.865394	-91.802665	91.599929	100.000000	15.660601	-97.602304
-64.563447	-94.250259	94.019042	99.999853	11.282369	-98.347439
-66.121900	-95.387617	95.229867	100.000000	9.073723	-98.494037
-76.078988	-99.986087	100.000000	85.032534	0.066667	-99.995034
-64.107413	-93.759560	93.560696	100.000000	12.124462	-98.241365
-65.416944	-94.696213	94.761317	99.984916	9.955213	-98.475196
-69.946984	-98.288043	97.920673	100.000000	3.059707	-100.000000
-69.456161	-97.847879	97.188671	99.995698	4.471757	-99.393190
-64.751598	-94.348128	94.039264	99.987457	10.942990	-98.517274
-62.914762	-92.834981	92.512841	99.992261	13.968534	-97.784113
-66.102465	-95.436812	95.320572	100.000000	8.891562	-98.629670
-65.778136	-95.215209	95.108488	100.000000	9.261643	-98.594076
-65.159503	-94.607936	94.338056	100.000000	10.292006	-98.568917
-63.441327	-93.155932	92.953129	99.989654	13.052973	-98.059876
-67.579994	-96.802229	96.398657	100.000000	6.856931	-99.055813
-67.251386	-96.253779	95.877430	100.000000	7.241385	-99.193086
-64.639819	-94.305158	93.914576	100.000000	11.353980	-98.464191
-66.132451	-95.371160	95.314191	99.999472	8.808791	-98.638958
-68.346891	-96.951655	96.706216	100.000000	6.067734	-99.042272
-63.321037	-93.350164	93.021395	100.000000	13.142303	-98.093894
-63.154160	-92.938877	92.695775	99.987174	13.579557	-97.968373
-61.821660	-92.139786	91.607928	99.982894	15.433792	-97.721602
-65.899935	-95.525724	95.154672	100.000000	8.657845	-98.885255
-63.909272	-93.594531	93.279024	99.991675	12.240573	-98.168282
-63.606820	-93.365136	93.048889	99.989988	12.928429	-98.016761
-63.689288	-93.378413	93.115481	99.993149	12.648151	-98.092049
-67.300017	-96.315584	96.152398	99.999576	7.416792	-98.898483
-66.387493	-95.523555	95.450005	100.000000	8.679116	-98.543232
-64.670936	-94.158911	93.958917	99.991769	11.233192	-98.296831
-63.933514	-93.586207	93.407520	99.998374	12.393683	-98.125869
-69.347522	-97.626347	97.973270	100.000000	4.040531	-99.216687
-66.190413	-95.577421	95.215191	99.998049	8.921365	-98.535445
-66.730437	-96.009098	95.531394	100.000000	8.134665	-98.921740
-66.210027	-95.558829	95.325995	99.987688	8.993646	-98.692487
-69.380891	-97.778554	98.004271	99.984053	3.602708	-99.371561
-65.361743	-94.964084	94.428923	99.987396	9.953687	-98.667566
-65.266543	-94.609555	94.580177	100.000000	10.201407	-98.510953
-64.128572	-93.762857	93.436532	99.992087	12.183346	-98.232105
-67.412325	-96.356172	96.426149	100.000000	6.840571	-98.979966
-68.375941	-97.172542	96.987848	99.995343	5.109708	-99.262248
-64.418762	-93.966216	93.846487	100.000000	11.614097	-98.311651
-60.513196	-91.110932	90.609513	100.000000	17.582787	-97.406890
-65.566230	-95.125568	94.805795	99.992742	9.421397	-98.669330
-64.698118	-94.253497	94.030868	100.000000	11.280885	-98.414577
-72.014874	-99.999920	99.980618	99.595980	-0.003295	-99.978689
-64.555856	-94.200588	93.877052	99.996434	11.153819	-98.296444
-62.402797	-92.390912	92.207851	99.997438	14.683513	-97.788921
-65.819062	-95.133194	94.765184	99.991522	9.527563	-98.669433
-65.123998	-94.555722	94.290844	100.000000	10.393179	-98.596178
-65.816244	-95.339017	94.944351	100.000000	9.068910	-98.565156
-64.966386	-94.378271	94.275188	100.000000	10.758167	-98.374201
-64.208826	-93.909293	93.450895	99.997848	11.794759	-98.348157
-67.042265	-96.107199	95.833680	99.988217	7.602751	-99.022858
-66.003030	-95.392016	95.283163	100.000000	8.861998	-98.707559
-63.781138	-93.534522	93.330732	99.995645	12.524147	-98.157627
-68.322029	-97.120178	97.074618	100.000000	5.089299	-99.169399
-67.252975	-96.501376	96.393446	99.989958	6.806233	-98.980778
-64.515582	-94.187172	93.885559	100.000000	11.148916	-98.438844
-66.168026	-95.449691	95.306338	99.982718	8.755454	-98.720951
-62.172749	-92.396266	91.932604	99.995417	14.892596	-97.944840
-66.362718	-95.749006	95.451583	100.000000	8.340124	-98.686917
68.910197	97.682263	-97.627452	-100.000000	-4.115114	99.101765
-63.797054	-93.440922	93.197731	99.992788	12.556978	-98.085788
-64.660372	-94.205232	94.036161	100.000000	11.008896	-98.551316
-65.083923	-94.831155	94.451479	99.977020	10.345028	-98.461567
-66.045415	-95.407885	95.128376	99.981097	9.206151	-98.434129
-64.227836	-93.879442	93.747901	99.993656	11.762374	-98.279748
-68.011911	-96.641759	96.517978	99.978488	6.310368	-99.077652
-65.443257	-94.948223	94.741778	99.990650	9.851354	-98.614855
-64.141228	-93.776558	93.373463	99.994620	12.151937	-98.170137
-63.799304	-93.550765	93.396633	100.000000	12.237050	-98.265528
68.212983	97.158329	-96.908091	-99.998932	-5.718741	99.361775
-77.245899	-99.989843	99.983103	84.176839	-0.534787	-99.999983
-64.914878	-94.351585	94.053648	99.996794	10.934949	-98.416839
-64.790218	-94.508662	94.217077	99.996091	10.887191	-98.321880
-67.760967	-96.575391	96.282801	99.986253	6.822580	-98.762284
-67.323577	-96.372290	95.903874	99.994791	7.249491	-99.013730
-65.150745	-94.631954	94.437763	100.000000	10.442916	-98.475790
-65.713260	-95.164569	94.706627	100.000000	9.321459	-98.669425
-66.680344	-95.788595	95.540772	99.990912	8.384952	-98.805265
-67.870699	-96.601856	96.657871	100.000000	6.452522	-98.947494
-64.943088	-94.497391	94.360043	100.000000	10.729866	-98.404376
-65.038516	-94.701960	94.356008	99.987761	10.777844	-98.405280
-64.749890	-94.304271	94.060564	100.000000	11.024037	-98.321002
-65.930060	-95.399859	95.000869	99.996182	9.572843	-98.644095
-66.314128	-95.731715	95.628900	100.000000	8.245920	-98.822355
-63.438198	-93.214402	92.849539	99.983926	13.112897	-98.085681
-65.156196	-94.894584	94.384340	100.000000	10.124208	-98.448037
-64.000972	-93.898334	93.692719	100.000000	11.862137	-98.368542
-65.665894	-95.103350	94.881534	99.981004	9.429220	-98.509839
-65.849710	-95.359469	94.878274	100.000000	9.420973	-98.613900
-64.961149	-94.364278	94.243444	100.000000	10.716277	-98.342888
-67.443814	-96.394515	96.335846	99.993373	6.837402	-98.909695
-63.857730	-93.784174	93.526579	99.997186	12.311337	-98.028080
-64.162562	-93.774045	93.535046	99.998191	11.780081	-98.182330
-65.670439	-95.029405	94.632216	99.992829	9.780383	-98.732192
-64.308447	-93.888254	93.609835	99.991577	11.918793	-98.200998
-65.135414	-94.676835	94.384024	100.000000	10.450648	-98.427522
-64.794269	-94.207407	94.216057	100.000000	11.053669	-98.387168
-64.510190	-93.999009	93.921636	100.000000	11.691603	-98.186855
-66.440256	-95.977072	95.534671	99.980528	8.502669	-98.803164
-66.332398	-95.531431	95.457733	99.996109	8.649685	-98.922529
-64.460721	-94.007664	93.657820	99.992160	11.465707	-98.225610
-64.208353	-93.758464	93.726893	100.000000	11.912238	-98.316048
-66.509849	-95.649107	95.596255	100.000000	8.425914	-98.681773
-65.408272	-94.830433	94.572951	99.997102	10.227435	-98.514373
-63.368711	-93.210758	92.958685	100.000000	13.254073	-98.078276
-66.673286	-95.570324	95.509739	99.989660	8.437634	-98.715047
-67.358178	-96.700866	96.556967	100.000000	6.664776	-99.080301
-63.842575	-93.620374	93.486711	99.979227	12.263608	-98.096113
-66.008717	-95.161180	95.076019	99.980968	9.306255	-98.693799
-66.921083	-95.800137	95.849777	99.993471	7.783043	-98.711281
-62.342259	-92.424119	92.064694	99.992063	14.683047	-97.749665
-67.422578	-96.658798	96.250683	100.000000	6.538081	-98.858316
-63.623448	-93.584463	93.228511	99.978026	12.802531	-98.129502
66.711925	95.880197	-95.708759	-99.987029	-7.944332	98.580140
-63.988450	-93.938304	93.533614	99.995993	11.932321	-98.214484
-62.031773	-92.128342	91.911339	100.000000	15.079324	-97.885719
-64.682723	-94.135838	94.064786	99.997761	11.174086	-98.379208
-64.411229	-94.195230	93.937109	100.000000	11.562208	-98.276963
-64.807359	-94.352916	94.111349	100.000000	10.891549	-98.502005
-63.976695	-93.703675	93.395814	100.000000	12.202970	-98.178538
-64.455124	-94.074911	93.746344	99.989962	11.471486	-98.335110
-63.915462	-93.655962	93.492058	100.000000	12.206717	-98.168098
68.031921	96.347759	-96.576186	-100.000000	-6.018251	99.042836
-64.791763	-94.344388	94.249953	99.998389	11.157963	-98.178136
-64.813345	-94.324014	94.142518	100.000000	10.954882	-98.323614
-65.074499	-94.588055	94.371595	100.000000	10.440579	-98.310693
-63.751901	-93.454228	93.293282	100.000000	12.625890	-98.116142
-63.830933	-93.555212	93.165885	99.993613	12.578034	-98.218397
-64.932556	-94.352902	94.331109	99.996922	10.523871	-98.533821
-66.318718	-95.519272	95.502930	100.000000	8.641351	-98.788847
-66.655420	-95.630783	95.413843	100.000000	8.505496	-98.889069
-64.390363	-94.043400	93.686576	99.996613	11.657378	-98.151697
-65.943293	-94.965449	94.871582	99.991878	9.277776	-98.478854
-63.063048	-92.909151	92.742496	100.000000	13.615206	-97.992487
-63.423028	-93.085530	92.951215	100.000000	13.361948	-98.178739
-66.869530	-95.825119	95.800143	100.000000	7.957321	-98.826989
-64.215323	-93.862694	93.773594	100.000000	12.028206	-98.182757
-63.848058	-93.474677	93.254338	99.995577	12.579467	-98.189927
-66.061354	-95.373903	95.024067	100.000000	9.070486	-98.639329
-63.397499	-93.151796	93.063750	100.000000	12.929436	-98.246627
-64.041633	-93.660161	93.514652	99.991895	12.128042	-98.244663
-65.106249	-94.446746	94.274890	100.000000	10.609712	-98.570694
-66.996668	-95.946228	95.673222	100.000000	8.013101	-98.860202
-67.172885	-96.270414	96.263073	100.000000	7.337583	-98.931049
-69.935938	-98.375400	98.489973	99.996034	2.919816	-99.373881
-65.368007	-94.652802	94.463311	100.000000	10.199485	-98.521855
-64.716955	-94.223572	93.983875	99.987503	11.342433	-98.407039
-64.742753	-94.291971	94.085704	99.992253	10.921143	-98.341647
68.729230	97.322249	-97.066222	-100.000000	-4.433263	99.561103
-66.364065	-95.928314	95.743030	100.000000	8.455519	-98.776894
-64.733374	-94.511886	93.968273	99.996469	10.942473	-98.341219
-65.877418	-95.405635	95.040943	100.000000	9.077911	-98.518270
-64.712854	-94.275898	93.975662	100.000000	10.825946	-98.503123
-62.160029	-92.405634	92.079177	99.994395	14.861303	-97.915372
-64.908851	-94.602327	94.148593	100.000000	10.780962	-98.431387
-62.560667	-92.692357	92.273256	99.975915	14.399068	-97.763149
-66.181116	-95.450087	95.094634	99.995275	8.776838	-98.731727
-64.919928	-94.542313	94.446049	100.000000	10.518762	-98.597654
-65.871298	-95.151465	94.973477	100.000000	9.415140	-98.513287
-66.917495	-95.942126	95.847517	100.000000	7.650416	-98.901824
-66.697808	-95.853393	95.477827	99.993432	7.960230	-98.682806
-65.139952	-94.586514	94.281699	99.996657	10.406829	-98.450852
-66.849919	-96.024014	95.588363	100.000000	7.748390	-98.954798
-63.527134	-93.425729	93.095187	100.000000	12.941545	-98.012419
-64.761323	-94.284131	94.160497	100.000000	11.191486	-98.168253
-68.850824	-97.263868	97.355527	99.996983	5.161951	-98.838182
-65.125420	-94.466821	94.194552	100.000000	10.710184	-98.441380
-62.920206	-92.824725	92.530940	100.000000	13.816782	-98.003426
-62.842055	-92.690669	92.567153	99.996201	13.965119	-98.048036
-63.507357	-93.334141	92.949331	100.000000	13.060542	-98.040978
-65.515944	-94.837886	94.640044	99.995491	10.014547	-98.507316
-60.965046	-91.242187	90.976708	100.000000	16.858466	-97.579658
-65.854003	-94.978384	94.774963	99.998535	9.565615	-98.649110
-65.487182	-94.826347	94.627457	100.000000	10.059095	-98.570566
-64.863922	-94.467736	94.167633	100.000000	10.922282	-98.370084
-66.711234	-95.810608	95.635553	99.995005	7.805224	-98.941436
-63.734138	-93.577284	93.232698	99.981268	12.762435	-98.060878
-68.511046	-97.225912	96.727390	99.989179	5.020657	-99.465982
-66.428804	-95.702881	95.623825	100.000000	8.266209	-98.661903
-63.184735	-93.153859	92.762954	100.000000	13.296631	-97.976416
-65.604055	-95.179685	95.163736	99.992217	9.426729	-98.723656
-66.354866	-95.708023	95.439231	99.999693	8.402569	-98.597746
-65.435412	-94.881272	94.795916	99.990018	9.927066	-98.696338
-65.338021	-94.691899	94.374778	100.000000	10.633216	-98.462476
-64.791031	-94.308810	94.342045	100.000000	10.842898	-98.463949
-65.362757	-94.972558	94.582963	100.000000	10.067936	-98.298851
-68.625939	-97.426207	97.606140	99.997283	4.641590	-98.968090
-70.290135	-98.380970	98.998430	99.992911	2.191283	-99.360590
67.260793	96.554253	-96.366556	-100.000000	-6.754553	99.173712
-64.219387	-93.984686	93.480950	99.992552	11.983898	-98.221748
-61.095966	-91.486978	91.173166	99.998338	16.446452	-97.595233
-66.338355	-95.898659	95.514166	99.999465	8.024321	-98.961355
-68.966021	-97.469191	97.050475	99.996132	4.953347	-99.504166
-65.326217	-94.880087	94.557403	99.993579	10.146735	-98.577318
-64.204956	-93.752099	93.716990	100.000000	12.027904	-98.286523
-64.071426	-93.903099	93.438465	99.998390	12.179473	-98.103900
-66.184699	-95.455351	95.197114	99.986877	8.958052	-98.783365
-64.893086	-94.550794	94.122426	99.994109	10.577819	-98.463058
-64.673818	-94.372922	93.990548	100.000000	10.809528	-98.494335
-67.223840	-96.120805	96.044680	99.998765	7.652338	-98.956666
-62.344840	-92.351676	92.061265	100.000000	14.859222	-97.732214
-67.681688	-96.763201	96.829590	100.000000	6.588412	-98.785411
-65.265645	-94.826920	94.743862	99.994542	9.914782	-98.629286
-62.804348	-92.799476	92.561157	100.000000	13.998245	-97.923430
-64.405430	-94.106237	94.038909	99.989479	11.384478	-98.375438
-64.825369	-94.376613	94.073444	99.995771	10.882116	-98.505669
-64.915648	-94.400095	93.991721	99.998380	10.738938	-98.395465
-65.517887	-94.971534	94.823987	99.991187	9.512734	-98.548298
-65.352950	-94.675320	94.508290	100.000000	10.061688	-98.565429
-61.170322	-91.554788	91.157406	100.000000	16.572519	-97.518888
-64.845826	-94.318172	94.117515	99.977772	11.078393	-98.298143
-68.563395	-97.206031	97.504885	99.985099	4.744216	-99.216413
-67.597047	-96.321083	96.631963	99.996713	6.419660	-98.915258
-67.866903	-96.865691	96.806637	100.000000	6.158971	-99.026423
-66.172612	-95.206570	95.033424	99.985152	8.825436	-98.629485
-75.171413	-99.972951	99.997934	88.156566	-0.010589	-99.996546
-65.785172	-95.177935	94.878700	99.985196	9.535351	-98.686151
-65.176398	-94.677265	94.329545	100.000000	10.469311	-98.446662
-66.152881	-95.536645	95.397869	99.981445	8.835164	-98.856416
-63.667357	-93.646045	93.171453	99.994675	12.527621	-98.244894
-65.349351	-94.777750	94.395947	100.000000	10.211638	-98.402164
-66.267807	-95.569081	95.329383	100.000000	8.713165	-98.748659
-68.301252	-97.042778	96.989106	100.000000	5.608008	-99.562586
-63.612267	-93.339201	93.043532	100.000000	12.969207	-97.990857
-66.445918	-95.558360	95.408283	100.000000	8.252122	-98.536598
-65.370477	-94.746250	94.390803	99.974172	10.095516	-98.673496
-65.172334	-94.766903	94.486111	99.998529	10.281337	-98.376383
-63.970849	-93.877725	93.391948	99.998409	12.158525	-98.234582
-63.568567	-93.403540	93.088774	99.997753	12.675524	-98.243620
-65.658813	-95.033025	94.786333	99.990543	9.557735	-98.727496
-63.689696	-93.733929	93.411817	99.998930	12.629980	-98.117497
-64.956792	-94.504317	94.369224	99.986980	10.643008	-98.491051
-64.603704	-94.092374	93.812822	100.000000	11.655960	-98.173338
-63.688472	-93.524435	93.432202	99.985013	12.661219	-98.190609
-61.318093	-91.649881	91.313357	99.985742	16.371554	-97.523471
-65.618111	-95.050060	94.653832	100.000000	9.511975	-98.651470
-65.059443	-94.628796	94.404525	99.980706	10.387656	-98.570178
-64.419132	-94.012615	93.585547	100.000000	11.562107	-98.222672
-72.403745	-99.990099	99.996736	99.006977	-0.257507	-100.000000
-66.526510	-95.592145	95.276954	100.000000	8.463162	-98.680695
-71.999159	-99.996939	99.952624	99.754058	-0.015582	-99.991447
-67.568615	-96.518560	96.393770	100.000000	6.578199	-99.383965
-62.919678	-92.975671	92.521261	100.000000	13.700105	-98.006004
-65.179831	-94.767630	94.386875	99.996177	10.110645	-98.348361
-65.395479	-94.774466	94.525987	99.990307	9.602318	-98.602159
-63.215194	-93.297591	92.842957	100.000000	13.118128	-98.103787
-68.147100	-97.058597	96.971306	99.983744	6.016132	-99.050615
-66.927458	-96.326524	96.117827	100.000000	7.295506	-98.929171
-72.382004	-100.000000	99.995757	98.452494	-0.165187	-99.803626
-63.909484	-93.524989	93.446134	100.000000	12.247241	-98.192649
-65.186016	-94.705371	94.361104	100.000000	10.067079	-98.437581
-63.800255	-93.556836	93.258426	99.990255	12.646201	-97.957310
-64.196452	-93.806400	93.617430	99.995982	12.044296	-98.119300
-68.426122	-97.129152	97.003313	99.988464	5.760744	-99.027961
-63.068724	-92.877603	92.601210	99.988135	13.863618	-98.175364
-65.151267	-94.810529	94.544667	99.997897	10.163772	-98.262168
-62.941048	-92.834036	92.442388	100.000000	13.775249	-98.002184
-65.814264	-95.050821	94.894541	99.987763	9.597128	-98.693716
-66.351919	-95.601621	95.581133	99.988854	8.324659	-98.703904
-67.320260	-96.350435	95.974767	100.000000	7.247133	-98.895774
-65.239053	-94.626599	94.605731	99.996122	10.262149	-98.635031
-65.811475	-95.254511	94.915731	99.985410	9.346062	-98.649206
-62.239427	-92.297802	91.825798	100.000000	14.910535	-97.759653
-65.992641	-95.350445	94.919453	100.000000	9.335206	-98.631890
-63.717731	-93.321962	93.078326	100.000000	12.655065	-98.203524
-67.249659	-96.649012	96.142112	99.980912	7.376825	-98.839745
-64.744373	-94.459334	94.129491	99.989908	10.754412	-98.460883
-65.496340	-95.191739	94.740897	99.992253	9.852735	-98.801536
-66.265253	-95.332587	95.282738	99.988382	8.623442	-98.814777
-61.362193	-91.603812	91.236756	99.990795	16.312810	-97.613341
-64.775010	-94.375978	94.232742	99.998873	11.072093	-98.283557
-63.724026	-93.453817	93.147854	99.995229	12.725148	-98.117878
-67.140162	-96.292986	95.833403	99.985709	7.678763	-98.702218
-65.644783	-95.156785	94.920752	100.000000	9.639271	-98.649177
-62.080098	-92.165459	91.743879	99.994851	15.339504	-97.732050
-64.636147	-94.517659	94.268344	100.000000	10.720290	-98.439813
-68.244127	-97.120007	96.637781	100.000000	6.021687	-98.947882
-66.046272	-95.464218	95.327719	100.000000	8.713007	-98.848871
-64.339632	-93.995416	93.713423	100.000000	11.607380	-98.325667
-64.187713	-93.806275	93.553318	99.996488	11.971325	-98.312442
-66.204929	-95.527361	95.352586	99.989685	8.763193	-98.696191
-63.992493	-93.730920	93.442922	100.000000	11.983862	-98.401554
-65.109535	-94.545133	94.296439	100.000000	10.625877	-98.472481
-66.804177	-95.995453	95.586796	100.000000	7.741871	-98.776524
-64.715828	-94.124888	94.049226	100.000000	11.150791	-98.456684
-66.882834	-96.008032	95.841497	100.000000	7.813496	-98.645216
67.059572	96.015185	-96.215514	-99.997031	-7.722931	98.694855
-65.894005	-95.102593	94.856257	100.000000	9.612687	-98.568027
-64.083326	-93.828079	93.518674	99.993746	11.954330	-98.400095
-65.683528	-95.238609	94.921236	100.000000	9.293054	-98.679876
-66.655825	-95.691733	95.432956	100.000000	8.164232	-98.889768
-67.425966	-96.519539	96.339388	99.996834	6.706531	-99.005849
-63.275331	-93.133305	92.823704	99.980591	13.450157	-97.955827
-63.806397	-93.551409	93.126278	99.992679	12.385755	-98.061968
-65.116403	-94.762352	94.736959	100.000000	10.161298	-98.332971
-65.905793	-95.379919	95.094140	100.000000	8.903289	-98.596294
-67.330414	-96.324160	95.985631	100.000000	7.246475	-99.022924
-67.272222	-96.085956	95.845000	99.994434	7.595288	-99.118113
-64.506449	-94.086159	93.615328	100.000000	11.572142	-98.472449
-65.506224	-94.994564	94.632807	99.998813	10.149495	-98.523602
-66.520410	-95.612948	95.392455	100.000000	8.531901	-98.826143
-65.993389	-95.253493	95.286742	99.998568	9.183108	-98.582167
-62.809310	-92.722950	92.418514	100.000000	14.126403	-97.880648
-62.349493	-92.519252	92.031739	99.985740	14.876008	-97.785471
-67.716304	-96.711858	96.668684	100.000000	6.388824	-99.249994
-65.457936	-94.997430	94.783414	99.995662	9.841078	-98.654673
-65.539554	-95.050374	94.966690	100.000000	9.594715	-98.516205
-66.463546	-95.854430	95.541659	100.000000	8.035913	-98.965611
-63.932831	-93.780909	93.548176	99.994437	12.149230	-98.217835
-64.268425	-93.873205	93.664016	99.990093	11.779676	-98.311775
-66.927132	-96.207904	95.858258	100.000000	7.301264	-98.995325
-64.689748	-94.176628	93.995225	100.000000	11.056089	-98.473346
-65.017288	-94.482954	94.214886	99.990839	10.865566	-98.500167
-62.915525	-92.737942	92.537059	100.000000	13.885347	-97.946653
-65.123989	-94.600886	94.351753	99.983431	10.235020	-98.455804
-64.644256	-94.292824	94.191587	99.999148	11.136393	-98.379907
-64.159755	-93.880790	93.531536	100.000000	11.956380	-98.259284
-62.133062	-92.093609	91.893891	99.987100	15.024534	-97.799639
-67.321065	-96.202130	96.231425	100.000000	7.444339	-98.870576
-64.816120	-94.380328	94.145958	100.000000	10.863448	-98.299256
-62.281244	-92.592993	92.163874	99.990005	14.774118	-97.848150
-62.739369	-92.764447	92.493498	100.000000	13.970564	-98.019749
-66.067554	-95.351396	95.136903	100.000000	9.130665	-98.608794
-63.152515	-93.026214	92.863908	99.995140	13.326040	-98.117717
-64.094775	-94.001709	93.704853	99.985421	12.035024	-98.084229
-64.489101	-94.273932	94.068083	100.000000	10.969090	-98.443486
-62.039581	-92.249303	91.793306	99.996453	15.101841	-97.863382
-65.551461	-94.844236	94.689316	100.000000	9.565960	-98.471158
-67.220415	-96.378795	96.219428	100.000000	7.004707	-99.256668
-66.632561	-96.046881	95.750119	100.000000	8.007818	-98.858400
-64.070690	-93.759043	93.465977	99.992692	12.057855	-98.171851
