-92.466616	-8.894066	33.579343	47.539396	15.750066	9.085176
-100.000000	-8.386334	33.855134	48.207324	16.012533	9.539354
-13.454628	-7.952481	34.515587	46.962766	18.004612	9.433754
-66.743647	-7.954169	35.976326	47.878909	18.360308	9.035800
-71.646410	-8.814598	36.976344	48.835798	16.834679	9.662425
-11.608219	-9.203762	35.010626	48.691097	16.984410	9.685868
-41.012685	-8.631959	36.051393	49.675708	16.352320	9.141786
-71.042186	-8.165847	36.215555	49.558932	17.658703	9.861524
-41.560602	-8.605141	35.332559	49.456316	16.810157	9.614122
0.104409	2.031942	17.891340	25.460580	9.793784	10.576353
-40.987186	-8.005671	36.007225	49.121902	16.195324	8.990450
-12.053603	-9.123303	34.990657	48.538840	15.881868	10.400375
0.143646	1.757162	17.894733	24.306551	9.101420	10.268637
-12.702639	-8.136967	35.221909	47.668334	16.181990	10.227814
-13.063309	-9.798585	35.332149	49.219565	14.937299	9.544068
-67.207239	-7.152386	35.135153	47.838155	17.250050	8.621861
-12.440872	-9.057659	34.507021	48.750565	15.819339	10.111467
-13.346936	-8.575178	36.369578	49.739071	16.559341	9.731930
-94.751669	-9.172451	35.208430	48.881991	17.710443	9.192722
-13.104721	-9.403605	34.580107	48.124667	17.004153	9.366148
-13.017309	-9.000200	35.166000	48.427448	17.282890	10.197511
-13.037280	-8.571573	35.583186	49.431648	17.179642	9.627769
-97.020462	-7.973257	35.577773	49.162736	17.692436	10.189234
-13.762532	-8.934323	36.022487	50.198611	17.365397	9.948592
0.151915	1.848039	18.395055	23.331347	9.502602	10.302315
-12.598773	-8.644472	35.344385	48.914851	17.068992	9.871878
-42.365754	-8.599573	34.845447	49.424671	17.848700	10.154227
-40.348035	-7.944580	34.265793	48.124753	16.348943	10.524511
-12.944101	-8.379280	34.826984	49.791196	15.602587	11.149313
-39.201581	-8.862653	36.103146	48.909547	16.383338	8.759399
-12.238679	-7.567976	35.033252	48.726418	17.784245	10.165169
-39.408283	-8.798159	34.918380	49.014874	15.919673	10.153097
-12.495654	-9.157518	35.432073	48.635263	15.137015	9.780972
-68.115087	-8.076411	35.189891	47.614581	17.951185	10.767672
-70.081858	-7.913921	35.313721	49.551301	16.616627	9.293518
-69.549852	-9.348324	35.155464	50.419327	16.730405	9.379051
-14.109012	-9.404094	35.044238	48.825670	15.700597	9.910970
-100.000000	-9.355195	33.859108	48.585495	15.762840	9.707494
-40.304823	-8.196236	36.900917	48.744905	16.348752	9.699474
0.236397	1.440812	17.904957	24.434126	10.273855	10.350409
-11.847608	-7.440683	33.683684	46.747066	14.552742	9.896505
-100.000000	-9.021274	35.859918	47.661266	16.922836	8.469934
-40.683516	-8.655417	34.512964	48.842034	17.460218	10.509261
-62.251880	-8.301682	31.861290	46.898386	14.407520	9.497840
-69.534017	-8.586281	35.806349	50.005001	15.608217	10.353352
-41.479691	-8.950054	35.833570	50.404097	16.388143	9.983649
-13.588835	-8.886552	34.660063	48.982618	19.034917	9.168349
-68.381341	-8.838317	35.409016	49.778947	17.109832	9.422554
-69.403997	-8.044807	36.250532	48.508326	16.219302	8.755559
-41.343642	-8.061247	33.791878	49.194397	17.450127	10.017614
-64.501781	-8.489038	35.708674	47.666221	15.251142	10.163698
-11.617065	-8.920589	35.475301	46.795995	15.052028	10.595364
-42.799966	-9.647056	36.294871	51.779961	16.814813	10.430106
-67.769162	-9.239249	36.610725	48.180024	16.908076	8.751165
-12.543822	-8.268953	34.377046	47.940714	15.944834	10.007867
-12.414531	-8.513720	36.191958	48.297674	16.666734	9.515062
-12.069039	-8.257011	35.498256	50.062327	16.284100	10.340449
-40.725749	-8.202490	34.235840	49.774459	18.299954	9.772515
-98.977895	-8.045490	36.127391	49.845086	16.467572	9.940256
-66.033446	-7.407428	34.493759	48.152246	16.131818	10.522563
-14.242056	-9.261208	35.271190	49.462471	16.841881	10.023464
-13.454159	-7.628619	35.672885	48.798895	15.725475	9.285655
-13.608422	-7.095014	35.034506	49.311289	16.545397	9.542369
-14.533182	-8.522513	35.480010	48.188737	16.427850	9.026409
-13.002316	-8.158161	34.523981	48.895317	16.228690	10.321850
-100.000000	-8.976149	36.368320	51.945876	17.378025	9.603770
-36.684584	-8.183410	34.466592	46.547843	14.382416	9.844730
-70.103221	-8.149488	35.624632	49.391971	16.875593	9.324481
-12.545648	-9.077929	33.952516	48.653112	15.982661	9.852412
0.326923	2.061553	17.742536	24.309174	9.760402	9.424440
-40.284925	-8.059788	35.389360	48.077719	17.006945	9.917733
-12.958116	-8.570660	34.192077	47.959782	14.898950	9.749178
-13.432905	-9.520729	35.534692	49.276241	16.168631	10.608835
-39.418597	-8.124719	34.079245	47.943704	16.970034	10.402159
-13.313753	-8.653139	34.762527	48.674482	17.441499	10.529364
-97.187417	-8.276560	35.352817	50.073239	15.731721	10.534431
-12.758080	-8.445134	35.697156	49.423169	18.192842	9.893885
-98.177149	-9.510348	36.236026	49.759195	15.055619	9.602639
-93.314771	-7.852699	35.349386	48.602894	15.785366	10.554030
-97.189990	-8.823819	35.934156	50.167718	14.700028	9.925236
0.091815	2.047120	18.099089	24.522916	10.818111	10.391950
-66.863440	-8.745553	33.870238	47.933863	15.453524	10.162284
0.026471	2.056705	17.479717	23.666241	10.446546	10.602226
0.374938	1.989795	17.514085	23.586322	10.160838	10.218913
0.187870	1.578262	18.171805	25.879940	9.703573	10.041385
-0.009143	1.561178	18.298930	24.972403	10.088660	9.816174
-12.411735	-8.061399	33.728912	47.440262	16.844315	9.825640
-12.226148	-7.846606	34.536180	47.463632	17.038532	9.504730
-12.844799	-7.365958	35.527387	48.927901	17.294726	9.925635
-41.881430	-8.661988	36.206097	49.948864	16.924297	9.579402
-99.156446	-8.670449	36.272893	50.282290	16.685322	10.138548
-14.152639	-8.575066	34.603459	50.006255	16.620530	9.398035
-13.330879	-9.316404	34.371487	48.516265	15.751377	10.714672
-11.951191	-8.818286	34.679655	48.290099	16.428758	9.349916
-67.685893	-7.952293	35.549344	48.642608	16.623486	9.951831
-40.229242	-8.307065	35.449503	48.255505	17.965119	9.525062
-12.606418	-7.496991	35.490413	48.439382	18.218277	9.836166
-67.815769	-8.895103	34.425950	49.561816	17.385834	9.958233
-37.903397	-8.228597	33.766313	47.305167	15.132990	9.600927
-12.157629	-9.277948	34.894317	48.856974	15.288337	10.271495
-37.920226	-7.888101	33.097054	46.913439	14.456744	9.241590
-68.530936	-8.197705	34.721525	48.861754	15.624961	9.844386
-40.236263	-7.964257	35.135562	48.035398	16.634410	9.894065
-13.915124	-8.744181	34.553425	48.108228	15.697416	10.660372
-13.578016	-8.140653	35.539508	50.095180	16.425597	10.285938
-12.137248	-8.668138	35.439957	48.411003	16.711329	10.235796
-12.808138	-8.505355	33.278767	47.303849	15.632695	10.150346
-66.485834	-8.636699	33.034847	47.584987	16.865585	9.779715
-40.398732	-7.922601	35.620441	47.949057	16.429638	9.385785
-65.914092	-8.490000	34.731521	48.786371	17.447610	10.929320
-39.994992	-8.325260	35.215222	47.817632	17.384437	10.178159
-13.272502	-8.967056	34.907658	48.771475	15.965969	9.781303
-12.568640	-9.233564	35.335786	48.641819	16.736368	9.807859
-41.224195	-9.105531	34.432433	48.918342	16.611253	10.779763
-13.656127	-9.396406	34.804983	48.202628	16.715288	10.497387
0.400998	1.659001	18.275287	25.483743	9.184422	10.099797
-12.684942	-8.042346	33.768036	46.096561	15.231482	9.875410
-12.181865	-9.608980	37.048100	50.008499	16.412439	10.190767
-12.547121	-8.579158	34.193359	48.074575	15.964221	10.106247
-12.593359	-8.589900	34.497789	49.590341	15.681578	10.161370
-70.129868	-10.506759	35.732238	49.846591	17.195904	10.215416
-66.561273	-9.186388	34.443648	48.583905	15.338146	8.773881
-41.196592	-9.360440	36.332296	50.106447	16.725888	9.577753
-13.023307	-8.483625	34.370417	47.107970	15.611868	8.964282
-13.751499	-8.612687	35.154043	49.349661	16.354714	9.675293
-92.104539	-8.437259	34.788660	47.283825	16.355457	11.601487
-12.719951	-8.992071	36.222199	49.444311	17.163166	9.560880
-13.180264	-9.598993	35.525806	49.094099	16.478843	10.177986
-97.108627	-8.842037	35.823911	50.225240	16.320677	8.727717
-41.813267	-8.239755	35.285545	49.450062	17.863305	10.073070
-41.647719	-9.075661	35.072547	48.896825	16.954939	9.331908
-40.674814	-8.981864	35.586059	48.472811	16.336349	10.039805
-41.742402	-9.548325	33.919001	48.642850	16.720449	9.005535
-65.892207	-9.776862	35.218287	48.355873	14.973198	9.831224
-67.050053	-8.308947	34.923912	47.751246	15.648847	10.563822
-13.748079	-9.271591	35.345228	49.333438	18.252190	9.699286
-11.936739	-7.876400	35.060592	48.800328	15.436048	9.379698
-12.771682	-8.041447	34.653188	48.539562	14.741406	10.688339
-13.691939	-8.030749	34.725137	48.731500	17.427609	9.654656
-98.853519	-9.435217	34.707791	50.321029	16.354007	9.263717
-11.794362	-8.030988	35.727458	48.163084	18.203371	9.722561
-12.091770	-7.694815	35.499129	48.503370	17.112325	9.971783
-99.910536	-8.964615	36.522154	50.127658	17.257312	9.257924
-13.253918	-8.558998	34.660259	47.990329	16.312570	9.643706
-11.838979	-7.741662	34.780080	48.999720	14.507994	9.337831
0.425606	1.676024	18.337385	24.133366	9.909446	10.030136
-99.988646	-7.436950	35.126103	47.565370	15.906275	10.088325
-39.627058	-8.979175	34.749065	47.097126	17.211687	10.485983
-39.688164	-8.010691	34.511000	49.534279	15.272668	8.789355
-40.654499	-9.337140	33.780384	48.406571	15.575009	8.561152
-99.931725	-8.148350	34.472494	48.409973	15.485548	9.231673
-96.338185	-8.567049	35.295967	48.202719	17.189465	9.527413
-12.770481	-8.966575	35.733943	49.377701	16.998146	10.620793
-41.123053	-7.667550	34.344645	48.222015	13.871881	9.955627
-12.290615	-9.076247	36.993989	49.564918	15.484938	9.687687
-100.000000	-8.104546	35.245080	47.802319	15.709886	8.848627
-12.360088	-8.798981	35.369109	49.975885	16.969198	10.785767
0.009668	1.457054	17.976188	25.557995	10.058998	10.363050
-69.030196	-7.289189	36.134103	49.719504	16.328411	9.349631
-99.745446	-8.163519	36.484404	51.964064	15.023190	9.553633
-13.611885	-8.817737	36.405019	49.534125	17.063383	10.389147
-12.380851	-8.722023	35.573661	50.002439	14.338002	10.048522
-71.230612	-9.213125	35.116580	50.055363	16.677684	9.821733
-13.097399	-7.967071	34.002631	49.296790	15.949477	10.520905
-11.665992	-8.846275	34.807232	48.215413	16.111827	9.531130
-11.988268	-9.022928	34.365959	47.222861	14.672886	10.676635
-14.087241	-8.037932	35.311239	47.784568	16.851582	8.780075
-95.611156	-8.800428	34.553891	48.502778	16.628679	9.094302
-12.688711	-8.174869	35.660942	48.453746	17.103738	10.391989
-12.969978	-8.412146	35.009926	49.320034	15.247139	9.880425
-12.577825	-7.318905	35.506233	47.867195	16.717639	9.518804
-93.688214	-9.190461	35.877686	50.156205	16.825234	10.329844
-11.973169	-8.537232	34.385201	48.054352	14.984887	10.012661
-69.703997	-7.712319	34.402293	49.217414	16.891163	8.790405
-42.229707	-9.116857	35.142424	49.597825	17.080744	9.805051
-13.266509	-9.048749	35.228127	48.877009	15.881771	9.643010
-39.476015	-8.306954	34.852526	48.181197	15.745662	10.303349
-11.499517	-8.559860	36.288158	48.507615	15.549438	9.553785
-12.864967	-8.684123	33.724404	48.410591	16.731536	10.023110
-66.613969	-8.549664	34.728427	49.105304	15.259508	9.725568
-66.318994	-8.387468	34.668348	47.547378	15.760067	9.545803
-41.753835	-8.558221	35.091240	49.299725	14.952403	10.525463
-38.821342	-8.444276	35.050621	48.155687	16.916562	9.887451
-11.658508	-8.365815	36.359816	49.244513	18.467760	9.611784
-68.787573	-8.918944	36.056498	47.897101	17.025977	10.604675
-13.451193	-8.054314	35.356813	49.464481	17.121889	11.310878
-66.880041	-8.428411	34.690985	48.847293	15.381136	10.376276
-10.827429	-7.739922	34.237084	46.287249	16.528786	10.319086
-14.156352	-8.880542	35.337921	48.825668	16.977464	10.112567
-67.542645	-8.834235	35.046633	49.123588	15.894322	10.541546
-13.250919	-9.006013	35.261134	48.640441	16.457795	9.451036
-41.183955	-8.463193	35.092307	48.723864	16.714989	9.592118
-12.422338	-8.345749	34.026601	47.479951	16.316862	10.698070
-11.936621	-9.449427	33.591628	48.061548	15.238538	10.553352
-70.734212	-8.647091	34.418118	50.903695	16.737039	9.698184
-41.159201	-8.040148	34.562481	48.390901	15.837116	10.004103
-37.927510	-9.406780	33.948301	47.846600	14.654898	9.101422
-12.206950	-7.717303	36.298284	49.205760	17.190427	10.328487
-13.828676	-10.070254	35.363789	49.078731	16.725144	9.246226
-12.850809	-7.188734	33.634502	47.287978	16.049142	9.524392
-12.096438	-9.676370	34.095216	48.928856	15.587468	9.931462
-100.000000	-8.238404	35.253570	47.598340	17.269261	10.049827
-42.037730	-9.170889	35.807640	50.199723	16.549828	9.440150
-41.799649	-8.861617	35.658103	50.999356	16.134865	9.997008
-13.860000	-7.620270	34.178726	48.620902	16.218141	9.536518
-41.206024	-9.164032	35.136144	49.418131	14.686144	10.297594
-13.599190	-8.502568	34.637019	48.197010	16.423830	9.955461
-12.074110	-9.493073	34.028511	46.145942	15.989193	11.007789
-42.580774	-8.636269	36.269861	50.720209	16.557528	9.875335
0.437025	1.729739	18.923838	24.679773	8.645926	10.250428
-10.782906	-8.662514	34.679781	48.353426	16.164548	9.535237
-12.519428	-7.770942	35.307888	47.904714	16.344288	10.693485
-13.257724	-8.271692	35.283274	47.927623	13.833330	10.127538
-13.432439	-7.605766	36.619805	49.008645	18.289765	10.707961
-99.948693	-8.323217	33.190557	47.925144	16.565994	10.785493
-42.450020	-8.373855	36.136188	49.595100	17.013872	10.509543
-39.958593	-8.333245	34.170742	48.998026	16.215937	10.108724
0.413086	2.070697	18.648209	24.632575	9.467060	10.264296
-92.454274	-8.183455	34.488350	47.345242	16.710675	9.615598
-13.814689	-8.220117	36.170313	50.574706	16.636461	9.367050
-40.101561	-9.658400	35.293103	48.900473	15.122126	9.764302
0.366560	2.419643	18.472281	25.621328	8.820968	10.194670
-39.430874	-7.926541	33.952275	46.116069	15.943831	9.609560
-40.665732	-7.603471	35.415771	49.907857	13.140693	9.172765
-13.167876	-7.601732	34.193178	47.599204	16.120463	10.330418
0.129369	1.595960	18.925073	25.084726	10.424978	10.007702
-68.341069	-8.535660	33.856530	47.247531	16.384219	9.720603
-12.019274	-8.998565	35.764232	48.759457	16.500146	9.608432
-41.163061	-7.317617	35.872163	50.340666	17.641093	9.840387
-13.201843	-9.004805	34.460997	48.351031	15.545319	9.595646
-12.796668	-8.606450	35.883287	48.351574	16.184754	9.750117
-12.247429	-9.067704	35.032449	48.222756	14.997564	10.452249
-65.730724	-8.764534	34.741417	48.850722	14.860078	9.973919
-12.664238	-8.842257	34.367253	49.092354	15.014609	9.766041
-39.312883	-7.901179	34.389953	48.680635	16.494500	8.867642
-12.250595	-7.760070	34.757652	47.311014	16.041815	9.281878
-13.638871	-9.312852	35.483493	49.813272	15.648006	8.979518
0.382071	1.929823	17.998604	24.400313	10.387343	10.338346
-11.780693	-8.222275	35.671563	47.303327	15.340750	10.056333
0.050895	1.786783	18.807655	24.523824	10.658788	9.010840
-41.612626	-8.170447	35.846190	48.419027	17.790200	9.357705
-12.442181	-8.526142	34.508346	47.746859	17.944117	9.171194
-15.144854	-8.647105	35.237313	49.825062	17.615444	10.242121
-69.707768	-8.584948	35.047410	49.475423	16.070294	9.514988
-13.853900	-9.378314	35.820898	49.524251	17.538660	10.457998
-67.976743	-7.819581	33.970816	47.754008	16.823690	9.566609
-12.922222	-7.662435	34.768129	47.575667	15.645627	11.096565
-12.987427	-8.849478	35.052874	49.356793	16.265920	9.712327
-67.517389	-7.955862	35.451859	49.106396	17.012913	10.642473
-40.511163	-10.884244	33.414249	49.517033	14.468509	8.994909
-12.311766	-7.705663	36.272023	47.014657	17.712716	8.847146
-12.396251	-7.997745	34.533292	48.031003	16.377069	9.574692
-100.000000	-9.098326	35.597481	49.741306	17.084464	9.096724
0.127773	1.786528	18.145366	24.537064	9.796474	10.266608
-39.488332	-8.368142	34.470354	48.672877	15.870008	9.956272
0.088774	1.548719	17.992485	24.349221	9.774902	9.979030
-12.233636	-7.413107	33.713850	47.768595	15.050693	10.064620
-13.033939	-7.715305	35.039500	47.075671	14.614272	9.835516
-13.096808	-8.843188	34.618566	47.914065	16.282274	8.874481
-40.757079	-8.231840	35.307174	50.266942	15.117631	9.381061
-0.255066	1.760179	17.347062	25.032837	9.461119	9.645788
-13.195159	-8.576492	35.401710	48.719792	16.820546	10.144370
-38.867030	-7.279827	33.767098	47.296261	14.483721	9.440058
-41.442502	-8.145516	36.150791	50.150428	15.945814	10.098235
-41.363169	-8.899219	33.817034	49.225420	16.498225	9.524608
-12.946648	-9.359801	34.693491	48.175429	15.292380	10.297284
-39.831783	-8.587020	35.532974	47.416182	17.259847	10.418789
-71.960300	-7.798353	36.124531	50.720440	17.589133	10.139789
-99.979909	-9.579021	36.922956	50.033147	18.098775	10.409883
-69.314229	-9.344730	35.831022	49.582156	16.873877	10.211439
-13.995508	-8.491990	35.314558	48.292757	16.397211	9.414148
-12.523256	-7.969598	34.307475	48.849898	15.067927	9.844607
-12.626965	-8.233353	34.644984	48.374995	15.844150	10.352055
0.207419	2.246073	18.152350	26.400764	9.299522	9.557467
0.203869	1.704294	18.243340	23.926298	9.973573	10.160221
-11.991844	-7.576610	35.167179	47.402927	16.217096	10.012590
-13.314904	-8.431538	36.977662	50.335457	18.853174	8.277267
-99.889292	-8.342333	34.705646	49.759085	17.566108	10.099921
-13.333792	-9.043810	36.472092	49.440685	16.956688	9.685353
-42.130657	-8.259085	36.033668	50.328778	16.735598	10.202092
-70.627561	-8.052683	35.330485	49.810931	18.258849	10.318953
-42.841033	-8.581394	36.474144	50.085670	17.768832	10.172896
0.497862	1.862192	17.664063	25.291909	9.835903	9.695650
-12.106351	-9.009433	33.698446	48.598245	15.998786	9.655321
-12.941260	-9.091111	35.909867	49.958354	16.686652	9.363366
-12.397521	-8.549141	35.079739	49.099027	15.629117	8.763456
-64.262880	-8.615251	33.070633	47.524432	15.246978	9.858173
-39.690125	-8.024230	34.500768	47.381048	17.105065	9.069416
-12.838486	-8.784500	34.485268	48.975542	16.151051	10.304415
-41.374164	-8.893995	35.655715	48.527263	15.401610	10.217083
-40.186171	-9.082980	36.905367	49.106750	16.852917	8.930398
-41.852457	-7.803462	34.935638	50.335061	15.598414	9.961004
-13.183147	-9.142106	36.692283	50.718255	17.133652	9.561996
-40.582121	-8.666906	35.824867	49.212625	16.744150	9.444061
-12.528051	-9.061657	34.698278	46.520429	14.362090	9.263700
-39.524701	-9.175271	34.507168	47.920786	16.074342	8.911508
-13.314092	-8.838025	33.605301	47.808075	14.865463	10.732504
-41.158934	-8.802791	36.201802	50.537694	17.303545	9.686660
0.245304	1.892195	18.829294	24.985909	9.420809	9.621023
-13.653641	-10.085186	35.635905	50.444327	18.102641	11.067436
-100.000000	-9.345251	36.130527	50.527326	16.899006	9.270242
-67.609566	-9.250623	34.303643	49.129735	16.106176	10.200755
-100.000000	-8.670556	34.251018	48.107493	16.403543	10.925506
-13.002339	-7.979759	33.757934	46.585777	15.160534	9.944929
-69.947414	-8.730265	36.126312	49.285578	17.467808	9.234235
-13.249218	-8.725215	36.683722	51.061852	16.247369	9.296833
-67.955898	-8.187691	34.358304	47.569915	16.111782	9.705998
-92.379313	-8.991728	34.306071	47.944882	13.936426	9.928169
-14.147548	-8.577315	35.815848	50.093106	15.978624	9.182403
-41.262448	-8.157141	35.396287	49.483686	16.736915	9.865018
-71.714175	-9.209297	36.117971	50.794171	17.591786	10.519899
-70.148274	-8.868678	35.674062	49.255357	16.517785	10.598763
-40.253833	-7.362675	34.958278	48.601737	15.841893	10.344818
-11.801813	-8.536947	35.100210	47.542407	17.132979	9.644489
-12.806223	-8.441645	34.784847	47.823821	15.642199	10.643156
-41.578665	-8.704956	34.071398	49.377947	17.664987	10.465334
-90.563965	-9.033624	34.909129	46.287358	15.388778	9.735931
-43.224205	-8.084544	35.900778	50.826198	18.198039	7.986367
-41.130521	-8.453295	35.307613	49.679627	17.214825	9.944173
-40.239018	-8.186392	33.936885	48.023054	16.125432	9.787221
-13.199864	-7.559278	34.312324	47.776896	17.954471	10.339545
-12.689958	-7.288376	34.648118	47.906590	16.516100	9.964585
-39.645971	-8.508008	35.717875	49.219518	16.212957	9.652274
-99.986699	-9.498857	35.986931	47.533224	17.365750	10.185557
-41.843636	-7.867236	35.190326	49.524253	16.150728	8.953344
-42.415421	-8.515786	36.797717	49.646045	17.168679	9.986622
-99.911952	-8.152303	34.216975	47.847067	14.094956	9.535670
-10.928883	-8.094811	33.630039	46.982467	16.819161	8.804327
-13.119129	-8.586846	34.989639	50.794605	17.171833	10.355242
-40.229885	-8.745648	35.820649	48.293243	15.995828	9.586192
-12.013161	-7.731419	34.708904	47.181971	16.588116	10.012314
-12.871173	-8.635839	34.473602	49.360161	15.376850	9.070520
-100.000000	-7.720122	35.546539	47.937204	15.481558	10.803416
-40.360954	-7.635304	35.239505	48.892651	15.612526	9.712814
-66.965863	-8.270108	34.864202	47.724921	14.954851	9.723270
-13.217927	-7.558502	37.385730	50.624620	16.306736	9.196976
-12.782117	-9.700755	34.694712	49.089754	17.710067	9.654647
-41.552214	-8.489499	34.047902	49.594801	15.590609	10.193499
-39.614487	-6.720073	35.497640	47.305228	15.350843	10.409252
-40.573819	-9.046536	35.402715	48.855575	16.066761	9.790559
-12.607638	-8.593481	35.420909	51.195162	15.995357	10.349047
-74.095220	-9.696232	37.143164	52.346939	16.801941	8.793607
-14.896305	-9.312760	35.677998	50.069052	15.982208	9.378652
-13.111746	-9.379291	35.979086	49.536600	16.226532	9.968584
-12.874169	-7.845605	35.122684	48.542888	15.465827	9.973858
-12.228845	-8.333307	35.255540	48.098355	15.860992	8.315731
-40.207633	-8.457382	34.799024	49.422919	15.538222	9.421601
-40.606224	-8.250104	34.746144	48.546216	16.724740	10.137294
-94.845797	-8.729565	35.060897	48.571861	14.557786	9.303730
-39.862942	-8.513911	35.699049	48.816951	16.325032	9.943229
0.633192	1.635194	18.020625	24.534980	10.209284	10.230092
-12.558541	-8.599978	36.400989	49.264028	14.750039	10.515911
-13.330065	-7.982333	36.726723	50.952213	18.122513	11.528771
-12.321879	-8.360017	35.276004	49.706393	16.114604	9.298928
0.716914	1.919610	18.175956	24.069201	10.070847	9.743575
-12.421048	-8.109084	35.342424	48.687036	16.119581	9.465379
-11.406235	-8.080826	35.804054	48.213973	15.946882	10.954402
-13.494332	-7.878222	32.702296	47.389545	16.337621	9.558815
-72.368636	-9.260497	35.899780	50.892258	16.395789	9.611262
-12.648198	-8.610724	34.745770	48.665849	15.684882	9.185472
-12.912892	-8.044803	36.041880	49.293082	15.679733	10.310767
-43.077448	-8.109763	34.422111	48.241704	18.317615	9.624179
-12.438991	-8.505080	34.932543	47.713719	16.903565	9.891851
-12.466038	-8.267849	34.354703	47.215151	14.344046	10.190231
-12.986908	-9.474492	34.379165	47.774237	15.822311	9.647663
-38.412370	-9.245989	34.896281	47.668292	16.331448	10.505521
-13.406480	-9.526739	33.921086	47.672484	16.760761	9.351988
-64.953105	-8.852422	34.339648	47.589810	16.738140	9.072773
-69.262386	-8.275681	34.660594	50.558328	15.350230	9.040527
-12.209236	-8.380631	34.978045	48.136042	16.415417	11.077861
-66.665327	-7.882190	34.350015	47.569088	15.915284	10.644042
-13.882845	-8.993482	35.410294	49.607440	15.914789	9.243985
-12.601194	-8.484927	33.948516	47.144315	16.208997	10.923722
-13.951702	-8.085104	36.621177	49.962051	16.021727	9.653513
-13.972391	-8.670873	36.076487	49.339595	18.031849	9.159492
-99.984566	-9.358006	33.404223	47.487003	17.171918	8.619009
0.402543	1.882683	17.255973	23.536025	9.506981	9.786286
-13.909956	-7.785815	34.653612	50.035136	15.480399	9.914181
-41.049037	-8.472770	35.019084	48.994562	16.595014	9.345950
-13.381633	-8.437937	35.443456	49.286857	15.296748	9.717376
-66.890623	-8.408254	34.657349	48.877056	16.063899	9.924160
-38.651766	-8.516587	35.617889	46.774409	17.248373	10.485166
0.259770	2.150197	18.621450	25.181270	10.109626	9.764615
-13.041667	-7.693493	35.446757	48.867796	16.330437	9.461761
-39.816783	-8.964807	35.348796	49.403841	16.571164	7.844706
-39.005038	-7.941096	35.106232	48.666042	16.515833	10.352669
0.070430	1.765980	17.487060	25.071820	9.337019	10.756028
-66.918469	-9.073956	34.503069	47.021753	18.153950	9.882872
-13.174958	-8.272157	34.328054	48.844395	16.589355	10.074321
-13.432897	-9.062807	35.907773	48.334867	17.622396	10.504673
-13.155045	-8.347812	35.998427	49.581405	17.503878	10.333858
-12.617081	-9.965898	34.115125	48.605721	15.933519	9.301806
0.490158	2.181022	17.593436	24.300747	10.272422	10.047799
-14.135594	-8.462635	34.314965	48.577454	16.900085	10.124363
-39.407674	-10.050436	33.920284	48.880321	16.346394	9.002520
-13.195963	-9.453543	34.832782	48.725084	15.455269	8.982247
-99.976029	-7.626647	35.047244	47.878150	17.587007	8.771196
-42.286131	-8.604605	37.044578	49.923075	16.832847	10.073973
-39.283659	-8.595453	34.571292	49.080635	14.935061	10.918917
-13.587504	-9.391431	34.160623	48.182346	15.463133	9.836093
-15.364218	-9.297968	36.742433	51.039455	18.206667	9.275073
-40.432271	-8.558298	34.116316	49.759676	16.513647	9.975357
-67.628664	-7.734646	34.876871	48.190722	15.892707	10.242222
0.573410	2.007743	17.402753	25.496577	9.214546	9.625894
-13.307359	-9.225884	35.283131	47.195538	16.243110	9.924146
-13.269223	-9.216177	35.270519	50.361674	17.342067	10.151147
-97.521419	-7.599481	36.214184	49.465952	17.151291	9.764121
0.300016	2.221276	17.963628	24.263449	10.209323	9.426825
-13.149635	-8.390915	34.267911	48.525800	15.528984	9.174837
-69.810049	-8.441133	35.735216	48.756830	17.440218	9.650427
-11.784592	-7.812062	35.269909	46.465465	15.334287	9.726419
-69.813632	-9.132827	34.617292	48.763753	16.035783	8.925619
-42.556931	-8.988779	35.501451	50.845169	16.545338	9.908572
-13.439299	-8.084387	34.356747	48.781931	15.123316	9.407014
-39.650498	-7.432139	34.113731	47.382726	16.136882	9.985298
0.338692	1.776594	18.898858	22.848578	10.222640	10.248285
-12.918757	-8.435660	35.194214	47.905787	17.379792	9.466250
-68.138848	-8.654563	34.977858	49.438487	14.702099	9.933708
-63.940033	-7.418870	34.395137	46.992301	15.451176	9.716149
-13.554949	-8.481704	35.381109	49.354963	14.926466	9.609158
-93.148347	-7.344329	34.914722	47.732083	14.688089	10.441933
-12.468679	-9.230164	33.482179	46.721629	15.706613	9.319593
-95.350539	-8.700695	36.866554	49.733177	16.140132	11.035068
-66.429052	-8.074825	34.824688	48.038198	15.716466	9.884443
-41.391382	-9.318975	35.751350	48.261456	17.327404	9.719989
-13.364017	-7.806846	36.232276	49.400288	17.717684	9.672757
-12.252528	-8.665989	35.009547	48.644104	16.651154	10.472653
-11.865278	-7.900104	35.334467	48.049295	15.847994	9.994848
0.235505	1.647702	18.757706	23.527521	9.861543	9.957987
-99.860890	-8.202040	36.328117	50.077192	15.456791	9.189721
-11.670451	-8.259276	35.454804	47.924108	14.738526	9.488574
-66.337948	-8.561164	33.893742	47.878737	17.508428	10.279053
-12.609181	-7.599112	34.390867	48.727250	15.527528	9.953250
-42.673624	-9.677466	35.987972	50.175472	16.865486	10.039701
-12.458353	-8.837932	34.439646	49.226318	16.563264	9.869303
0.320623	1.783158	18.859562	25.132748	10.100865	10.464967
-12.299169	-9.385629	34.379985	49.790091	17.274389	10.297291
-66.796880	-8.785043	33.029538	48.748937	16.143945	10.020309
-68.157639	-7.852722	33.962790	48.020721	16.354086	9.740437
-13.029292	-8.417854	35.128367	47.522440	18.291962	10.120688
-64.746984	-7.100182	33.003421	46.515675	16.854604	9.716441
-13.486972	-8.910269	35.068989	49.073029	18.014281	9.194602
-41.037704	-7.610319	35.172495	50.131331	14.966736	9.695254
-66.790873	-8.931909	35.338203	48.969633	14.581083	10.544697
-39.697767	-7.838081	33.715257	48.043765	16.496757	9.955106
-12.363839	-9.374014	34.735717	47.901890	16.156730	10.189424
-13.675471	-9.105962	35.180240	48.907946	15.576020	9.924391
-13.172602	-8.079896	35.322882	48.996425	17.316953	11.432101
-99.939449	-9.436450	35.536068	48.552310	16.143540	10.316913
-13.098223	-8.305512	35.260273	48.066367	16.087880	10.314758
-12.695949	-8.090921	34.623319	49.000123	17.379008	10.026447
-12.905168	-11.166308	36.055269	50.995462	16.871667	8.878526
0.104532	1.920771	17.456490	23.859169	9.277339	9.660444
-99.870371	-9.434263	36.792866	49.227730	17.278191	10.863463
-42.552128	-8.923255	35.111736	48.553216	17.568059	10.381521
-13.193346	-8.405034	35.363066	49.324068	15.854831	10.699037
-13.244695	-8.874111	36.710962	50.307463	17.231625	10.414809
-37.183385	-8.496918	34.258520	46.717740	16.266765	10.117788
-37.492555	-7.153190	33.834398	47.371326	15.423621	10.379818
-66.331139	-7.620108	34.881113	47.505488	15.157914	10.236235
-99.874976	-8.288232	36.045477	49.570730	17.615032	9.362758
-0.155267	1.637255	17.824391	25.028177	9.587969	10.762419
-13.099982	-8.186485	33.505276	48.129859	16.187128	9.201660
-14.116894	-9.091232	34.731884	48.199999	16.837929	10.577823
-73.583489	-9.732179	36.404188	50.701356	18.010460	9.528653
0.116515	1.655720	17.644574	24.165023	10.451040	10.137387
-11.882388	-7.739722	34.506458	46.967489	17.513079	11.316561
-13.175646	-8.361088	35.570459	49.863235	18.185008	9.683705
-13.898630	-7.800000	34.965621	51.691398	18.056125	9.789095
-12.696828	-9.043134	35.501331	48.935283	15.731523	10.287715
-13.963292	-10.299432	35.222369	49.971883	16.961067	9.571340
-12.090379	-7.274075	35.227271	48.845697	16.726715	9.322255
-41.936632	-8.176228	36.581162	49.480468	16.465931	9.885692
-68.315383	-8.325053	35.061318	49.755789	16.022060	9.983287
-41.536140	-8.403552	36.119663	49.670896	16.646092	9.725866
-13.925451	-9.253691	36.229584	50.957736	16.975200	10.884781
-67.307861	-8.745414	35.134667	48.934480	16.605959	9.433590
-72.338867	-9.526696	35.598159	48.844781	15.967275	9.067381
-40.864033	-8.670780	35.302617	49.949694	14.566439	10.156559
-65.295673	-8.038190	34.756605	48.105186	16.347137	11.033310
-13.112638	-7.592334	34.942044	49.123105	16.568132	9.538037
-12.140539	-8.495308	34.649606	49.384097	18.007590	10.449371
-40.888350	-7.925054	34.958880	48.924845	16.913445	10.505835
-70.439723	-9.750869	35.288668	50.394704	15.867189	8.809811
-11.554394	-8.359242	35.869839	48.570842	16.391111	9.685903
-67.480161	-8.210656	35.834807	48.171761	15.253270	10.001397
-39.767325	-9.572525	34.531375	48.197848	15.337651	10.071299
-13.479862	-8.602903	37.610155	51.378130	16.627112	9.243400
-100.000000	-7.902196	36.467528	47.549629	17.932928	10.221954
-12.367184	-8.117769	35.175693	49.066063	16.439882	10.449074
-14.011254	-8.009637	34.418168	48.828913	16.141875	9.522980
-93.467905	-7.867991	33.838231	46.913582	17.526012	10.079857
-12.446242	-8.272859	34.528894	48.503647	16.689886	10.190165
-12.412653	-9.158958	36.110219	49.212228	16.562491	9.993805
-13.248835	-8.850498	34.222205	48.865190	17.136876	10.203559
0.477348	2.293266	16.601203	25.283475	9.451107	10.235057
-12.858938	-8.437283	34.372583	48.838517	17.436899	9.996586
-13.148946	-8.276193	36.217698	49.880471	17.631464	9.949025
-100.000000	-8.500004	34.576348	48.828297	16.517150	9.903619
-96.278942	-7.978167	35.276305	48.934094	16.752436	9.684781
-41.974950	-7.538629	35.399761	49.302113	17.443401	9.321796
-12.236098	-7.598387	33.757352	47.303084	14.541729	9.736532
-12.509693	-9.036599	34.374708	49.389473	16.873414	8.861717
-41.502829	-9.052626	36.560069	49.262098	16.467138	9.786026
0.198638	1.533402	17.080867	24.622987	9.795040	10.673433
-40.545217	-8.397558	35.412866	48.343442	15.545345	10.252566
-93.243240	-8.064003	34.469291	49.362339	14.067461	10.669922
-13.029509	-8.108749	35.906596	49.920440	16.694777	10.063759
-67.332583	-7.721591	34.576139	47.803686	16.284007	10.253987
-67.599016	-8.792820	36.133817	49.335874	15.085812	9.564725
-39.950416	-9.155470	35.171768	47.840922	15.885738	9.188384
-70.017275	-8.456009	35.895437	49.845271	15.724196	10.912584
-72.070042	-9.356345	35.903794	50.003916	17.322558	10.142278
-12.925929	-9.467367	35.595217	50.598645	17.572525	8.731531
-40.140215	-8.857900	34.354469	49.460512	15.577514	9.618040
-12.938290	-8.440152	35.707344	50.489000	17.894386	10.152943
-68.380953	-8.265201	34.243546	49.253122	17.000292	10.287123
-40.730508	-8.520978	35.675219	49.169665	16.194750	10.469875
0.285556	1.897439	17.629782	24.353462	9.746910	10.400711
-12.680004	-8.551668	34.405651	46.844139	15.870644	9.911733
-39.826462	-9.216432	35.547026	49.447085	17.224434	9.802667
-12.085902	-10.220990	36.684340	50.120620	16.245973	9.291969
-13.266074	-8.610909	35.041392	48.677904	15.693755	10.377596
-99.952252	-7.838249	36.260888	48.642869	16.724421	9.538541
-99.829990	-8.614596	35.498401	48.290556	16.038467	9.546070
-66.987058	-7.597506	33.652033	48.295162	18.385953	9.842369
-13.076719	-7.653052	35.231957	47.317240	16.271118	10.273754
-41.223182	-9.258455	35.156959	49.920514	16.888509	9.468697
-40.912567	-8.844916	34.212766	48.899122	16.162585	10.758361
-99.852353	-7.828862	34.168189	48.822543	16.809513	9.476771
-39.450834	-7.567511	34.949175	48.441598	16.346357	9.876177
-39.681434	-8.271654	34.462850	47.898201	16.211503	8.742332
-40.533405	-9.303995	35.284114	49.374189	17.682734	10.686224
-12.372506	-8.148496	35.296674	48.080905	15.754636	9.491189
-13.999213	-7.499663	36.526647	49.807251	15.176528	9.854785
-66.872305	-8.224304	34.501640	48.123919	15.132617	10.487044
-39.514188	-7.914999	33.804966	47.218916	16.859572	11.370190
-13.301790	-7.866478	35.218157	48.907393	17.478540	10.724210
-37.755935	-8.190376	35.010365	46.624403	15.262519	8.683976
-12.793012	-8.978564	36.656243	50.248376	16.389382	9.796955
-12.665446	-8.281929	33.950619	49.057519	14.795329	9.412540
-100.000000	-9.227993	36.940558	50.523231	16.177892	9.770944
-12.097082	-8.971829	33.688390	48.399954	14.247668	10.380366
-12.774141	-8.564241	34.695427	48.654544	16.049511	9.944902
-13.034475	-9.243401	36.564506	49.498038	16.657942	10.602013
-13.785496	-7.463010	36.758259	49.092695	15.625192	9.028713
-40.392719	-7.318945	34.727784	48.726544	16.315400	9.832441
-13.091830	-7.845338	34.394486	48.768158	16.284846	9.803922
-12.348261	-7.466912	35.466403	50.577630	16.902441	8.709105
-12.313414	-8.840970	34.547087	49.445296	14.395188	10.967696
-13.845522	-7.973487	34.902918	50.078170	17.284667	9.979369
-12.222721	-9.023782	35.840678	47.631901	17.138501	10.024384
0.190437	1.853251	18.495249	23.839126	10.379582	10.187644
-12.918679	-8.757699	34.913088	48.719485	16.924880	9.436001
-13.119469	-8.300676	34.700613	48.404040	17.333027	10.570620
-13.456807	-8.238550	34.703169	48.419537	17.000776	9.569799
-68.985020	-8.844250	35.383650	46.977499	17.328303	9.419045
-41.237883	-7.845517	35.570914	48.418533	17.617507	9.795988
-64.926063	-8.210368	35.040478	47.529957	16.402670	9.731626
-12.701538	-9.217533	33.884301	48.636379	15.157010	10.068584
-38.918097	-8.779614	34.862342	46.128444	15.641340	9.579147
-12.865875	-9.473880	35.649823	50.850696	16.490144	9.974023
-13.009055	-8.570773	34.643606	49.543282	17.731133	10.483888
-39.959417	-7.833857	35.458551	48.641230	16.451302	10.197082
-39.854058	-8.485576	33.538847	47.932056	15.693775	10.394759
-12.879783	-9.618433	32.833885	48.455208	15.923624	9.160056
-12.758468	-6.757843	34.713985	47.259116	16.483983	9.455675
0.537995	1.510256	17.931333	24.804970	10.312669	10.739650
-67.404528	-8.260096	35.611890	47.968364	16.302121	10.516087
-13.176224	-8.037660	36.959651	49.727024	16.597560	10.241401
-11.797705	-8.478508	36.353772	48.188058	17.856972	10.431427
-13.145808	-8.587984	35.174511	49.416940	16.690374	9.251245
0.942171	1.785549	18.286881	24.933717	9.684417	9.491633
-100.000000	-8.200756	32.873362	45.155063	14.557197	9.777675
-13.802090	-9.242076	34.801025	48.251979	16.563568	9.436522
-92.569030	-8.734525	34.973697	47.317456	15.603152	10.271866
-0.020728	1.442316	18.462345	24.693645	9.746757	10.386689
-13.625878	-8.929358	35.935891	49.511554	17.665764	9.568647
-12.489580	-8.129720	35.324152	47.756425	15.037502	9.772212
-14.036760	-9.273363	36.113008	50.016853	16.865625	9.553747
-13.946327	-9.288043	36.006664	49.353876	16.042181	9.738222
-13.335843	-8.126969	35.250870	49.797725	16.438839	10.109681
-67.475614	-8.514847	34.963134	48.268155	15.867369	9.932174
-12.489391	-9.888380	32.438368	46.891633	14.258220	10.892803
-67.631733	-8.652029	35.726727	48.006897	15.064865	10.453142
-41.614452	-8.344874	35.393497	48.988955	17.692072	9.851618
-39.705845	-8.987083	34.329935	47.896467	14.693902	9.653047
-40.613925	-9.226513	35.670872	48.625352	18.850519	9.939704
0.225080	2.172330	18.837475	25.288639	9.950193	9.485789
-11.895274	-7.905500	35.158903	47.915828	15.981639	10.277540
-11.880549	-8.963641	35.732683	48.234357	16.117707	9.681762
-12.379703	-7.745183	34.762316	48.191018	17.713738	9.646934
-13.327780	-7.342294	35.330524	48.309915	17.105410	9.509133
-13.417431	-8.006381	34.708344	48.738427	15.365257	10.173904
-12.314532	-7.627461	35.054578	48.988482	15.091030	10.361949
-0.282458	1.673245	18.528456	24.978326	10.557118	9.533318
-12.181972	-8.081750	33.482678	48.597430	16.764828	9.593400
-38.472393	-8.044939	34.288941	47.568716	17.070922	9.994228
0.192228	1.370030	18.305692	24.807388	9.277853	9.970409
-13.043650	-8.238627	35.495475	49.853878	17.588853	9.527655
-100.000000	-8.177391	34.320601	48.136321	15.485411	10.016886
-39.224604	-8.954225	34.627042	48.543878	14.796055	9.176717
-99.995075	-8.955670	35.545298	50.548313	17.669502	9.516980
-68.094934	-8.165181	34.596595	48.403751	16.387766	9.279321
-12.085117	-8.383230	34.084450	48.199839	15.211209	9.757413
-94.263142	-8.782778	34.273128	48.717109	16.712529	8.539040
-12.168705	-9.316539	36.160267	50.963440	15.901659	10.201831
-14.444029	-8.497081	34.503056	48.365653	15.211072	10.677785
-13.970802	-8.451832	35.706011	49.919057	15.506479	10.167571
-40.342417	-8.021810	35.497218	47.800795	16.436142	8.782431
-66.260550	-9.651881	35.205360	47.596676	14.700482	8.982490
-40.945980	-8.548794	35.962550	48.397890	16.110467	9.959029
-38.962565	-8.591048	34.208937	47.603841	15.605864	10.682864
-12.535412	-7.614352	35.484270	48.267861	15.968131	9.706399
0.190430	1.778955	17.766120	25.282544	11.236783	9.814108
-40.266687	-8.717205	35.807681	49.207675	17.024739	9.857906
-13.157859	-8.736370	36.144317	48.988947	15.781619	10.042695
-95.773381	-9.152482	34.988737	48.535155	15.411813	8.868200
-68.495243	-9.311706	34.460404	47.228667	16.031349	9.286980
-40.526920	-9.111667	33.832519	47.026094	16.790710	10.710244
-40.136740	-8.650719	35.232626	47.282405	15.968567	10.182259
-97.580948	-9.077873	36.445919	49.272404	16.936804	10.265350
-99.992767	-9.858435	35.698060	49.134958	17.293633	10.938507
-100.000000	-8.941242	34.894398	48.587409	17.044217	10.492453
-63.647143	-8.153731	34.076645	46.763494	15.754087	8.868818
-12.630367	-8.975457	35.286962	49.796883	16.534311	9.430662
-98.314967	-8.415666	36.952046	49.295935	17.979197	10.544101
-100.000000	-8.783592	37.074834	50.454193	18.132825	9.286156
-12.815289	-9.568681	33.986677	47.993497	15.673687	9.091397
-40.645064	-10.959487	35.642253	49.600437	15.752119	10.187454
-12.640802	-7.815760	35.568813	48.066277	17.515760	9.533961
-13.251676	-8.470431	34.962382	48.676615	16.228110	10.393400
-12.721289	-9.161720	35.391048	48.048817	17.496010	10.058845
-41.924995	-8.846968	36.501139	48.552804	16.910921	10.305172
-39.986070	-7.494630	34.769975	49.362712	15.709894	8.697902
-68.274122	-7.710731	34.836895	47.836634	15.561235	10.296614
-40.810632	-8.818447	34.298433	48.466984	15.990915	10.599589
-41.260729	-9.068186	35.312164	50.427355	16.514681	10.372849
-12.460899	-8.500209	33.530739	47.024890	15.770138	10.069334
0.513421	2.137550	18.322129	24.088596	9.198454	9.726095
-14.411995	-9.514385	34.997632	49.366834	16.658431	10.793577
0.203287	1.736727	18.280911	25.202830	9.593119	9.471816
0.651337	1.714197	18.611949	24.675738	10.527534	10.151279
-12.103153	-8.198700	34.439020	46.788538	16.083835	10.436785
-43.459383	-8.322382	36.136411	49.475237	18.950458	10.785571
0.390401	1.681216	18.494609	24.704413	9.633037	10.419972
-13.937468	-9.205730	34.980145	50.149348	16.521017	10.618968
-39.836029	-9.223303	34.566787	47.790609	16.467844	9.105410
-13.381432	-7.698685	35.329216	49.210676	15.971571	10.108557
-13.441943	-8.783068	34.998933	49.147423	17.044753	9.957403
-13.390971	-8.904654	34.522030	49.758347	16.427323	9.282401
0.287236	2.191032	17.935395	24.274741	10.766263	10.025359
-12.060417	-8.892923	34.258883	46.899556	17.536958	11.161576
-14.207971	-8.949133	36.204266	51.400189	17.124160	9.141382
-67.851360	-8.648248	35.888635	49.192406	17.657332	10.897224
-12.220629	-8.012510	34.157825	46.895009	15.241345	9.001402
-12.797157	-8.491804	34.858945	48.588312	16.470217	10.136560
-39.209743	-9.011399	33.798533	48.243927	15.179942	9.098586
-11.231786	-6.970266	34.569559	47.957412	15.769537	9.383978
-39.611489	-7.819502	34.917798	49.336027	15.386466	10.228353
-41.811040	-9.185478	35.691660	50.337849	17.935917	10.301433
-40.364054	-9.355415	34.860761	48.692389	15.334750	9.978805
0.402923	2.061302	18.649579	25.043199	9.193358	10.000994
-11.928412	-8.381052	34.487925	47.344694	15.811601	9.581293
-39.914292	-8.478868	36.356868	49.338115	17.154543	9.848463
-93.876569	-8.158561	34.832011	49.338422	15.416850	9.194191
-12.674206	-8.268844	34.681292	47.663265	16.590606	9.764599
-12.827925	-8.857948	35.401888	47.914393	17.830523	8.941589
-40.114213	-8.473828	34.833775	47.920493	16.865507	10.253790
-99.961290	-8.524418	34.417073	47.462862	16.057594	10.006911
-13.236504	-8.775730	34.891589	48.785664	15.365748	9.745640
-68.480421	-9.371174	35.329513	49.645028	15.541377	9.525496
-41.917676	-8.759552	35.976111	51.664974	15.541745	10.748386
0.426404	2.039057	18.552028	24.161485	10.684837	9.603443
-99.945867	-8.947987	37.756008	50.362069	17.250458	9.747476
-43.534892	-9.561941	37.153650	50.492055	18.314554	10.043263
-12.172638	-8.085299	34.976814	48.712301	17.351884	9.948794
-13.057388	-8.182028	35.821205	49.979739	17.948626	9.768761
-41.016858	-8.771626	35.322498	48.644313	17.098511	9.675338
-96.332961	-9.208200	34.038104	48.572601	16.309339	9.531077
0.172290	1.802364	18.424937	24.469629	9.659350	10.253517
-13.025879	-8.095198	34.035208	47.963920	16.148688	9.265585
-67.613510	-9.203216	34.287919	48.426264	17.440684	10.065823
-12.527203	-7.212602	33.576641	47.883559	14.192304	10.168311
0.793700	1.606839	18.398890	23.930722	10.234241	9.958460
-38.920921	-8.136321	34.865036	46.856851	15.955469	8.567886
-40.001326	-7.185027	34.014877	47.739646	16.996155	9.144573
-12.747723	-8.665284	35.208620	48.440869	16.036077	9.385319
-12.035178	-8.026048	34.565859	47.188746	15.407275	9.059632
-68.889384	-8.350819	36.070628	49.201963	16.464888	9.903051
-12.318954	-9.468516	34.332507	48.163896	16.297584	10.149543
-40.925674	-8.781083	34.623118	50.267098	16.852613	10.240110
-12.222283	-7.950330	36.002675	50.837664	15.731021	8.907646
-12.453592	-8.581683	34.862987	48.275538	17.814188	9.996294
-12.823068	-7.946701	35.759955	49.381276	15.926715	10.794610
-40.123584	-8.906512	36.524938	48.959697	16.243999	11.252480
-69.735260	-8.054562	35.727405	48.923285	16.654758	9.567259
-99.935981	-8.914913	34.480075	48.893405	17.523517	9.434750
-39.351067	-8.839903	34.238836	48.902617	16.083951	10.067879
-12.600433	-8.555230	33.975321	49.032912	17.273661	10.104168
-39.720414	-8.984407	35.534935	48.547157	15.039203	10.587949
-41.376835	-9.269310	36.345048	50.111357	18.719886	9.601767
-12.651751	-9.862771	35.076422	49.268856	16.137043	10.549887
0.180472	1.728423	18.639143	25.707982	8.808554	10.009861
-98.635134	-9.123891	35.052345	49.676133	17.434496	11.171238
-42.762572	-8.704167	36.558927	50.924733	17.756990	9.976384
-41.839329	-9.367890	36.104304	50.047529	17.184073	10.627923
0.109919	2.449543	18.939270	24.999998	8.950092	10.469178
-11.233032	-7.488549	34.991826	47.886706	15.944070	10.010359
-96.459245	-8.822062	36.001415	49.127892	17.671500	10.949736
-68.776633	-8.791268	32.925594	48.767528	16.272840	10.214179
0.154788	1.730385	18.271178	24.242486	10.056076	9.932632
-12.439247	-8.440464	35.353600	48.251042	16.206638	9.937350
-40.370022	-8.074387	36.023147	47.553173	17.105048	9.485730
-38.896946	-7.353003	36.219049	47.757803	16.508913	10.570103
-72.788634	-8.810102	37.271475	50.494384	17.743177	9.733534
-13.323115	-8.767910	34.652050	48.488348	16.670527	10.690954
-42.097192	-8.214005	36.339159	48.328323	16.718986	9.379186
-14.265383	-8.661448	37.003569	50.110340	16.331827	9.422033
-12.268354	-8.750965	34.502574	49.042879	16.520361	9.708464
-12.980818	-8.555106	34.945245	48.946814	15.719972	10.268374
-13.479715	-9.221293	36.200277	50.176059	16.575637	8.788414
-12.148825	-8.545136	34.976436	49.052638	17.592711	10.006129
-100.000000	-8.873961	35.699714	49.019693	15.585869	10.242399
-12.519075	-9.784574	36.095360	49.435435	17.143376	10.566373
-0.047732	1.682671	17.908797	25.203588	10.685781	10.441366
-12.051901	-8.572147	35.041875	48.621902	16.626110	9.433476
-65.917553	-8.902904	34.380434	47.825138	18.952999	9.986835
-38.849734	-7.173231	34.361578	46.495209	15.810249	10.447712
-11.436018	-8.656685	35.068223	49.160442	16.067362	9.582167
-13.687974	-7.565252	35.149395	49.806077	17.144681	9.962498
-11.595613	-8.890343	34.685209	49.327332	16.417474	9.369127
-12.901429	-8.460013	35.091621	48.509030	16.881937	9.484635
-12.024052	-8.046380	35.202039	48.864345	16.359877	10.356771
-12.902370	-9.205219	36.587475	49.724707	18.201609	10.220281
-12.187285	-8.579486	35.184368	48.158540	15.435857	9.628139
-100.000000	-7.550865	35.099150	48.831500	17.155964	10.525865
-39.377543	-8.883202	34.811652	48.810743	16.712379	10.368914
0.126272	2.102289	18.062316	24.534803	8.950395	9.530041
-69.098000	-9.168109	36.558367	49.256886	17.757334	9.659030
-14.464960	-8.676338	34.740434	49.019391	15.290300	10.433633
-12.926025	-8.896737	34.245173	50.648046	15.091025	9.673045
-12.713478	-8.684081	35.463905	49.469754	16.757370	9.710467
-39.009076	-8.569594	35.514370	48.299319	16.156952	9.643636
-69.827469	-8.547226	35.441266	48.882965	15.635007	9.528166
0.421605	1.806039	18.553993	25.050296	9.596145	9.751274
-11.894853	-8.659706	33.942141	48.680824	16.016688	10.099852
-14.036209	-9.670437	35.014147	48.605533	17.802135	9.992784
-13.181403	-7.754238	35.157410	48.277376	15.524121	10.094974
-11.811992	-8.602010	34.219745	47.089175	16.567600	9.418849
-13.691757	-8.567623	32.754265	51.222902	16.257096	10.301940
-38.342118	-8.007696	33.994836	47.305793	14.716528	10.101055
-12.923656	-8.541483	35.138388	48.507272	16.184395	10.177148
-11.936637	-8.294940	35.389120	49.802531	14.472365	9.692466
-12.783526	-8.584276	33.919567	48.706087	16.326863	9.014551
-100.000000	-8.494617	36.053991	48.643921	17.582433	9.588960
-12.848558	-8.628771	35.437890	49.549006	15.570601	9.769191
-12.917914	-8.875676	35.039078	49.297867	19.352950	10.263899
-0.090787	1.838701	17.744066	24.504453	9.587568	10.096250
-100.000000	-8.351849	33.911652	46.872031	15.412211	11.006368
-72.377295	-9.492531	35.209744	50.340280	19.570265	10.046513
-12.878560	-8.907186	35.386482	47.800851	15.589681	10.001228
-14.480213	-8.998075	34.092737	48.565656	17.308656	10.799620
-71.312193	-7.565999	36.202678	50.163198	15.780210	9.824391
-39.650271	-8.176639	34.943484	48.942625	16.239475	10.036682
-12.943232	-9.885656	36.747218	49.648273	16.914355	9.879114
0.093157	1.889057	18.806077	24.549409	10.040716	10.444958
-12.418424	-7.525902	35.143069	48.107263	18.376617	10.289240
-66.012692	-8.214211	33.477111	48.106202	15.939745	9.420995
-100.000000	-8.375369	35.258422	50.835010	15.971796	9.271159
-99.824941	-8.425905	34.681989	46.982280	15.088631	10.553284
-12.623437	-9.871172	34.943961	48.661063	16.111626	10.467173
-40.322680	-9.894895	35.013455	48.534324	17.409063	8.937934
-12.907723	-8.903957	34.194189	48.561660	16.555809	10.074627
-68.259687	-9.433350	34.646807	49.439707	15.594160	10.380344
-12.582024	-7.844787	36.059994	48.926545	16.088514	9.471704
-14.102127	-8.854006	34.250523	50.955539	15.996354	10.048472
-40.237343	-8.667998	35.396170	49.003077	16.944649	9.642648
-12.188935	-8.812157	34.819938	49.719813	16.363879	10.724627
-12.025271	-9.533486	33.329772	47.521042	15.059395	9.247975
-100.000000	-9.066940	33.758203	46.586178	15.489171	10.156995
-12.482890	-8.101000	33.540168	47.221133	15.587876	10.006982
-12.725390	-9.075532	34.264919	47.316759	15.532228	10.215264
-40.070329	-9.654670	35.614218	48.359085	16.298792	9.876194
-40.455627	-8.152058	34.327688	48.308529	16.035835	9.661564
-39.862355	-8.858592	37.002492	49.726968	15.343171	8.459282
-69.655458	-9.668408	35.104074	50.608802	16.205435	10.210958
-14.489917	-7.601447	36.266135	49.970134	15.719620	10.381817
-39.614441	-8.504682	35.422040	48.536699	16.434685	9.348592
0.459332	2.030057	17.992641	25.590519	9.334933	9.710653
-71.454877	-8.458329	37.032893	50.946578	15.979765	9.004579
-12.879974	-8.677305	34.473068	48.552596	16.171521	10.679547
-97.949265	-8.700447	35.163184	50.303656	18.012725	9.416884
-100.000000	-8.384037	34.630725	48.447672	15.085695	9.184827
-65.045564	-7.940424	34.448840	47.125937	14.749922	10.263140
-13.806899	-9.185062	36.070206	50.173614	16.456287	9.300732
-12.321901	-10.443822	33.734505	50.177591	15.841779	10.959052
-91.702190	-7.632110	35.792716	47.849892	14.511099	10.263616
-12.432608	-8.866433	35.320722	49.175594	16.692305	10.454271
-39.523472	-9.434885	35.137138	48.876900	15.837756	8.805051
-100.000000	-7.777128	34.408700	49.161072	15.693436	9.955978
-66.325319	-9.032779	34.241794	47.552171	15.909335	9.548381
-91.743591	-7.478380	34.573002	47.511415	15.465505	10.539705
-14.091054	-9.195412	34.309075	50.810838	17.690717	9.495901
-63.918224	-8.348962	33.941611	47.415523	16.387486	10.344458
-67.724511	-8.164402	35.138067	48.444043	17.292251	9.857720
-11.352416	-8.356531	34.060282	47.404153	15.178599	9.547283
-13.901832	-8.908965	35.417696	48.049698	17.213900	11.221570
-69.798718	-8.829877	35.188452	50.293541	16.527324	9.721002
-12.936030	-8.404646	36.434369	48.450983	17.617184	9.899376
-67.890452	-8.401022	35.339901	49.104846	15.341438	9.813574
-99.538742	-8.401922	36.246310	50.064553	16.481002	9.636375
-90.695689	-9.061764	34.264273	47.222894	14.275262	11.093942
-13.498157	-9.163862	35.033192	48.648948	14.381497	9.773445
-13.840855	-8.750340	34.891496	48.665671	16.154485	10.149294
-64.289285	-8.732037	34.233601	46.779282	15.537007	10.689534
-12.458444	-7.657755	35.178177	47.950616	16.175792	10.077163
-12.892776	-8.471936	35.726283	48.949858	16.741900	9.296161
-12.606939	-9.442942	35.491205	49.699716	16.755474	10.063953
0.437735	1.835912	18.737382	24.257469	11.003637	10.729249
-41.582224	-9.159385	35.378303	49.952654	15.328008	10.049130
-12.904522	-8.671772	35.441890	49.715506	16.175846	9.895709
-66.554609	-8.015010	34.582976	48.269177	17.690757	9.933983
-64.797878	-9.014360	34.348502	48.062579	15.763463	10.327148
-12.905537	-9.826629	35.648872	48.086422	16.360771	9.731613
-71.935454	-8.372888	35.603576	50.353118	17.668375	9.785741
-13.139748	-8.841505	36.491772	49.839638	16.852833	9.930568
-67.262483	-9.048749	35.304139	48.904340	15.580235	9.323495
-12.459444	-8.195672	35.087819	48.884421	16.121236	10.239996
-12.277820	-8.600085	34.391827	48.195953	15.821176	10.416502
0.359267	1.891378	18.319407	24.693715	11.085627	9.804951
-11.618805	-8.392197	34.413482	48.321090	15.601402	10.584659
-100.000000	-7.301986	34.334571	47.785807	16.550573	11.419539
-11.956694	-8.100038	33.700923	49.029098	15.343058	9.098789
-11.841054	-8.489613	33.110787	46.236884	12.995593	9.643790
-100.000000	-7.454135	35.553772	48.151744	16.859603	9.957193
0.391196	1.611580	17.652378	24.507193	10.475842	10.104491
0.658712	2.091049	17.708082	23.971748	9.602174	9.466442
-11.517329	-9.008846	35.515272	48.749366	16.360841	9.691983
-12.731870	-8.158364	35.231755	48.536334	16.330164	10.047800
-13.483973	-10.522986	36.978475	51.306731	18.599857	10.184495
-40.399940	-8.836132	33.988470	49.374223	16.742739	8.538374
1.058376	2.099555	18.216675	24.769754	9.841089	9.406171
-69.065194	-8.861037	35.850030	47.945411	17.476672	10.446394
-12.805598	-8.803331	35.801192	47.808837	15.959669	9.694326
-70.038059	-8.432389	37.084663	50.729592	14.879191	9.140542
-13.217307	-7.678143	35.294257	50.115443	17.291164	10.746334
-13.110664	-9.259129	34.763743	49.253838	15.983122	10.087227
-100.000000	-8.994448	34.603709	48.625912	16.270007	9.978914
-41.655540	-9.422171	35.463028	49.106646	16.622088	9.104605
-40.088790	-7.556232	34.594619	47.283932	14.958992	9.377540
-70.381791	-8.574922	34.957146	50.623635	16.631909	10.183242
-41.378682	-8.018162	36.349674	48.283856	17.707570	10.137517
-100.000000	-9.434567	33.647455	50.066836	18.100062	9.718048
-41.150130	-8.839764	35.177181	47.908490	17.523407	9.214871
-11.816247	-6.579440	34.186487	47.889728	16.111784	10.171408
0.816860	1.896087	18.033289	23.267090	10.181208	10.665800
-40.283179	-8.020068	34.924865	48.086016	16.384797	10.360707
-12.245397	-8.383914	35.053442	49.317077	17.796246	9.087018
-40.357713	-8.488698	35.306926	48.194415	17.056749	10.030959
-39.390662	-7.111356	35.860031	48.025898	14.814634	10.294556
-12.771110	-8.777670	35.318594	49.998976	17.454445	10.875061
-99.847042	-9.450501	35.476634	49.682501	16.395847	9.465747
-39.513015	-8.182529	34.964377	47.515156	18.070333	10.320584
-12.252485	-8.818476	36.268654	48.922273	17.456751	10.828655
-38.316962	-7.850755	33.899774	48.198492	13.784655	9.507474
-13.548641	-9.151666	35.142720	49.149434	16.711782	9.700783
-41.107299	-8.834970	36.003474	48.154151	18.242962	9.477979
-12.041024	-8.496570	35.351707	48.459931	16.973466	10.259198
0.191937	1.664294	17.656739	23.466830	9.731757	10.618292
-99.942855	-8.384015	34.408413	46.117362	16.265176	9.747327
-12.228622	-8.385203	34.500674	49.183581	15.267388	9.368627
-39.955176	-8.759778	35.320226	48.680179	15.029531	9.960937
-11.803927	-7.567129	34.659341	47.205780	15.315357	9.862589
-39.754643	-7.388724	33.959200	47.836385	16.648385	10.171115
0.069074	1.744403	18.461457	24.439172	10.380418	10.336812
-13.474298	-7.999194	36.299491	49.411635	15.701904	9.176794
-13.162100	-10.102234	37.379134	50.773803	16.322049	9.422549
-66.737647	-7.974642	34.973162	48.394231	15.735153	9.566441
-12.606460	-9.308554	34.855446	48.008377	16.735890	9.990086
-67.217151	-9.102382	34.613230	47.673977	15.957316	9.451766
-39.854599	-8.664387	35.787564	48.603731	15.552432	10.271475
-13.622446	-9.779017	37.601347	49.785303	16.935309	9.578571
-39.236440	-8.362876	34.790096	47.429876	15.579423	10.523451
-99.905193	-7.715525	34.465903	48.013722	16.087009	8.984582
-12.324728	-8.121458	34.614257	47.915345	16.352626	9.973237
-13.071530	-8.837046	33.921353	47.150957	16.098676	10.049634
0.099795	2.079111	16.976639	23.953395	10.229017	10.959568
-100.000000	-7.975379	33.975054	48.449548	16.548885	10.654156
-12.325978	-8.232420	34.516468	47.019487	15.775661	10.008191
-96.274488	-8.376225	34.592622	49.229084	17.711356	8.909432
-97.565585	-8.757428	35.451943	49.495520	17.132130	9.915564
-40.721570	-9.331889	34.736853	48.524610	16.328330	8.881708
-11.891806	-9.609254	34.165187	46.219159	13.711747	9.713531
-13.513979	-8.755219	34.878490	47.971487	17.017130	10.139880
-12.916587	-8.677854	34.610800	47.811143	16.966934	10.322369
0.145111	1.607785	19.115061	25.143920	9.914538	9.640509
-67.377471	-8.441748	34.641893	49.587113	15.560122	9.224207
-42.442838	-9.432951	35.644438	49.350703	16.050239	10.432962
-12.520553	-8.609389	34.429476	46.498689	15.630085	10.608009
-70.698200	-9.120107	34.824117	51.293266	16.524605	9.733893
-11.564887	-6.891165	33.126936	46.942669	15.942588	8.904011
-40.275898	-8.800350	35.498352	48.385351	15.431352	9.751704
-63.396283	-8.178965	33.266993	47.226051	13.680497	8.932307
-13.730821	-8.929395	34.488720	49.433503	18.512419	9.238134
-12.837757	-8.106155	35.293052	47.197314	17.179478	10.604420
-12.345135	-8.870915	35.494289	50.142900	16.877527	9.838074
-13.506303	-8.899588	35.231780	49.651320	16.815082	10.389757
-69.102907	-8.143596	35.929474	49.105422	18.199290	9.960751
-41.237157	-9.100714	36.539380	50.845055	17.019746	9.245172
-13.387996	-7.804565	35.572961	47.942906	16.614034	9.910292
-12.740220	-8.511579	34.507121	48.477351	15.778425	10.011634
-39.385160	-8.552323	34.827503	47.941120	15.817925	9.809817
-12.291847	-8.556992	34.297699	47.857574	16.073387	9.656152
-12.523134	-8.152815	34.166488	48.676122	16.525229	9.768607
-99.857056	-8.302322	34.811315	48.791623	16.777793	9.618900
-99.811944	-8.757585	34.675054	46.147098	14.444882	9.669360
0.287098	1.609856	18.612442	24.824458	10.441295	9.929406
-13.199053	-8.833357	35.631002	50.489164	16.640193	9.821963
-12.071023	-7.995341	34.758048	48.950402	16.927922	10.067427
0.517286	1.768121	17.900038	24.995514	8.812399	10.227409
-13.254965	-9.791546	33.829765	47.697723	16.576855	10.236882
-41.288667	-8.544207	35.876626	49.058355	17.842547	9.367315
-12.430436	-8.458002	35.272009	48.041712	17.263477	10.193887
-13.736458	-8.259607	34.689650	48.737208	17.259560	9.730796
-11.609316	-9.210421	34.866343	48.748838	17.433493	10.510660
-13.420162	-9.222572	36.317845	48.674247	17.195809	9.163891
-13.775845	-9.061959	34.951809	50.103731	15.876556	9.938477
-12.915712	-8.526405	34.653254	48.113717	16.068488	10.399024
-13.855371	-7.554932	35.200629	48.530897	17.738575	9.561971
-67.756058	-7.376687	35.131567	47.751766	17.644006	10.457652
-41.141003	-7.044453	34.831909	49.176939	18.397493	8.825079
-68.471709	-7.875669	34.772354	48.755607	16.701224	9.516757
-11.800033	-6.964430	33.575615	46.449993	15.988600	9.381589
-13.037340	-8.209518	35.711557	48.811131	16.232778	10.149639
-99.884440	-7.777597	35.681978	49.064424	17.679761	9.534359
-12.371157	-9.040655	33.735778	46.756032	16.710889	9.934750
0.330999	2.052314	18.543822	24.470651	9.192221	10.281229
-12.040146	-7.356411	33.977916	47.680732	16.203162	10.071244
-99.947407	-9.507794	34.475313	47.660476	15.571171	9.876600
-65.861430	-8.245887	35.686390	47.659258	15.869306	10.286838
-66.924876	-7.845672	35.012628	48.819424	15.601535	10.223712
-94.668366	-8.312037	36.216037	48.820477	15.416279	9.339450
-40.850738	-9.541661	36.378513	50.505895	16.680622	10.037827
-14.887256	-8.570299	35.128625	50.440603	16.528782	10.894688
-12.646586	-8.167423	34.699953	47.591386	17.309614	10.227076
-13.288907	-8.473020	36.854000	51.976626	17.131553	9.258555
-12.756042	-8.301732	33.590773	49.305766	14.939447	8.933014
-14.056175	-9.329969	35.712008	49.352323	17.326210	9.247228
-99.858389	-8.881500	36.178482	50.447764	17.865260	10.560774
-96.062001	-7.574026	35.160445	49.625084	14.372542	9.294327
-12.807132	-8.431822	34.188796	47.913639	15.600595	10.499573
-13.363232	-8.763179	35.901068	50.823651	16.642476	10.517785
-0.182354	1.719739	18.029403	23.998859	9.476771	10.246756
-40.227509	-7.638934	33.616433	46.921108	14.481489	10.035709
-13.621420	-9.656532	35.241661	48.498422	16.252919	9.617206
-12.709125	-8.436663	33.692913	46.687623	15.556370	9.832035
-14.352209	-9.717280	35.156271	48.667408	16.770383	9.603422
-67.377139	-9.050039	34.747493	48.640573	15.910283	9.583837
-13.905280	-8.706243	35.042563	50.216263	17.012981	10.768796
-37.524711	-7.877435	34.557372	46.140170	17.108180	10.055329
-13.360879	-9.555390	34.751886	48.195786	15.889463	9.577435
-70.897637	-9.283952	36.156478	50.340242	16.962815	8.957143
-12.845253	-8.008586	34.391291	48.324659	15.162012	10.682940
-70.262937	-8.058709	35.834987	49.603523	18.436137	8.661057
-39.839678	-9.104297	36.562168	49.849430	17.019703	9.992155
-12.642851	-7.777478	33.920686	48.392254	14.767796	9.219467
-12.301553	-6.655678	33.422428	47.565508	15.572642	9.102398
-40.976367	-9.430406	36.241996	50.236792	17.756771	9.310066
-40.147503	-8.335749	34.998363	48.089004	16.173049	10.698853
-12.851718	-8.173865	34.275356	48.339167	17.031255	9.219971
-11.886456	-8.655230	34.737253	48.043111	16.702480	10.028631
-64.962570	-8.921248	34.064486	46.670647	17.063822	10.427911
-41.324477	-8.518181	34.891968	48.404751	18.235958	9.767851
-42.673286	-9.080216	36.784162	49.796031	16.762190	9.904688
-12.559768	-9.756894	35.336260	49.131037	15.411328	10.053057
-11.485449	-8.744874	33.176947	46.995878	15.638275	9.559369
0.260477	1.791404	18.845040	24.309410	9.294096	10.426964
-68.194965	-8.949915	34.529716	48.889207	15.673325	10.007490
-43.491222	-8.216819	35.467933	51.073242	17.638739	9.588025
-71.692808	-8.208244	36.528466	49.481966	17.470388	9.573451
-12.236734	-9.102360	35.305058	48.291678	16.431818	9.708781
-12.117905	-8.028948	34.357133	46.679064	14.197124	10.240682
-68.213912	-9.167828	36.545098	48.050455	15.951728	10.773182
-99.969087	-9.394034	37.143202	50.090583	17.525984	9.045522
-42.901048	-7.489348	36.558292	49.809571	20.537577	9.436042
-40.231723	-8.105856	35.747782	48.377320	17.561764	9.885366
-40.356112	-9.077538	35.269855	48.392946	17.478456	9.381290
-13.417268	-7.812320	35.358552	48.605419	16.297460	10.356863
-13.523964	-8.783597	36.623364	50.191871	18.308610	9.948451
-38.983917	-8.604607	35.296142	48.764116	14.509642	10.228051
-96.270022	-8.545076	34.629523	48.606478	15.686286	10.665303
-12.855129	-8.275203	35.508352	48.921605	16.309999	9.665075
-40.173544	-7.630844	34.695014	47.675020	15.366440	10.972312
-13.211082	-9.420291	36.140368	48.731735	15.878414	10.771483
-40.020757	-8.915951	34.129574	48.360792	18.033643	10.284853
-100.000000	-8.501080	35.427495	49.751483	15.976291	9.535893
-100.000000	-7.408516	35.555117	49.387866	17.717911	9.763743
-13.290823	-9.071328	34.893698	48.456511	16.663132	9.308785
-99.915393	-8.744693	35.672410	48.909951	15.548299	9.576886
