85.221169	-32.916316	-92.987790	-2.286647	-37.678423	54.607412
-88.921795	10.763071	-3.442636	11.113206	-80.137149	62.734843
-10.153301	36.366547	-80.771000	45.489620	-63.440899	-44.846666
-98.520181	-19.625622	-97.225110	-37.777387	-36.384397	-28.538107
-65.201706	-80.084490	93.089134	-90.843465	-4.140416	-12.321164
-96.568003	16.192373	-5.758912	97.715833	-1.938816	46.126481
71.030025	12.625015	1.473382	19.753226	-88.774652	19.031510
75.551267	-59.274646	26.014305	-21.370256	-98.839722	-91.529997
55.764330	81.327453	38.345138	16.735259	24.607807	-54.417083
55.288262	70.566990	0.878196	-56.666343	-40.311822	-65.903373
61.604002	-10.273559	-80.128620	31.660656	36.176467	74.808164
70.520345	82.105134	-31.900586	-29.849013	81.815831	90.259054
61.332839	-10.802203	78.294718	90.255827	-86.292503	-30.815872
-4.980783	50.866456	7.605929	-92.468960	29.000773	29.249219
-51.573298	65.482328	45.504192	7.276936	27.001083	-23.798378
44.501628	95.049605	-61.441205	-53.330030	-57.689205	80.094937
3.361582	-83.177045	-80.190293	60.667915	46.612293	64.898753
-56.042946	93.414129	97.266746	-79.588816	-43.780423	91.974100
89.566844	76.599695	59.468086	-65.048367	-68.479965	-13.684717
68.540437	-94.709700	-99.944373	31.692806	-2.013364	-3.407650
66.256442	70.656797	-54.192732	-83.727917	-98.680768	52.824979
-42.975732	-53.282347	-57.440301	47.634809	79.601158	-28.739888
-16.372930	90.566046	-17.578828	-89.773790	-97.189417	5.654544
87.039993	6.929597	-36.726216	32.461165	-64.781101	42.011611
80.240802	90.037949	75.935236	-65.329228	42.910791	56.094625
96.996299	52.076273	43.826756	-78.279403	26.515390	-17.711499
22.392454	8.445019	-47.206183	5.841678	-97.191949	30.748684
38.720095	-28.749506	-42.358755	-79.864351	98.957894	87.344815
88.998680	-42.009826	-55.002684	-25.937004	27.851968	12.688099
-60.218459	-28.173525	-37.346778	24.152282	-96.229796	16.092732
-99.454616	-86.666779	36.812553	15.369264	-43.955559	-58.554570
-95.392248	-19.658457	-52.143117	-99.335395	46.463280	-71.773450
88.723580	43.453718	5.245272	-18.556177	-45.353444	-67.579276
-77.917574	20.813854	90.633013	-29.171830	-82.772704	-21.583106
61.209145	-64.278023	-1.796877	-26.679350	3.031429	-29.755119
-36.296412	-63.007472	17.316330	39.694983	-94.385408	-34.332095
86.220766	-20.203336	-58.187343	8.402355	-66.383575	-58.481128
-51.153073	74.379405	-5.465929	68.868082	11.910898	-37.448071
68.238884	69.648728	86.099370	0.549043	-30.550239	-64.590736
-55.372067	32.764855	89.855257	24.307450	53.864565	21.734646
-78.061613	20.029307	23.646538	-69.906659	21.774654	-56.754700
-31.344023	-84.644336	-78.044629	24.118244	-89.903041	54.785634
19.982714	-96.704710	-83.253420	-96.702601	80.637866	-10.878477
78.046727	92.352433	-65.041506	60.573786	-72.705110	-6.550157
57.009108	52.285862	-66.242641	-39.676148	-41.463892	-98.617884
21.528559	11.927746	84.594051	-74.271076	49.203799	-70.279209
-60.773661	20.724070	9.909354	57.725138	100.021867	-40.754214
65.633688	77.006770	-80.423023	19.654742	33.654873	57.104467
-46.886635	63.131180	12.368990	87.609908	-17.927923	-23.644394
-59.526766	-37.471204	-14.582173	-69.515815	57.885184	22.614501
-61.511490	100.833202	71.064912	-42.300242	-86.889861	15.700121
-72.702148	-38.420436	-76.474054	94.621834	-3.593064	91.234542
-82.836026	-72.752879	-28.257588	20.233448	-44.060623	55.057224
-95.805608	11.613063	21.875942	-92.125798	50.750469	46.488649
81.860402	38.662778	-63.612717	-62.418126	-65.433254	40.105732
-1.034713	57.080278	-36.636425	64.752205	-27.406438	-99.419111
19.638308	54.669216	4.432997	1.379054	98.678138	-16.743235
6.761111	-13.629719	-31.941109	-14.860899	-91.547114	36.728544
-80.588311	-89.656509	-43.779058	12.908788	-98.014682	-79.686866
94.113269	47.381986	40.012132	72.445863	40.258298	-3.632384
-56.442893	-52.401285	0.664701	91.380574	-89.025210	97.685571
-71.734854	-45.697826	-58.834470	73.945151	53.109261	78.828582
-31.518568	-72.610047	-80.884987	-54.625365	99.969150	50.149733
-82.107687	-96.367448	-75.487518	-18.361985	-10.303371	-52.581657
-55.608073	53.928012	-57.745170	-63.149961	71.139168	-21.859983
17.322923	24.091019	-90.892064	-44.628276	29.765005	27.439459
-46.272235	-58.948678	-77.753119	-59.790456	23.621222	8.655510
18.738290	-39.458847	34.517342	53.952775	-38.218917	-71.746688
81.761689	15.214251	60.931625	-71.618378	99.303307	-9.821327
-16.401560	5.265449	7.342139	-83.076281	-35.474111	-92.721596
-30.266553	22.460400	28.914861	60.119035	24.758381	-72.705988
-51.561556	31.167828	-97.870614	73.812380	-50.801582	63.457734
59.369566	-47.028752	-39.869161	22.418150	-69.708395	-9.327307
-28.560025	-30.517366	72.645910	-95.898928	29.780131	-14.526912
1.675949	4.226438	45.456872	11.795266	87.270485	0.268603
28.019295	68.040935	-62.752292	25.043898	-85.701399	-71.406430
4.554447	39.758629	19.234775	47.954964	-11.529846	81.589924
88.474761	-34.909240	-37.428787	47.723071	-77.130861	-34.763245
72.020529	-66.310948	-80.993243	-62.866239	-34.729187	76.735349
-16.337833	81.386252	-29.100776	22.210579	56.894305	55.495847
-51.236896	-61.725129	79.530061	-95.235915	38.188446	64.572810
-22.318540	-35.490472	16.692513	20.004679	-9.587330	90.808717
-93.401614	-39.173343	9.342874	-57.787817	-95.915459	-85.438141
-82.980132	-27.874387	-34.838777	-3.764837	-56.811510	-78.963966
-29.563256	17.300744	88.892081	-16.763486	-37.780246	-77.865206
-33.192012	9.859356	-24.353993	71.486244	-68.861610	17.493513
33.837229	15.320903	59.324672	15.808799	-82.572383	-27.580647
58.015033	-46.447063	-27.310669	-86.627425	-76.851092	-7.523489
-39.225200	44.824324	-47.797915	87.114950	-6.660548	-68.539884
90.217813	33.214670	-63.943071	-15.473089	-60.334921	61.245882
-82.896573	6.640626	-7.722087	-9.094111	58.256868	49.028767
-72.280656	31.935589	27.187229	-15.774056	18.745361	-23.164921
61.667262	42.942151	59.807285	42.998011	90.884515	80.400828
89.228412	-74.298492	-68.718082	13.044512	92.117869	53.022263
-68.866594	-30.812419	51.015016	-64.213381	3.461394	53.164768
-42.490151	98.599407	28.721687	72.865759	13.149463	-38.637557
-75.866307	-18.585104	32.911665	100.378641	73.508892	91.531436
88.033333	-66.194399	35.102477	71.940973	-81.951303	-46.502084
92.429374	1.612598	-30.066987	-63.760489	-14.053288	35.095130
-40.061385	-12.181406	-57.974368	92.697290	-28.097892	-5.670067
22.435880	4.134533	-94.101661	90.418676	26.991398	81.229680
88.565320	-10.901376	-99.817614	19.484459	59.068047	56.286066
-96.604777	69.404972	-46.808076	-71.496271	37.738933	19.793458
71.725539	15.612201	-20.490165	63.441693	35.618949	24.988912
87.025419	-32.097882	-68.422288	-95.582992	-71.582784	95.187991
33.998417	30.482168	84.282933	-74.393625	-5.989036	-40.586434
87.557624	-91.777208	74.193961	95.361451	70.441318	-0.455152
-64.192419	4.423035	26.872509	-74.946732	21.725565	1.315702
-15.814249	67.206087	40.091633	73.222896	5.410643	29.684774
-81.869778	-0.739950	81.084537	66.166911	-83.984065	-26.494929
-27.794378	33.200770	55.190757	-8.631124	100.889568	2.492675
93.584791	95.793657	-31.756127	-38.123720	96.060958	-40.561733
-6.714213	27.224427	-62.155525	27.755519	1.879738	21.841224
-37.403297	-25.609600	76.510271	-39.154036	2.211322	19.174005
34.928833	61.934893	-70.306174	35.792293	-64.216904	-97.317436
68.801800	-47.860486	72.053920	47.715730	-67.964573	5.028989
46.607216	-3.544291	51.737296	-25.974338	-48.561572	-20.240315
-96.800681	35.046736	75.538082	69.074277	-23.528289	-83.694150
3.134670	-36.672665	99.605043	-63.056335	54.600989	-66.731500
94.623721	-53.373318	18.593696	9.394535	88.455519	-51.033914
86.422228	40.520823	19.419525	93.161915	11.192036	73.784024
73.771783	78.118009	32.305275	99.187107	20.171393	-61.850648
-59.236090	80.195005	65.864633	74.827240	21.139706	36.570376
-59.297361	-63.355442	0.932819	20.115623	-39.739631	-6.924512
89.213782	62.715998	-42.811911	48.821994	-90.106420	53.023575
-78.053993	-34.075070	96.242537	-37.130428	55.660458	-68.458971
-94.540341	63.774344	-63.389337	86.290871	-43.269743	46.230181
-13.213435	-93.852179	47.228639	23.586666	-52.048638	-8.854834
-33.562021	61.790068	87.905170	55.158944	-53.169133	65.239308
-43.417753	82.184986	-34.315051	-48.916035	-4.938163	-90.416896
55.429443	-87.746076	15.401768	-23.316968	74.851883	37.566562
-70.524217	-18.736321	-19.156074	46.371098	11.547117	18.664923
63.529494	63.667229	-54.988327	-12.078939	-77.298800	17.659835
26.503195	60.604566	42.121866	88.771077	58.507875	-12.743104
6.561316	-97.215105	32.412868	2.351514	67.097716	100.478137
-90.059933	-60.314180	30.512017	45.553114	25.231541	-20.962395
14.006665	-51.312344	24.870740	-62.540472	87.444534	-19.870359
22.301800	5.860797	-56.264152	83.454279	43.095264	43.073487
28.967860	19.771044	-23.566352	3.303427	-99.711848	79.743226
74.159546	73.212228	-62.174225	-32.699739	37.627410	-91.932316
1.460606	-13.816260	26.720284	-42.710249	57.388354	-27.680952
-76.684551	60.210179	-53.658681	-31.653847	93.859473	18.620795
-73.258575	-80.030751	-48.286358	60.619436	7.276219	-48.994304
14.549947	-10.196605	66.287267	19.427631	50.355924	-1.964315
-64.330528	24.713314	28.244168	18.193874	-4.757244	-14.638902
46.174779	-46.457053	93.984687	-68.527089	79.236415	96.862352
-0.423963	57.614770	-87.776689	-31.703647	43.262381	99.972000
18.941270	91.521139	34.161794	87.309373	57.745813	-56.733518
40.154811	8.555692	16.861814	47.683685	-78.454469	3.392107
-97.256647	48.966059	82.752008	44.048631	97.415159	2.707900
58.125610	39.624565	28.528346	95.593383	64.511600	-5.004055
-54.635861	93.999847	-27.419579	-46.208613	-29.074593	16.820183
46.274830	-67.417010	85.078687	33.422355	95.870995	32.568521
-49.091888	-40.770458	82.208278	21.684345	76.086939	-40.929392
-67.479144	12.926260	-84.141571	-87.024018	-32.695750	-91.771420
63.522344	-0.166947	-29.094054	47.428691	-94.962474	-26.957348
4.920913	-30.761927	91.568801	-74.616384	-98.831029	35.942054
90.157387	-55.054128	-31.132214	-4.109315	-87.119541	-85.765793
85.473976	25.040539	-24.265045	-27.910066	-89.782698	-67.474841
68.340462	-26.593340	-11.698491	-46.939588	-73.048252	14.517466
72.281704	-77.092159	20.321656	-23.477769	-20.292625	-55.275370
-10.966997	-9.277682	97.575519	-41.925501	-45.901521	9.962721
-6.682623	-69.618440	94.602641	97.195132	48.672060	-4.195660
-91.982884	9.779569	97.547480	-83.820330	42.557149	-79.739933
35.700298	-92.807628	-20.790549	63.637417	6.010442	-59.094798
-83.384347	-0.474997	36.073668	-15.246539	41.227361	-86.996342
45.550087	-20.199343	-48.198190	-2.798864	-46.564310	90.820956
-11.779870	-83.337837	-86.773737	-18.722696	74.915860	-69.504358
-70.854748	48.281209	-85.103817	-82.227850	-87.371566	77.802880
64.058119	69.350795	-9.191817	32.611941	97.451935	68.346705
-82.016058	-96.215531	-62.494940	32.122272	-31.226211	63.101880
62.706989	92.046559	-89.886994	14.662517	-70.014579	-96.654791
-65.188047	5.919958	73.834638	-1.295877	-64.173226	65.666086
25.839765	-84.618682	93.622980	75.203411	0.927437	97.260082
79.977364	76.313637	-29.015911	-86.945144	98.919616	-20.825047
-61.234248	100.947354	96.056526	-96.838707	-85.364605	51.572634
-2.027383	35.877252	92.677975	4.939395	37.818031	31.718705
91.791172	49.780495	-20.367753	-76.885533	100.450885	-76.660430
9.631546	34.383357	-94.558705	-16.540206	35.293477	-5.329896
43.051690	-71.427043	57.991722	-88.998362	11.318255	-25.061944
57.609266	96.136457	52.806859	-67.676366	-28.315926	-35.300349
-41.999291	18.678053	98.380408	52.344330	-32.837795	73.217818
5.645236	-53.623341	-62.408497	79.751682	71.404474	75.259666
-54.210083	17.826503	-55.411056	46.481022	-20.996574	-30.690182
100.234906	-45.822055	70.907752	-63.856792	-22.722713	-43.016167
-4.743553	-72.477711	-88.633143	26.648012	-97.053004	97.550102
-92.665628	-47.054797	47.355278	42.862064	-57.807344	74.345726
58.737961	-69.112900	59.812877	-85.711230	-86.817026	51.332316
-44.364681	-28.874936	94.710958	-18.989568	9.603888	97.401415
27.195624	86.445946	-28.894074	-76.092866	-96.532433	-98.818895
-11.582142	-71.914852	44.352309	9.909481	-27.071892	68.018397
47.411446	41.654368	99.443836	71.815971	-84.600782	-90.646636
-88.105954	34.147652	19.404803	-61.868559	96.258402	-82.916273
-12.390115	-13.108694	8.210063	-95.920365	79.110824	50.646903
59.018921	-51.263377	-93.766230	69.836570	-63.583133	-46.408544
84.317748	-23.677850	-34.382141	-37.646349	14.427548	-11.108499
-19.565234	68.888581	77.104578	62.364092	42.189349	71.478523
-7.132761	77.696911	37.426923	-6.008226	-84.067189	0.449859
54.377050	45.801009	-92.418948	44.570020	11.395725	35.394014
-84.087828	56.558493	3.766290	17.699029	52.557879	-3.500682
34.909610	-61.363474	83.264541	37.866240	-33.117584	-84.561087
-41.353295	-70.533518	54.979654	24.645434	11.142154	8.395256
30.368097	82.853078	14.381920	99.858482	-70.452371	33.102016
-82.267868	33.847633	78.074870	-12.631025	14.470145	85.656090
-94.239004	-95.159398	-0.941575	-67.129494	49.075861	-44.060024
56.223690	-44.926741	0.272843	82.741256	99.916664	38.125731
62.168620	-77.127047	-61.605753	12.395288	-7.674140	43.078064
63.273282	-71.392455	-92.469826	98.005065	-25.875877	-17.448882
-3.568865	83.242994	-95.939575	53.981535	-39.408966	49.994220
77.035717	-78.871239	90.712213	52.451748	46.549058	-77.666443
72.969226	66.316573	54.565899	-35.470189	-86.682261	57.797758
60.803441	65.915107	-70.522733	-76.199523	94.274061	57.902760
84.242746	1.308788	39.248229	86.828404	1.700027	65.313417
-18.693831	77.702437	-77.146318	-23.443661	41.366135	32.004709
74.160871	50.888263	98.076114	-65.545620	21.185429	-2.780702
53.229511	-40.657092	39.653477	-19.296413	69.654533	-91.028290
-74.181771	-68.821766	71.299196	-61.900365	-7.081952	-85.468309
22.147378	-34.737120	64.677091	67.349384	45.502325	-0.159998
-97.977063	-43.659580	-28.263017	22.246864	48.333644	-99.763640
48.520033	-30.741003	-87.832601	80.505108	-44.611371	84.524979
-84.372319	73.998941	-34.577166	27.551860	-60.249671	78.708680
-11.075722	86.229184	-85.643138	-31.907791	33.962797	-82.406567
-73.805715	-15.658579	3.688781	40.306844	-8.904772	-24.407125
67.580629	99.752280	72.333010	43.803821	-40.815731	-29.401150
-66.655798	-68.089084	-69.782612	-10.588321	-26.196243	17.759151
39.902831	-60.088174	-72.118683	-52.113219	-32.298131	-56.031337
-40.286499	9.314356	-98.711534	-75.810431	-13.529168	-90.590058
75.196102	-32.006078	45.567772	10.387688	-89.804609	-2.561414
100.180176	96.285643	48.218947	62.547355	73.201555	75.569615
-65.844134	88.432723	83.653532	18.898868	27.376776	-21.122385
-21.404886	-78.231916	-2.183085	48.099505	74.340454	-69.365264
73.652964	-86.979117	-69.550408	-78.109467	95.533467	-90.712674
-89.408769	-43.026382	-22.598988	73.567122	40.890646	3.737138
-35.144339	30.099302	71.421845	-92.904075	-20.144546	21.301034
-99.493958	21.263589	-60.414777	-2.057247	-2.796629	61.890891
1.567862	-2.112610	-34.462836	82.237393	72.070131	-88.006243
47.678973	17.103923	99.463492	-41.004820	87.562393	-53.416837
-64.323115	93.534860	-92.920422	-70.934181	-51.739211	40.413733
100.663671	97.473315	-30.439684	-19.441222	-37.632622	54.109618
45.804464	25.506113	28.009629	69.627331	92.347689	-95.129083
-21.695398	89.262740	66.146153	89.213188	-88.289245	49.875487
92.155950	-25.175755	97.794136	15.078992	58.079445	-61.475968
20.499243	-29.994406	81.014467	53.215162	-36.977689	59.726175
-57.484314	64.980285	55.979153	57.051544	-32.625931	-9.189098
25.963437	-40.742185	-4.713681	-28.123752	-46.886746	-20.900402
43.676718	-4.643232	-38.326117	-43.165016	-92.042264	28.123938
-23.575851	31.678464	16.325899	-66.275581	62.317687	-19.099406
92.750163	-54.913134	-21.869299	-84.169853	-91.722588	48.802918
-96.114252	-68.122847	-53.877986	-95.748842	66.919165	38.953010
59.007538	-69.553504	42.193683	-71.870940	73.585463	9.337434
-54.844523	-24.499173	-68.316028	-65.631373	-21.563966	-26.611240
29.717258	3.135551	67.914789	36.088695	78.861833	-99.054558
-12.183641	77.282640	56.208066	83.165853	13.589607	-24.219577
-76.125525	13.918405	56.687771	52.985355	-97.351072	-78.037256
-13.013948	76.119568	53.043711	52.526962	42.505269	-43.396419
38.585222	-73.385205	41.395842	17.849510	24.072541	-7.693536
40.380887	82.212390	-49.804589	-13.552618	-97.157977	-34.814206
70.650823	-44.117358	-57.190477	51.726255	-7.670791	-82.337975
-43.410740	-38.410907	95.942871	21.155831	-7.364924	19.226270
53.470751	4.118334	-70.729077	-78.151797	9.039217	-55.946938
-36.102530	-79.920100	-20.143401	74.380903	-99.253585	-1.219908
50.111687	46.504357	-8.556464	-82.788538	-65.019905	34.578567
-75.593107	22.141809	22.750554	-35.279090	7.513124	-33.320258
-41.207041	16.485888	-30.936488	97.066294	-6.095587	40.552548
51.556211	92.382178	100.948767	-20.093469	16.282650	86.823597
84.992407	-52.096872	78.264794	64.188042	-77.274965	81.774682
-95.026530	31.537310	-15.735478	40.995824	75.168811	-20.711540
-49.680765	-54.407603	-72.661049	36.698151	-95.617956	-2.410092
-42.463544	75.451145	61.439944	-33.233183	69.941292	45.145606
-48.890669	-65.009721	31.445788	54.844270	19.106722	41.800566
0.049943	8.696353	99.166737	-71.426513	-40.367887	31.932836
-18.103181	-68.969403	39.125219	39.922443	-18.000495	15.643242
-70.315415	10.844065	96.558668	61.413775	96.682559	-0.516659
-31.542657	15.271209	44.353017	-95.655216	97.665066	-52.144740
-0.997280	4.631001	-31.148703	-33.815283	-77.575417	-48.319514
-51.594574	-17.888955	-80.761130	-70.707166	32.806626	-26.286118
3.812468	-32.568030	48.886612	-18.263731	-99.814572	77.082152
98.264251	95.661043	-25.657046	19.572336	53.036675	30.172796
-49.269181	57.482888	-90.828618	-70.247573	-63.860366	-68.162981
19.628988	-18.702458	75.095142	13.353193	-56.873159	28.075137
25.788157	70.255996	-37.307486	90.940137	85.392516	66.746683
10.644817	-82.929720	76.578091	32.356792	-67.987068	34.934618
-37.277522	-61.749421	-97.108329	-83.371148	5.751647	-13.836530
64.935308	25.864940	9.436126	-12.955649	44.690375	-85.411327
-16.149882	54.713436	-30.828258	91.053053	83.959323	-10.231189
-67.723690	-42.535144	-85.058051	44.262010	57.908778	-42.307846
68.430016	-1.120932	31.609347	87.716765	-28.729275	-16.871113
86.014931	91.620010	8.427374	40.099831	-84.830246	-71.870461
71.910842	84.770384	-19.946422	-19.777895	-84.269734	-55.877203
94.899785	-71.591233	-52.476557	-76.672119	-50.210552	61.724221
88.512839	49.038665	2.882954	-21.936319	-26.011927	-65.621155
73.894815	3.504655	57.294736	19.508478	61.927362	70.581433
-2.355509	-19.638430	59.551201	20.334274	29.087316	-41.283337
-24.198222	-86.209292	9.421348	32.453402	38.658804	97.243424
58.594512	81.807661	-56.480531	83.084558	74.709320	-8.769079
-37.431553	-28.570024	41.042475	96.872512	38.722398	-92.393224
12.841363	53.641428	19.799838	58.568097	-71.082493	-81.376660
-30.475883	64.527445	-5.245530	-11.490597	41.987918	-70.985233
21.717736	44.039955	-94.765373	-13.388793	-0.192843	5.079326
-36.045050	-90.253149	-68.635776	-18.972737	48.738968	44.493318
-56.894037	12.304875	-40.949621	67.469388	-42.792687	-21.981991
100.347004	-64.956468	-83.163294	45.194640	-26.663549	-31.499930
16.379328	-83.490256	-98.080331	66.073054	-19.699493	-86.653510
57.864148	25.037873	22.590644	56.052310	65.491304	-76.217376
-81.761382	68.198245	83.817860	48.655439	-91.295268	52.087363
-71.277885	75.246507	-14.590309	22.115429	48.114771	26.621052
56.161317	-84.714508	70.821065	7.592008	75.251563	47.754825
2.199236	-4.387540	45.940623	-78.998792	-43.005990	40.386695
-77.208467	-90.159240	-71.817056	-98.201266	-27.812553	71.010741
81.767619	-46.636675	-13.365070	-73.336133	64.329823	-87.818122
-13.879555	-38.539717	4.774463	1.124894	63.656438	-8.382237
30.972337	32.438299	42.304498	37.057297	-63.338935	-93.807263
-86.183203	-65.307278	5.362059	6.255684	42.609592	-85.240762
99.067602	-54.058898	11.754538	-68.305855	-99.190628	6.276470
20.540160	82.411262	68.669132	-77.372892	-24.994287	41.305276
81.139032	-26.740550	45.799650	-78.122386	31.494437	92.820998
12.000047	91.404979	-25.592057	-55.629828	-81.116484	27.904527
-47.173285	54.905809	20.199575	-1.872011	68.128692	17.596541
-42.800317	27.879275	-38.264631	-61.561184	32.152072	-80.467197
84.217911	0.338069	55.019365	-75.462799	2.334899	81.330070
63.554674	41.118637	-36.340013	45.509243	-79.660077	-6.942323
78.132135	100.592116	62.167427	55.717679	-50.883028	-74.019854
-47.453873	-21.110768	53.055938	-64.290296	15.448426	-71.333165
66.676393	-38.873295	11.162912	35.704585	76.226950	-48.738671
36.927117	6.573031	95.487158	64.166592	33.584475	91.929816
33.733481	35.316229	30.217297	73.489416	21.128499	63.472321
7.180864	-41.386655	-57.215260	53.274099	56.354336	20.662016
-70.114931	12.261858	-22.154177	-42.508199	-83.588558	-30.668527
9.948187	39.712624	-58.398109	-30.478223	51.209816	32.540977
-36.383226	68.384058	-92.772033	63.978031	13.083593	-30.706543
-46.105619	-76.023303	-55.790986	84.727428	84.422574	-93.739319
45.853692	-83.141969	-80.108246	-41.398275	15.173706	-20.995931
78.778022	54.315445	69.401253	-62.887656	-78.399659	94.093842
76.404021	-19.005456	-86.107886	-13.545717	45.467066	26.200088
62.668316	-79.786727	10.608390	95.696422	6.462079	-66.399391
-19.444764	9.566678	81.060553	-75.280506	87.052719	-39.904299
-60.480464	-23.097493	2.615007	63.821770	-24.568111	-26.812623
-3.477787	-19.429556	96.044983	-11.547080	78.906143	40.127992
-31.829381	-66.471690	70.187186	-50.357696	100.706727	66.157184
-50.229412	5.692596	76.382718	-64.482633	-83.144345	-29.842517
-46.806361	-35.493263	55.410553	-83.535122	6.574908	51.776754
-18.945898	-20.796467	-27.548805	-54.012571	-37.013628	-72.992047
78.062290	-65.289936	62.168589	15.249534	13.610236	-74.001219
36.803173	89.964172	-17.041940	59.229559	-86.331247	-74.748431
72.948449	62.706509	80.878892	87.072945	-85.906801	-2.563051
-52.872452	33.507999	-59.204685	84.471213	98.435833	1.075375
56.270511	-50.922959	25.910020	59.870495	-50.330098	-97.914315
100.225629	9.648024	24.150724	-39.224076	-19.134284	31.419142
62.833105	48.330922	1.288365	15.407047	66.321825	-98.431386
-22.042713	41.211454	-84.738775	-64.229115	4.749854	-4.083297
-77.832014	-40.134138	-66.222919	-42.335485	-21.166485	53.595038
-58.308167	12.860510	4.176756	84.965105	-75.172670	24.555804
-9.419195	-21.513215	51.606059	63.930808	-37.220819	-0.901159
-59.231663	46.421164	-46.875859	-49.962548	50.032978	24.458097
-5.919819	-59.666674	25.219441	-54.098523	-74.713246	-29.614916
47.250831	-61.372391	-40.103715	51.764889	52.307112	93.125664
53.962301	-14.825333	-92.637233	40.058100	38.643453	-82.637283
61.404755	56.579224	-59.005819	95.818836	83.993434	-37.185704
-93.972011	2.826712	-40.532417	94.259794	-8.531428	48.686112
34.014985	95.053528	-33.228421	1.326809	32.733227	34.904398
4.966705	80.563041	-62.570200	-70.188253	64.251553	-16.256459
7.804095	-73.152775	-37.086651	10.102463	-24.532239	74.004716
-15.216039	-90.333897	79.929087	-77.151984	41.049277	-45.760345
-30.411369	7.069913	-79.010340	-64.827557	31.850778	-58.445760
-83.786133	-80.861938	-72.709429	62.002393	62.204466	96.856607
82.557308	-90.172764	-19.012330	5.158373	56.501355	90.295947
77.957632	20.333860	71.427038	92.071643	99.797179	26.056735
88.147769	-68.631812	79.774411	94.909713	15.470742	-35.330032
93.702690	56.333225	84.681447	39.441677	-6.706446	-17.876100
-77.595248	-84.001596	96.167494	60.932777	39.649697	55.934786
-95.258220	64.231654	37.884825	70.803258	-91.087168	70.422869
53.135166	58.277486	51.578302	23.549726	-56.532378	96.876337
41.905871	-36.547531	-88.474203	-63.846631	-86.001008	-0.508339
-88.703473	39.565822	-97.628496	21.204731	22.359216	86.378394
-64.507219	-52.009859	31.051024	13.438008	8.726362	57.230418
84.481304	49.227115	-72.687564	-7.038522	52.901452	57.797657
-36.802446	-68.411553	64.828692	-43.346823	-47.431448	-22.665603
92.880255	-76.820358	53.710869	31.676321	-87.555839	-5.849076
26.237919	56.045495	60.174660	-74.868172	-83.293316	77.092045
72.976889	-20.493263	46.293652	-96.498876	49.524257	69.820434
86.867128	33.798326	85.764897	-67.859208	69.628120	38.441290
-50.974078	-57.504048	51.303803	-47.477484	47.666013	-8.436919
-39.016873	93.418992	65.227453	-38.166042	54.113882	-85.540240
2.695813	-51.912837	-34.554502	92.767536	-95.241646	-19.919689
-81.723866	-19.078677	-6.509434	65.738619	-95.924074	-27.643655
-62.199346	-9.885156	31.471652	35.396824	66.410903	-5.256801
-85.421364	-89.843313	-3.262948	-39.357982	-68.619346	29.976864
-17.048405	-31.569543	53.814045	25.219657	-45.951428	-84.360188
64.461526	-38.680100	95.305349	51.831076	40.672361	72.420643
-66.427261	-83.828058	-89.968267	-49.707269	22.401920	-78.604271
-27.064564	-70.707602	73.838153	68.336353	90.292449	4.357204
84.197036	-44.012458	29.108794	52.571498	46.855190	95.062811
-5.248432	28.698854	75.077552	-92.422394	-63.110460	70.967336
-59.158339	52.011222	-26.805218	32.057954	-61.466222	-14.807070
73.659913	44.787018	-22.235410	1.248440	-59.328656	-80.191871
-70.530365	30.225380	26.275638	57.541865	91.621287	-15.401570
-82.165492	-88.124808	71.801881	-84.639589	72.090513	-0.857333
76.819426	75.023173	5.366050	-50.450242	81.565040	-18.969542
-72.532734	1.885077	8.424674	-12.571109	-4.003905	88.066798
55.035330	56.669288	34.627986	99.197812	0.851435	59.028037
96.497522	20.081072	-79.977642	-33.625462	-93.106850	100.408303
-3.641190	98.601928	-7.325271	55.565574	-32.443182	79.037368
88.375485	50.158372	-42.498057	-37.033583	57.225113	-61.526687
18.857785	90.923290	-1.717548	61.744187	-75.528771	85.993091
77.545500	-80.946181	12.659417	-61.998414	-24.997873	-16.020335
80.573936	89.026120	32.625690	-20.474436	-15.320339	-41.452611
-30.504784	-74.699356	-36.232353	40.097380	85.604158	-29.212986
83.052323	39.549590	90.262170	-17.795684	-25.047692	53.107017
-63.002328	-56.658989	-35.802476	-67.813000	93.815708	60.258197
-58.110436	-3.959578	-11.765012	-28.289224	82.944743	18.509306
-82.995833	41.410174	-47.481908	94.440659	-78.548055	-23.025789
-8.246101	-82.779666	-24.818187	74.275741	68.923076	38.353974
17.094846	13.250429	1.372483	18.341318	-88.011486	-37.540838
37.463273	72.140241	17.823574	47.171290	12.658829	-32.475877
-95.538803	-59.482884	76.961430	-19.641708	12.065834	100.730795
-60.389077	7.313393	41.690315	-4.052303	-3.891651	30.635768
2.524603	-85.728019	-89.630124	-8.602675	25.886034	-94.980870
73.985089	33.499780	-41.436601	92.639871	79.650599	63.787656
-7.204743	61.165605	50.829764	-76.997071	-33.739456	-72.144323
-59.718902	15.601564	-18.048224	-67.505052	32.368767	3.288925
46.666178	-39.156975	27.917489	-71.955153	-39.875868	-33.267730
69.673701	14.965504	49.132500	46.743311	-6.724929	67.016948
-38.358436	-19.198954	-40.332393	12.018482	-17.855502	10.027495
-42.565774	49.031514	-66.070073	-20.071487	-72.188352	67.015837
17.554777	32.093782	-49.056238	-70.432722	-70.586332	-28.859781
-80.293049	-35.916475	-82.020979	-10.008253	-15.052579	-89.127090
-39.201665	91.827216	40.579231	15.047003	-97.732750	-87.827289
73.145671	77.572232	-92.232526	79.068650	87.611361	-96.723112
39.715701	-17.401845	47.595193	74.385511	-35.986674	-12.064711
49.643072	-69.847259	81.194610	64.000575	49.072341	79.730828
10.447325	-51.367618	95.539888	-20.069023	-6.227411	91.677589
-21.180797	-18.496037	-23.630948	63.880914	92.067967	42.349318
98.629121	-3.319931	1.311700	-36.191953	-93.429368	-81.856727
56.274584	72.658053	-99.272465	5.477017	57.121439	-36.968770
-85.964445	-62.237517	-63.797506	-46.726371	-2.948394	15.744433
-6.138373	-51.872520	53.520721	-90.112953	-63.124005	-19.556779
-75.919921	95.989269	-84.111284	63.535381	20.893656	-5.625284
99.241949	78.635751	-77.643801	-50.765807	-57.026296	-8.059016
-1.323957	-86.369815	-48.444749	3.322756	11.930299	-48.592246
-69.150785	91.113233	-43.766317	58.369277	44.762002	10.669411
-36.162144	-44.200240	37.518682	-6.489741	85.089624	-63.188686
-79.861871	74.253864	25.119620	-50.343219	87.188182	-63.027276
84.912116	-13.745987	67.537613	65.496189	37.183601	95.197639
96.011762	-34.766260	61.066961	9.238991	13.902060	-65.563726
32.077581	-45.178104	80.109222	-40.416098	11.917172	26.793669
46.902595	36.849615	13.560881	51.871377	-96.033913	50.200517
-10.001553	-59.753076	75.122263	78.683854	-18.045614	-4.500588
-63.002053	72.848966	99.514381	89.713357	-23.154145	-33.990487
-22.963760	-91.649475	-58.374326	93.925758	-40.582344	-32.486902
58.734842	85.013689	58.576799	-69.003547	0.008906	-77.976642
-94.358004	3.806577	-8.715304	-1.921356	27.961197	90.919503
44.251062	73.078066	44.034625	-48.964489	-61.463900	-88.220045
-92.834909	-67.133557	-68.918429	31.640395	-30.038879	-39.539973
100.730020	-94.340423	43.436809	-9.808445	-98.584879	46.037317
-93.849209	54.825666	29.462605	-87.653464	-91.336520	82.773526
-27.969111	45.702416	-91.805298	38.119431	18.983664	0.881730
44.144286	-93.846991	-13.686419	-97.338545	-5.896587	83.446661
64.031176	-27.622047	20.019759	34.111229	-0.031422	75.603430
-70.906369	-80.891831	29.290695	65.639124	-94.271333	-94.066619
1.481874	47.305312	-56.855068	47.959457	60.033672	48.072385
79.037772	-81.250790	-21.098732	-16.356723	-57.355566	-13.150249
-18.512675	-9.757264	62.114200	-50.713819	-59.483467	91.730117
37.267971	-84.831723	77.933740	-76.828014	-49.871330	4.162844
75.846958	-92.186931	-73.509887	98.617107	11.600306	-58.550702
93.253937	11.299663	-20.678808	19.360118	-88.909764	35.324497
23.361252	-96.067323	94.875229	-41.055918	-77.120756	-73.250888
-81.728550	-63.138125	-60.684597	-57.027863	12.214132	67.622966
36.022807	-33.593156	49.646370	92.767771	-96.474219	82.871409
72.735043	29.438139	59.277874	-36.337642	72.038176	89.207710
-31.944925	-53.869917	1.807251	71.264434	-99.393067	75.108052
-90.180767	-22.367855	70.105506	-83.592281	-53.773258	79.771926
16.730241	-97.643676	0.567781	27.020388	-93.206903	-45.920472
97.894337	79.681971	98.619803	74.686648	84.739630	64.175377
-56.708608	-38.769700	75.772522	-84.746328	63.494699	13.820080
-27.234662	-59.436993	79.434218	57.182228	2.507499	65.911316
7.124205	94.345957	52.630797	37.916609	-98.433209	-57.778657
-10.999075	36.426335	-7.130305	44.463577	-1.428193	92.060680
-16.781322	-26.784632	-93.933186	-20.517375	-89.583317	6.121185
-34.964556	-27.381093	-32.476592	54.918751	-67.095026	78.834859
16.068546	-29.330254	7.242961	14.159975	-35.518450	-25.949155
-92.252333	-23.627493	37.805976	1.935385	-62.444013	31.901814
76.747883	62.614065	-38.583657	-17.220473	-25.121793	89.873403
-57.259697	70.159065	49.592863	-14.664817	64.852208	-88.414334
89.520345	-62.234636	-27.198896	73.317470	-87.485664	34.259609
-31.826014	-34.483506	50.485732	33.546645	-37.890591	57.657556
-27.214216	61.330365	82.494597	13.053148	1.171507	-97.660378
46.885555	-68.378274	-86.694333	-23.807460	-41.563802	-64.583942
-97.467966	78.612879	72.920573	-45.968551	-0.876179	-57.219681
71.323836	57.349607	-49.820779	16.707682	-91.406403	28.096711
38.019411	36.404519	25.531777	-7.411966	-2.177662	38.380826
12.627379	90.604285	99.484988	-24.439373	85.221584	-54.426260
29.387321	-41.198087	-46.185634	26.499395	-54.165739	37.703397
-41.385462	-73.884814	-61.712923	32.884712	71.586311	81.966555
13.725161	-12.816286	-84.351235	49.158374	40.515058	-11.072855
12.378609	2.621778	-61.772934	-42.303595	5.255977	32.877337
65.549039	-22.082472	-69.956044	-88.997877	81.658607	52.764737
76.113883	0.495011	71.046534	0.272772	-35.997599	36.184052
-38.405473	54.450825	44.738319	64.415428	53.708467	-33.661174
35.558435	-36.130854	97.219276	-67.503174	53.696121	61.935416
-6.815510	6.391392	11.986771	-61.942119	-20.910328	-17.395563
-22.215134	-40.776857	-87.698748	23.266907	-73.129436	34.048883
4.436966	-35.354732	-45.175629	89.689405	90.847322	33.476270
-54.817085	97.133745	87.541385	18.645349	4.492299	-15.234818
-15.012648	98.231754	-87.118156	99.121544	-60.888124	-74.789009
-4.072014	30.687580	27.877059	15.854791	82.325807	-17.867381
57.025547	-9.903813	-65.679887	-15.148921	66.690125	-72.679930
-77.669055	-7.713354	-88.850233	-18.601353	-28.692491	49.509175
-93.769150	-69.625123	-15.872837	-93.888071	-39.000619	-78.820661
-67.902430	61.720878	11.426245	-17.833755	-77.128412	32.797666
85.345419	0.503292	76.529122	97.665276	-51.919570	-89.201863
-65.652031	76.246472	79.395688	100.539493	-47.861348	-34.991530
-4.284426	-86.995950	30.267440	57.373351	51.701057	-57.829852
33.351818	-52.376861	-47.202869	-83.197686	-77.172349	62.017785
-16.685814	-9.996142	51.604355	54.411254	8.089937	96.095521
70.635386	89.191737	52.991385	-61.946749	99.531993	-69.881716
8.326821	-31.931998	12.419538	-34.989811	40.274052	76.463655
90.709638	-65.088282	21.111254	-4.655882	20.213641	-87.167643
26.526731	-35.132608	3.495161	73.743518	-9.933479	72.894618
28.477012	71.289751	-64.113473	-71.002767	49.461447	60.347919
-40.600977	69.892646	20.450256	34.859408	43.061406	-3.203389
84.354886	75.070829	31.128846	-48.049623	57.884732	38.187675
76.558701	-57.434168	-26.440742	13.752829	31.538953	7.297495
45.227612	-48.229744	-22.746964	-67.971420	-96.953012	0.852937
28.243651	86.964621	32.965681	-21.382193	-10.310367	-4.220360
0.321100	15.774955	9.291967	41.101005	21.055909	88.368937
17.606734	-6.540769	28.017333	100.229526	17.988249	-31.279124
91.419006	68.027103	93.750063	69.263530	84.189101	4.388736
-81.315733	52.859617	-30.072549	99.349022	43.723783	-16.496087
-14.618497	63.598712	-27.320648	-90.346061	-72.936719	44.765199
21.998676	97.732944	27.349907	53.377532	-8.613697	-28.584620
36.670295	-21.107683	92.338794	34.812754	-29.203671	50.516508
11.156412	21.118746	38.211196	-70.016162	-75.939973	-57.556269
-25.029020	-30.083843	24.875720	-54.050482	-18.493227	54.826081
-33.596661	-43.803616	50.547415	45.360588	-76.563678	-94.927547
34.414897	-19.046388	18.701152	78.919090	-3.081749	-35.703959
-98.276831	-80.147285	-3.823399	-80.617735	-23.482462	87.591646
1.399935	-28.291533	90.086990	32.400580	-88.193378	80.836111
-52.442420	24.837769	81.551964	90.545243	-58.845406	73.654519
-3.677910	-72.398662	-49.373121	-88.970046	80.177172	25.117764
57.266784	-89.387002	-86.855128	66.648586	-2.909992	-76.079895
11.789739	-80.491823	85.147475	53.721720	-72.110123	20.377945
-18.480929	92.160439	-21.659063	6.178362	-44.604639	-30.823704
73.685432	84.517839	-48.544087	-95.460145	44.897262	18.917031
-34.903161	5.881078	-54.298335	36.010945	67.719788	21.694388
89.757154	84.908032	5.418153	92.885683	-90.937818	-67.908123
-98.541982	-15.077823	-70.087178	76.094635	66.037138	-47.956453
-44.637927	-48.502616	34.178440	-71.895681	-65.197728	-80.419743
66.157804	-65.604833	-35.765065	71.179092	34.630539	-19.929306
-71.969935	48.211986	11.733649	-60.627596	-43.403698	34.688603
7.592444	48.181109	-61.429946	-98.823804	-91.426400	92.003753
-39.006340	-29.346514	81.809291	11.438910	-26.219418	85.435205
97.421161	-98.191596	-79.724016	16.392337	50.924165	-42.414728
96.564321	-95.095602	-70.723133	95.910140	-32.201813	15.158976
63.406453	11.585471	10.366931	-56.733217	8.994360	-97.932348
66.606259	-61.370082	-28.831242	-18.088122	-81.637185	23.145042
71.254031	65.422206	84.854643	-54.523693	41.622323	5.422782
-68.908207	-51.698682	-50.472286	-35.230074	7.715803	25.145193
98.031735	27.596289	-75.021164	50.441989	49.920704	-66.046568
-85.048978	-17.025613	32.891332	79.763293	91.876458	46.790189
32.369258	13.966384	-26.734295	-81.355829	89.773067	37.298875
76.472901	-67.714519	65.754872	61.797323	-21.211262	-50.824069
56.813585	-84.882718	-12.580177	34.319954	33.029133	-79.777335
-76.605827	25.684142	-49.251271	23.900523	-10.962756	-25.344795
5.423218	34.579629	63.073973	42.990653	41.373431	23.238177
25.821805	-97.438693	-73.522076	-94.991332	-38.590994	45.935486
-22.612566	-22.029169	-7.300375	-8.143800	-48.950557	-14.597918
-61.569763	5.620899	-45.826009	10.082509	-58.190128	-78.956017
-28.683399	36.084389	-26.870839	17.057676	-34.653530	-54.010553
55.857320	-70.756366	50.520008	-5.581481	-27.688659	53.432587
-13.650233	47.984589	72.588990	51.804791	5.296467	-0.924542
-55.776187	-76.776164	52.565677	-20.558483	-40.360614	-42.644478
-0.555090	9.965821	-8.507137	-51.953987	13.506742	-9.203805
-84.333323	-26.699953	-83.505578	-70.233052	31.235340	-78.069075
-99.484005	60.288543	-19.046265	-15.144509	-7.075660	-99.617881
48.186876	100.083968	24.677525	-3.826261	87.404021	-16.278919
46.596969	-71.865724	52.377483	40.278370	55.857378	-6.772249
-8.704064	-11.613084	68.719697	-70.498193	74.019947	91.400493
86.455648	-69.809947	16.806197	68.502442	-47.529299	67.315513
-55.093294	32.928240	-52.171807	2.038557	-56.431361	-98.639880
40.145292	7.910645	-84.333142	-56.532932	67.826203	-4.918840
-92.162602	18.130777	63.286157	48.958371	-73.780183	13.593499
44.649401	35.075016	51.893051	93.863545	-17.668605	-9.395080
-98.222300	45.453696	38.051954	71.696459	-44.247279	93.959526
-74.710418	-31.516762	69.555978	25.583844	65.313440	95.246442
-95.337689	-36.103746	54.180126	77.340820	-12.385425	9.060689
20.379684	49.202323	-87.013315	49.430592	66.246856	32.556297
-21.347139	57.165942	-83.233348	-81.509056	-60.906089	27.979036
78.390566	0.041500	17.529123	29.003668	25.071120	-39.082590
-61.251455	-90.370436	10.287406	48.648446	72.692207	-26.131806
-46.718600	-28.174796	-7.926591	-18.283124	20.252126	-59.764689
-3.228542	-43.746466	27.936672	-10.803253	30.684156	66.423935
-12.282696	9.554830	65.912440	-15.147917	68.002482	74.832221
-52.763152	-35.927374	-43.180796	-9.160620	100.697159	-99.661942
-91.748071	-29.323406	3.044174	95.974462	65.815053	-76.043626
-56.444735	-86.753136	94.831608	73.896462	18.040658	-14.251716
-5.146043	55.006802	-85.702511	-47.424034	-72.498293	-80.456538
-31.097767	-53.629521	-46.334242	20.167652	0.277241	-19.236052
29.457650	-56.457479	55.916542	-62.400121	9.971561	61.952124
-93.336952	-61.872195	44.269792	13.075097	-81.725842	-50.161966
-8.463946	-13.898516	2.003135	-39.722880	82.982519	52.103204
-33.719931	-29.116738	90.724549	-64.374265	-46.962039	-41.584582
-80.372985	-27.352925	65.947439	-75.508613	60.188451	-98.873103
-58.270955	-79.688220	-27.853346	78.891331	-28.317906	66.530647
11.830396	-6.529268	97.340478	78.518078	11.847479	16.243741
35.283998	89.010741	-10.120059	-2.423758	-92.285078	1.874558
25.710038	-95.631191	-55.048072	-67.542774	0.197904	-83.896154
85.149577	-26.315966	-61.669588	62.814446	10.612740	-97.883620
-12.974846	-18.227354	46.110746	67.219518	77.186862	89.532231
-54.300082	-1.420216	5.844141	-14.337875	-62.805663	-12.753104
91.320490	-52.849701	3.441891	32.945018	3.982495	56.652408
-88.972583	-37.619973	44.576436	73.941095	-14.298565	0.634225
-7.213189	1.451446	-42.114426	-71.930862	-31.814364	28.274093
79.627304	100.343530	-70.291911	-2.340214	-77.123804	78.434159
38.472421	-94.298118	68.497391	-69.343642	-88.823861	67.937256
80.019131	28.209318	-43.950521	20.026432	37.035005	8.676110
-60.138695	25.691519	85.046056	-83.041376	62.092157	-59.691119
98.306165	74.278228	18.285586	44.534304	25.617121	8.159779
21.503204	-56.575895	-18.522979	-27.380893	40.527282	83.394331
23.425279	41.719715	-84.778839	-47.634169	2.684209	-67.933819
14.202261	-78.185845	-52.771506	26.682271	-27.334880	82.461101
39.102875	-73.859049	37.218464	-99.661548	-21.142987	15.208917
-79.955751	20.403591	53.833788	-44.318478	79.720351	97.566538
-46.029953	58.956126	-9.143748	-97.186668	99.995821	-0.947810
52.696930	41.903454	7.863775	81.794072	50.393553	-80.270811
-82.429013	-23.344371	5.352650	53.938298	39.825258	13.073767
80.834555	96.583776	-78.009479	-70.423946	95.781560	-49.926316
25.668329	-97.559392	-71.683828	38.259418	80.933363	46.092549
-92.120328	89.356416	23.093456	38.946815	19.336118	89.992135
17.399603	100.670754	26.250741	91.667845	76.239598	-90.871275
25.437584	99.422555	63.825116	-24.819864	16.355352	44.283916
12.243796	50.855373	18.319966	27.834472	98.286510	-89.837215
-19.801653	-33.955056	-93.675623	74.743331	-54.873696	-51.180473
-77.459603	40.803891	80.944755	-95.771568	-17.807074	-41.594565
71.011683	-57.860089	69.624102	-49.611599	-67.425371	-97.031873
34.782182	52.454049	21.466533	-81.211753	73.155172	-53.017156
-58.772602	-30.265260	-59.221317	85.496512	-51.715208	-79.758395
0.005431	-22.378433	-1.156597	87.058016	27.202902	-28.663553
-25.438920	100.782363	-39.339304	26.344073	91.280395	-40.811523
81.451570	-60.131183	-27.587068	-37.040039	98.484981	-69.773084
-66.943357	93.423201	56.622633	38.894489	-16.572954	-80.904113
97.556857	6.654386	5.215545	-9.613893	39.593105	-97.096024
-3.173355	92.011104	49.700673	-91.499421	-33.970774	88.996039
-96.417663	-34.324633	-74.640885	28.792935	-64.027899	33.468932
92.853607	-57.741958	14.296683	-18.355759	-56.995107	-20.249683
48.057568	17.344055	-76.107187	52.566859	46.775478	87.773929
78.585241	-48.178810	-83.003467	-68.644142	20.679354	52.962718
-84.685975	14.525501	42.138299	61.973581	-93.762312	69.116499
59.048410	-43.641373	-98.249619	49.205395	44.818897	-62.869180
34.417051	-34.168792	-63.749168	-75.547573	30.075366	83.681503
89.984062	98.995935	-78.656304	-16.480536	97.434465	-74.795206
-60.161288	-13.875544	45.321176	-69.656996	11.647005	56.215305
-10.369472	10.619276	40.346226	81.122065	-27.857104	68.820239
1.445939	-60.249840	39.544056	35.154452	-24.198696	31.847937
-81.194291	-39.723470	39.383168	7.002922	-7.874525	-86.559522
72.455658	64.455176	1.988059	-5.394255	74.091996	53.599731
-98.656631	48.681016	-53.369978	17.407679	66.683868	-52.104261
-58.796929	68.708552	-2.636519	-8.706891	7.338483	88.448146
-68.466745	76.699923	53.845768	20.559760	65.803641	-2.752177
-25.137780	-37.773227	-20.447488	-83.180885	16.396202	24.649418
64.271214	90.181441	13.921893	-2.662411	-28.644526	-55.926173
-81.512310	98.248927	-86.949545	-42.312359	75.830161	25.041951
-16.571153	40.026579	67.850319	48.528655	-8.827997	10.188033
-15.554996	-70.362051	93.182943	72.280182	7.836016	19.233516
25.462368	13.469637	-54.528398	-43.253575	49.640315	33.580884
-66.456336	66.389414	73.990331	98.301073	5.299689	-6.895480
-56.862772	46.041841	-1.582564	-77.025291	99.749258	-62.012646
56.137555	-32.683759	-18.626597	17.234215	-94.393305	-19.379611
-90.005261	84.122550	18.235672	1.782706	84.758482	-9.029544
-29.360560	-66.626921	-61.796378	-44.441741	3.058374	23.247774
-0.296433	-23.606752	86.579013	-17.857457	-1.248471	42.316491
-97.906765	-11.477491	3.960437	52.099293	-76.850928	26.109821
-49.857961	59.473366	28.897749	37.152060	-1.074948	62.792590
70.982679	12.218831	72.614943	2.270254	71.025979	58.471381
-27.486741	43.372827	45.328300	86.244472	-73.369879	38.252899
23.754120	5.635669	68.551449	86.561364	-92.216506	-57.123175
65.391897	-35.631021	-80.050555	59.934999	92.957761	-90.621000
45.201335	-26.063868	-39.026745	75.945778	-70.881177	-96.285349
-17.725478	15.261475	-70.366420	-25.860786	-37.016056	56.378013
77.179571	-28.698421	10.705663	-12.268848	-95.923577	88.296642
-98.969531	-92.193432	69.303078	7.182087	41.064951	-10.736013
-89.179811	-98.454428	-3.542004	94.274905	35.626030	75.495762
64.212810	-52.120715	-65.379105	-80.692035	-94.753690	-14.000928
-95.570249	73.853041	-68.688663	73.933499	-2.869571	1.615022
45.827507	30.128887	67.215454	18.412382	13.505867	4.323651
-61.517367	-25.389936	-78.426406	33.945914	74.539818	67.565482
89.404418	68.028935	-55.104129	-76.702745	26.065156	2.671169
-62.306595	59.485107	22.128655	-69.574195	-32.638527	-88.474054
92.176637	52.178215	-78.569543	30.483131	20.499504	13.523551
10.273861	31.961275	74.959070	-93.579886	-24.784948	91.145018
-67.610782	3.307021	31.319605	96.756156	73.671842	64.743131
55.905553	12.894457	-60.713259	75.326290	-5.495660	-97.418624
41.533189	16.260864	82.178858	-30.345981	35.993474	-58.993849
-35.574214	-14.290110	11.102414	12.308124	69.846653	88.729598
-28.162951	44.411346	-5.997423	-50.035523	-84.412715	-27.979644
-54.885768	89.785284	55.025501	24.722235	0.059672	44.855195
89.814007	100.767267	-41.133140	37.021186	-83.305603	-54.625983
-79.413889	27.348218	67.072833	92.089012	54.778542	28.752763
9.193325	-39.698615	97.738324	-6.259548	89.911549	6.874310
-56.206602	-50.345167	93.098981	83.347542	-47.391003	-97.506649
19.904324	-41.020374	-82.496134	16.642731	8.205150	-31.053151
-61.541042	-20.237467	-35.172021	48.907061	-8.939075	-2.248096
56.279009	23.389887	-21.606098	15.054107	-92.702096	92.091887
-91.048628	3.114278	-63.180086	-18.949058	-12.211623	-72.634857
65.615184	27.030068	34.281891	-9.613508	-42.557442	69.729084
49.444020	6.564933	-84.347336	100.475153	81.215551	80.725444
31.087600	-26.459318	-78.745915	97.427679	-23.504788	45.369967
-78.223889	-13.468854	23.223207	-97.789046	-79.505376	-53.055327
58.649673	29.480984	96.098538	-89.679534	-61.279526	-60.492609
-21.345684	20.488912	33.810664	-69.538900	-63.732724	97.097219
65.307266	97.210307	-63.130326	69.473713	3.675233	-68.125314
30.038073	-92.087213	-58.815615	80.897712	-95.780848	94.875109
-40.289856	68.326238	8.598695	81.976002	-81.330414	-51.192594
-7.559210	6.565508	-27.318759	-28.622682	53.355471	87.936914
15.618039	63.693278	91.260321	88.939159	32.480006	36.387893
-43.708652	-77.801964	71.874596	-56.656427	-84.740232	66.179751
51.989028	29.380222	26.232198	4.571211	99.223994	27.253650
67.173393	-68.396433	-34.300579	-18.667549	72.340989	36.686480
65.385257	6.697016	-6.759818	0.971559	74.786820	7.667558
72.078218	14.409822	25.746911	-99.030405	41.812795	74.118933
-62.883485	-62.299320	41.916444	55.703132	-29.834802	95.344719
-32.079954	90.310233	-58.890186	-70.850183	-23.767812	-64.670729
-31.072222	-19.750032	22.708787	63.370949	-31.412348	0.891916
-60.266040	-97.430039	-36.881468	19.431109	56.191274	-39.673041
-6.758246	66.111142	70.578284	-79.397016	-97.556948	-35.114070
52.288744	88.292664	94.749268	-67.607001	6.485247	-79.611824
60.323783	-69.480853	-92.191034	-74.953434	27.765917	-50.289055
-93.071444	14.252808	-16.056348	-23.274047	-54.509845	34.932962
-96.695741	86.113912	87.297989	-86.307965	-53.266196	-28.311242
43.614461	60.435812	-55.806914	-16.181541	4.110761	-40.351947
44.093267	-12.580534	57.652724	-44.296746	54.430142	46.949644
40.232469	-45.754481	66.084693	-65.391324	61.134908	0.958843
3.232842	-19.919122	-32.923500	-67.018520	-4.371850	53.834488
-58.703895	-65.412598	3.918354	-17.402620	37.741361	81.787504
-57.778612	-63.880808	80.059931	-0.598770	-23.883395	89.972383
64.300469	-53.170023	44.339997	-97.994476	-95.199511	20.434900
-62.755414	-94.952742	36.882699	21.689402	-14.507063	89.349274
-31.534235	53.874215	-23.423649	41.835200	-0.312206	97.791254
19.653798	-25.455132	-58.122411	-86.292761	-22.770780	91.536226
-4.559392	-48.680613	-51.129877	-20.777201	-92.343643	-51.661580
-74.381054	89.831087	16.314491	-52.412947	55.236529	-0.149506
-13.163365	100.437325	-92.937178	-4.853103	90.449901	-62.489163
-43.373489	-70.627112	27.056095	44.705934	73.699358	-11.310518
22.243299	-40.544473	44.163173	90.560893	14.199744	53.670193
-39.775386	-57.481941	-63.569050	15.408400	20.023605	-64.481446
-46.982945	-17.407538	22.297511	-10.036952	70.551489	11.613749
-53.025409	-91.167410	-40.561483	-17.830570	76.054965	64.733136
-74.501427	-71.844715	6.865666	9.945963	79.192515	64.754696
56.885657	17.719180	29.205027	6.686417	-1.971125	74.925957
58.617023	-68.810818	-39.366574	19.533233	80.938441	65.586561
67.480880	45.482366	95.843756	93.102178	29.968891	-83.615173
26.589395	47.433878	-68.309018	-27.787834	-69.198267	64.132452
-27.429779	20.767889	18.028046	-72.899213	26.616430	-85.225526
96.469458	96.732581	-77.056659	-49.772143	-56.690350	85.666779
-35.206511	-35.965614	-62.597319	-9.727078	-18.545900	-78.605124
-71.440385	-69.216841	2.288661	-8.762882	-59.154130	-43.832391
39.202662	-93.951651	2.159353	-60.340299	-23.559269	78.052066
-65.425705	64.655083	70.379257	-67.940539	38.584623	100.622461
49.451699	-91.199307	-41.447222	-25.525390	-63.494930	56.490470
-82.288497	-82.972085	-63.766095	70.750870	48.286937	17.875350
-10.633736	53.473131	-93.977527	-71.433019	96.052375	-99.950364
-22.771705	86.300042	66.762794	-46.960628	-23.623352	90.687082
-26.938477	1.984718	88.740661	-15.614686	51.366121	-85.941222
-46.974622	19.424144	34.857956	-55.065814	-96.585916	-77.284214
55.676591	7.163414	-99.550824	-19.936533	11.244096	-71.938388
-22.585820	35.012350	-96.861040	94.180766	73.509481	0.203864
26.088849	7.713261	76.615585	35.844464	-3.320464	-83.947438
-93.613181	1.494734	-8.797208	29.424452	52.761463	-1.158319
87.866226	43.258824	89.915931	-52.917979	40.915200	40.542278
42.770649	69.750172	37.695304	19.899161	-57.167189	-3.944650
42.546452	76.780679	-41.082920	62.877540	77.614580	28.683252
-87.261130	-88.778949	97.446832	-25.724186	-53.977716	-35.035334
71.106334	59.746650	37.007604	38.601611	21.953382	74.885105
-33.116662	-42.151408	42.371731	-11.823332	38.141516	71.623727
-57.707925	-61.383636	-20.977244	75.512570	-47.299414	-27.126106
14.259764	-22.264040	99.742768	-32.583245	-88.822994	87.183726
-19.445261	75.901692	80.382530	87.068057	85.029625	95.009407
-82.219379	-51.900329	-56.341391	-16.705113	-12.739633	26.263922
78.416141	-55.236056	23.690056	40.068188	-23.722403	58.319083
24.549625	72.976921	-24.611275	-92.927999	-87.547140	-95.366297
97.218789	-78.625514	79.741690	-65.748367	-90.761941	8.411526
1.617103	12.332725	78.991819	-18.303904	-76.131305	-81.944154
35.604846	27.676223	-46.367411	-74.987516	-0.813457	-58.772048
-80.909292	37.702574	-10.893765	16.845600	91.790245	68.519786
72.905070	90.678251	5.409740	-55.012374	9.206441	-90.866917
-97.681524	-83.255350	77.707090	-94.929513	-46.713706	72.855881
-47.894288	-29.829671	-11.256158	13.492001	-30.803269	82.909371
-41.394957	66.956999	18.813768	30.016763	29.056750	66.532388
-25.423910	53.222363	26.650288	6.964885	38.906969	2.256693
-76.150620	-2.082287	-82.604599	41.023231	-10.903031	-74.247608
84.241174	-48.974825	91.151797	-0.804456	-88.479667	50.018530
-53.462146	7.676298	23.344262	83.096830	-18.134142	-8.375181
-41.683377	-89.101080	44.108782	-24.432301	90.885993	49.264246
80.430298	78.401344	11.487006	-14.872087	59.531449	-6.713794
9.187003	13.373913	-66.489006	65.103544	9.420156	45.827063
-62.638465	-53.948774	3.710584	-79.076425	89.005478	-27.661777
-14.483686	-35.849392	21.459237	0.479118	37.750164	70.326555
21.241791	-34.111901	27.671627	100.032465	39.340527	87.545813
-60.062848	-70.772779	30.173785	-54.398035	-87.346544	18.474684
61.300118	0.384754	-44.721083	-89.750015	-62.602408	91.307229
-61.724697	77.935952	-31.473871	-8.136146	-26.340932	-61.982417
89.265069	-54.956310	92.645281	63.568077	10.563531	28.086831
-45.827948	-15.460234	-50.990982	56.685227	78.540985	29.883358
-54.498598	89.200958	-95.878105	80.330469	-68.471458	-33.052395
97.627985	15.241628	-37.572180	-46.480614	20.146891	-77.580055
-68.867017	-58.562691	32.997984	-22.884296	99.974815	-72.289484
53.764072	46.240625	56.468093	-29.368468	-98.266498	32.055726
77.128759	-59.947556	-59.993800	74.037461	23.840231	23.487125
9.585180	-84.487367	-26.042213	18.113685	54.488208	46.292809
67.733548	-36.368851	-80.405426	16.295075	58.228742	-80.687503
-69.553229	-71.695525	42.664066	-35.912338	-23.922107	40.848197
45.292755	-97.224701	-11.368597	-66.595103	95.179458	55.308881
61.241406	84.372950	-57.419161	-13.125917	-72.796639	-45.831778
-8.218681	44.013398	98.429286	34.215489	-93.366950	31.035222
83.638965	25.460832	-16.430801	-15.469499	66.184723	62.504152
0.355361	-56.470262	-22.054161	-9.628528	90.378975	75.262135
-48.199923	19.740744	-98.385498	57.628645	4.775431	-62.480917
27.987652	-52.974189	-60.331027	-18.274224	77.414080	51.209072
-83.341058	-9.481516	-72.373316	37.108065	83.972826	-36.197322
-60.880232	-60.098955	0.550126	83.301393	-97.628173	61.017079
46.703839	50.237404	-69.263872	-76.159768	43.799668	27.822307
-52.056399	42.845065	71.632741	24.835733	-72.636087	82.278698
34.571076	-26.846580	92.369665	-94.505305	-5.348366	8.268965
39.345818	33.157055	-81.639938	-26.974761	-13.081405	4.359891
-42.806466	25.714945	-92.478865	58.681469	-96.427874	-84.866891
-89.653395	83.711438	38.421096	69.495891	-68.806238	-43.376586
-36.941897	-42.240059	-43.723558	39.182861	27.805298	-50.396018
1.768720	-7.754006	36.623408	10.480335	61.071120	42.155162
-73.885910	-41.855251	0.691196	-26.712753	-50.845916	-64.955690
30.875122	33.811799	22.549551	-44.930427	63.751943	-37.316055
-74.545631	8.071746	-99.815034	56.597068	-53.376068	52.004123
92.711404	72.509445	33.841742	47.652410	-35.171716	34.218390
27.763686	-32.809547	46.752159	-24.755108	-92.305727	51.293985
-97.836894	25.096382	77.601296	-88.269285	25.822381	-23.242067
33.639254	-71.899229	24.565668	-58.226054	70.509694	68.899099
60.730430	-25.183060	-77.787348	-4.632193	-20.892976	-59.691739
-11.170146	-37.033196	31.940160	30.105283	79.883397	-7.179756
-8.005055	-59.180626	58.045284	84.227052	44.029481	-43.292464
92.059674	-89.582968	-47.283402	-35.739337	53.020787	59.427709
-82.273108	-40.235352	-19.632798	-76.000534	10.458324	59.987463
6.697906	76.529421	85.471945	-24.438818	21.211551	-81.299220
92.230637	-84.993008	-12.645097	20.176675	-22.093901	89.333684
0.177178	44.064932	-3.212259	-25.711132	32.390733	57.181596
-3.853218	96.084833	96.142167	-15.168184	29.685181	6.260685
87.321775	-62.740579	10.902347	96.401329	25.338668	34.924313
-9.731880	72.043959	41.441382	-57.505672	73.580589	19.576249
59.533735	-65.936983	-33.491673	-61.435954	-72.840009	62.016287
-75.433893	-77.366196	69.781881	-86.964585	-59.805229	-93.516381
-61.604286	-23.122772	-29.441402	-24.016503	5.549883	1.505234
22.134704	62.914102	-75.195290	99.362384	57.279495	4.884721
-75.817468	-53.704045	88.389572	-64.738558	47.109604	-12.569253
-0.161325	94.332248	96.577665	49.023025	94.214745	-1.390780
12.177185	-82.976036	52.637228	35.224204	-78.848065	-71.106246
27.038536	34.605140	7.937450	-6.437215	-99.094487	-92.446816
62.375960	-99.011009	37.185305	39.306564	-38.982661	-54.652409
87.938338	-36.339383	75.434738	29.374029	-4.476982	68.856833
13.856878	26.956857	7.271185	-4.722881	-94.823361	-19.682436
15.558358	-21.655644	-36.597612	81.911655	-12.432240	-79.404180
36.144308	7.875625	39.098995	-95.673991	-85.637748	-77.287106
13.347962	-8.856900	26.828146	66.398756	-20.600115	100.276886
-47.911403	-9.594992	34.882476	23.922259	-94.669374	-77.482005
-14.154818	70.588099	46.032812	-0.651529	-84.618091	91.507067
-97.523553	38.744077	-51.819077	72.207328	22.114245	-87.912213
44.048083	9.267483	88.439401	54.162086	-34.852432	-68.148877
-84.477254	3.133946	27.953242	2.680701	8.103159	-14.821591
44.170894	-64.515895	34.227802	-49.943287	18.109923	-24.911938
-67.468736	-31.982100	57.739817	-52.489276	-65.509484	20.135123
-27.902123	43.461076	63.410580	-22.080560	-70.688287	-8.977712
-84.691167	-96.473426	-64.489789	-73.836489	-44.122458	-54.779179
-52.730466	-82.383427	-34.561784	-95.440763	48.132989	-98.868822
37.997465	48.630755	65.218696	0.936173	-55.485454	19.764158
-29.867906	-3.085741	51.495326	94.689915	-62.524224	-25.385698
-71.236957	31.530754	-62.094015	29.922327	-34.588711	-76.931684
-72.715627	-28.647675	10.230045	-44.046436	-31.211504	29.178731
52.979808	-21.699575	-34.240978	2.299360	-13.099140	64.172978
45.499230	45.974319	26.854769	-91.313814	44.008724	-65.465135
-0.013500	-80.504765	-8.237436	22.686655	55.648362	28.423849
21.452123	-60.372942	67.973250	-79.416292	60.443949	34.118700
-0.441067	20.474823	65.739563	-4.106474	-62.199186	43.060283
-29.690262	17.092762	-54.170197	-44.298420	-95.662070	82.401226
-66.631388	96.363709	-59.070070	74.485998	-96.821422	60.652381
-85.908241	-18.611076	61.356718	-88.988884	61.275775	8.267740
22.635462	99.220188	35.183214	45.167267	-82.356295	-12.931901
21.609301	67.610612	74.699424	-58.002268	-23.711449	85.114544
7.749775	56.902256	59.560564	13.862274	-96.405041	60.732303
73.003223	97.474941	84.443326	11.436598	79.197489	-38.381143
3.231220	-22.718866	-99.842789	34.651946	55.405579	15.571083
-53.620713	37.282748	46.956820	-84.097515	-82.751215	83.736604
52.477309	-15.143204	60.732347	-99.928654	41.774264	-66.813937
48.761313	20.628843	38.642777	-95.652001	69.525515	60.941972
85.508427	-61.722696	-16.057935	-57.648660	22.408272	-32.797441
40.587898	7.926360	-60.346369	-19.242160	-3.411340	18.221100
-31.728895	42.407825	-81.318561	11.106810	-48.399149	58.194546
49.237771	54.086914	15.718929	-59.420849	75.454006	24.737329
-13.632089	48.457722	-4.000154	-99.484988	53.834523	57.897978
55.355013	81.791683	43.938676	-3.693765	-63.082478	44.493910
-31.344742	14.896130	-53.625158	63.493725	-68.248746	50.782129
2.837222	61.542582	-58.781354	2.158206	-14.740160	-83.600767
-80.378764	-53.745972	43.146962	86.940011	43.667234	44.831558
-23.809408	-7.687393	-18.190216	-39.661118	-60.726614	85.506386
-68.730916	-28.604559	8.952423	60.780514	-79.397033	-29.662085
78.816589	-65.301371	-51.616471	-42.673421	-32.390304	99.375743
54.614784	-84.894859	-91.819604	74.517872	54.271434	-43.740641
8.689439	7.681695	2.345038	-35.374718	-48.356946	-47.264577
88.949678	60.325433	-94.277371	17.201726	-51.247671	-92.562082
44.251616	48.345914	37.239954	-8.698665	-97.619309	26.406771
-50.341542	43.555213	-43.318608	78.748379	-72.256915	25.236424
-1.534915	42.161174	60.185334	47.934989	48.662364	-23.372981
-81.361138	-47.238512	82.558902	41.837708	-46.234155	-14.862597
64.924587	-68.440174	3.909151	-35.860651	-15.521494	-10.010360
15.244407	-80.529545	-50.327810	-73.803136	-39.538875	-12.587020
-4.700481	63.600409	-55.904796	42.658971	31.985885	-30.380557
84.815440	-50.368317	49.416264	53.014075	25.877867	-6.944429
40.774361	75.566006	-32.717279	-59.766260	-65.408469	-53.847862
-53.935315	-24.659103	-43.446683	-60.908864	41.669463	-93.909024
79.143483	-85.362666	-85.841212	45.747985	-2.479946	26.737128
39.649564	89.343401	88.694430	20.241696	57.785143	51.854900
-20.490289	6.563108	35.973591	68.443121	-96.027929	-51.349277
79.432389	89.934032	-46.765705	-4.477503	-16.896441	-1.061210
60.588362	-24.685820	54.334154	95.092987	-47.036008	17.657854
-61.320806	50.071416	66.195662	32.010768	30.439000	69.614972
-1.746298	-15.209419	-46.783266	-7.855122	-92.763074	73.687295
-17.785385	4.602059	-8.253887	81.921289	13.801667	-37.039573
-87.293094	-54.834072	-54.578734	-63.666256	-74.070978	1.928275
62.225845	-74.931842	32.071822	-58.467650	58.086626	-47.861386
98.812401	-51.048362	86.360974	-51.808204	10.304606	-83.846008
-84.368290	87.846360	41.665458	-57.542354	-47.888763	-44.404122
-11.272540	2.358362	98.380144	3.805340	-78.641032	15.782640
-23.719787	23.033695	66.636001	-47.455275	-86.553328	-56.239461
-12.122445	64.249661	-16.929050	53.244981	7.957645	-45.722474
-79.147219	-75.419583	29.071019	81.259158	32.434980	74.796339
-67.727488	43.299278	-77.414204	-78.441800	-66.229978	-2.968250
-7.938865	27.630673	16.420655	-58.190549	-77.884951	75.918674
97.378173	64.014057	-76.743202	-60.882175	69.053767	69.878296
-61.672822	1.283582	-97.057812	28.328641	88.288299	-21.018607
78.680085	15.498301	-49.272837	54.342286	-96.446954	49.212384
-77.685797	-42.138075	-77.208872	-86.686532	-63.325141	2.546405
77.394348	91.252695	-41.298040	-72.867533	-86.891472	-71.618835
-76.818455	87.206347	43.367044	-57.747040	12.104266	-16.964666
-24.289905	78.388771	-3.714388	-53.764777	76.611442	53.989451
92.158213	18.266420	19.160992	87.930342	-58.531035	41.186387
1.739436	-36.268429	-9.655620	-78.849628	-85.641750	30.421324
-83.585235	83.935450	-1.152118	26.655142	-39.163650	12.402362
38.038840	56.795923	-8.080517	-11.093263	3.655449	27.062347
10.119654	25.124686	-97.130570	18.122682	-19.702535	37.569528
78.620431	2.665468	-83.243258	-70.243288	-85.474472	53.169760
-28.808958	-64.918294	82.469292	18.372094	97.307594	-72.913383
33.692018	66.905973	-31.642934	35.232504	-17.789986	-74.381089
-87.951313	38.919159	-57.682114	-47.925873	-68.127744	98.777136
83.538671	-91.900865	77.634937	-32.216365	-96.669073	-75.616792
49.453862	-23.938302	81.523023	-9.338854	60.521066	-76.131115
23.829959	21.264666	-11.699439	87.382000	-29.758696	56.198232
-76.365849	-84.452435	-79.021786	74.684718	-32.807632	21.601976
-37.831050	83.365844	18.169001	44.960164	-59.168666	51.040069
6.225532	64.306680	72.457263	-27.387006	93.246990	51.750142
79.254228	-20.283184	48.259278	-2.811555	64.272129	-61.984257
-57.121107	14.263168	-21.410761	-35.268104	91.363342	10.346103
99.022061	56.756065	-56.326431	-3.509028	42.296213	-60.291902
-31.504594	-55.538909	-57.224327	77.352444	-78.961972	-82.946646
-93.257260	-62.382480	14.956054	-14.751951	52.809659	-76.071923
21.138337	48.120845	-85.484675	66.174143	-21.311168	-78.307061
90.377562	51.122239	-57.333974	69.926163	6.253430	91.775421
28.001594	98.667595	-64.196637	78.547793	12.275892	38.609261
84.143792	-38.651620	-10.164380	-20.648429	50.092139	-92.385119
-58.296934	24.392459	49.068578	99.990471	-52.952934	29.321636
-94.370156	-3.246970	20.053440	56.080196	94.844045	-14.345431
44.701834	-63.731984	-83.711097	54.923144	82.268207	61.583814
-83.542340	62.609536	31.782947	-53.642921	99.930208	-10.386304
-45.940148	54.506739	33.539379	98.261907	-69.524461	-23.486464
66.266262	18.772110	56.591446	-1.560897	91.922095	97.179488
-31.242342	-94.445171	60.054588	-65.562413	-97.228683	84.955076
-94.341284	80.094626	60.190582	-5.080744	56.624455	22.637448
86.344246	-33.889014	99.806011	5.791112	15.344164	-83.425656
63.579206	-75.742138	62.955809	-28.868473	-43.976044	11.959458
-8.135221	-35.711698	86.083837	-40.311971	-51.710733	-5.673684
97.519479	-54.711746	44.369134	21.216127	64.056729	-71.306815
25.121540	-52.670513	-56.372727	-20.184469	-46.328000	-56.772201
-36.916827	-87.912387	43.426277	-70.675982	-44.144011	-13.387008
10.822608	32.720598	66.059231	33.876613	89.074649	-50.183575
-35.591502	64.750721	15.019301	79.860414	70.658276	69.417062
-5.799489	86.862524	-43.081525	-14.110662	7.341710	-69.941648
20.280339	-62.368072	-58.984128	-9.663736	-37.386513	33.059799
45.322434	-31.262559	-25.601640	32.769324	36.711596	-31.739499
-34.743152	-14.189546	46.144867	-46.741325	89.700440	-25.199955
-55.846270	15.483793	44.741573	-25.231758	45.936549	-71.709094
17.002056	5.952753	-56.099296	79.246227	93.644583	-87.886545
89.620797	77.230990	76.262306	-95.017797	78.804768	-70.000535
46.408810	77.735166	93.604143	80.821846	-43.007085	-65.948468
62.374455	-98.390313	-37.980000	-72.168147	57.552061	-54.073933
-82.330657	-47.490221	-9.473526	-52.304907	58.704432	-50.234713
-29.867762	100.995963	36.705583	9.087409	-28.982845	-15.815282
79.791933	96.076772	53.915162	47.331689	-59.931284	-71.482820
65.754187	87.401696	16.659124	-18.569262	-72.870970	37.335304
-11.962967	-49.998519	46.808577	44.056907	-98.928205	-50.754467
75.477122	-95.717015	-7.487473	-66.598422	62.452429	87.178497
91.902424	-29.986090	54.855647	94.776447	68.306765	30.414217
-61.577809	-44.036190	-35.481634	31.825322	18.524110	42.071113
28.914136	-4.769076	69.866872	-61.672133	-62.589006	-27.485926
66.547214	16.279356	29.324439	-73.245391	-5.806912	19.544926
6.688094	21.376025	39.575529	-21.016290	-34.497877	52.143274
98.575902	-75.147746	78.509623	-91.180310	81.411937	0.393213
